90.14109007046132
74.0232174291228
60.479419595617884
49.755098990431385
40.44955453614659
33.76037086598953
27.31458868686775
22.237250037696306
18.622014540253936
14.577696268914137
11.746726894041409
9.671571904627157
7.608937812984596
5.584644026405634
4.329087372246214
2.8764914180357044
1.8904396629445601
1.1805030957538367
0.349201247947439
-0.41584288138927655
-0.7905989834854924
-1.4948375072989044
-1.910079123645231
-2.4679541622835353
-2.7418794074786748
-3.1205056747980744
-3.3442085624942344
-3.4675985368865008
-3.7713537997364
-4.017369730918499
-4.049523836424939
-4.343186962263231
-4.541743704068391
-4.65230121744528
-4.543663492635348
-4.930395907230203
-4.958056253444614
-5.017407280738674
-5.155422929311982
-5.150324125386675
-5.20207143856768
-5.343841936422138
-5.3899457679019696
-5.412571802241381
-5.538416185282883
-5.414355423165816
-5.551414218629969
-5.6338039248337735
-5.780991529346544
-5.738562327067118
-5.841145208058168
-5.837003278176978
-5.71026538209323
-5.948229594656087
-5.824415968509817
-5.877309829482695
-5.890633219163266
-5.953972814316869
-6.128300154850425
-5.917269579244171
-6.009459915786017
-6.089002364802894
-6.131671401601697
-6.111709607260118
-6.1912117664391095
-6.150295747581597
-6.240659073084238
-6.218676901897759
-6.2134305123026525
-6.211948775963049
-6.235982246644979
-6.264313301740131
-6.25802342078282
-6.335139336612473
-6.349723718682796
-6.180591257803791
-6.433566273923991
-6.239021254280823
-6.34711314708925
-6.4644205810593025
-6.454847156628446
-6.505654181559781
-6.504087366604979
-6.449531843135606
-6.459445067470298
-6.442731096233944
-6.411553573120227
-6.517150477903988
-6.466172305706898
-6.478829672692228
-6.568357829477809
-6.485214515229808
-6.526313739438184
-6.51868556436564
-6.664762854801994
-6.575180067421006
-6.665213123865698
-6.607207476979706
-6.537717355932081
-6.657085057077596
-6.709070363168587
-6.568452796089997
-6.777608984243329
-6.697100073063957
-6.745106170187775
-6.589560400068362
-6.7134021032874145
-6.685526629941724
-6.76938362659714
-6.6245466818086784
-6.783631370443556
-6.7133542134572455
-6.738382249735881
-6.652052673842622
-6.757828696027123
-6.7843635006981575
-6.713606364966354
-6.80399013634619
-6.725295746473485
-6.822436492718714
-6.791823762226146
-6.751261746301876
-6.689257529080741
-6.915756208226918
-6.915685602994464
-6.775058082311938
-6.872961851290924
-6.865233174421466
-6.965935650894862
-6.847969295507845
-6.898623540821614
-6.928314793714879
-6.9093565925487646
-6.877644914169483
-6.8756504123060385
-6.872448653589259
-6.905911505821293
-6.806509378536457
-6.904922585987489
-6.914437377879037
-6.858556944515531
-6.856831969017465
-6.872592293691915
-6.891349263876633
-6.904127388806143
-6.8089976662859515
-6.9198149639871644
-6.9288695877033675
-6.951251873347011
-6.978742672960343
-7.018724755466038
-6.919707199463031
-6.935120273497107
-6.990692567985633
-7.079712914274227
-7.052946588160634
-7.027159352965004
-7.03285171379178
-6.994978176448751
-7.034484617935944
-7.081401184996989
-7.099336996311962
-7.012101376795013
-7.043510838534868
-6.984365885647808
-7.097155409456445
-7.155621826409014
-7.06329808824779
-7.085147081512147
-7.019552899367205
-7.007033985278544
-6.990083398487535
-7.104925611041333
-7.088460176843798
-7.042903596199387
-7.005222594741733
-6.976016077042923
-6.988873991233058
-7.142546991774044
-7.013946250904841
-7.093876231701703
-7.141693653701582
-7.104592302347477
-7.184243718711409
-7.1409500293349595
-7.087903585645103
-7.035857774030797
-7.087671467257511
-7.09255249752966
-7.120444137628169
-7.181094451460765
-7.111798512716797
-7.033338950353697
-7.027643067999143
-7.175679948298835
-7.092500148381743
-7.125087068486174
-7.269480618350411
-7.086649405289386
-7.1633359090243705
-7.068412661777477
-7.10640956660662
-7.103252302927306
-7.1050423746072315
-7.13179538059858
-7.203223638773311
-7.141531451047455
-7.041419799732153
-7.106638030008523
-7.214261083606281
-7.123144473164718
-7.246360561862885
-7.081027762576028
-7.205934008708413
-7.038708553130075
-7.198853257271004
-7.1637077517889
-7.226632096734626
-7.159676470000375
-7.183727952223342
-7.227570430699213
-7.182657758208575
-7.133529313914917
-7.219539218642658
-7.203399917856839
-7.159424967433139
-7.211841154176622
-7.210469225698816
-7.263757677450489
-7.2337336504993175
-7.141190493407551
-7.124868586022868
-7.286548929628466
-7.14167420086486
-7.163102974253732
-7.252188999458031
-7.1416519976129935
-7.212867969104352
-7.138080354468399
-7.23981747052173
-7.262561878030532
-7.195185554043549
-7.208408400685082
-7.18973991959941
-7.225325269635454
-7.285038588889558
-7.235672222261101
-7.26243223508897
-7.147386953058351
-7.186812300192816
-7.311565084059435
-7.170678428345636
-7.196155086836526
-7.20962382212001
-7.361852201366215
-7.242959790146843
-7.190259128901167
-7.195632919557099
-7.244554085595266
-7.335970033916897
-7.27930107560658
-7.308166115871316
-7.214206789230653
-7.295533977251245
-7.166137943672026
-7.318963273306536
-7.332024395597687
-7.2538800224695965
-7.262231817150376
-7.398729219194646
-7.295662453114665
-7.259315678494393
-7.148050156484006
-7.27322059847674
-7.326691192503701
-7.158101740121308
-7.155313348765457
-7.219928971574905
-7.362307069310532
-7.322195787703368
-7.351310807523811
-7.258490508764007
-7.322449470039539
-7.276860299083463
-7.211701273482106
-7.1829900593644105
-7.292534582940826
-7.235442557319359
-7.2431310028140885
-7.2638653429463
-7.345725998732077
-7.226541285838348
-7.274499116946541
-7.312564768694651
-7.257493078692612
-7.23234714766291
-7.290169094005474
-7.312483900353467
-7.321009260515608
-7.34623534306418
-7.212602758787651
-7.335144268391357
-7.2979630684569905
-7.273945590172693
-7.35048907135905
-7.253766007999919
-7.328029398334583
-7.2734483011683695
-7.265684437344587
-7.3044071943312305
-7.166419309330097
-7.329786575376713
-7.191782914593141
-7.318191271283516
-7.30753085741266
-7.214962838167562
-7.438810406641252
-7.328886496301525
-7.386754919427125
-7.268617235510188
-7.209137577261959
-7.388159625075919
-7.254527017916837
-7.329473111270139
-7.3957160918397
-7.205247756579329
-7.3188522532021425
-7.391337363441925
-7.2994237793884
-7.371005200772477
-7.294609800006106
-7.4767344731720575
-7.373435779384266
-7.285513988852975
-7.305479732800212
-7.36931759102534
-7.219239174608234
-7.382070119263521
-7.394855934920294
-7.300778024661309
-7.3276414234850265
-7.27121960286733
-7.355632672300188
-7.3385047163218
-7.313852365756694
-7.322556360707499
-7.340160122745108
-7.444499960746744
-7.3439088432530895
-7.28724046801782
-7.3976505859846915
-7.429479163404583
-7.233316182431084
-7.259681229041952
-7.2742333291204835
-7.3236866919228705
-7.394869572725731
-7.3357275464777985
-7.364475204188274
-7.355434830043439
-7.337684724353943
-7.299805578226233
-7.305020525838836
-7.275413798058122
-7.252502880532965
-7.375601934847371
-7.279435284201449
-7.342887659798385
-7.3476277304966535
-7.303567947932423
-7.352127355507548
-7.406760921142062
-7.320010096525995
-7.337679337293128
-7.343403531212637
-7.474962477235582
-7.350631014660864
-7.309631989504414
-7.312497335941008
-7.425289867411298
-7.335813592242831
-7.354279462861951
-7.363329693412457
-7.330162593051671
-7.342886473166395
-7.322344549089213
-7.34166761854213
-7.37929159855609
-7.383214228891648
-7.272702592386543
-7.356808762910389
-7.273643775132879
-7.298226879931059
-7.45706710833705
-7.361655978236162
-7.4362494817479075
-7.352297868053665
-7.358031642365065
-7.475488019532765
-7.3410670196729315
-7.358490259125505
-7.427733418966065
-7.325224713935127
-7.409422414143044
-7.315978673233525
-7.382795720155764
-7.417070275842747
-7.3799685621656455
-7.370231419207203
-7.346737572702956
-7.393469098105296
-7.380000741853428
-7.369184817562871
-7.414348755588583
-7.386557558455718
-7.416744131436308
-7.328185571648227
-7.375354201088837
-7.3183972558457375
-7.339025344080864
-7.410102646853112
-7.36435782882641
-7.4671579139065605
-7.427045558416198
-7.389022304274011
-7.31898475527393
-7.445127119719692
-7.414156361480234
-7.408166475985587
-7.407367178247013
-7.328784992056687
-7.383351757474296
-7.434785616960714
-7.418428022579431
-7.413316878843114
-7.369220581224103
-7.443464991512812
-7.373414637944504
-7.364730903004797
-7.372556057218036
-7.317833216909325
-7.328333985069114
-7.353131805914209
-7.360955492339838
-7.43871276392015
-7.360948174983396
-7.42069160558695
-7.408364979102905
-7.401703021096008
-7.43732918459654
-7.418478635696918
-7.349068901477096
-7.328898209904238
-7.342644792283709
-7.314570940203082
-7.38500880857947
-7.326541078749123
-7.449534653250315
-7.377460980052722
-7.352388190330969
-7.3329274333007435
-7.473186337771707
-7.407617916931144
-7.317721494493305
-7.38845004627429
-7.448577341265019
-7.457068382110205
-7.395351800303242
-7.434227674692561
-7.476658523132002
-7.527126511355522
-7.394799252960697
-7.387313292677793
-7.414741353202946
-7.35193332085277
-7.500255736301516
-7.388780120579927
-7.476423012269937
-7.406518433116748
-7.430770772492398
-7.465710779197308
-7.431134270210894
-7.451819421755388
-7.47603897243379
-7.380563845777388
-7.4014533962008
-7.336358820442489
-7.341846088988541
-7.402181292066901
-7.494886746091428
-7.391814222902569
-7.372751939358356
-7.360495865815874
-7.471758178449335
-7.4805530084955265
-7.4499365153871615
-7.4698216674488425
-7.472727990100288
-7.5078817723549465
-7.477188449293447
-7.4927883148515395
-7.457850266960058
-7.466451593313758
-7.493472809251786
-7.46601719558407
-7.4789446661818175
-7.502197746596266
-7.360130315185564
-7.4101658755444255
-7.518032859939274
-7.551302914515644
-7.47859608847155
-7.459982700649111
-7.40458611783273
-7.586024319171577
-7.418352484761352
-7.455727080617084
-7.524168389402597
-7.529869320425735
-7.519582283817872
-7.489107121454179
-7.395879820493268
-7.460439740506222
-7.597525004406773
-7.410799067294983
-7.514183379275126
-7.493653604115888
-7.4107419994272234
-7.5375215687534665
-7.558998355943792
-7.5052545624716505
-7.5279841773848375
-7.525450188302128
-7.488613400736589
-7.513234733880165
-7.570282382176534
-7.547416438553589
-7.464644565296531
-7.610313617537172
-7.553023459809298
-7.58186918681502
-7.557264991941702
-7.547538950829697
-7.628875852059631
-7.667398443802998
-7.57812842820067
-7.535622026840937
-7.573339485692798
-7.616207750516196
-7.578130838397541
-7.572825561433209
-7.633185559539601
-7.698164257464828
-7.706764950933574
-7.774677211420036
-7.68259085178992
-7.6164713027120685
-7.637693946809522
-7.751284080265724
-7.662018985285961
-7.72289697450455
-7.76674532472181
-7.824370822046241
-7.858893954700591
-7.862135737007626
-7.812596070117781
-7.7282497325123645
-7.860814652566706
-7.763770413975227
-7.881759222278802
-7.83219656515665
-7.955319122201963
-7.855344666224608
-7.800884640195207
-7.755341895559657
-7.784152861319247
-7.869606743720458
-7.888871858208397
-7.927710705853372
-8.037424348432147
-7.862663028392039
-7.933664506962079
-7.944739821171485
-7.894273093326674
-7.789145964346398
-7.8353971211067135
-7.868775634974861
-7.772347342451105
-7.926973266488879
-7.847734204882696
-7.904232461178869
-7.8917226623639785
-7.786839895824838
-7.900297137812058
-7.891990666294664
-7.838984201290815
-7.906050526498094
-7.901101897722729
-7.954867768286494
-7.87753390613875
-7.877292303148862
-7.860660583403263
-8.004364546742464
-7.86438091869028
-7.828985272440916
-7.893990415092443
-7.852138849945213
-7.754900133867853
-7.950354479210059
-7.872431582526876
-7.894338552860265
-7.847147697309004
-7.850901952762648
-7.860490603861196
-7.9179270038748575
-7.9049037690862365
-7.882551442458229
-7.866177619608277
-7.840889737483486
-7.917008638406218
-7.87863573747947
-7.824624726564979
-7.836904608344838
-7.887065125352535
-7.880268116270795
-7.8511528082898465
-7.928369380275233
-7.871157618668125
-7.873232487563602
-7.865138267630376
-7.947695023804016
-7.8857468979660785
-7.968948567006788
-7.870574591526787
-7.90912989653086
-7.910811865255946
-7.927612490890716
-7.880265624434568
-7.796208216532482
-7.940348237601694
-7.936890080596263
-7.956407302702314
-7.936381204896055
-7.924549031538909
-7.975473843994381
-7.858753637379486
-7.892458910100096
-7.949073667533455
-7.867377448459853
-7.911647859736011
-7.905313132797378
-7.877618990266187
-7.966539628217979
-7.91403209260258
-7.937723400878378
-7.865527912099407
-7.90486447280162
-7.959948657468984
-7.841441906803514
-7.866886747250124
-7.866481509106226
-7.930094623899713
-7.971643383547118
-7.953271950683443
-7.886602546147114
-7.856788418023048
-7.895202735568983
-7.936219732103327
-7.901366163533432
-7.878954337319339
-7.872384884391251
-7.934209154024841
-7.898946288553311
-7.950092067132552
-7.886016560357689
-7.859717079149691
-7.996319600715769
-7.8835169246542725
-7.881003380578834
-7.8907124294469915
-7.83669093403056
-7.8848492778416714
-7.894687455075173
-7.757407310602218
-7.853385641844702
-7.925096696908375
-7.903023214436124
-7.929299611002719
-7.884475741262548
-7.998836298045102
-7.924926229955627
-7.989051070702053
-7.9823741420672905
-7.925217111261521
-7.889287362307735
-7.918822420777525
-7.892242235444738
-7.913509875533778
-8.020479415094076
-7.868172166032605
-7.957047886759587
-7.9409466509801625
-7.951279347700008
-7.958749437236548
-7.953378073142051
-7.910385102105811
-7.984121901398464
-7.820214734853558
-7.8734932340137975
-7.991009451344533
-7.852523734767323
-7.959952768651201
-7.847142876353928
-7.9591976344233135
-7.834902077526644
-7.974275563717717
-7.933766431851206
-7.878089019047341
-7.921598101579531
-7.94119294924324
-7.850092246357221
-7.947918125995578
-7.911014211818166
-7.933709342988698
-7.938769217181582
-7.927021664743224
-7.895043933393144
-7.865306417704208
-7.9360780168237754
-8.020920769016419
-7.934082945096515
-7.919144614475626
-7.947084227242036
-7.973075135034124
-7.978379646088027
-7.944123622766814
-7.9826969165155575
-7.903769998898793
-7.8777290772948945
-7.862361758096849
-7.972171125390111
-7.938572403856497
-7.868006140122887
-7.9361411567076505
-7.870802243228005
-7.959196895679803
-7.892132490817788
-7.885137528416994
-7.856776915206035
-7.830601902999781
-7.87729958725734
-7.91217164803243
-7.960335376245872
-7.947036696690777
-7.9664846761316115
-8.014259085258713
-7.875270436498724
-7.849484675892509
-7.908457298611561
-8.03798095295356
-7.8758477233162125
-7.929744156990705
-7.926166845853224
-7.896596233052231
-7.923755399970443
-8.033660427110457
-7.994052959686804
-7.912545403175516
-7.995533096245329
-7.959844111509366
-7.915564778834711
-7.972022468332537
-7.900330208236188
-7.9075234225799225
-7.887231053361591
-7.993554509187347
-7.936123666781308
-7.902169119603226
-7.971613047101869
-7.907011663235934
-7.9188507218033
-7.956588893992766
-7.82731761884141
-7.858476875478788
-7.90169203588599
-7.831736073936972
-7.8881834117171525
-7.985811680355976
-7.949227824880097
-7.929907682044571
-7.940076443292838
-7.893503627084247
-7.954422351887468
-7.9828077017722565
-7.885177659971703
-7.943821633413451
-7.882245380711791
-7.937211551368442
-7.882745412679926
-7.947371856699376
-7.90392747149494
-7.914988216916317
-7.920276587317524
-7.885064856685229
-7.934300329376011
-7.940954405072528
-7.826283311461866
-7.924553295911666
-8.042639092397414
-7.91563047020605
-7.913158857019242
-7.9451272119877565
-8.01844197146947
-7.965786388118372
-7.9372647161332
-8.045749780664764
-7.83740409892838
-7.952341986084329
-7.946071125730727
-7.896616994071831
-7.9852948395985965
-7.92097440492925
-7.880291456535829
-8.03357852741005
-7.856266654336732
-7.94749004160408
-7.958020288264793
-7.923213201864006
-7.926729079705449
-8.025293804239576
-7.9331352323022335
-8.06067893070675
-8.009569914915184
-7.920211131537108
-7.9195162391088845
-8.005742325297978
-7.946628978173791
-7.910473754903335
-7.979558919006059
-8.03022681638478
-7.94225732181331
-8.024771318504147
-8.05553004191711
-7.88337928661847
-7.929023309008525
-7.9606424538990925
-7.908680132070593
-7.935954749863709
-8.023531842628751
-8.009048727879081
-7.989120780989698
-8.044311360707537
-7.9980331350715534
-7.955944660400331
-7.976224793063834
-7.871211600285898
-7.9728964030516964
-8.03620660636742
-7.949127180080656
-7.993799424823887
-7.984360821506195
-7.8910679234201515
-8.025672158203589
-8.038642692304665
-7.8735438415113705
-7.940402206457662
-8.022256399232992
-7.996628263006186
-8.014446466599699
-7.891483118056207
-7.978730042148481
-8.006549350053156
-7.8730506651048024
-7.9651774305236644
-7.950823354301956
-7.968032558156634
-8.02553191034136
-7.969513068853113
-8.017948962445194
-7.994184978508695
-7.931595977390218
-7.970757184714507
-7.992495642310016
-7.941456798016168
-8.027870636652493
-7.977072350378591
-7.946155430163073
-8.056536579624133
-7.869226101672251
-7.981697416514405
-7.988670577331011
-7.994044045485886
-7.989970635789788
-7.966274340171357
-7.952846935679986
-7.951827907961806
-7.919595270613124
-7.9196521214269655
-7.899576304658847
-7.859100382082206
-8.027695175387352
-8.024257975976214
-7.899597855678694
-7.961628885131564
-7.9637111756628105
-7.917065511710935
-7.882877239893613
-7.987151931695689
-7.940980657627296
-7.9695182728520955
-8.012478171243473
-8.13918086653345
-8.031891853102941
-8.022296541972901
-7.864895440068446
-7.860722155803263
-8.04242773946624
-8.00313687430495
-7.920032087917921
-7.946840741111295
-8.070190003219293
-7.943507435827806
-7.9024650700026315
-7.983166616504096
-7.930492311626321
-8.0032497942661
-8.020058933880582
-7.933312967544826
-7.97860850886068
-8.051014289251611
-8.136481689997007
-8.106431936798844
-7.954909165174645
-8.089347394222532
-8.033492492875856
-8.031446237794073
-7.967978629927618
-8.017134340392579
-7.954919738513796
-8.00992659255492
-7.978190324783568
-8.110298512047907
-8.04093546839259
-7.946805290033665
-8.013948696948546
-7.974064262698531
-7.959084414107569
-7.920078442871203
-7.9959267900368305
-7.949910693780132
-8.079747507472318
-7.943114595120431
-8.051375060941977
-7.939553460348389
-8.03085319046017
-7.953330695196296
-7.993916926761232
-8.054490324721673
-8.009495281591478
-7.8326543156159225
-7.980002417054894
-7.834713676716141
-8.036274168625521
-8.03323512571363
-7.987609731816834
-7.965791769654242
-8.020684059491112
-7.959223252001802
-7.947322399598353
-7.903117406115975
-7.973785311145263
-8.051750501738281
-7.945720304233385
-8.02074365996807
-7.961848795615397
-7.953246378603291
-8.05164205612454
-8.00916665288405
-8.000506228446765
-7.998716462828037
-8.014364672706407
-7.908364686785889
-8.017112137374973
-8.033795959869362
-7.926008896102525
-8.09651035025568
-7.984319715469795
-7.863878887348154
-8.09295915782441
-8.047127376311876
-8.028720235915625
-8.076493665524804
-8.076877288502784
-8.012062756327882
-8.006105154724773
-7.9442061425036234
-8.021902319444996
-8.044959847793608
-7.9583058269630875
-7.978110711805917
-8.100758536089376
-8.035106544245947
-8.125052753612984
-8.034113793294216
-8.036406885677469
-8.034884899232967
-8.003783746886244
-7.910336726452252
-8.035801775989878
-7.910533674246771
-8.03996123271549
-8.039647218826538
-8.016204334902348
-7.943526885046547
-8.01593464131018
-8.042257144171549
-8.051491403919547
-8.085792658101292
-8.000351553976433
-8.042944845228869
-7.954170977840757
-7.956082617410925
-8.045493156388826
-7.9949410203750295
-8.075334074872062
-8.165190982264773
-8.010598263735387
-7.972941612356152
-8.06615844356931
-8.082436319751983
-8.00919056174263
-7.927344769185455
-8.042132942197712
-8.041361575120563
-8.05991579402235
-8.090799402784475
-8.024318372804345
-8.052445648405692
-7.988215059674815
-7.952850753438509
-8.07598026193908
-8.15618022935139
-8.124555211796094
-8.019959611039445
-8.00929842872623
-8.159352108870698
-8.082319242159029
-8.11038994351281
-8.062089175276503
-7.95393315281835
-8.075704347214147
-7.958449966581846
-8.04913256729478
-7.99680163972224
-8.044106491245346
-8.006916393622665
-8.099475770763657
-7.935373631539038
-8.053837277308203
-8.034045595055927
-8.126586323992727
-7.9664389336018075
-7.947753034782848
-7.9573958083567895
-8.039002528236228
-7.941044362994957
-8.075519801870376
-8.078347774562245
-8.09622154376155
-7.941472282089873
-8.03455602828154
-8.132251659383579
-7.979805973504025
-8.027822634761662
-8.088531190834793
-8.116868446880172
-8.013157722944195
-8.025878451307788
-8.066098672419084
-8.060322640235425
-7.9875540761906425
-8.004888348249226
-8.112869467061918
-8.007618103841164
-8.027451583457857
-8.058964852018669
-8.164982902864567
-7.9506006544174355
-8.054009980979187
-8.03021000621244
-8.002781524968256
-7.97760157283457
-8.098035282693433
-7.97780031194327
-8.122509196126341
-7.942976210150298
-7.99058220524949
-8.048564773308621
-8.021183897388424
-8.086674942799116
-8.076178833804459
-8.072673878553507
-8.010139248279375
-8.18084744577529
-8.044710348028984
-8.106461224928095
-8.099467618278153
-8.019517751140382
-8.183363040235076
-8.124227162020679
-7.976527211239457
-8.080565814871472
-8.044438165552965
-8.073266680644375
-7.98433294841214
-7.955475203980746
-8.108746035250215
-8.094537572167111
-8.143450827501683
-7.96161754589937
-8.042622709127555
-8.128670663815905
-8.075126201426682
-8.063225538927185
-8.07183113723802
-8.093401699150027
-8.143968316676975
-8.072037020624347
-8.112100046089427
-7.940928589845484
-8.03121890308212
-8.083781965670019
-8.082400005906281
-8.03909454432684
-8.027264959257142
-8.02054036034645
-8.074112801798947
-8.007130179559425
-8.056765977266828
-8.0714802242393
-8.111941298612743
-8.027498220983741
-8.092780557812432
-8.055747700738115
-8.120056600743522
-8.088177218678295
-8.085616996466646
-8.024881389577196
-8.055795513469794
-7.983613820970016
-8.025972934613517
-8.007883703488558
-8.084276275581798
-7.967133468298605
-8.05077874172792
-8.10570921169123
-8.112944206732687
-8.106515766572535
-8.034698311902016
-8.071450023518798
-8.026577029115193
-8.053030743984687
-7.990480872912662
-7.897810200411503
-8.119361280178815
-7.991499297105283
-8.038904911382554
-8.038507715771221
-8.035345222622448
-8.10202631102259
-8.111127446937136
-7.961434511663052
-8.160979201702936
-8.014940420891966
-8.107794759247986
-8.15086049130365
-8.05398460283776
-8.039925993325589
-8.056112583782648
-8.00912268258529
-8.19596138012856
-8.0849381088394
-8.031876722581513
-8.103226918349296
-8.141476137974289
-8.088799496560567
-8.000409636529573
-8.159626180732934
-8.064577141043527
-8.144281391824899
-7.994564581630844
-8.013281868661442
-8.013338924741978
-8.04681903806995
-8.077274640466182
-8.150330827087595
-8.07962900143059
-8.054212890358391
-8.025149909396262
-8.061672971982349
-8.009962521338208
-8.069229394723873
-8.07511469922039
-8.026667441389888
-8.038000798941402
-8.120479168693404
-8.049971776147908
-7.9654364800749455
-8.038552645293391
-8.006082852381514
-8.141860012119364
-8.057905050358492
-8.09301159962845
-8.094934870025314
-8.102325208834678
-8.081180332036912
-8.079761352368925
-8.113957412223185
-8.030452890272562
-8.11009421988968
-8.066838578164392
-8.024289798455568
-8.057308916623114
-8.10888451180738
-8.08488039400608
-8.181824362926681
-8.023878401302103
-8.120402153324438
-8.061741116305834
-8.081444901970798
-8.145222414178287
-8.11817516533298
-7.986638825360678
-8.159575614848334
-8.067393893897822
-8.185471593741115
-8.253319066124071
-7.991397065468869
-8.063750866731263
-8.098483050213767
-8.060555106905854
-8.086520179179452
-8.193946670018644
-8.078077713697974
-8.123985112926203
-8.133500032701907
-8.176055696014535
-8.13205348842603
-8.115784045674655
-8.112709666581745
-8.00017163732248
-8.045003862210413
-8.121242889870265
-8.099943557474374
-8.129064375910758
-7.985015678350142
-8.220795780599387
-8.25265473970411
-8.0882889040115
-8.085901708943153
-8.124453047614777
-8.17579721265672
-8.090494223115455
-8.14629074195518
-8.153607453857168
-8.1003251953037
-8.051457051008269
-8.123731196329643
-8.145765336386125
-8.112918410877736
-8.165927181193231
-8.027517409773825
-8.050604626587356
-8.183686087818632
-8.163736016671228
-8.134258741803151
-8.179887729554066
-8.149717099411813
-8.025536159227995
-8.149291582635168
-8.057198935382024
-8.057646651950042
-8.074480237378518
-8.070447147380522
-8.13160236492532
-8.130792717610621
-8.10941796127496
-8.167099262521392
-8.071239839739903
-8.177844042254074
-8.038306259590954
-8.100404005943806
-8.250577903053708
-8.086018330765862
-8.084185565326838
-8.019329978792964
-8.116050242096883
-8.013674681182348
-8.03915455411607
-8.155343292925158
-8.273888575986067
-8.144472819783418
-8.146631870199002
-8.147887120893872
-8.100545524940745
-8.130790464024185
-8.097869514330911
-8.117783882547975
-8.128175898496313
-8.079229290403385
-8.102313736648782
-8.143443106819799
-8.156558844848835
-8.201750519870236
-8.066430458962726
-8.173737372834006
-8.217433930044395
-8.183981307790482
-8.176998005258048
-8.188703024051085
-8.103667848407294
-8.138764063044283
-8.138740701835829
-8.086860386194324
-8.162383103804414
-8.194581296091926
-8.125885926256066
-8.181227050231879
-8.116002109893321
-8.143719469638873
-8.0759981467311
-8.035464153365963
-8.047840718437062
-8.178547972194455
-8.15655904825008
-8.132844117342641
-8.167103054033957
-8.099850400074397
-8.16943792668839
-8.094472669243208
-8.140248941809729
-8.162438367202677
-8.0978795216306
-8.065814817309302
-8.17496481756715
-8.115380336190794
-8.176639181921756
-8.245505992118247
-8.205277768878474
-8.107489839691059
-8.099628531634728
-8.170815933820341
-8.117932318225794
-8.17635490545941
-8.126656628339115
-8.201717156053482
-8.221137566285426
-8.199185842046912
-8.017077381458849
-8.218113976601733
-8.204694545357855
-8.127310003831802
-8.11150894530696
-8.200587192057412
-8.017627208419384
-8.158477617113055
-8.06609686262314
-8.19002331858968
-8.06010167421904
-8.110058673920058
-8.165733301578362
-8.235015204913868
-8.084677469313698
-8.081605953422864
-8.193830767620488
-8.16324715476867
-8.037857911393262
-8.104805819481543
-8.261355857157756
-8.165967995348655
-8.09127568246035
-8.187236954686448
-8.157933993190872
-8.12420051539497
-8.22514229665989
-8.07552705130724
-8.135160906992658
-8.044767201506751
-8.118373982097182
-8.116072031785647
-8.200148863862141
-8.197027223163229
-8.189944194038288
-8.134978520296984
-8.178715674252826
-8.119629848169618
-8.150964277806969
-8.212910952982932
-8.1421400207475
-8.158494497433194
-8.131487430098254
-8.217880633938154
-8.219122625672808
-8.19283981362448
-8.18729718841775
-8.231213894082895
-8.115555176790153
-8.21189567954202
-8.177043220601222
-8.136758227790905
-8.17944665846145
-8.21647527252195
-8.16689345284255
-8.083981222306372
-8.15553778844246
-8.224124019148917
-8.15108385931908
-8.215454136823858
-8.198786492614925
-8.203026859598642
-8.060792933633461
-8.198390552662872
-8.244951022129511
-8.228263885360802
-8.178292755869494
-8.185916825682625
-8.282300877347003
-8.109199538688257
-8.22531306391542
-8.209567412406777
-8.09240440587522
-8.070510588572299
-8.183974101599526
-8.203737940549445
-8.110373395854229
-8.236076055029342
-8.080069878792804
-8.164211692315325
-8.11812839977336
-8.062414352100829
-8.142871297458496
-8.156342108514437
-8.201631968326659
-8.136883029623165
-8.096115015136904
-8.16828940492282
-8.11509955328099
-8.16983245320405
-8.246146500813879
-8.124668704459038
-8.205830164794792
-8.168176504401197
-8.045893431949699
-8.296017327450267
-8.232983401261135
-8.18785450989906
-8.191632718765014
-8.162031090421193
-8.018054550668184
-8.215871933761832
-8.17239321958849
-8.246247585181697
-8.157901131796903
-8.274239010930055
-8.242736569307874
-8.199861254361185
-8.241149255369335
-8.264434088592783
-8.314898998311051
-8.268475156338384
-8.259908558708439
-8.2034993211537
-8.219158479527179
-8.124040232059881
-8.266749393238014
-8.227866531752872
-8.200324149653829
-8.196456820116216
-8.153864122992376
-8.201979661318175
-8.166067417734377
-8.209441337325755
-8.228556152793752
-8.188466920549706
-8.182098008947102
-8.037935100857212
-8.113397788404717
-8.217097632848178
-8.276220231793005
-8.146209789875629
-8.270980719902179
-8.269709869084014
-8.262099287970011
-8.191647703563353
-8.235695536173582
-8.259177540536532
-8.252400030342395
-8.229687354066435
-8.105169113800923
-8.162466971207325
-8.237558932371611
-8.205781328835938
-8.21194798652695
-8.199120973206666
-8.108636987750154
-8.222983813966746
-8.307042241966561
-8.061304947432893
-8.24169466350649
-8.214703741017546
-8.16603865068321
-8.187802440015409
-8.20998400527432
-8.154290632028047
-8.227916481597246
-8.237946029186006
-8.228430804801825
-8.219218073690671
-8.253488565280582
-8.165175794120946
-8.121674961129859
-8.174766356764955
-8.296418260666725
-8.187687072190995
-8.235152480848315
-8.21694125293343
-8.21505574681707
-8.213249173014573
-8.2798111951083
-8.193729824324242
-8.174534371143283
-8.250959958431615
-8.270413223214353
-8.22279116679627
-8.236617743150466
-8.255791645439785
-8.330102619095
-8.246199722123478
-8.322074821534821
-8.233439240819832
-8.157517750777107
-8.1940672361367
-8.170789553928573
-8.263706075274703
-8.259688514048174
-8.217764259883621
-8.107764980186039
-8.308418200502405
-8.185416167566691
-8.216862500552045
-8.18015675202878
-8.195083636886427
-8.262814725709902
-8.097443708830175
-8.21458481411491
-8.207205447824933
-8.243221165350551
-8.160083481905035
-8.328526901133785
-8.212307877817286
-8.19220421297053
-8.218536256035438
-8.206921171071672
-8.18505054055031
-8.213966591632355
-8.260796815944486
-8.276375571640633
-8.321823132773341
-8.299100542083927
-8.321123398927112
-8.210012857812798
-8.177560019127052
-8.195178825791244
-8.262265787734945
-8.168937685088904
-8.223398001887785
-8.197535704714289
-8.238474067229202
-8.252651523584865
-8.216130232612725
-8.288617144756156
-8.224769291507572
-8.214609902256463
-8.211740184324151
-8.174663317567171
-8.200427649415907
-8.268971383345194
-8.286071585869186
-8.310198548954622
-8.192540221506174
-8.13421682962955
-8.177101222513974
-8.302405098546112
-8.329169057476822
-8.35716486889468
-8.201789977172469
-8.185402890649632
-8.285814506020879
-8.218332675557118
-8.232704323573868
-8.19392858133212
-8.254779731702
-8.181794260421226
-8.29223912237504
-8.260637499738873
-8.193070049026725
-8.129728328834474
-8.177879464867441
-8.160127160649262
-8.282905012221233
-8.337798817979147
-8.260117625065309
-8.252310420958656
-8.355075809747815
-8.181930037972547
-8.154196502965624
-8.239445908779963
-8.289429181858749
-8.18397108758529
-8.229122334752264
-8.200330532298912
-8.25772994734138
-8.264174386821088
-8.14476414732079
-8.318347391561922
-8.28970091568318
-8.251266270065656
-8.26923006027551
-8.32110288963701
-8.11393482954394
-8.245668728134445
-8.139301864376142
-8.21026929329941
-8.182752657165173
-8.236254875729733
-8.330150151124437
-8.216567633798702
-8.266175636652386
-8.213237376071865
-8.278684748089544
-8.20897088666414
-8.21611491348354
-8.322486926972514
-8.321278064581312
-8.13904033115499
-8.289239588105941
-8.345175076847617
-8.301061124663688
-8.274773681966193
-8.311582367399302
-8.312778730691297
-8.25259277535781
-8.38410465686096
-8.388517066937968
-8.277245543982797
-8.2921351333418
-8.308138224762073
-8.249905469611305
-8.315742714053018
-8.315474460900013
-8.263750348174744
-8.282881620135877
-8.17230841850794
-8.278390468203732
-8.288657934442433
-8.341256272850304
-8.30420489931422
-8.326901776624654
-8.2817681546443
-8.36065080611702
-8.217052300533485
-8.238958371948277
-8.32964109523574
-8.26641475245493
-8.228819794761495
-8.305671447368427
-8.196784905276344
-8.165661051495778
-8.309605375274073
-8.238712210639378
-8.266436736367153
-8.220752874298936
-8.36006733889411
-8.393658894229743
-8.312042970135748
-8.215267790895059
-8.377720826085904
-8.238321107707982
-8.254376560018946
-8.33022001757579
-8.382557697869382
-8.343650266241676
-8.278874160883426
-8.334817464780645
-8.292857753686805
-8.267965241125259
-8.287049382928357
-8.319599754844248
-8.287668545809552
-8.300569420343798
-8.333662786549525
-8.330726899380283
-8.381859489599426
-8.29405783469408
-8.331972396252288
-8.298899243176587
-8.271648707052332
-8.134402722280129
-8.301636705432447
-8.247912499482396
-8.25942146683584
-8.355492675952949
-8.27678267592127
-8.383831530147209
-8.311415235604423
-8.415748915877373
-8.314607757764112
-8.357094232121034
-8.314326378929712
-8.331742464339163
-8.217962134311962
-8.404233266295284
-8.286853218698964
-8.285195137986198
-8.30035535669033
-8.36246138389103
-8.357773394399167
-8.39587481533004
-8.25544756384739
-8.349690718124554
-8.28178211294041
-8.275970356560839
-8.247261889030204
-8.330962266253316
-8.343647994664009
-8.288134056995364
-8.41251243236543
-8.374064691473832
-8.350120804051555
-8.3169318870334
-8.2668389482763
-8.2491746352484
-8.363376641067573
-8.324869865259828
-8.192714224050304
-8.24299027383678
-8.357414120722822
-8.288620567296928
-8.23698354359267
-8.376145398112179
-8.29395688326694
-8.295200722383171
-8.290677892287441
-8.36472101837792
-8.318144465247272
-8.37970358800109
-8.326892121522226
-8.311070181073312
-8.344868954131195
-8.357152357548527
-8.371063043455129
-8.212864654082034
-8.380470244523584
-8.325319573871612
-8.418020704586713
-8.373227098849503
-8.328038970670255
-8.417514284213311
-8.210510950602739
-8.378787747280745
-8.434872516737434
-8.28916580241997
-8.386248330005897
-8.371655295105906
-8.352135750084484
-8.416859995793933
-8.283235154217014
-8.233234334673174
-8.428906412741597
-8.277142803154005
-8.42644482013181
-8.411933634191852
-8.418837419042495
-8.30181524754583
-8.24663309868526
-8.372285664852027
-8.25758749435295
-8.347055859769958
-8.391448519707527
-8.319222803773268
-8.344882488998438
-8.29642315567529
-8.327462875309122
-8.254945549070852
-8.325170495861466
-8.30879837303709
-8.329463402897284
-8.351924407383008
-8.352304353262367
-8.339623348943684
-8.314581326167914
-8.359361518115028
-8.443083173636301
-8.382344886648609
-8.348003819935228
-8.35256802071359
-8.241114138959498
-8.443040771931805
-8.31679494461033
-8.292492483123432
-8.318202464840624
-8.401354155363107
-8.247573295343805
-8.279644221880089
-8.23066652175343
-8.321062923711432
-8.34869233481222
-8.353152432329665
-8.372764376963579
-8.404590107524461
-8.392880566034249
-8.223149803539636
-8.400372863932754
-8.355265676892436
-8.334807584794579
-8.2992927103089
-8.362479453000416
-8.319182513963703
-8.419347199447628
-8.300662787284654
-8.276756830295385
-8.361103929674867
-8.338195555308468
-8.277529095373719
-8.358267261048423
-8.367884102786705
-8.487651499291998
-8.369105289098531
-8.397496982675705
-8.381132777630315
-8.302568097885503
-8.45069450704949
-8.448924823799704
-8.39162635646773
-8.365278351882443
-8.437933694245809
-8.453703280109043
-8.38619996768766
-8.320267479115815
-8.40697973122487
-8.324607972339532
-8.317231401246197
-8.34081271800572
-8.308553837018973
-8.38367985471751
-8.41971555433143
-8.407574110224132
-8.324459984019663
-8.325294398428062
-8.387460099800554
-8.408762987383588
-8.459204688393976
-8.335631624112576
-8.33302308472672
-8.371937309964494
-8.272303382608206
-8.35521672862854
-8.37369004465172
-8.248548635798157
-8.299469918772136
-8.42117325622216
-8.474623509816352
-8.394162031012028
-8.400871898816318
-8.406916185792424
-8.298241093069844
-8.461276513417943
-8.374618083761487
-8.333301517130453
-8.490052756556985
-8.471699510233497
-8.413818291286608
-8.373853107738894
-8.391722120606763
-8.344964625601072
-8.420931130337786
-8.380043785020177
-8.374555423116337
-8.483770496157788
-8.21377646868452
-8.317726787972862
-8.447033549684512
-8.387027897091885
-8.364007644024781
-8.394191542686224
-8.426026929245598
-8.338128348806903
-8.38791379082419
-8.47513798661899
-8.452090923228468
-8.391297753163835
-8.462496055686326
-8.470919780685819
-8.40517113541753
-8.34615338206575
-8.390750436847831
-8.416510246725599
-8.405287204528792
-8.324286476616678
-8.22732894155863
-8.514501699089696
-8.301865989931624
-8.399035393906086
-8.407304834930915
-8.444369221265779
-8.410636270230134
-8.365795187547269
-8.337943902745065
-8.348127918316086
-8.425925549499397
-8.511264071999184
-8.441245516959226
-8.416637529247586
-8.249738034591143
-8.369542851933556
-8.448052296146605
-8.503338061394272
-8.372065097546892
-8.45169183992647
-8.381586212352238
-8.387386385575537
-8.423997566335391
-8.359192926339814
-8.44190616730902
-8.38556453748106
-8.362650057745997
-8.623338910485018
-8.331084413411537
-8.491477639562326
-8.344616636626885
-8.409366053667739
-8.385091993625306
-8.3384824233757
-8.49673271436228
-8.353184198219044
-8.391761765165873
-8.439376737774584
-8.467423407528868
-8.408433720382746
-8.368900878804837
-8.418531235874513
-8.47491991711692
-8.425590445840376
-8.468161047300649
-8.335397020143715
-8.430324435414702
-8.467794652707902
-8.484764233046775
-8.54161992124864
-8.50576134973549
-8.372671908668085
-8.366102449816651
-8.382385696119526
-8.396103542093066
-8.531527694341392
-8.437716970431591
-8.434064128828895
-8.4606787762075
-8.387154981102855
-8.465083900340897
-8.315862217518777
-8.304557663665369
-8.442704445490822
-8.41649333011846
-8.336300098910451
-8.411747077803339
-8.430373045302572
-8.501321153223007
-8.44954864715717
-8.354357563237846
-8.475938928963526
-8.403455669441598
-8.496129372431739
-8.418444563404783
-8.338902175998728
-8.437400131259698
-8.391650490214714
-8.357070086015115
-8.431882944856232
-8.40075355992507
-8.431248917421392
-8.435815955904536
-8.4060539802691
-8.453718461608489
-8.339880220080357
-8.398696882601298
-8.479710024658644
-8.445468382760174
-8.45524955341846
-8.49747075923835
-8.382881373034119
-8.414688838722302
-8.324580391056873
-8.407218182536727
-8.552591287282308
-8.311456609205294
-8.501910683964681
-8.398065268255548
-8.460592200209296
-8.402551301902163
-8.444391351854335
-8.503035665324257
-8.461315990768364
-8.398147115016785
-8.405999631204054
-8.488854439852581
-8.413905068623455
-8.429064469493985
-8.566108838485588
-8.534903664020563
-8.420267725080073
-8.475923824096798
-8.528449128494866
-8.328919512460088
-8.464820118931625
-8.452104847765742
-8.466430329977952
-8.399197037996228
-8.432807371757105
-8.403325631105353
-8.282736301759112
-8.430407147332945
-8.46055326284978
-8.469234107333508
-8.526453585530929
-8.456248107678544
-8.365635267858115
-8.428414817401745
-8.509434830087661
-8.412156667024764
-8.422738550567324
-8.4471830803174
-8.445157018582345
-8.357272233254367
-8.328711888682443
-8.447288637972752
-8.529354074732
-8.442063395419135
-8.449797576525738
-8.410833729124267
-8.579061489459367
-8.410502586229748
-8.446878278258682
-8.451118077295268
-8.397232906673548
-8.511408437811935
-8.562903409091696
-8.423845614747785
-8.484816588659895
-8.49512871349622
-8.507497507951232
-8.419643212435252
-8.549167580912815
-8.397390322312516
-8.375774137903832
-8.493198006064075
-8.612125595264864
-8.374334818652805
-8.507263687073218
-8.404598575815337
-8.419140856954384
-8.345810488882426
-8.565366639911451
-8.472361416251658
-8.450667706871313
-8.405914157019328
-8.491635198341895
-8.442553343658354
-8.421819956716618
-8.487693881302361
-8.448660692053366
-8.510288484532614
-8.42952381391178
-8.548196826941806
-8.476524385657276
-8.49932877753132
-8.57697803206082
-8.561163036200401
-8.564471120151078
-8.450403802504756
-8.527856280827379
-8.464901774355878
-8.542041325409894
-8.520134306921957
-8.428589596212758
-8.56070874133038
-8.499372097317606
-8.444742313052897
-8.444294551048001
-8.57100388968349
-8.492299556160729
-8.361917980888014
-8.458581275938851
-8.55451523987835
-8.45885690418805
-8.419422643536281
-8.429775060320555
-8.532817945457415
-8.429682146058544
-8.492156271886826
-8.493666192679996
-8.4441437581804
-8.499889402463127
-8.610686890357602
-8.51966394902811
-8.454518036389857
-8.546934580956734
-8.509156650214322
-8.451215961225504
-8.49965908242316
-8.382258581669893
-8.525468919541957
-8.508663873311232
-8.51348026499363
-8.44116648560164
-8.454447288065351
-8.49337876114164
-8.431194362534383
-8.449429840149019
-8.53129876276301
-8.47082065123816
-8.43782954915825
-8.560683260086577
-8.496319557020215
-8.5453179745991
-8.489841345226637
-8.556490074244813
-8.517024354352605
-8.554114683579426
-8.627313265566926
-8.534401817550245
-8.445017727034406
-8.461820521022517
-8.497045244125392
-8.541026783180817
-8.527783500537604
-8.508821872713531
-8.53256551178876
-8.529603028695545
-8.46263265694602
-8.496113238071151
-8.578738687319298
-8.486922754855874
-8.559212954604705
-8.482407163745867
-8.51319849590881
-8.590918974013453
-8.512916817288007
-8.50150207077987
-8.426333384864694
-8.559288039563183
-8.554551374933842
-8.559124490417565
-8.510961305192827
-8.515688413727945
-8.514369111024902
-8.432007644085832
-8.663538408319361
-8.59249106917555
-8.456858732231177
-8.585181136949272
-8.537122175365159
-8.477653685645407
-8.570582605391726
-8.529444681670515
-8.369158820229364
-8.488664087764262
-8.478624363646686
-8.505692164694322
-8.501158747607965
-8.405740028864814
-8.570391912709882
-8.493161224716435
-8.507223456880054
-8.501078799476746
-8.437147671368649
-8.402357898156783
-8.549628539931554
-8.557463825022849
-8.56251197679344
-8.487017743800433
-8.567960197380808
-8.511873430345366
-8.539591033538839
-8.603578886182488
-8.460317741973379
-8.498866683899616
-8.593712436061152
-8.613340637738501
-8.483545661816128
-8.520624985696925
-8.518875761176677
-8.494077064575901
-8.640120180298938
-8.499814832137577
-8.449736739881407
-8.503414217608375
-8.507117915345294
-8.44181141440414
-8.499319027087095
-8.575100246590267
-8.524185122118555
-8.55226590657003
-8.46150287838253
-8.466646538473354
-8.479969969316098
-8.560507737760366
-8.466028371018536
-8.530435643480244
-8.48711133883444
-8.508755573044377
-8.504108913599236
-8.444560736672498
-8.464152950259109
-8.62909109060337
-8.509777930075577
-8.576102905452961
-8.61137654159993
-8.648737408390131
-8.609297361548617
-8.405811394245303
-8.52839248712481
-8.53017952973878
-8.527041971242026
-8.514201722497878
-8.503088456489065
-8.526508272689652
-8.516641026254932
-8.59342260083555
-8.573271092810712
-8.523567274590347
-8.493586502969995
-8.542930642911216
-8.548825888889636
-8.445150548944094
-8.537406311985889
-8.496531719673941
-8.671875177394147
-8.608735980746301
-8.477530171757003
-8.559489305316694
-8.430292601569201
-8.595138098818378
-8.44133746411473
-8.454508908130718
-8.398674664168547
-8.50231245201815
-8.563126902013737
-8.471862525061784
-8.497768000723894
-8.587420023782782
-8.474795397815322
-8.57222564495155
-8.752498023701046
-8.65301290519353
-8.577890487435573
-8.472021369846066
-8.506747162210894
-8.605635253821074
-8.533350185938103
-8.528694633076887
-8.616781449134729
-8.58185665387661
-8.53158409546743
-8.51078198166942
-8.552170503988991
-8.520168797092266
-8.518999465922006
-8.45741105888163
-8.51367340060975
-8.528709158820886
-8.525569238463339
-8.57527017872761
-8.561031145061136
-8.58657410555981
-8.619140312562045
-8.600552711557915
-8.55532821353805
-8.473042277649416
-8.48553975284068
-8.617347098699351
-8.547424752539964
-8.66067605759268
-8.631257676958473
-8.543652306077647
-8.502180577043879
-8.517750209332856
-8.642785645327416
-8.555753353361899
-8.534353056215028
-8.59006072067187
-8.585701797868795
-8.512416631029408
-8.548744369754765
-8.43657309210665
-8.51005027492327
-8.559748019505067
-8.503485726836223
-8.597465205341068
-8.596509530586948
-8.670669862199787
-8.526291525586823
-8.51389050686827
-8.596759300102363
-8.523365917937424
-8.512127168759935
-8.630857972271583
-8.596209867983784
-8.541557554530668
-8.531300368294666
-8.527718272329349
-8.59894771543692
-8.649776974416083
-8.58455400313096
-8.635469407500002
-8.571605829065694
-8.565818870993908
-8.55421807709323
-8.688156246538
-8.585388373150378
-8.69549774943825
-8.586705413942703
-8.542974654166612
-8.562448124027837
-8.655732432684653
-8.608008474233124
-8.62331843219879
-8.58178491000396
-8.635274618267612
-8.600951752631818
-8.54393825263971
-8.532231635447657
-8.5665419617085
-8.564310828595895
-8.631356307984595
-8.53977898194543
-8.57504619170786
-8.532161747672069
-8.537451562038262
-8.60451068029897
-8.608146757170973
-8.545530117619583
-8.53578562743823
-8.637970528313355
-8.585782482557624
-8.633121863776216
-8.557565321968537
-8.69903303273839
-8.492154802128436
-8.576891116318052
-8.55407328216767
-8.526335537164819
-8.638477334620944
-8.513276986555898
-8.609173907041185
-8.647951029888699
-8.503642393923032
-8.6051748833832
-8.553987949624048
-8.572155549699023
-8.597154806844047
-8.628028364601857
-8.572694618100059
-8.659232759394849
-8.587872905241907
-8.55670919666498
-8.577660835170823
-8.640368575017797
-8.580543566898381
-8.52581253764462
-8.553721935015483
-8.587472213806365
-8.644240205761808
-8.660730161101597
-8.707094246135018
-8.607915612176892
-8.572854362221644
-8.753083358985387
-8.5940640037427
-8.692162644751624
-8.576785235430185
-8.595259585820449
-8.611512204802551
-8.57861724720355
-8.587506009380045
-8.6026011620997
-8.705987209005754
-8.583177294874611
-8.65870608713078
-8.647507889868658
-8.548456386410292
-8.650957228467504
-8.587572681224511
-8.552200446896896
-8.54035868172407
-8.602356000498984
-8.525591518794213
-8.541406257615522
-8.583152523431394
-8.588462296741055
-8.530134078418175
-8.660072735957588
-8.49718081240612
-8.638639197130178
-8.594531933468614
-8.676166287555542
-8.64593756566926
-8.610735901728637
-8.618860265257089
-8.648865870068624
-8.498515939917963
-8.62974065820274
-8.490369501589837
-8.728106589692064
-8.619059044206152
-8.558149473670388
-8.583025950701915
-8.582210552777747
-8.605999451408985
-8.618839379603207
-8.646411504852052
-8.697089555122824
-8.573860831007481
-8.588556966449142
-8.60075885819198
-8.581092071350062
-8.562008772903194
-8.55192148128318
-8.629585644956833
-8.547576663195688
-8.610324424437934
-8.615023888687412
-8.580561606755428
-8.601260477331293
-8.701151806405214
-8.653346618440375
-8.658054652843203
-8.589070785526465
-8.61615606276701
-8.597039187662917
-8.721274172745758
-8.64208009609657
-8.682176206320221
-8.745311357484322
-8.577962957847925
-8.614303859386778
-8.534419933705442
-8.689591427772363
-8.553172877681986
-8.511760470572316
-8.627942124906314
-8.652149688514191
-8.603301299641146
-8.642321884529798
-8.529542317997889
-8.613539197141643
-8.716514622009138
-8.798287860628283
-8.61871005250276
-8.697314917568411
-8.65693408728682
-8.601613562790487
-8.607323801792484
-8.67168390809916
-8.67160434440907
-8.68506622333026
-8.56712979107485
-8.613883282360574
-8.559854123725932
-8.642164287390722
-8.670770373586823
-8.597340995475564
-8.633018550377619
-8.663083501994583
-8.65753915278349
-8.63345679853779
-8.616782603414983
-8.714070510173414
-8.76885711638114
-8.663349770908473
-8.71693878142201
-8.657150758041897
-8.65158406063819
-8.588714072257673
-8.6792739107613
-8.676868478735576
-8.601783727280559
-8.663289899888385
-8.55763224220449
-8.719852648001185
-8.667344414757002
-8.54639908314135
-8.699725833139274
