-5.464793921648848
-5.55061552701342
-5.608796468752872
-5.523974437372628
-5.744408663036931
-5.533387976253318
-5.695023922094251
-5.5745656365314655
-5.60559888257177
-5.701149296340935
-5.788454665293525
-5.989227108318697
-5.95151658884737
-5.714108139430405
-5.93041979307073
-5.709846092696068
-5.970395006251859
-5.89300978748561
-5.838541017398299
-5.89540516592732
-5.978658363015452
-6.013769504573883
-6.090112285350343
-5.993565996573061
-6.044957911860519
-6.177180871337961
-6.222325084519717
-6.017356987649651
-6.203512692838812
-6.0935132499371
-6.0445131524796984
-6.152738709330414
-6.103042596733054
-6.14701346168313
-6.196765426718866
-6.095345503768211
-6.258803731743019
-6.22902018609928
-6.206266936097909
-6.0973598124710815
-6.236778089150346
-6.288762037982582
-6.29618380806
-6.209891966841038
-6.160811862182082
-6.360179984100931
-6.311777353585826
-6.3106593075066435
-6.303042241662038
-6.317702272391051
-6.177225083744312
-6.3118250566149685
-6.277312105616216
-6.264784132697968
-6.252157200700921
-6.276644228201415
-6.275655689405795
-6.310335282698249
-6.2297519803532015
-6.247360231989926
-6.259543154499664
-6.291957261732507
-6.283486140635493
-6.293187531616683
-6.233851022659614
-6.269842386485061
-6.334053326577215
-6.32736703357463
-6.236339104956048
-6.338166345941192
-6.353392965327519
-6.4182390642501055
-6.336608888370376
-6.439693437088391
-6.33682036128183
-6.391564877004403
-6.423717167195398
-6.324475326439616
-6.428332399081107
-6.436258800465274
-6.481367285520221
-6.159271895505783
-6.203685236763834
-6.285518398437228
-6.439978814010918
-6.423275094882463
-6.4878487699515865
-6.224498647362838
-6.365025781888647
-6.456575130849045
-6.347816986811575
-6.44023069415854
-6.40864961873773
-6.43383042074221
-6.411466946955514
-6.418472602458547
-6.474042420042491
-6.451949417961377
-6.4434795804672085
-6.4759927579639545
-6.413375196574747
-6.376768619655795
-6.39651290685842
-6.278729355306349
-6.454499257722091
-6.4505066304481815
-6.414944569251098
-6.452467756521711
-6.252143951857409
-6.469036071616549
-6.482080831348341
-6.449446833203313
-6.340299127420029
-6.45652791890328
-6.441959580206107
-6.470521709642085
-6.410686048467085
-6.488303926749286
-6.4665914100038755
-6.328957452295133
-6.479715212590982
-6.412442177278499
-6.45299142612339
-6.402750789368497
-6.439237830759474
-6.459264043941329
-6.467343831387982
-6.474164082594221
-6.423849823475229
-6.443665002441934
-6.502391634439014
-6.466034805624734
-6.491380676963837
-6.435431094124758
-6.499100797847453
-6.511511109317013
-6.528972740027945
-6.428631886489715
-6.44627094293992
-6.408640273072184
-6.42486504695621
-6.422406336880197
-6.4122684123933045
-6.432014284769368
-6.4714233691767875
-6.565046562696887
-6.471243225115294
-6.489876234494147
-6.507696050636444
-6.615104679718886
-6.4404963398145245
-6.426444933265779
-6.531561843459909
-6.472096682936506
-6.535482427404815
-6.528039283796102
-6.521101916684964
-6.534358299338621
-6.563808427842654
-6.476969470469708
-6.59328576184698
-6.474052991769627
-6.424148432470179
-6.472820771758667
-6.562104155706102
-6.516975691908633
-6.547906231304982
-6.598644753762217
-6.4993968364564
-6.609417060286827
-6.573803699904118
-6.48292292968749
-6.622163897022927
-6.416541446229072
-6.516431453234079
-6.470340856006363
-6.521200014779159
-6.463680230302578
-6.5388434283803525
-6.429448696511305
-6.51463464505447
-6.486261767787487
-6.4600865190502255
-6.422859130511672
-6.419793527642764
-6.52881054199692
-6.483298783355368
-6.4531172852518495
-6.47622670967825
-6.5228023957556465
-6.5202184195604165
-6.523602445502668
-6.4737505290790445
-6.459031077819567
-6.574237012954123
-6.548575889924748
-6.468794543174908
-6.559749822945445
-6.439115154179523
-6.545133886709088
-6.4966830692132
-6.548812943009692
-6.5841983842145
-6.555959363454122
-6.532372415166325
-6.634028056576264
-6.589103743678902
-6.5492297395153605
-6.517485962762895
-6.508268859076496
-6.593442391502592
-6.530237840515422
-6.5035638135393725
-6.642587761294654
-6.464354767144714
-6.512452580223055
-6.592821419604116
-6.555356563689149
-6.572236224421907
-6.5300585643302655
-6.540981352064819
-6.585498155982022
-6.508869914560243
-6.533617084997849
-6.579606639475388
-6.4949842994398255
-6.560967846971971
-6.529246362346413
-6.623724811762071
-6.475378092055381
-6.6113247001716005
-6.5964477126142755
-6.587154545204576
-6.61717740431168
-6.588301860016401
-6.592216119049389
-6.593353956462656
-6.584774153656163
-6.549505360613137
-6.567074675995951
-6.686380815519694
-6.623549340989761
-6.589247198272185
-6.614060926008769
-6.5946402704028095
-6.477224484440303
-6.671209943932421
-6.58372691541717
-6.5159817813909875
-6.581343772301371
-6.512856433332994
-6.520529521931528
-6.697542329068883
-6.542011568808246
-6.631355574432414
-6.562634312184414
-6.574360787989722
-6.61340041123784
-6.560140004397391
-6.574343882964152
-6.620207375487563
-6.613417394412963
-6.635163797178759
-6.604935941485755
-6.559372464930718
-6.527524885214589
-6.6186474199663
-6.616161035219624
-6.6197647301604965
-6.646340758866022
-6.610460375239746
-6.499146957456993
-6.64730780812868
-6.773539872636087
-6.673619780444169
-6.582637186014189
-6.656909043003232
-6.60680467926843
-6.706761706117175
-6.664394120086024
-6.5302094373055475
-6.473999763653987
-6.649421216783643
-6.611459240462847
-6.70630375781646
-6.588234758283722
-6.649046987401299
-6.576317242435313
-6.7340108798929466
-6.683655565863136
-6.675097010775353
-6.628362381219934
-6.636059084186974
-6.632445190429843
-6.617004561555717
-6.626316168569907
-6.629171496377963
-6.647547808606376
-6.700334930854035
-6.60718058495788
-6.617090575662981
-6.643526306476686
-6.644822777187421
-6.633061902196939
-6.67719565554776
-6.556099079776361
-6.6648033860868825
-6.596521867179423
-6.720517657203842
-6.72694843922017
-6.605002235758007
-6.67743036991333
-6.643473735276936
-6.652648963485355
-6.684271859559425
-6.655748113245392
-6.689306707971446
-6.704682792423668
-6.7671213497663745
-6.560927102240015
-6.68075274788729
-6.877948570057059
-6.708990888949278
-6.719780699413663
-6.652885340444808
-6.694931054381586
-6.712855169862597
-6.665270484898946
-6.778059728431389
-6.666924869508463
-6.6719410288393055
-6.663100126096238
-6.5962089513401025
-6.6890266930921145
-6.6907062502749985
-6.798102464339383
-6.759508305179709
-6.659452483067581
-6.65567645942694
-6.750301651016042
-6.67460955880631
-6.733692743674965
-6.819032718041997
-6.675328559724417
-6.682937667533512
-6.759020908711889
-6.766623916750276
-6.798308751023622
-6.734230023188275
-6.742090787587355
-6.752836318315831
-6.731343691512412
-6.68756848078425
-6.643996662726841
-6.701957830188302
-6.697418701601837
-6.742408892518864
-6.700285917453643
-6.758520381023164
-6.74145007510262
-6.805513193649951
-6.686025436505684
-6.762499745226283
-6.720779735452094
-6.719176253819313
-6.656291966629879
-6.622762016452164
-6.722874646623826
-6.709810517809172
-6.691621932291735
-6.623562410011933
-6.6966586277729325
-6.778636681188532
-6.738537497452096
-6.656434937781825
-6.798367612697977
-6.731769130989405
-6.588033814700797
-6.610546152361113
-6.716935065131022
-6.628050644319824
-6.665087978690164
-6.62948094212101
-6.566974438848482
-6.6139018715124624
-6.580894813216673
-6.557897738008592
-6.645392906372168
-6.618281254257863
-6.559343798123213
-6.610260727248783
-6.614225801119651
-6.587916271831488
-6.683682131951155
-6.658001500470701
-6.714859876266535
-6.707009454376042
-6.649737472876163
-6.803919373899197
-6.74910613962415
-6.6931247234863775
-6.816655561659559
-6.753204466443221
-6.821886062827474
-6.782764404553219
-6.788781265516068
-6.850593841394496
-6.7811564446210175
-6.752931239159024
-6.878585923765711
-6.813704326291708
-6.849802575266731
-6.778765396877983
-6.594989546400875
-6.8529524051747845
-6.670907274420478
-6.657600381828907
-6.763952728083608
-6.7409254161262995
-6.704248117861649
-6.8107597773631925
-6.7497196778743955
-6.72326505136471
-6.805195559202608
-6.863227636045091
-6.685017933214207
-6.8852162116243365
-6.857967040747429
-6.813530271233138
-6.732239213314732
-6.8118107403020325
-6.850681554900659
-6.71726864779495
-6.817128606799492
-6.802835308217363
-6.797139726640221
-6.818017881252222
-6.8604101357625185
-6.811547386790491
-6.844419717844438
-6.814788857041496
-6.85445223013319
-6.805736380719549
-6.879735281781065
-6.929214069761288
-6.846554286449377
-6.808571248473628
-6.924190035656602
-6.763849425535314
-6.8886344160047175
-6.537257774294108
-6.87073155688045
-6.81619371269818
-6.782326236743019
-6.844594776401483
-6.861648504015503
-6.912009556037315
-6.911929176187451
-6.835555784362171
-6.878277067402718
-6.8541038982793925
-6.902376333462033
-6.882218659650284
-6.865975646604676
-6.7988384806774835
-6.94428552453466
-6.911160282288342
-6.8778995435650465
-6.8831862186118675
-6.767536465821272
-6.707453854353497
-6.800752308806885
-6.691404903177896
-6.878525586120687
-6.887812087907958
-6.880323440334322
-6.820328728117698
-6.741997562210589
-6.877132280960062
-6.806706560006569
-6.790799906991978
-6.922884647282136
-6.515764363393993
-6.814297524867182
-6.651843474749477
-6.958126790463343
-6.744670540754858
-6.960850233750168
-6.924607793202817
-6.944340781853763
-6.878902060668782
-6.878257002934771
-6.777027989333355
-7.012302710237562
-6.878404244784521
-6.767768647410641
-6.86173130848368
-6.904502771251419
-6.9616530966176455
-6.988322462975282
-6.742273659326319
-6.888877130398453
-6.90901880525278
-6.905159244554513
-6.883390098130019
-6.8523204210705835
-6.868060749827215
-6.733200199744404
-6.7936671801139825
-6.825448261769485
-6.817842141084771
-6.714025261060787
-6.765579026668604
-6.72053180878404
-6.810535099091843
-6.782195143713228
-6.80829416594106
-6.875811811745689
-6.862254821760591
-6.839673954937999
-6.886550837065776
-6.839576081111152
-6.881373008209325
-6.973583382818951
-6.9252546856579675
-6.908793234393397
-6.888007787474715
-6.952976008160919
-6.944435461880876
-6.984301105110898
-7.0393507915109055
-6.898786642156942
-6.810466127537396
-6.970136253851663
-6.955901736046187
-6.990522187382279
-6.8792064800872
-7.0460185645275635
-6.847548596214795
-6.517435227029715
-6.929823133226957
-7.025919114513195
-7.02021309017826
-7.023537583050936
-6.976477227356923
-6.91525469978679
-7.038608380108716
-6.944770496524379
-6.933340510209589
-6.984906668236142
-6.984923314655986
-6.92676800716146
-7.01335223410948
-6.984283942883408
-7.02708761520656
-7.006335479245461
-6.974627198582397
-7.043237752492697
-6.954665597213467
-7.100853933863779
-6.910553500950083
-6.997507397034138
-7.13153096422369
-6.8101954477658255
-6.954273597055975
-7.078829868363598
-6.7103367090803205
-7.020840772262915
-7.044911766495456
-6.94625401538249
-6.797333499455135
-6.961796571414694
-6.896257350180072
-6.564649466407811
-7.0383118208648145
-6.728145481908161
-6.8079823631558645
-7.032972250101235
-6.494576283432453
-7.029529825354827
-7.079828829185681
-6.598282040801556
-6.976723918208923
-7.110315393846296
-7.092656039647878
-6.976681935692811
-6.820902662403185
-7.098420266492505
-6.980876847591439
-7.011711427062692
-6.911663767145512
-6.891296777992643
-6.936205149150798
-6.890738756155392
-6.880297919777063
-6.8345045132095725
-6.925607038660946
-6.854069359727966
-6.875180024158725
-6.806840657763785
-6.882519376401108
-6.853104725172549
-6.93948661570899
-6.860536244328298
-6.87017044732655
-6.942332396533262
-6.8764352095642085
-6.846810139102023
-6.934806453333319
-7.001556711388815
-7.035834583249171
-6.818598673176658
-6.976473357765705
-7.0541875043102555
-7.068871863336662
-7.097159247729312
-7.072686486309339
-7.066075212179204
-6.939557557434384
-7.11318996313063
-7.072364303066891
-7.095445678471326
-7.027215488533914
-7.1103111143097255
-6.96246211692574
-7.101764817908432
-7.1566985810338615
-6.954321398870174
-7.151814322198084
-7.078270585771186
-7.059968994765395
-7.084298062582912
-7.212866949967164
-6.943289053665845
-6.944992042686777
-7.0779717528159045
-7.017412620949049
-7.145896273949308
-7.065436242121274
-6.990593297843829
-6.996797506960409
-7.023481049522565
-7.023229944161774
-7.027084248861695
-7.046129151274865
-6.957940456555608
-6.905648715751105
-6.893187931461094
-6.953935912242203
-6.921299310771484
-6.933591612340499
-6.9829000149821105
-7.037067333871005
-6.992311558630577
-7.0353388030413075
-7.058382624065619
-7.094830910484899
-7.088172155060159
-7.03183843591833
-7.000732343369847
-7.010765055211099
-7.102345308593361
-7.1516312652124645
-7.090433224623837
-7.099890518226129
-7.077051317090618
-7.125025441777959
-7.1741608158265
-7.145618259758983
-7.179698007522835
-7.0129502956335905
-6.935829353656875
-7.146819127456109
-7.198736525127824
-7.077431629257193
-7.036133822072867
-7.12243577631688
-6.896697660733574
-7.162035824502593
-7.171700406213819
-7.113596314038969
-7.12639210745322
-7.093859240117522
-7.085549632739483
-7.131207595492885
-7.20094774566985
-7.141821359064602
-7.0606646733128064
-7.1402173760181915
-7.11547468901975
-7.157294364173824
-7.201388832483348
-7.155605466876074
-7.133482369126735
-7.11584379093604
-7.090069326065809
-7.101088986370797
-7.022881432853072
-7.249136197427763
-7.171204355394702
-6.935959527386882
-7.014577095131973
-7.1267418855132085
-7.162528305302995
-7.199230461332116
-7.149205785197409
-7.218977388652161
-7.222219980065654
-7.146387162702569
-7.065231535538185
-7.161429320852694
-7.0953521986158865
-7.259755884923464
-7.183997639683497
-7.1640742898486
-7.169382799374593
-7.249827657228031
-7.264114337432118
-7.090973450642217
-7.187222218155707
-7.1443379971881305
-7.283038959024643
-7.073124274590009
-7.2005870179065115
-7.130621761705365
-7.213107750087971
-7.169677344512319
-7.142037016540306
-7.183036219156543
-7.212490513044634
-7.080164821422533
-7.140708243453739
-7.190509646393074
-7.087801610079829
-7.240619526292476
-7.201958574394881
-7.2783845738835895
-7.134492778471611
-7.052956894308865
-7.29217373433773
-7.1217014592950285
-7.1799455889708925
-7.1925575868590235
-7.210928518005099
-7.144493397100721
-7.200928918793129
-7.177082678885348
-7.199018930291347
-7.128910388322492
-7.070941787738987
-7.156571948629834
-7.187357415863222
-7.146177065577179
-7.196785019932611
-7.122240254073091
-7.2647656400964955
-7.234932624110359
-7.195215413382049
-7.342931332635375
-7.273275465740255
-7.314433416083716
-7.1792847332693235
-7.247753201989884
-7.2423588078334085
-7.150044210294673
-7.278692346827403
-7.280142589072388
-7.172268767289016
-7.309557286984543
-7.202519090535006
-7.156811839636401
-7.262433341745804
-7.281418085423272
-7.183415950227307
-7.167576436443628
-7.2341288810713325
-7.24125660479937
-7.18657968424154
-7.091513425994862
-7.299774772890726
-7.252670400820378
-7.342209941645817
-7.186070818298088
-7.3056920480207665
-7.188945964382116
-7.238282137152175
-7.163600208857298
-7.344510300214306
-7.2564802014296355
-7.253934298340912
-7.314542349767425
-7.220980935648331
-7.26847619983017
-7.101417887308343
-7.310056042128676
-7.310469429143739
-7.072477338592984
-6.969584208482259
-7.323357359402568
-7.334270856118966
-7.044021417390233
-7.372481323297606
-7.3345956802960615
-7.261919300649108
-7.360065807999573
-7.33039814905355
-7.250718586096873
-7.325724928304246
-7.21609314768745
-7.328877061198248
-7.218074294403403
-7.263922156224556
-7.284885218863142
-7.254797351049968
-7.305602402138693
-7.3061609775196565
-7.273690056182324
-7.436484054680242
-7.2489068247874915
-7.297661694477862
-7.346388376575293
-7.30106480839543
-7.353629131758251
-7.35896971372994
-7.42264870030268
-7.219844279783948
-7.238639691955452
-7.3846619490947125
-7.075585050753296
-7.371139481193727
-7.356348221765824
-6.973349536892425
-7.111939379653586
-7.142851461633142
-6.946324112507809
-7.4638003264189905
-7.253828035709188
-6.578478057117838
-7.3206022074995865
-6.657633563959488
-6.752421579177329
-7.400346195461151
-7.427857327475974
-7.433417396067554
-7.251371270146653
-7.022211687662782
-7.338054390991182
-7.280718200450552
-7.367060438667963
-7.333354072068611
-7.360563624004077
-7.245466349579852
-7.163205961025406
-7.274884124069207
-7.221374910029896
-7.153346377125043
-7.191820620187035
-7.198221883543275
-7.146524634119281
-7.116380011969101
-7.122206287641375
-7.096881230789697
-7.2462869741457325
-7.145393161354045
-7.241972312102996
-7.207683996716906
-7.244417132682684
-7.255130758895152
-7.355284552983218
-7.2918857750071915
-7.345880272838745
-7.3329051512924055
-7.42078257580786
-7.403566150256741
-7.382884019425401
-7.386726274957439
-7.323433049857883
-7.449947695603152
-7.294308219232391
-7.35508911027945
-7.418913495405542
-7.3751037610549295
-7.3844681669880705
-7.363803474763886
-7.30011760616406
-7.381971490586939
-7.4079815137710785
-7.48054843997859
-7.321940849238044
-7.307199262374695
-7.445108208445227
-7.295838652729754
-7.431141343030773
-7.4256204518357025
-7.371160875508842
-7.452806523154938
-7.382718201002774
-7.38190024611426
-7.496374479343331
-7.436732383810135
-7.407720097769571
-7.275047000858912
-7.391928613116562
-7.352553722199243
-7.480149775615989
-7.287578931341433
-7.477990281032106
-7.21826402871365
-7.4874643651998385
-7.412644941270305
-7.229666822879871
-6.890993501625684
-7.463152313353719
-7.317958294039513
-7.286830785093246
-7.445392409659817
-7.51450366036039
-7.260574586867538
-7.448095881158231
-7.33369333653372
-7.204155197058052
-7.269378246009268
-7.516571097407135
-7.430291549662518
-7.5552136632350315
-7.5244490178464964
-7.337938187513766
-7.422337365698927
-7.452592655095296
-7.446105287010818
-7.436103963804394
-7.44314240915614
-7.272252625174218
-7.491446404630551
-7.535990251283025
-7.425235296125348
-7.42785397528991
-7.3953146868620285
-7.518662467307104
-7.47397307526735
-7.527259426539676
-7.311963161786109
-7.379845367071148
-7.503770144004509
-7.483747497823749
-7.518463277428335
-7.479060928093436
-7.535243616508918
-7.458963258961443
-7.451566015188272
-7.419558905213425
-7.345067965109805
-7.45772331118057
-7.425206620704187
-7.371331218964406
-7.402001984416294
-7.313264237830835
-7.4318137152408825
-7.42876081908638
-7.457213114751415
-7.314970790852691
-7.4719821423319335
-7.426251218665084
-7.425469799807923
-7.472744352648409
-7.439874495681656
-7.542059998639899
-7.424752472173599
-7.44203105904846
-7.47471031850358
-7.4632672107435045
-7.448940085907104
-7.396146285529619
-7.383383678390735
-7.4317472827195905
-7.484883628335577
-7.550265854651747
-7.2480540839261085
-7.564403644904369
-7.516508081878235
-7.591276953579779
-7.395544556523728
-7.470132169244713
-7.526792706825264
-7.538349582760347
-7.433192522569105
-7.5092910241626845
-7.462213044788783
-7.498693011335873
-7.501170209975694
-7.463163951303582
-7.501528641851656
-7.4808416909836275
-7.566353955346763
-7.512976846545982
-7.527489059772444
-7.485772165462577
-7.463736289413472
-7.509099810398464
-7.455109698987312
-7.44340629683976
-7.625203601906096
-7.471836458466739
-7.243518319900175
-7.447540191366546
-7.465339845439809
-7.409873258702735
-7.368032140532141
-7.403290101622389
-7.426428545719396
-7.449939472769789
-7.451715771043826
-7.424016224132479
-7.3670785264427625
-7.43265269489705
-7.491027953699994
-7.4791511383411065
-7.5311808016543935
-7.558722006641289
-7.494795004975069
-7.529099995417039
-7.431386820599329
-7.3054234257828545
-7.649739671511665
-7.5698090962197515
-7.31277730745271
-7.629259358208697
-7.6161890548426685
-7.573596430303366
-7.533289118195572
-7.624960922764199
-7.484345350952932
-7.635866419917659
-7.581820569773406
-7.509722997207831
-7.655283400066921
-7.628551255372766
-7.510843327480313
-7.5367669297863
-7.585685030354973
-7.494370889035773
-7.353237062945786
-7.4077938662948615
-7.648193839301479
-7.287012225813825
-7.2168782160817715
-6.859944205003528
-6.697418713167387
-7.25212729244438
-7.411116862772153
-7.178611017036051
-7.437837838212643
-7.410554414380909
-7.593117489169817
-7.601787480672293
-7.734988017140099
-7.384515814551825
-7.356474099198995
-7.6046934674519235
-7.54866142772429
-7.656753767802112
-7.640705612141677
-7.6337829211749195
-7.608282983461587
-7.736892578317697
-7.545019564872132
-7.601243912335249
-7.643366648803692
-7.516202661879079
-7.589480928918784
-7.538384863260429
-7.687166820473603
-7.570456768130483
-7.61172893912758
-7.685174036889816
-7.6898763044723175
-7.591544900234727
-7.615759177571263
-7.597397752716771
-7.586543558128156
-7.496998159142355
-7.656333891406881
-7.617399277226655
-7.6439345121397695
-7.641889108010689
-7.649975371801755
-7.723704292453106
-7.659295417412818
-7.666434429003553
-7.405495170758788
-7.653813920179681
-7.65654298770566
-7.752745032425176
-7.540409283718083
-7.542897165210336
-7.60175883045976
-7.578202152739405
-7.5579424647902655
-7.566538796864901
-7.685837704270529
-7.557254646822975
-7.627955410634619
-7.567598800150247
-7.5623056261155215
-7.5564997159429526
-7.708153630887472
-7.682073486657663
-7.599268821889389
-7.631319241988781
-7.647595259636768
-7.60164134188164
-7.64062981561603
-7.510740954659994
-7.530333327201913
-7.550422766259203
-7.4762185722446235
-7.4757123430814065
-7.495786298188377
-7.548007998595492
-7.527964117661222
-7.510671381838788
-7.535283722053241
-7.47444074977065
-7.529270480920227
-7.546483664019118
-7.542012525649615
-7.500209254221463
-7.555662310125914
-7.588455293845938
-7.562246988869228
-7.567077840288431
-7.5692944861072196
-7.471422635295243
-7.660913113669861
-7.665229756159373
-7.537299189733557
-7.640907317716148
-7.6527884247981675
-7.607354724863531
-7.670923975152931
-7.729640688934936
-7.678849907797009
-7.731247538207923
-7.730814057827039
-7.802295077219059
-7.648156596571528
-7.769080086093067
-7.743316369299929
-7.718215122418234
-7.665048247577831
-7.689379869060851
-7.711676671147086
-7.7483749784035485
-7.489630534475051
-7.727012519101546
-7.837022200363774
-7.797237716706192
-7.772551279562612
-7.738864885939922
-7.678759737178758
-7.704957196028918
-7.562900034545691
-7.786192472289634
-7.748385450369397
-7.4718731338610755
-7.713271103488966
-7.6936373094193655
-7.3113406356555934
-7.822373663424374
-7.350157607341412
-7.47725935300581
-7.489682045204567
-7.719359149813832
-7.756712423243932
-7.83138883957149
-7.81524678398766
-7.590944665603603
-7.714064933821586
-7.817545422155283
-7.75841369372764
-7.294904438870187
-7.838152883142685
-7.733839757389882
-7.621286050118882
-7.289027179631147
-7.881680841552633
-7.881746690649608
-7.414356423131878
-7.821992682052685
-7.518426439071972
-7.925482951423188
-7.606437341553253
-7.825495493574753
-7.8816645624580834
-7.79797782118828
-7.719172252188113
-7.780320957453442
-7.849015518323597
-7.799684923826499
-7.83162271698038
-7.788316991340075
-7.8553789380945815
-7.798529350664821
-7.685804466089445
-7.472396047680488
-7.590524411884407
-7.319684457693107
-7.463474124771887
-7.359689973130537
-7.0064596571776
-7.265219587487177
-7.620067501467675
-7.352832559835429
-7.219867254748656
-7.939715046380243
-7.676477923429191
-7.589597776902895
-7.762607584699544
-7.922498763167602
-7.778388961707399
-7.456480291003856
-7.570441780246601
-7.737774086515967
-7.808355902440933
-7.524974561470966
-7.900709794828576
-7.78071102040221
-7.513314130029314
-7.783814412047388
-7.920377586963936
-7.761309024419358
-7.934596234041567
-7.9187780858434484
-7.758630317929509
-7.678693669699958
-7.684017382766534
-7.756654603950624
-7.700489613632228
-7.729997417407143
-7.712078969470233
-7.708176211501727
-7.713410046951569
-7.631483318406556
-7.640700440046001
-7.691969721798967
-7.586795780177304
-7.5844722820045565
-7.5870705489246255
-7.559289739108142
-7.577282358755271
-7.66748167104106
-7.643560241763871
-7.709223189202253
-7.632402032809665
-7.59465727789501
-7.761691464171135
-7.703126059999687
-7.831224788127068
-7.6895377603252975
-7.890608113372609
-7.663034195441364
-7.884752355389345
-7.8687932315505265
-7.852325914647001
-7.894461389613271
-7.931208384635581
-7.730360679153326
-7.840018444079124
-7.789006914604086
-7.769660366961702
-7.581221418541166
-7.881562353486307
-7.7220107660356065
-7.827222353455546
-7.996289375190824
-7.687322904702876
-7.974843094363905
-7.7516315245485785
-7.903058848979959
-7.867214505512621
-7.916606172845381
-7.498929314153871
-7.903673670945898
-7.900191913684148
-7.787168566477352
-7.3908015129017715
-7.96672263090024
-7.0046604651179125
-7.759912486208524
-7.574907811370224
-7.694192354777481
-7.861197155727886
-7.701273506301376
-7.859913686733795
-7.804314902630637
-7.893535978382919
-7.873423298492956
-7.8159449411931865
-7.851598728905107
-7.838774105315323
-7.800289685545583
-7.7945866488789335
-7.676661383555244
-7.817498376093376
-7.7107630453258755
-7.708496323187569
-7.710341755302074
-7.753362360909964
-7.668991959536277
-7.757374546855729
-7.880938770723242
-7.7660509590067965
-7.893456771688037
-7.969482578430093
-7.873279276727377
-7.794895714656484
-7.93731275537921
-7.81543968429947
-7.959219846234055
-7.899516984442092
-7.9064426746331256
-7.92728816383789
-7.755941082980178
-7.854460276908876
-7.776756507291452
-7.923346979768957
-7.918701055409307
-7.893029271137765
-7.802513612777372
-7.771005941396101
-7.932377400724663
-7.909786895827188
-7.885688386837926
-7.87350999131411
-7.88486537326409
-7.937256533237963
-7.873674445810709
-7.866759273884174
-7.770805452065587
-7.914259370650851
-7.908106489073639
-7.618495055307761
-7.776391731964913
-7.785675425815573
-7.653123054042689
-7.868671437722172
-7.910072656435829
-7.817751078156492
-7.787038684085363
-7.67460656146027
-7.752972705620966
-7.716511509513698
-7.769167262751144
-7.773198562803209
-7.888341993624625
-7.867749988496509
-7.9321420489840015
-7.769214107805465
-7.868077676854563
-7.82780262952288
-7.96121540923036
-7.903153781272962
-7.923703036438749
-7.977740484559748
-8.04188685292498
-7.832743320674005
-7.948045617168063
-7.873217811249315
-8.02270483312533
-7.873645500905447
-7.892394517489482
-7.833383745045082
-7.982658453849702
-8.019405165089657
-7.979777608569072
-7.951683852097372
-7.966835288461735
-7.958936725210558
-8.010327026964232
-8.079683104414489
-7.7315984457861395
-8.067846569442011
-7.958557884028919
-7.942038340423803
-8.027421811556234
-7.883919266176362
-7.963124146606589
-7.924298885526783
-7.868365351053498
-7.787797187384867
-7.882443030706712
-7.8654972178312335
-7.854174211724853
-7.771977192500478
-7.900573378463841
-7.705221851755056
-7.7416995483268884
-7.736242619985278
-7.842454839644066
-7.808840935295634
-7.8941807592704185
-7.721533203204647
-7.741527921090887
-7.796658562749295
-7.844534310664269
-7.845372303531256
-7.8824397334087255
-7.879378547205235
-7.889040514262492
-8.037048360763803
-7.972491268635839
-7.999126730861221
-8.024166010765105
-8.078744202294082
-7.982079576362647
-7.734835609934509
-8.060282251650081
-7.950842984136502
-7.730726794240152
-8.005941525783326
-7.9818728222865545
-7.972277950451304
-8.160681843023472
-7.717031341333244
-8.039094999949828
-7.734088941679494
-7.843582845475794
-8.059051623088203
-8.122783018461995
-7.912850262832859
-7.9796881561279625
-8.164989440840644
-7.993118861617721
-7.851444496761947
-7.8841382789790035
-7.962942114865552
-8.040050071091589
-7.941904283831589
-8.004881737322156
-8.164519202579532
-8.035662327898137
-7.897820178403776
-7.949222562145557
-7.961698571059111
-8.179148569174023
-7.964180680547075
-7.944132439235062
-7.944089089606568
-8.067055090458954
-7.999351150391181
-7.900705785947965
-7.903892699518247
-7.746391317780257
-7.806170951022287
-7.88246228707348
-7.7404671753125
-8.032974720195943
-7.662184149366462
-7.589405101840623
-7.7477488681136055
-7.648192485638103
-7.707712795514674
-7.674687757651239
-7.8070578369552255
-7.6313773947513575
-7.735332818844471
-7.714858342731566
-7.619126356178544
-7.540605510014558
-7.6616062226000725
-7.720489998941677
-7.764099722750406
-7.756470182950544
-7.618163628377397
-7.689131168999902
-7.6639474796671525
-7.935827324063729
-7.81488298545516
-7.699750659002078
-7.814737396669395
-7.768951625900126
-7.968463202698382
-7.982941909276879
-8.100438477888622
-7.973892508928016
-7.944848513467457
-8.01988659539793
-8.028720596639094
-8.06616927762378
-8.021753175674334
-7.971271488266645
-7.991399471304489
-8.004332074961637
-8.105167462146513
-8.068428703323283
-7.9774662093687585
-7.723873921545177
-8.056111604417394
-8.224831331705998
-8.035102075313345
-7.870058165877578
-8.232945666289156
-8.114108330353796
-8.018507371364064
-8.058884373444872
-8.06128286782189
-8.017115395546845
-8.052577840447412
-8.120232436854106
-8.101229815992948
-8.105978785026617
-8.150636986358037
-8.1471863148081
-8.044103711638611
-8.031638614062208
-8.110507390996256
-8.033147627259948
-8.099747988645811
-7.878454857964292
-8.310564751724135
-8.143906616884559
-8.063302000446336
-8.136641856461209
-8.209870664986829
-8.165640713788422
-8.07485020613813
-8.075305070862766
-8.015381485680834
-7.970754098346092
-7.902076370596085
-7.991018092336564
-8.168444096370484
-8.145718451895496
-7.683560238537237
-7.531592048006354
-8.233544876681828
-8.214932864168603
-8.142434192910299
-7.840084334986777
-8.194669984766668
-8.182064380879746
-8.240505859865378
-8.098261010111353
-8.057890174523061
-8.039670893597139
-8.03925719083446
-8.036135211315909
-7.977104202514809
-8.014355915575889
-8.127435755627529
-8.070636177461697
-8.064887095425133
-8.109136665198411
-7.977407146074502
-7.934838565124342
-8.088857667073771
-8.055929441133722
-8.04164355759743
-8.138294981125929
-8.103837494629524
-8.024163647952705
-8.168133371211274
-8.099371381790835
-7.921782617064884
-8.180323855998642
-8.16603763327218
-8.140568427135152
-8.160897979818646
-7.663410425727786
-8.197551435740971
-8.333642943876153
-8.100333510473451
-7.852665269079317
-8.320110164861424
-8.20329984523344
-7.98655467356315
-7.959992966616584
-8.262410698578247
-8.146178601638235
-8.24602901627832
-8.194214266105574
-8.20758529144659
-7.98643639665481
-8.152603113118953
-8.24751122303622
-8.202230985845125
-8.295053809267957
-8.254158184222716
-8.255552469666673
-8.210066674745672
-8.289169595718915
-8.140585475471232
-8.183422184940193
-8.117950791672923
-8.185080576994931
-8.337735103679682
-8.155696950480587
-8.145526091004944
-7.95678603277733
-8.156563333373603
-7.7824613332577135
-7.89985151113376
-7.914326921020976
-7.871043739301564
-8.019319474998463
-7.955829373660925
-7.85875251662754
-8.099359370191552
-7.968964299307584
-8.029324305964296
-8.073414148531128
-7.88309479015915
-7.911920558157718
-8.070866308570087
-8.082029438103858
-8.166993750409867
-8.173522623014826
-8.110861171248542
-8.26305269322526
-8.215139880634833
-8.182578607530274
-8.08128416269841
-8.35616435861066
-8.211000225403442
-8.387251122854932
-8.151471362422434
-8.061564217209936
-8.303092967046661
-8.120532949455724
-7.5806323511522535
-7.558027951027045
-8.074844134612356
-7.9123314977677515
-8.022620252112104
-7.86715761771618
-8.271422362815384
-8.283361674524933
-8.28696476776646
-8.222662552004495
-8.330890467434537
-8.1629660906374
-8.101513278975956
-8.045360178685389
-8.132564825666071
-8.095939252296816
-8.096571555683289
-8.049914112581572
-7.853694948283416
-7.864773991920659
-7.928366902253223
-7.885356567788581
-7.7555294602697025
-7.920006132015421
-7.865006558848191
-7.800397838519115
-7.793937508522676
-7.993880219821545
-7.767627545232158
-7.977496709195011
-7.996909015471296
-8.132011745588374
-8.06211483082826
-8.080490566776247
-8.104156623567869
-8.074011513715005
-8.222738447578799
-8.370801081143508
-8.360329584133389
-8.097109147588146
-8.298814546496201
-8.175531657686253
-8.25023775954721
-8.25444230518949
-8.193427064412118
-8.359044907470903
-8.295049858258801
-8.22408736707895
-8.233277414124744
-8.321747417141546
-8.27959504275073
-8.14533723120628
-8.17219594052271
-8.222278443189067
-8.257238181784462
-8.321475561618703
-8.367264914904016
-8.322841351376967
-8.242631739826638
-8.187124516066628
-7.94720990081942
-8.046105100882473
-8.304156186527988
-7.831736497378711
-7.951009566433466
-8.11506389981649
-8.0678425830596
-8.329597956216658
-8.091725456327122
-8.265455635958961
-8.0368671970868
-8.094461978594124
-8.14062380989809
-8.248515731034852
-8.357317488653727
-8.438829857505828
-8.197744590444733
-8.23144978376202
-8.231467820361749
-8.195389203785215
-8.2215703939772
-8.17766145745239
-8.321726449945807
-8.096319023048185
-8.280765845304598
-7.918811746323771
-8.266634141838566
-8.190413292751163
-8.031716140291598
-8.032136678428138
-8.161185984347126
-8.143151214987801
-8.027723927675014
-7.97734063722196
-8.110998728035417
-8.230196398538217
-8.162636027295811
-8.156066695320622
-8.160582340470823
-8.299606955122268
-8.194459986190969
-8.326190717618667
-8.269610149831086
-8.390715894235802
-8.247760879014079
-8.265325949486712
-8.392450665166832
-8.213638056641617
-8.452558941632686
-8.29889891987303
-8.481062684812347
-8.081267099511205
-8.420469297823045
-8.37739730452943
-8.34394942910228
-8.359519924443235
-8.48231153242211
-8.370011370446903
-8.157338838073185
-8.120582178431837
-7.99363666214083
-8.111466951174991
-8.121151339679974
-8.390067376766769
-8.014648982716608
-7.78375129032242
-7.761300626061635
-8.106810934175464
-8.031258021835852
-8.00328330818722
-8.28344624878294
-8.449650519522695
-8.470338491336959
-8.11322225613463
-8.429707890581573
-8.420007881190765
-8.091582525378223
-8.402289333360352
-8.305476115546332
-8.20181480080347
-8.41765441359271
-8.38891626173598
-8.414442471481726
-8.373664253976894
-8.32275559383987
-8.331225678201646
-8.282496002359863
-8.33172020646829
-8.367607360005257
-8.262956258290172
-8.385998387340416
-8.240524424375584
-8.256122977186171
-8.293264653732852
-8.276386261313904
-8.204376902812678
-8.12306853873508
-8.309164431331897
-8.178605209791503
-8.111380782439333
-8.211713758165677
-8.426559692030565
-8.243076450175137
-8.40826300294678
-8.277804158387358
-8.158023579185082
-8.264103210265597
-8.266456541867027
-8.413166202892901
-8.25460845426602
-8.120161276687815
-8.25332376954791
-8.313242264262186
-8.117349607301843
-8.226925461508069
-8.453596341746971
-8.206122917382427
-8.288881847903022
-8.33099935390791
-8.338234699984033
-8.22236591584516
-8.414748327290516
-8.543992914173328
-8.486822220459914
-8.432593737980945
-8.431390046312847
-8.30811490193444
-8.362579179135045
-8.487677961234594
-8.52651981960928
-8.36742404787631
-8.437772594852436
-8.497604497292949
-8.185893797576952
-8.498493500013916
-8.123521841741319
-8.371919904920455
-8.505278144051363
-8.404342956352384
-8.5319426916988
-8.498260244634977
-8.447402017077282
-8.496395535616799
-8.500502373516474
-8.35342464963629
-8.428367996820041
-8.502343280205979
-7.716438678069403
-8.372227552782554
-8.188902509849544
-8.43587567436739
-8.497048371652937
-8.06013374920571
-8.441270348911857
-8.482462474091134
-7.942396990811642
-8.354260479740192
-8.486874616723828
-8.329587992320667
-8.494745713921551
-8.503905456050322
-8.456289899647974
-8.45628918858731
-8.484704603511386
-8.499547632509836
-8.423074241191797
-8.487002347378745
-8.435842670225037
-8.562929978431074
-8.423414814627195
-8.11051551990866
-8.411995588658117
-8.40752756200614
-8.39129797555392
-8.415442325283902
-8.396873467712103
-8.336904066410336
-8.319612618621925
-8.345224846551314
-8.451143563266466
-8.38380602178198
-8.459578426560673
-8.413816711064342
-8.393824601077075
-8.458636832727434
-8.378082153377134
-8.46156146197981
-8.280057288952568
-8.383278718383648
-8.289142001663732
-8.399873128480248
-8.283665118508031
-8.397386456549064
-8.246871877222919
-8.160894459283604
-8.09786727744354
-8.212595258046699
-8.016572338744075
-7.977768408512045
-7.8845698433759
-8.266435171537795
-7.962457198219069
-7.9011596565770335
-7.836999624081234
-7.904028991380535
-7.9014473748981295
-8.076781002188557
-8.067174067491175
-8.068968956647794
-8.179321471665151
-8.10083147833584
-8.23663330495207
-8.163593354347595
-8.171607833665943
-8.266850338537605
-8.329500866818275
-8.494590106073991
-8.28138403545307
-8.394873124045766
-8.511223494936464
-8.492519925669738
-8.425316816145836
-8.38141253441187
-8.479608136694244
-8.508405489908482
-8.453909317914578
-8.209466822142371
-8.565566056276376
-8.31206605904269
-8.459319444028193
-8.546892391725729
-8.313806637042418
-8.038115090619922
-8.464235115037463
-8.370830358863408
-8.640475487115841
-8.567488892718176
-8.376026489654798
-8.537543340747243
-8.474916761779745
-8.427325205966357
-8.498348152217195
-8.546567533132718
-8.540416655964654
-8.408950388469103
-8.346940160561076
-8.636318872268026
-8.424150008615916
-8.529114792827421
-8.402282701658347
-8.433729398229033
-8.45508945238819
-8.416625228376189
-8.264862720289338
-8.504775464434315
-8.192841119760873
-8.452016183907059
-8.532159895130162
-8.568234452015163
-8.580902318543156
-8.554016562479939
-8.326796297866608
-8.589140461820849
-8.548775787179506
-8.182952886220692
-8.393186523363529
-8.734231175328311
-8.405501178474788
-7.240811223519694
-7.691435958233159
-6.514148089714006
-6.944894014379656
-8.179848063363792
-8.293590124522568
-7.82675960829736
-7.7326863266421375
-7.9002502211533585
-8.546622277675517
-8.316807702231548
-8.509528316661816
-8.543481945967054
-8.471445074255668
-8.569935159717614
-8.557213042873462
-8.437379107570422
-8.518475384379677
-8.421911805346634
-8.348606152549296
-8.302982363711704
-8.114050011539508
-8.2954766317102
-8.218761848548487
-8.188402217857151
-8.34727420523843
-8.374409111739665
-8.210121305985984
-8.301709595852778
-8.237339828485977
-8.409014498691134
-8.285772887661537
-8.48478988660654
-8.376164234863776
-8.435683582666602
-8.62565664151556
-8.449722808259603
-8.652415677107742
-8.578217395533263
-8.416753630005992
-8.434979024647536
-8.594180959427169
-8.712235958934192
-8.704197165799139
-8.171739745074168
-8.136244275976322
-8.565171410267387
-8.183626042459613
-8.596881676996325
-8.247963458826463
-7.968560349938769
-8.639070206373773
-8.251417631195208
-6.898923501549492
-8.314560508339142
-8.379389116163777
-8.585184528694723
-8.562697663645993
-8.548506929618707
-8.185477686506767
-8.487778554606674
-8.581233320065792
-8.539790090014808
-8.436410573489082
-8.440374452750387
-8.464960764697578
-8.525560875886859
-8.479342954203496
-8.559059596209257
-8.465704402947834
-8.578926664701934
-8.630896913618095
-8.543795095027907
-8.580692859715265
-8.56234221834957
-8.484692244975546
-8.655895351433697
-8.640581781206981
-8.624927227272737
-8.291800348805642
-8.529543481459354
-8.58390825136346
-8.555807961621092
-8.368022719439663
-8.629269091333788
-8.609521829420196
-8.664793043616966
-8.491257918036261
-8.539293394734862
-8.639556140765364
-8.633495826815148
-8.648079043614977
-8.596101966492677
-8.637736502400296
-8.510344053131277
-8.74025094843404
-8.66119520991404
-8.592500306861174
-8.654219148594086
-8.470073294114727
-8.559712644356072
-8.54079755055038
-8.571834621340543
-8.550819754911341
-8.64324071602675
-8.512873987521528
-8.623153042347921
-8.733003781962688
-8.311178515423547
-8.629752585116684
-8.550491314712705
-8.383979529644488
-8.428328111512045
-8.700093092425323
-8.015452318871281
-7.7575230280199765
-7.9902375860837385
-8.03473988764566
-8.336680322025428
-7.6365539325071286
-8.541343030103038
-7.539779617873435
-7.715106429819142
-8.27577290094647
-7.971869570759232
-8.035384466295843
-7.833954678007043
-7.235432317526504
-8.010364293571007
-8.377110287443406
-8.449575261108386
-8.422349188350877
-8.670513994725834
-8.760969667482431
-8.689702344434702
-8.633059786683564
-8.410223598181679
-8.541920250033455
-8.270163478564932
-8.255533874704938
-8.210422072948592
-8.11217555917272
-8.040591396046377
-7.903288543619545
-7.928360797705293
-7.861458819707039
-7.934564167779752
-7.844336407635871
-8.047694489160483
-8.02172699518214
-7.911725604569455
-8.028864194202066
-8.24503132715253
-8.347501311299952
-8.33127526355244
-8.318848651635257
-8.38148824139373
-8.395229652969908
-8.224306130300704
-8.418050782169727
-8.330062412731795
-8.465959792689679
-8.571170531958234
-8.529864245037583
-8.509938347595737
-8.550725229066542
-8.54092198668339
-8.44000895278385
-8.659809290698044
-8.567450154947272
-8.391620382962854
-8.635403329214977
-8.669974375045175
-8.52253125514493
-8.587126117023132
-8.587832883862015
-8.698269848418008
-8.629212619890565
-8.601163428553464
-8.47856845597689
-8.73533020169263
-8.482291023540022
-8.248038207408522
-8.522627826854595
-8.708934728743705
-8.75017657770597
-8.568597998106544
-8.46173416922516
-8.529266013611881
-8.380840289477481
-8.477405174658522
-8.60032336255469
-8.540698204552568
-8.458241015353662
-8.339316324101166
-8.467847329945503
-8.272953150218429
-8.265031329215558
-8.567753662987062
-8.29109781299411
-8.322194392728228
-8.55272245565431
-8.48876139715398
-8.535521619654528
-8.346644491936868
-8.524172117938141
-8.412757021568225
-8.385691249257453
-8.287083471668863
-8.395069925334779
-8.567626202527638
-8.574068523636699
-8.521938057344336
-8.637871818503491
-8.543016474618254
-8.672400529329122
-8.450894246867376
-8.576895628031275
-8.546472376560308
-8.555811526694837
-8.656245600733559
-8.610839627340024
-8.750421030997927
-8.444123818681367
-8.25409377135287
-8.621118990844009
-8.272222403633602
-8.709926003808452
-8.679215925234457
-8.598484545046277
-8.42428573244761
-7.944537393334861
-8.694902672211152
-8.255456634461158
-8.726970656855034
-8.295732889615635
-8.111954226790264
-8.486606167745915
-8.703908322450053
-8.26252980262662
-8.329429808645353
-7.119045078821525
-8.410751304107382
-8.227548167608065
-7.6127123643072565
-7.79848679973021
-8.294718456841425
-8.380393559538188
-8.463572851939904
-8.828460497318657
-8.508496305419232
-8.82224631071774
-8.6712551369109
-8.63859932664888
-8.563970628742961
-8.44401316257706
-8.63021791502645
-8.502737282161005
-8.340164305165187
-8.300807162896492
-8.394022339942893
-8.211778006374423
-8.344070481870096
-8.265627083146407
-8.29500717242365
-8.155282330205965
-8.43994159808251
-8.191248173684867
-8.511666489693365
-8.291105915424302
-8.353041523681311
-8.56156317365037
-8.393226425026793
-8.55898308326813
-8.515020580887256
-8.329267486932556
-8.54497487334432
-8.652794322826393
-8.552116396389787
-8.382509041467387
-8.56931953700543
-8.488187376242408
-8.795449723261498
-8.615689093978501
-8.665944599487352
-8.65115063607804
-8.622880497659343
-8.338947480707718
-8.691154978282235
-8.949585836277477
-8.777021972659526
-8.248342706480974
-8.889620615393795
-8.872726803526339
-8.277782960047114
-8.498330277664131
-8.735634740792815
-8.381895214690129
-8.26851031695855
-8.684794794725574
-8.661905260704787
-8.853479665323396
-8.73383992548247
-8.45222742443936
-8.692274025538017
-8.798590597095538
-8.701584416881346
-8.654569202585137
-8.649119668991693
-8.849064137074178
-8.805978455240723
-8.788602223313964
-8.686941749980617
-8.483566986098138
-8.690698111287427
-8.597052932399107
-8.703147373998233
-8.424252290457039
-8.909566625295538
-8.60992625983164
-8.636403782987529
-8.593585619142226
-8.641539422689192
-8.675241534371253
-8.532465008527712
-8.619566445328823
-8.577958730795853
-8.610772203713497
-8.631737357183047
-8.61407029256721
-8.818545674599903
-8.907816685583477
-8.394246454302822
-8.785991910758396
-8.790932594384056
-8.473605678844697
-8.507430064856761
-8.494305395991688
-8.525413873388372
-8.58278901082569
-8.31239517545336
-8.34690380335982
-8.553817448405587
-8.151040165871544
-8.501740277536264
-7.42107852628066
-7.373159454550117
-7.961037004583776
-8.488025783385181
-7.91819027920926
-8.546667451814594
-8.465370051195766
-8.368520412410943
-8.06882322764148
-8.985427098795531
-8.690595687839714
-8.676198020312109
-8.729914801115155
-8.559261327767437
-8.792211946066486
-8.70377246340699
-8.55812640903435
-8.624192404416567
-8.389055515051053
-8.525799446662296
-8.252530676239923
-8.358158038790215
-8.262257601463606
-8.342640301366535
-8.367460291500151
-8.428755399021588
-8.318523124763198
-8.279689506569452
-8.415965537909953
-8.436281997547724
-8.328900320244415
-8.46619351000237
-8.526883248157898
-8.472566511875689
-8.514219082545354
-8.50449336930658
-8.609164872989343
-8.37174739425879
-8.742360569613444
-8.831566627889485
-8.60781241033273
-8.767736030254643
-8.821161966165157
-8.739853015747325
-8.75079785155848
-8.725340963245412
-8.791063639937475
-8.586136355983157
-8.915135163453076
-8.635926634432193
-7.952469505900648
-8.69825577619334
-8.807165981038358
-8.4131405511679
-8.756646669182453
-9.022836744306483
-8.791020072107356
-8.44311760867497
-8.704589321537716
-7.884925721786644
-8.200936802021678
-8.7990627334874
-8.562579427521868
-8.4999563232899
-8.750636356441413
-7.949513957679433
-8.413941772816763
-8.073357578377317
-7.556078585857133
-7.362408730850681
-8.094946497646584
-7.845695519144532
-7.368344028458411
-7.077842314818722
-7.853567468511894
-8.089947575576598
-7.4255132430294255
-7.964422042632342
-7.685805389643696
-7.848238112204754
-7.227525553833856
-7.569807750360582
-7.222358659056808
-7.498639889555806
-7.889577698894634
-8.455816463012669
-8.736721661837217
-8.730779462432656
-8.735808878529843
-8.94016713290132
-8.868725564170562
-8.71425546150288
-8.377914806244304
-8.645674036802797
-8.888753310075518
-8.74041699220467
-8.615140875455943
-8.819357977739614
-8.530161684691967
-8.531529331827866
-8.442974230467792
-8.47786118803147
-8.685712500245323
-8.713555209313576
-8.55727524283189
-8.5997738239011
-8.580141002265924
-8.463626166519711
-8.446830826541312
-8.511816298889398
-8.439169166133007
-8.287528642540417
-8.593960935200531
-8.409863838559385
-8.338997382501615
-8.163563622308045
-8.061881557502765
-7.985377247000402
-7.920944074689285
-7.875031204992647
-8.083842342920468
-7.986276216096009
-7.936835106844464
-7.979617920819172
-8.1332116245138
-8.069381035128343
-7.996426620073567
-8.286658986615128
-8.196078614588172
-8.170437815054411
-8.385728529528524
-8.572418976635298
-8.456720482252546
-8.498569968530944
-8.598618908173924
-8.465783029680415
-8.538267258475205
-8.687446827877807
-8.626866542206663
-8.728554445638617
-8.799018109746656
-8.837460362506254
-8.777388681430454
-8.553489612581552
-8.87371889875451
-8.691662325453036
-8.596303782577099
-8.738058026459447
-8.771963152418406
-8.854908954130066
-8.927087519141173
-8.689748253848636
-8.639993966287202
-7.605254265871441
-7.959845802806169
-7.774401181221129
-7.841627469372291
-7.902881297307459
-7.8908196135094535
-8.05871099959984
-8.203155461585428
-7.757454236189066
-7.908848907174736
-8.515032055911673
-8.531300701329771
-7.530732028439195
-8.985053565532215
-8.720626778932008
-8.970171484291505
-8.735883595242258
-8.959018634881584
-8.849369962888124
-8.77792127333827
-8.847949393844154
-8.654918718612262
-8.6775273114612
-8.638207120491494
-8.812520541654695
-8.531506689665433
-8.594499369301161
-8.550075700852794
-8.61956388092681
-8.417646743830018
-8.426309151231624
-8.526261836160872
-8.562105380758616
-8.440311631149173
-8.608399357791233
-8.397303394913918
-8.60746281141959
-8.547964462004163
-8.638492222139998
-8.678214759505193
-8.875949749173182
-8.91608536069892
-8.758013968428711
-8.769691757502109
-8.758466130052488
-8.920827281467265
-8.877592321179966
-8.76792097753921
-8.846676935127574
-8.73079271485004
-9.007025828714681
-8.826660237405312
-8.823605903607813
-8.855817328323772
-8.76642657005283
-8.655356152958515
-8.851737632401363
-8.775778191416162
-8.92058758592671
-8.759348240825043
-8.8772016400796
-8.689514177945046
-8.679035663973417
-8.7599794445849
-8.811911776117475
-8.679559150679717
-8.768905475564148
-8.779528733518797
-8.879672667755724
-8.732245363673824
-8.671880696670247
-8.902135213874558
-8.859280776448406
-9.009185652126567
-8.952822312481976
-8.84264598226982
-8.873760517784868
-8.766643942109168
