-5.470202637642139
-5.4762021139541766
-5.474148829242731
-5.477910869313877
-5.474035602357903
-5.4734474147180485
-5.463698760948341
-5.480230611143725
-5.48159425674344
-5.47843299297509
-5.480870697157961
-5.492609057046363
-5.477639272664828
-5.4778357577966545
-5.490888127348218
-5.47773757826627
-5.480413353276288
-5.478985973647571
-5.484796673126075
-5.483005870274479
-5.494082003855366
-5.499078234743333
-5.4933291208726835
-5.480090241949995
-5.4743174376948645
-5.488359971563328
-5.478274323027095
-5.471703023627956
-5.469016977527976
-5.48888371972454
-5.475293672716479
-5.473003558388036
-5.489997766368416
-5.477888275806347
-5.482083697263143
-5.486464956417193
-5.475023425875637
-5.479973574678789
-5.477697468667986
-5.487190638055787
-5.487465343507648
-5.484586235280931
-5.4761931971987
-5.469181602789337
-5.476876151616388
-5.474668736234642
-5.472753382832388
-5.490989579612278
-5.47936561089835
-5.477675216448254
-5.484351055143524
-5.485850300231251
-5.489214428034437
-5.490874697075351
-5.493397790392405
-5.490530651868607
-5.501045188590272
-5.473819307685182
-5.494233092605367
-5.480327463066654
-5.482450949140344
-5.487037351450502
-5.4733624737130855
-5.487566374676357
-5.5014436673252725
-5.494700241141499
-5.48899544196252
-5.499442564340676
-5.484788866074932
-5.498075905389709
-5.486079974526002
-5.4908894025153785
-5.4973971233992405
-5.492274289989255
-5.5002378463219275
-5.522216542665389
-5.511555956273526
-5.5046746808770335
-5.531118301254441
-5.497365482781061
-5.545962230350047
-5.513691379232038
-5.524583768874312
-5.575743018640063
-5.529674780419972
-5.522344251097649
-5.559515020634868
-5.522319241578744
-5.535641693854557
-5.532827662491153
-5.576912825658724
-5.544683044270872
-5.572135793248059
-5.551140199089427
-5.613647092481138
-5.586389603331753
-5.662184727876196
-5.597095815686429
-5.576333003301763
-5.703389600620774
-5.755049866868019
-5.636721839251679
-5.72570646656134
-5.76196259271494
-5.869593216176728
-5.794518225395734
-5.841285348732225
-5.928831559790367
-5.861785683910949
-5.909303536940513
-5.944152609704026
-5.902433090671914
-5.917804073830595
-6.00515118904644
-5.950597959575615
-5.915805495990274
-6.026436509867628
-5.909268581137205
-6.026794938342725
-5.8271566843196
-5.97572270956373
-5.942357147389604
-5.998425750119832
-6.02502954558886
-6.034959021913851
-6.005043530505019
-6.043797047025975
-5.99822843396573
-6.0044963505034845
-5.984317675427402
-6.019149475114753
-6.027529946401969
-5.997113834859907
-6.052664613505602
-6.043556167121935
-6.047610052094431
-6.060955943618537
-5.978735272521941
-6.080185942388792
-5.973342741055806
-6.052403379636486
-6.0724893624053635
-6.079274499827388
-6.027832645411609
-5.9770173691886
-5.7875418683380255
-6.036468625956168
-6.026341980545225
-6.131391382608534
-6.002350798908104
-5.960657034850565
-6.0925510424100295
-6.0625828979122875
-6.150393552385102
-6.046806613476459
-5.964268411237674
-6.090099512852504
-6.077425619912512
-6.153202367394041
-6.075578627207548
-6.140175741783677
-6.10612375283895
-6.093093559845448
-6.058799295963041
-6.100556774627574
-6.090265097055093
-6.090885183228448
-6.146189512720634
-6.0956286317889
-5.983165665402401
-5.990018595984715
-6.071818737027982
-6.071450255416405
-6.055618281983439
-6.075446577569908
-6.09880243217904
-6.1202151029782605
-6.061379527275079
-6.1068372965940405
-6.114890792299281
-6.069668915788411
-6.067236817949169
-6.06902765036369
-6.050006170349163
-6.047025701554301
-6.021062399182403
-5.998091431021287
-6.051588606718354
-5.9990266537994685
-5.998102673582711
-5.993496953624809
-5.931182218129103
-5.9435064603093535
-5.946960563390373
-5.986457723833453
-5.960958313867727
-5.926389884367041
-5.955108569875225
-5.91786956609437
-5.944361978925547
-5.965856448850258
-5.95105847752626
-5.95518155567229
-5.948639673425681
-5.938672790660528
-5.9795648584066186
-6.002486947068572
-5.943764386059454
-5.9481954480199555
-5.974405884681561
-5.92903700277871
-5.991206499313817
-5.99078610526042
-5.989656963419867
-5.961784421951807
-5.9998999264613175
-5.977993585754244
-5.977234670616794
-5.981675185010512
-6.00993473178676
-6.06040876832677
-6.03609922779923
-6.032648935929325
-6.028584922018945
-6.0369931531544205
-6.055026331717345
-6.086382304984548
-6.092348101130483
-6.10039919950586
-6.13912177909521
-6.128957624741993
-6.151400557078439
-6.1417968482170675
-6.203570401517851
-6.193810416173561
-6.195622373524521
-6.1905334424357665
-6.168449255819758
-6.202344388864083
-6.16208170306865
-6.153347120745311
-6.12582144575358
-6.179129426319294
-6.212756834735725
-6.207444639091163
-6.164589486893695
-6.1263366610255545
-6.298883263582091
-6.157090934769204
-6.176631900266833
-6.206798191273876
-6.169762442031898
-6.179346174410414
-6.178398064196383
-6.166909702601536
-6.17399823173432
-6.214847774944855
-6.159240035153595
-6.230013409635585
-6.225436344454527
-6.135560966662389
-6.196064046502734
-6.207998842184253
-6.18723451335414
-6.203406934375678
-6.218571769138436
-6.163038430744368
-6.18509736346601
-6.213658146025413
-6.201311506698975
-6.205771074807855
-6.252827322011071
-6.173029868170424
-6.19259608395841
-6.20198416170328
-6.188494933555862
-6.15852970944842
-6.19772141583068
-6.127930471282345
-6.148224812830385
-6.166257607419812
-6.176445167176244
-6.196914368876194
-6.212693153044381
-6.1791868626184
-6.172919718213315
-6.198780355051209
-6.173176504090994
-6.168720454670288
-6.200260776733134
-6.2090433587619245
-6.198734450276687
-6.295801539691082
-6.2397037757387865
-6.250484614992258
-6.248213645200275
-6.2161558575736064
-6.14807875359892
-6.1850713105024315
-6.21311113543257
-6.1750822801994945
-6.1802665298243955
-6.214548193418447
-6.145901917584073
-6.047425386645377
-6.208251788484004
-6.221474285357491
-6.2310065549608
-6.200606445786993
-6.1795705515931605
-6.244598512789734
-6.203429527963827
-6.145320203641887
-6.1510590150913345
-6.1341686207146795
-6.168533918489189
-6.1167352477201735
-6.067512068966724
-6.0737330714330575
-6.063038820595722
-6.0078658971224534
-6.023319942410341
-5.995059388270511
-6.016838234065448
-5.950127912120344
-6.008075217064428
-5.993052803126448
-5.97319994426779
-5.971566835210919
-5.939809152858029
-5.893803976500785
-5.818633474583926
-5.815934058556098
-5.8447483356247165
-5.835997566954191
-5.794768431036956
-5.777946503474677
-5.767738552146844
-5.757029010551269
-5.691536553295209
-5.732724326369738
-5.6746716415483505
-5.704127756220518
-5.668448562421808
-5.67842786834621
-5.661056028759472
-5.733494194803593
-5.701140340391049
-5.725576355103952
-5.68668648545603
-5.6726146644802125
-5.641932128703925
-5.652548908786946
-5.699631960415869
-5.674667435939572
-5.760433916071136
-5.734901971892691
-5.720200856870028
-5.701146362715966
-5.715385538504479
-5.725517428286645
-5.712613624310158
-5.71732907579916
-5.705161657451341
-5.795892925339298
-5.7981076139809895
-5.825415132751402
-5.781172693182338
-5.850755638952205
-5.825326117385593
-5.785974092010706
-5.838553209134574
-5.800164401880924
-5.811767958770056
-5.873861903014426
-5.8535206448508
-5.836953376618145
-5.895994783800562
-5.849235731468591
-5.882209215721473
-5.9214939686523165
-5.872009980084825
-5.870636861653728
-5.890291993026172
-5.9242625986167186
-5.937335878048037
-5.965845180547927
-5.948461770473306
-5.987547760157334
-5.981448633981585
-5.989082141509492
-6.010243652449444
-6.032088408091394
-6.027385303550191
-6.0142775569704146
-6.050802086325497
-6.0329286391333365
-6.019120113453777
-6.069815201773796
-6.082532076805736
-6.039888789276352
-6.116524362370576
-6.0197935463472865
-6.032545072255111
-5.995289390811092
-6.0197669474422
-6.052786150701701
-5.991164217140507
-5.978259278900538
-6.011916879706666
-6.0087943209136405
-5.997133916226716
-5.998900050286348
-6.008821580365374
-5.956906154949735
-5.952675621568712
-5.987368395757446
-5.9699929558233436
-6.008721710570878
-5.933706604860832
-5.974971625734524
-5.960642235027978
-5.984428773483916
-6.0079295965308575
-5.980783392387046
-5.925754025075972
-5.9282961632714795
-6.002523217006943
-5.966301226479167
-5.981060203568681
-6.0438947962715766
-5.959975798924128
-6.111094664032364
-6.040166099795003
-5.98682021520478
-5.9940520198667935
-5.971564498974507
-6.03569281026279
-5.982412848379694
-5.969862082325471
-6.023124618569892
-6.029026197556604
-6.0139278781476735
-5.989062813657494
-6.045563451197906
-5.982601584669916
-5.971282444913764
-5.896811333291325
-5.896667899314849
-5.859576562542113
-5.848742289846379
-5.789881109295392
-5.754091138796138
-5.709342822650854
-5.687989993899102
-5.658183395129586
-5.643602072040832
-5.610246525929553
-5.601874202913732
-5.594020902301391
-5.575221576311706
-5.594067043154754
-5.566537546900997
-5.563302539632463
-5.593137270419884
-5.55397239603221
-5.545656632402964
-5.5401497975399465
-5.549982364907688
-5.563062865349448
-5.538671041236011
-5.570334996699471
-5.537647114496901
-5.537348848617482
-5.533087352667028
-5.542636563939151
-5.548166129891264
-5.52727134443975
-5.554273081843211
-5.540161285084661
-5.5355585609345885
-5.528321820649374
-5.534508314227695
-5.547239111448808
-5.547969746525213
-5.5378226153430195
-5.540246867882698
-5.560069995697106
-5.54384748469527
-5.550251317393914
-5.556014569787198
-5.553347124315721
-5.543081586538033
-5.550980883573793
-5.550987257307004
-5.5496798542328385
-5.562958833650287
-5.566993222231304
-5.547512293927955
-5.554203927681556
-5.561451090228464
-5.5789153140269265
-5.559737773367705
-5.548898453337685
-5.558566816779538
-5.554663011170525
-5.548597205923372
-5.546907055550599
-5.543225537997866
-5.546427964965787
-5.566956567285444
-5.5385298580345745
-5.5463222286681635
-5.57183387678302
-5.569629313338191
-5.541696215597003
-5.5705784678752694
-5.56355626844969
-5.562036502421027
-5.559556715689889
-5.572029273421239
-5.551361573607283
-5.559757040367555
-5.581843924738557
-5.558968109724454
-5.564654772167247
-5.579222872999674
-5.567858465696015
-5.572621371471808
-5.57439710898301
-5.580294049941241
-5.5798599004450615
-5.566603599645333
-5.573554858696056
-5.560057958635373
-5.582161337631252
-5.584997300073424
-5.576834547275636
-5.59270481265297
-5.58516592950654
-5.569240133709423
-5.582842090237141
-5.594368200707573
-5.578036174796601
-5.588336375661262
-5.590401086258812
-5.596166750285085
-5.594189085816
-5.585349160330453
-5.587311979807018
-5.599755408244686
-5.594701675429682
-5.610725516043235
-5.594506244103357
-5.604355793527974
-5.592497459669567
-5.622448316485418
-5.6059507609193915
-5.607710702984753
-5.637855534746793
-5.602282379922935
-5.606775844427549
-5.649194703580017
-5.613745783774961
-5.59829545529557
-5.6030452900959995
-5.626353576696997
-5.622499118714046
-5.625085995079969
-5.652717377775847
-5.656479433626117
-5.626323940868901
-5.638943900271678
-5.653594501145475
-5.62836578313177
-5.699881899178841
-5.6389843934904675
-5.664132764329927
-5.702977729519756
-5.650047197190487
-5.6971024006508335
-5.651612318864595
-5.737952711339105
-5.683264755038016
-5.743623316548754
-5.73177275522425
-5.716670548976442
-5.6978191656696815
-5.718083800422736
-5.718058271134051
-5.709531117202794
-5.720098793446149
-5.712938652259677
-5.743688680781428
-5.797809439934143
-5.8027573055459944
-5.8437130175076675
-5.86986958131446
-5.834756439748083
-5.812794913645002
-5.931365062627858
-5.860611180197501
-5.904613953623343
-5.896672257008084
-5.942778124475976
-5.91989438508246
-5.896006558194393
-5.919647104358461
-5.898859586650886
-5.902597082970226
-5.9204181551857635
-5.903907768600259
-5.926146153581875
-5.924241930471567
-5.923340730209986
-5.939651465910797
-5.946404446529295
-5.9846823865875205
-5.944442824716508
-5.939310285221182
-5.931185586544524
-5.951743788727402
-5.984540205456984
-5.924844849968579
-5.902116694621547
-5.919885574615139
-5.9178543290722025
-5.891531327077164
-5.958281307786841
-5.911140564521844
-5.9100318172541995
-5.897389135988803
-5.913739943576942
-5.900866458219709
-5.918919997008688
-5.850537329130465
-5.917891302338436
-5.9217325880265514
-5.900000808541858
-5.883250753990174
-5.90582200264508
-5.901179723710956
-5.933949855055154
-5.886323581835892
-5.888919804399784
-5.9134877215463435
-5.893964438117903
-5.894991165637953
-5.890081987207292
-5.893935864544617
-5.903945858920881
-5.933362557014225
-5.947822519249911
-5.935564606848354
-5.9302245062741
-5.956031200938071
-5.957007804629569
-5.976227771349254
-5.897217138627422
-5.973381395058835
-5.984905423804614
-6.023765163777835
-6.0034940597659805
-5.957073998358903
-5.9789051488000275
-5.997520855613777
-6.006896317265073
-6.0023275873927915
-6.034301091176071
-5.997166273170848
-6.045691967202777
-5.983793751730967
-6.0405680230173715
-6.096944069192285
-6.048010096354339
-6.032421209330831
-5.978879293440978
-6.0450929103961695
-6.011857234283851
-5.938047895853817
-5.946886075895546
-5.8927238490211575
-5.8626767419900006
-5.820347889335403
-5.720440829665595
-5.743850836120306
-5.657888775233152
-5.6658990325088325
-5.6359557762603645
-5.584454594682032
-5.607410719065317
-5.58112545335381
-5.580705506235708
-5.584263868152533
-5.557417272519771
-5.552120667118591
-5.547918225377523
-5.546596250119748
-5.545715761530099
-5.540911707100405
-5.53464372132735
-5.544144414856628
-5.525269795544858
-5.535595100763955
-5.51732525804892
-5.532797560881469
-5.524854047181455
-5.5295355558476205
-5.543243753234767
-5.54219350722094
-5.526430170832278
-5.542053438331538
-5.522821311458785
-5.5247946057586965
-5.511884123681487
-5.513519887557039
-5.517242173297373
-5.5263482213965744
-5.516410933446505
-5.507354621730357
-5.517055330494972
-5.524202795461722
-5.519663260063751
-5.5189175376795365
-5.504585409241399
-5.504511224026309
-5.527579626902729
-5.526631393876716
-5.514889223933359
-5.530206093000631
-5.520218931133274
-5.521960300805161
-5.5086168805569
-5.512405593532207
-5.527715173257417
-5.507982612014345
-5.524788643835313
-5.542226798124027
-5.526001259983156
-5.521215175078558
-5.506396597116613
-5.520730635813848
-5.529189510213649
-5.523957372876175
-5.517872166285727
-5.518661442396121
-5.515072246841367
-5.513623155604174
-5.5263056019427905
-5.518134622295347
-5.520553025271347
-5.5294813420425655
-5.516007029472464
-5.528564477779239
-5.510814438224944
-5.524713405449941
-5.526699426698379
-5.5076931759460095
-5.521912140946434
-5.519375217720113
-5.521883276625843
-5.516224041048879
-5.531356355426983
-5.517861382985286
-5.514350843703756
-5.519532961661419
-5.5137868156984995
-5.522071897768801
-5.521065122138417
-5.520107264945047
-5.517496909573214
-5.518258551459944
-5.524849133445539
-5.519408894645366
-5.519823463466906
-5.521315891493137
-5.5154982989002965
-5.53643066839792
-5.509613882914772
-5.518475504266775
-5.523985419286849
-5.5252879655809135
-5.536251816482291
-5.518098111687226
-5.519203279178323
-5.5157452471517265
-5.525628883344949
-5.514973976238101
-5.525079931739468
-5.530806243887572
-5.528442224090769
-5.531020461325928
-5.5296933930553065
-5.52067303522573
-5.514842764007567
-5.52416218170801
-5.526867825976692
-5.510568604634507
-5.531567089536856
-5.52859667807461
-5.540096072506916
-5.521229423767019
-5.522200233909654
-5.527899432846142
-5.519767737420377
-5.514322124933208
-5.515408470528683
-5.529666618640009
-5.516097569621342
-5.540059470153059
-5.521217014523327
-5.5303063331023665
-5.521465817252327
-5.530705150847979
-5.535318014579158
-5.525391673632756
-5.535932531147689
-5.523185585694946
-5.529541176200887
-5.521488609842027
-5.5379608830111975
-5.525427940891799
-5.527544592841526
-5.529280467803428
-5.522136184326353
-5.529811416292578
-5.521577000559816
-5.5219823158737
-5.517170993224817
-5.53222518091297
-5.529027988936497
-5.528609571575761
-5.524118439925362
-5.527443102667448
-5.528370794969496
-5.534644683234456
-5.5406812046401335
-5.524133853427362
-5.530080559412146
-5.52115445848446
-5.530451474281489
-5.520088019132107
-5.535871762204604
-5.520183724130722
-5.5255937530127
-5.538415172298621
-5.526862297606382
-5.52434643983776
-5.540662609823542
-5.527792149831288
-5.526300767042358
-5.534259669131701
-5.518299100215356
-5.514562083988613
-5.522208070889482
-5.538141398418926
-5.52710836376987
-5.534554290790354
-5.525792491938078
-5.52754495597303
-5.534427237442802
-5.523895155032903
-5.5343316650484775
-5.537453756919433
-5.534869418965968
-5.5187590034104685
-5.52742573026003
-5.521572447738385
-5.534235209637453
-5.53281095874292
-5.545138877969091
-5.535992836284517
-5.535184204051455
-5.535728340850757
-5.528192857748205
-5.5359221639211995
-5.519716764472153
-5.528296269518279
-5.524109069985838
-5.538365385401938
-5.526171917898615
-5.531285431816973
-5.527343441403014
-5.54393469694853
-5.532009847901355
-5.53576321958851
-5.542691389503211
-5.534419595361149
-5.530090889880903
-5.523104610825189
-5.537649065239584
-5.5204121491865275
-5.540086515832623
-5.532331999627366
-5.5237442900210185
-5.53073161514816
-5.531371341566147
-5.515965952374842
-5.535715616433753
-5.538946978055737
-5.531153983420454
-5.539005663467393
-5.5364863750145155
-5.534220030846094
-5.528074172704777
-5.533382732169099
-5.530800243291039
-5.540035572802349
-5.523469052950354
-5.528744951150722
-5.521569496917064
-5.529601351291847
-5.5179601457316405
-5.542978283887802
-5.543534464366224
-5.539907975256768
-5.516589458461481
-5.532121565903849
-5.550421772450045
-5.5363184982895355
-5.531693035333125
-5.527618261657427
-5.531837896038854
-5.542416313698492
-5.513319254088177
-5.5374360197871235
-5.532978448040871
-5.534008383359319
-5.545512189623963
-5.536621325115838
-5.53520154138548
-5.523848212063669
-5.538934140795753
-5.538343996976578
-5.545764730013254
-5.53074629113253
-5.528606722002467
-5.518727276354291
-5.530901582288953
-5.531221052280612
-5.541051943006501
-5.528377313253586
-5.532404938043107
-5.543891792416129
-5.538862635548275
-5.5330063940710605
-5.545135923006152
-5.55058376266377
-5.527625132008841
-5.547766603726501
-5.542469517865278
-5.5320079815716
-5.530927096905205
-5.533562599393784
-5.544069362435034
-5.532186856893286
-5.542193261642525
-5.557875017704416
-5.526301101930046
-5.55129940279663
-5.546880552902825
-5.519967898116137
-5.5503459618771815
-5.532507111202239
-5.5389253468373
-5.545735927453155
-5.534348555930618
-5.545232267075619
-5.535662677876449
-5.538421099405272
-5.53813771316102
-5.539994630220191
-5.531489079894588
-5.52924032091951
-5.552024033624752
-5.545353699630561
-5.5464368395783765
-5.541185549356874
-5.534743109206893
-5.5343882793015196
-5.533752448898585
-5.55189502624639
-5.553947554223575
-5.525629296692786
-5.530650156626737
-5.539004351376317
-5.529289479210065
-5.5222786577814755
-5.539701435126116
-5.528394350507866
-5.539179627537379
-5.539102038947963
-5.541630888768599
-5.538816479314068
-5.5447219742403036
-5.543836863168826
-5.538667658114882
-5.538256399971876
-5.539969527445079
-5.5567267900556025
-5.530946001021623
-5.542199883611662
-5.548700770514163
-5.543812651168289
-5.544017894094312
-5.542932868142245
-5.543028147099625
-5.542069635708523
-5.531640052765615
-5.545724316506168
-5.547097232711813
-5.540207195827948
-5.5340643396589195
-5.540992324047072
-5.540204226953605
-5.554881738500384
-5.542525247279549
-5.5437009571074825
-5.537025299384605
-5.545605397787954
-5.558731658057994
-5.548302649747313
-5.560925194378221
-5.5316002399749316
-5.546067063024194
-5.5411950018435
-5.544070518376298
-5.551917285664387
-5.54679459063862
-5.544375135219561
-5.538015940693177
-5.548779814893597
-5.544602119057713
-5.532725532820774
-5.546813677329855
-5.53760590109913
-5.548310085182479
-5.547755477299032
-5.551421766489057
-5.532076726754266
-5.540622614405791
-5.549764412640336
-5.54142094833518
-5.533533692489256
-5.54248556477725
-5.544448630051426
-5.555930914801247
-5.547127187551705
-5.560635651146186
-5.541169048560123
-5.545178804374526
-5.553437120715435
-5.5579203359411125
-5.556210497853524
-5.553057321362121
-5.543615979169466
-5.522767129591295
-5.542233101869138
-5.552431082963263
-5.538589236571056
-5.545891445459233
-5.526517909779306
-5.548568632174593
-5.555961376962309
-5.555012461702475
-5.532209775602926
-5.5385881539221735
-5.56200041867962
-5.556226927046065
-5.541340438447617
-5.550970053093415
-5.544015674516185
-5.541654543212424
-5.5301500241317
-5.569233918420473
-5.542911784682297
-5.557351961273611
-5.5474911081006875
-5.562334168378658
-5.551086676588571
-5.552474451309086
-5.558640468086042
-5.543655177088039
-5.5405011115913165
-5.571380664163958
-5.54319756776994
-5.547900769540345
-5.5426889126760255
-5.541030175628363
-5.536376472616953
-5.55267327299304
-5.553583471561926
-5.545887198328693
-5.562032718955674
-5.540678199989394
-5.552070418875756
-5.539195376068846
-5.539711443490972
-5.552922071881522
-5.558819576536743
-5.549713099609319
-5.554232037421275
-5.539656871487868
-5.564119218236112
-5.5354905021537775
-5.549755148069579
-5.551274134744396
-5.53097710729396
-5.567253914954337
-5.560007872479242
-5.55215147892557
-5.54281346991117
-5.550774040282405
-5.554570099729044
-5.55003237175961
-5.551013124068002
-5.5579033851467745
-5.540039871296219
-5.54741797342131
-5.543422310236131
-5.553362568813096
-5.55731621041996
-5.549072669308301
-5.535940407242356
-5.535342212521413
-5.561398229996659
-5.562430947269717
-5.5545497826233445
-5.551643368463035
-5.568041917660235
-5.559897176501668
-5.55935562358311
-5.543238651370116
-5.543234666619243
-5.569023874109288
-5.560184991727871
-5.55115609560902
-5.557953989916502
-5.550273559205969
-5.531636026445724
-5.55337920635143
-5.555768902173485
-5.546299034842133
-5.542509320473903
-5.543843666277265
-5.558892035153269
-5.556158543942555
-5.542589748431606
-5.547045679063242
-5.5479113063668315
-5.5448044666568554
-5.553747476330855
-5.548561701010061
-5.5680480660689655
-5.552300421043152
-5.5520459479053255
-5.558125150571057
-5.556203875180896
-5.56788777134617
-5.553508784377959
-5.55886080393717
-5.550299393195891
-5.566565161861913
-5.551359643077297
-5.549830265809031
-5.537996928570697
-5.547623269493961
-5.562448583550417
-5.547449140597835
-5.567256758094981
-5.572344519870901
-5.538363017966628
-5.552053276704564
-5.554351384085156
-5.552854086602963
-5.555290863980415
-5.557310311896582
-5.559537377870524
-5.5605009046258225
-5.555262245199581
-5.556643582126399
-5.55795042509675
-5.567977114565707
-5.56806619026041
-5.5604853022415455
-5.5589662049155555
-5.5514112949546295
-5.560189057203986
-5.5647618084389805
-5.542763650348572
-5.549530302746992
-5.555508507352522
-5.5433841189896444
-5.5599575869282525
-5.553726194341773
-5.54190825007805
-5.551990163228347
-5.566051663336339
-5.559176987407856
-5.554002256897343
-5.56178849190234
-5.5407890576127805
-5.565812997919931
-5.561501217938328
-5.569565987491134
-5.5595250230105755
-5.56421427935385
-5.567552029894812
-5.549350581680191
-5.553031798053086
-5.561974337386082
-5.553574978857994
-5.5595613373905
-5.556806323260366
-5.572599187013594
-5.572491867926352
-5.576260116715928
-5.565739007617232
-5.547664020775514
-5.559518563040853
-5.567012509927848
-5.55168372345311
-5.561381460278041
-5.566754787028291
-5.550514302880594
-5.559870374501767
-5.54558275997566
-5.553804861205192
-5.556040790311541
-5.557683577042236
-5.568478837907946
-5.555429874663965
-5.547305457190957
-5.5633806764819775
-5.564226217866704
-5.580460645904866
-5.550965235102794
-5.563644850073205
-5.570946189043795
-5.563768751565153
-5.561642479784253
-5.550623978015553
-5.566508675835254
-5.556477347302929
-5.578996691355972
-5.553381707803767
-5.564356155965136
-5.56216935605262
-5.56949084164592
-5.579842043322454
-5.567135294302379
-5.568756361327075
-5.574386350594324
-5.55834425276055
-5.571087533743162
-5.5604305283010484
-5.55195591685085
-5.560863371726272
-5.5688755846977775
-5.5663344220260775
-5.559574271279309
-5.562001242380873
-5.56094035414396
-5.563460749353051
-5.545317560866888
-5.571650075297998
-5.562527732386408
-5.57587545922059
-5.575922165565016
-5.553016606357649
-5.569917386457659
-5.591668784007561
-5.55896981561252
-5.575648046016592
-5.56086721922264
-5.558749950085602
-5.556591315514331
-5.566388161838559
-5.563373413825713
-5.558697833610687
-5.562430835529578
-5.5775314290526765
-5.576795211006234
-5.584432401530255
-5.566920382813415
-5.559086957654548
-5.554125349122842
-5.583021726378396
-5.584949977222568
-5.560484932927366
-5.563061748803822
-5.553053091487182
-5.578259156525449
-5.556463117103954
-5.585124517995776
-5.586251642406567
-5.562938734825574
-5.565395889256884
-5.572014288266871
-5.586707538841247
-5.586201106788737
-5.55150614581529
-5.568014376456179
-5.559943261969309
-5.582184576710495
-5.573036169827892
-5.587629328214695
-5.561661602798604
-5.5687970683258134
-5.579481167026806
-5.566509175760302
-5.569792260256142
-5.558672351101866
-5.587194064476886
-5.56242734652868
-5.585392846117531
-5.573117921979805
-5.5870153001354925
-5.568911223010801
-5.5782184559787735
-5.580158279397603
-5.571569822603464
-5.5664497911559865
-5.593380735583261
-5.5678590406963275
-5.572214971225741
-5.57049367260666
-5.575851029954624
-5.572448021698412
-5.5670908179079
-5.584287650513034
-5.571836819529789
-5.572578773840785
-5.564373362341147
-5.561811327028185
-5.577598712719554
-5.571859992128337
-5.59214165069051
-5.571876190125877
-5.573362740407006
-5.594591006402766
-5.565675374232147
-5.578288601386433
-5.5741159935403095
-5.597559388366707
-5.575337329467411
-5.596498946539319
-5.57738180691987
-5.57628499069582
-5.572955573397889
-5.56805506409117
-5.562262529920666
-5.569105115893031
-5.579674987290378
-5.580674923054829
-5.57933673751955
-5.56952883127014
-5.575841393826871
-5.56700874500828
-5.5655432931284325
-5.581890493765035
-5.5841177704654426
-5.5686148413514465
-5.579097598517858
-5.5736924323534485
-5.57444624164124
-5.57683497638895
-5.577208277910789
-5.584483348344952
-5.583610736047423
-5.600000356239192
-5.581425532373948
-5.585837313481125
-5.5672647566951605
-5.579934195538122
-5.577181153323373
-5.5909792516064
-5.560984029006767
-5.576398385888669
-5.568208716354552
-5.570629275767087
-5.5651582821564265
-5.566541875094891
-5.589947962825917
-5.587171768325932
-5.599543728020858
-5.578211304278911
-5.575918145710539
-5.575464847464944
-5.580948997733634
-5.590927327744355
-5.57665163355317
-5.582664578001164
-5.576455707695523
-5.580790868883083
-5.578074700788039
-5.600670438429148
-5.585242497288465
-5.585845813069925
-5.586182162374967
-5.58936156315119
-5.602349207147497
-5.5720974163269155
-5.587759099122405
-5.577774658523368
-5.589196820880492
-5.5850795115611325
-5.62593270817376
-5.592715561168105
-5.59559727265221
-5.566476364474348
-5.572237873377633
-5.572557592923992
-5.573727100315385
-5.591192221884084
-5.585158377610617
-5.577587053797753
-5.586262467205422
-5.581192244545092
-5.583603220971176
-5.594339642931573
-5.580594375490994
-5.579631736783791
-5.584352086318273
-5.570241323324235
-5.580991057580256
-5.589255502741005
-5.586806210468179
-5.572388571007039
-5.577487581956649
-5.581446021257541
-5.579999281830698
-5.5834114538139294
-5.579858448711874
-5.601667475239431
-5.569743932902898
-5.592600178266616
-5.582374009746577
-5.582906457527221
-5.6157264496558525
-5.580640833216894
-5.583625271444687
-5.594434662574891
-5.594640862485537
-5.584997230526525
-5.571504839499462
-5.591539072748084
-5.5801498990644305
-5.597880235193064
-5.608482552384672
-5.597577897747154
-5.585267153865255
-5.575229917924419
-5.588594671970926
-5.571743819314726
-5.582961959370256
-5.593991672117442
-5.592676103234833
-5.594471209935221
-5.590085624501002
-5.597861438521392
-5.602072648172686
-5.571599111803888
-5.5940981679844635
-5.596449001353962
-5.580163112245484
-5.617676121540861
-5.576059767126914
-5.597553809485807
-5.603749623237631
-5.58731373144106
-5.581488333517765
-5.595495986689817
-5.5898941142149825
-5.585864575287674
-5.603137612183549
-5.588497743917069
-5.581929415743518
-5.58352113988708
-5.578536650443355
-5.589660280111731
-5.60008313399826
-5.6062192840489935
-5.586255362479644
-5.59154248657331
-5.5898549029226
-5.583292891725163
-5.6041084638205945
-5.593896642607
-5.597428088414066
-5.587412369004608
-5.584149637031984
-5.5901526274111015
-5.584447097318784
-5.6108719174636015
-5.586972940184489
-5.592364879014347
-5.583881974937782
-5.6138103120536105
-5.590310701796984
-5.634206330582838
-5.599184544039829
-5.61208691888263
-5.58239801359634
-5.5922129885912355
-5.597661762331836
-5.5951056894227955
-5.6046670013160735
-5.583509467421775
-5.597559974152801
-5.595075765304864
-5.586047605581941
-5.592089672191446
-5.616298891588507
-5.616305763074551
-5.608245519762752
-5.605048734405418
-5.604251426686092
-5.61347966094267
-5.597722575226838
-5.596077795843756
-5.589086337112758
-5.6028051124549165
-5.610711663201908
-5.598881471751156
-5.596534368960637
-5.597058334072324
-5.600591451090037
-5.611544100940166
-5.611646987082082
-5.615529525146575
-5.599666441048288
-5.60811550039737
-5.597581188965474
-5.605083484840344
-5.601533932004253
-5.605155594771371
-5.595750311975915
-5.603252582635855
-5.596240105176583
-5.619026628866572
-5.592978530376179
-5.595408020532446
-5.602910782502404
-5.59918998927647
-5.617460722386171
-5.622767960910989
-5.605465410104493
-5.655061949884468
-5.603797581965206
-5.621619685023507
-5.600161758312275
-5.5943361314770925
-5.622844644557925
-5.624537273611427
-5.596107782016553
-5.61337425942957
-5.6226645968107825
-5.61091359051598
-5.613140001582888
-5.614877409340328
-5.596730350141154
-5.609603509498371
-5.6023212456664035
-5.599511227769597
-5.617510806010952
-5.625248950574462
-5.604483761585783
-5.606060111759492
-5.584146401967221
-5.609701126748702
-5.60915140845475
-5.618452680860049
-5.597932238793852
-5.639287865443213
-5.610664997163891
-5.616098336276557
-5.622902593245858
-5.622530572369049
-5.6198610737440635
-5.604297647327575
-5.626083270239333
-5.604980355187209
-5.6297576205183635
-5.650812458098693
-5.621414334570869
-5.624279210486924
-5.615819119981602
-5.607642935843103
-5.619178130189365
-5.625090726344331
-5.616271126660635
-5.6126984028761955
-5.61577290006202
-5.629095606976765
-5.657473883169141
-5.606474647943493
-5.649389226432084
-5.6391724987175635
-5.616374610306563
-5.614130079969211
-5.622718183530674
-5.645398620470082
-5.6573146873583315
-5.667107775334391
-5.6567590738736175
-5.640315795666497
-5.6448104398137176
-5.64174873418427
-5.647116608425754
-5.6504974949659506
-5.640316615811784
-5.6792501609904615
-5.628865867235375
-5.641331573483812
-5.672051363611451
-5.621633794945877
-5.648367171231904
-5.642520790370142
-5.6806478094081
-5.628754392247478
-5.692591475227964
-5.6443682668095905
-5.683736910672537
-5.686048731695359
-5.693059115652876
-5.680989812635708
-5.705141955279494
-5.693459731216336
-5.687800161462514
-5.731798352112872
-5.711341470549776
-5.7794712284289576
-5.729767431099639
-5.796097453801718
-5.758663006173501
-5.793440144737241
-5.778905384085846
-5.76082456230924
-5.785171113204707
-5.796008585403005
-5.81553578473568
-5.787618872928846
-5.796153328889893
-5.754121594059211
-5.78768677369573
-5.798451013226932
-5.756341835141234
-5.765171179090249
-5.771537131490655
-5.797856765015063
-5.748856779910376
-5.798148529187393
-5.78583188342826
-5.794430386243556
-5.776961930688149
-5.772901110417475
-5.782372946424351
-5.777076686654382
-5.7819200490442455
-5.784830783040341
-5.790673848018723
-5.831895773080788
-5.83595934538604
-5.811943453755347
-5.763609655896534
-5.794515417827808
-5.79456982076757
-5.771616929925189
-5.774593298132139
-5.850997773075446
-5.813463883262106
-5.805558389390595
-5.81277398888352
-5.844702260732709
-5.824727653887775
-5.814235818045866
-5.799775566685834
-5.7920023746999
-5.802141778725983
-5.810537449132223
-5.787367723413734
-5.779659808458307
-5.8138216297417955
-5.83748514805337
-5.7974265896973245
-5.823369891947532
-5.85960522775666
-5.807320126354162
-5.8444779793978485
-5.81198259377305
-5.803206948648601
-5.854041564435108
-5.78942695284106
-5.857352370443803
-5.821022521657865
-5.833944357031896
-5.815891018877359
-5.840891824104649
-5.818022379632919
-5.843430842496945
-5.842127755845859
-5.820065392844992
-5.794626010050383
-5.832190865646053
-5.821380451126948
-5.827413975114981
-5.813339243177822
-5.864007557681468
-5.850572953090259
-5.829562664711517
-5.8141344137667685
-5.863887712918911
-5.843727940230977
-5.817340470575118
-5.839800096797316
-5.8294679988206575
-5.934986339837494
-5.818270251395047
-5.869080753874855
-5.8946692231531
-5.856159095601331
-5.814308891905984
-5.870755744395886
-5.856169750697688
-5.831834958068874
-5.882458082394149
-5.866548473322574
-5.8978097509919625
-5.869828451919461
-5.810310619848389
-5.847371292453069
-5.814764115364738
-5.85802782400704
-5.8645887554033855
-5.886867892108615
-5.841855172647968
-5.874521163897772
-5.87829813479532
-5.832266576068104
-5.930300503395235
-5.852893194487945
-5.865571182613748
-5.867985660828763
-5.910117563804368
-5.874148165096689
-5.846240762719698
-5.8711745793903685
-5.886118518841555
-5.8799596286078275
-5.911524951497563
-5.870574329212713
-5.830545313102682
-5.8475614588153
-5.87492999032329
-5.84099680461528
-5.828001175081325
-5.879622632282241
-5.874121790324134
-5.868153910155353
-5.872887047603635
-5.857174159290904
-5.876773440352884
-5.890144650543927
-5.8634365097309145
-5.86046451040815
-5.891982347658441
-5.843881186763191
-5.8604093941558295
-5.869023121865893
-5.858927745851272
-5.884136422265505
-5.8711725155234396
-5.899381577670127
-5.920313982097843
-5.886015401374592
-5.820533972425736
-5.895871626156549
-5.8562388340128635
-5.865269207511503
-5.857339025666525
-5.8890310253992055
-5.851675595185012
-5.880920126824548
-5.909185317504047
-5.862231466661549
-5.897964867747748
-5.856747668490959
-5.873943330858065
-5.866900980564163
-5.847925359229214
-5.848398324925794
-5.844690868829208
-5.8513797206528295
-5.885974995729846
-5.85785357100615
-5.858219125299662
-5.932397877699924
-5.876940464981651
-5.859386851919929
-5.89667700467141
-5.879095629173499
-5.843073356906998
-5.883907717364078
-5.866513187618832
-5.8971772319409865
-5.906169087056927
-5.887054213169927
-5.86890622296553
-5.880846176543435
-5.870143378509651
-5.87086449089737
-5.842976832624056
-5.817079609793959
-5.850184464336563
-5.914263384916033
-5.854960942001288
-5.918673241164605
-5.817643627074979
-5.874687957607942
-5.8686005824907
-5.834844156043964
-5.884597715186608
-5.867454656316138
-5.8623979975109535
-5.90347427395704
-5.821226307217048
-5.869637822696829
-5.896154655716626
-5.865055864049303
-5.8843993384651405
-5.862240211416456
-5.912474256932101
-5.898328645666746
-5.842945323368864
-5.875501309462348
-5.909323819362733
-5.852065122398859
-5.886591144971703
-5.84485960197466
-5.80783380259458
-5.866077062754901
-5.866668749648817
-5.865681442480391
-5.839332079996118
-5.823955184131526
-5.862311509819196
-5.874089423597577
-5.873868756701356
-5.8598788743798185
-5.860704916114233
-5.85400348987005
-5.855712795770577
-5.858926659716874
-5.89305081498326
-5.85829984203173
-5.837651411157103
-5.842970895572683
-5.828834725785201
-5.894550892170149
-5.839560725418985
-5.820950877609473
-5.866065395454587
-5.885890060638338
-5.922731160418503
-5.895204887124338
-5.86478361490427
-5.875676345378565
-5.882841125545133
-5.87594386058489
-5.876642569981793
-5.851946584771783
-5.823116120915746
-5.847753662896725
-5.836920956114604
-5.830515484191973
-5.813383652554183
-5.835223837410056
-5.844067018272284
-5.843753185766956
-5.844607159781275
-5.899278427830143
-5.842308685367136
-5.802303561995515
-5.858541723107313
-5.825178229739772
-5.794442326348724
-5.829709263818515
-5.875251934733264
-5.839412967519062
-5.842317211802907
-5.762236729215619
-5.853983267458564
-5.80742424083449
-5.860400113500543
-5.833497337688232
-5.867830183501142
-5.803133887219426
-5.839642824641352
-5.852849115443478
-5.825145756056205
-5.820079319922831
-5.853110234150784
-5.828429563309776
-5.823473174132842
-5.809305872124485
-5.862271781958501
-5.87429675330405
-5.837012570521245
-5.932613164223207
-5.870934942196918
-5.865683577328061
-5.882706339014793
-5.865344757077691
-5.872075338391972
-5.808212333655718
-5.884198069108252
-5.852555517004129
-5.847115149489982
-5.87541041281021
-5.86132918705802
-5.863035062579346
-5.8638680033387836
-5.866973518543556
-5.867479770242809
-5.825024698509376
-5.820122405477495
-5.838661779679909
-5.8659788740934
-5.881314882779225
-5.865625676329062
-5.867365711598635
-5.906834090829275
-5.88885512420465
-5.90086727995338
-5.9163979149354535
-5.860268422737671
-5.873011460535476
-5.855562703428552
-5.946792951544537
-5.89578266022134
-5.950171730113743
-5.825393789528232
-5.880228641599054
-5.914627928792424
-5.954526985563262
-5.907956543722545
-5.879490502617032
-5.919523816423319
-5.864746110216723
-5.89797628839233
-5.901479909055744
-5.901887722058817
-5.899307248590551
-5.924071317459624
-5.8922042332800855
-5.879928884662659
-5.860417837131342
-5.871498482041138
-5.869625442562093
-5.9374937588517795
-5.8501799657319955
-5.838728768060895
-5.907339648761506
-5.873813777503963
-5.8702874358135055
-5.865023352437811
-5.890388777620469
-5.819367806683967
-5.865105403234622
-5.848127068670069
-5.854628488363033
-5.857846202507659
-5.840196112830873
-5.821453063196535
-5.859170108136934
-5.902815996451248
-5.879347696252186
-5.8808255473693105
-5.895220214421247
-5.882935590887087
-5.814074438136192
-5.867422782655938
-5.879122218956603
-5.927285489310777
-5.8877924363623615
-5.889271015271024
-5.862483115533644
-5.876021822681477
-5.898035910917271
-5.838825480770024
-5.8721588012404
-5.872905001007784
-5.858652489019825
-5.907997597957085
-5.882638579945102
-5.916617318014779
-5.9267531844222585
-5.868269164120982
-5.921449022684181
-5.912713950075498
-5.912492278159773
-5.924939381062444
-5.9149780993899475
-5.88412951305299
-5.911117078045427
-5.894940717236653
-5.915273317511861
-5.910045341421217
-5.902945702602014
-5.911322726372049
-5.956151540819063
-5.881124017177296
-5.94986749019149
-5.915425083499521
-5.917497859212948
-5.8748927015669254
-5.957396708642179
-5.921827409578161
-5.890586809756864
-5.9445435395341955
-5.953235116284409
-5.963638238372423
-5.9065581284158855
-5.884804318220415
-5.9713040899234295
-5.94059047120404
-5.896938731390186
-5.911471840482335
-5.903515321914966
-5.929393545359338
-5.917448708913653
-5.92037184254017
-5.898203941976758
-5.858867757890691
-5.92583129494208
-5.908607496295126
-5.951754407368912
-5.94515338537365
-5.918230612091159
-5.894135173035768
-5.940452334693702
-5.952032012688758
-5.872424434364459
-5.865986232607253
-5.909841997681379
-5.884196495111745
-5.889449724302978
-5.930369224943406
-5.880511682202666
-5.896926133245639
-5.914457013408054
-5.865571805070397
-5.856348074965918
-5.877342455740603
-5.90425644849531
-5.918050124078139
-5.925349576783976
-5.919327178078851
-5.8682086514054745
-5.913719139052152
-5.918321608753724
-5.910871347819519
-5.935717265358253
-5.875953670593701
-5.893544556077224
-5.889391382782595
-5.881421368243384
-5.838820649975122
-5.849043645794619
-5.879869960378166
-5.86296949767009
-5.85552144860897
-5.862923324741078
-5.84668390675653
-5.801297136648795
-5.821347124788713
-5.765748093422134
-5.736447647363402
-5.775216724451326
-5.784097091518895
-5.761593123282215
-5.768176604099821
-5.760957753736468
-5.7652092776085695
-5.761149086199013
-5.739605108713883
-5.794894065590324
-5.744646970499291
-5.7202403684842595
-5.755835539047362
-5.745668964748781
-5.764376643885946
-5.759766824099692
-5.764841767617504
-5.741537044213611
-5.739485810480208
-5.76993709877737
-5.758740693044024
-5.7312863750788186
-5.702524553502605
-5.700710257549994
-5.735726710186231
-5.739218517569229
-5.753808283797614
-5.691476227194003
-5.713114478665202
-5.706044707168294
-5.694816240201641
-5.702692509909518
-5.710685256877207
-5.684927319899918
-5.678379048785239
-5.726853261462053
-5.739202116272695
-5.71120115398333
-5.724230278753965
-5.75137419149127
-5.695313504617194
-5.718410863381131
-5.722897317618314
-5.7331609193124455
-5.71198075254145
-5.740392725009094
-5.735721954741573
-5.752743622565385
-5.718618780453098
-5.70576683252898
-5.695921910350314
-5.762171010870489
-5.731388108281857
-5.727641030581273
-5.72677408287178
-5.7120279001956105
-5.701597630220578
-5.719278162759299
-5.699970456188107
-5.739937906127108
-5.709688139103427
-5.754739958406631
-5.737023294699967
-5.7054281810999585
-5.73425399513754
-5.722361080443763
-5.739029294030179
-5.7308789006032965
-5.719378835670335
-5.761887126625656
-5.730973137713096
-5.766620183091851
-5.738904336122187
-5.7602284280972285
-5.731941530636146
-5.736866501597134
-5.727772563696704
-5.758425722914234
-5.731203625036363
-5.793056019074687
-5.710092922593964
-5.802617624056436
-5.752620389779526
-5.747560317972074
-5.736300581545031
-5.79994776826969
-5.759075111548041
-5.72566947665325
-5.739888859200548
-5.719722209510788
-5.748623291392239
-5.711415983310096
-5.722542357551653
-5.738950610555786
-5.7529257722314995
-5.735472920285343
-5.767528701921571
-5.815777301279919
-5.774471925484729
-5.708923159507245
-5.70109253295547
-5.730731967914608
-5.787975499381645
-5.776061418046466
-5.711119547903313
-5.7213780325833925
-5.715433065200532
-5.779916932096079
-5.705475503354158
-5.82190698988418
-5.729180419587627
-5.757580473851405
-5.759837571864166
-5.782234629833833
-5.810966585448212
-5.804673793605723
-5.730971557742581
-5.798495464271972
-5.765467558895545
-5.766989537508974
-5.8470464939604465
-5.801200317763002
-5.830353174312346
-5.799977017831653
-5.803702252304113
-5.787093479359032
-5.814543299487343
-5.80621273445039
-5.817959377971912
-5.829264631554458
-5.7701375359342055
-5.831424775296689
-5.804510314323897
-5.816451422097122
-5.800896360107443
-5.8227116588303875
-5.8037622600588925
-5.84147946704984
-5.814782044370829
-5.8245337076028285
-5.844549685339121
-5.861989257947297
-5.813844347148467
-5.86296610131777
-5.841850274294689
-5.781605062619892
-5.8311540039971
-5.8191421508712615
-5.837604429677125
-5.829701492617573
-5.783152713696198
-5.8123231723334605
-5.772435254277054
-5.772015855581763
-5.77584412525249
-5.770495967059676
-5.813892524014757
-5.795240253695577
-5.774945562094631
-5.759419786318199
-5.7912627166470205
-5.794752538990184
-5.855047331856448
-5.796336002891817
-5.811642570817163
-5.758945932379113
-5.781107642680911
-5.810436705009227
-5.757435620177786
-5.810908044889136
-5.7540936435743815
-5.784515019521844
-5.7756366511983295
-5.745326234792373
-5.750567912232966
-5.803133841328147
-5.818115040964761
-5.844404767823112
-5.746727138124088
-5.800042961884138
-5.7929778126633655
-5.767724462680272
-5.804091979072869
-5.83446047857627
-5.783323597373422
-5.835391573316026
-5.819739271282993
-5.802901489453997
-5.827966452140126
-5.785975705684112
-5.779649438780654
-5.8679924515303
-5.878271492233014
-5.81432023719764
-5.829170926812754
-5.802398173896998
-5.8607448214883275
-5.831600638567143
-5.837292609882268
-5.8275583966488504
-5.8066290027217775
-5.8587209783391065
-5.84279882318764
-5.851451411627287
-5.85457626545477
-5.840977536591112
-5.8652804517800154
-5.848594524578522
-5.859463910517888
-5.8598001522282175
-5.8343307471167645
-5.847811236923363
-5.847750190203632
-5.810068326303072
-5.882136597068385
-5.851112941234803
-5.8456369996888435
-5.857508334589732
-5.837991414099978
-5.8177698375452565
-5.850541810528937
-5.913265483572614
-5.847322480865794
-5.8696512245596555
-5.844253928570539
-5.842382394493939
-5.836844512350961
-5.8386115879503455
-5.907674300067064
-5.859760437465607
-5.875982939698208
-5.9112825706198935
-5.852186470987489
-5.862740397100331
-5.859575932110862
-5.881767658110055
-5.90917620595571
-5.85245652115081
-5.89810046839949
-5.8669354111139995
-5.869165343227098
-5.848877544889255
-5.879449850730952
-5.8586249078339545
-5.904339029644262
-5.845218329240971
-5.880398750324519
-5.849738284937612
-5.8926259122911135
-5.906265565205909
-5.891560370452958
-5.953864910369625
-5.939831103029588
-5.873993644608453
-5.9265860474087
-5.933971542243935
-5.917498948390564
-5.964909102358104
-5.98975494834969
-5.940824062306396
-5.987643596634409
-5.932123769259823
-5.9591551878839795
-5.952482690847526
-5.960673338620398
-5.966622017203789
-5.972845281808891
-5.988838275673777
-5.990982854707822
-5.943831545650422
-5.972250893395931
-5.964630403200738
-5.975187589942618
-6.004908554467008
-5.976420189132495
-5.962429788821762
-5.959294996146943
-5.9115337359967075
-5.955818921413178
-5.914026014973126
-6.002197643553587
-5.938010057825441
-6.022393953472202
-5.998076091156785
-5.952285766253635
-5.958307493187784
-6.015575678343975
-5.9663188438029175
-5.914479656074126
-5.962752154299412
-5.941160015658587
-5.960999972798884
-6.017001361504061
-5.927007549860917
-5.9686254017913685
-5.937453925993249
-5.944175891260612
-5.998014775718343
-5.978323819816435
-5.9803831841347295
-5.948889182341685
-5.996688285130578
-5.995704031973499
-6.049572001417469
-6.008728362487502
-6.00399573869001
-5.966803444793101
-5.997626377941186
-5.970146492558719
-5.909666467491723
-5.951775342839062
-5.93326855144896
-5.953374541247122
-5.882069612236606
-5.9282841878206405
-5.942799250333353
-5.907253698154053
-5.924319986384515
-5.926400114556578
-5.897151161197813
-5.863278825984538
-5.8916600609480945
-5.852921277202684
-5.901453462097194
-5.876774540652435
-5.890689334905229
-5.858940285365897
-5.869501887336546
-5.867483489301722
-5.872528465866509
-5.830242521501667
-5.901254482517363
-5.924921283645322
-5.844021966935174
-5.836943385037698
-5.835680086083224
-5.849637098506914
-5.893711056382912
-5.909959327058849
-5.859546023361466
-5.854791110771392
-5.8972890694069395
-5.872110783421576
-5.898803106098731
-5.862718513660816
-5.861606734827118
-5.877494065942216
-5.891540346054132
-5.920083897377694
-5.855520597473844
-5.868825779434246
-5.845657097794988
-5.853715714192889
-5.880375235058689
-5.872198199549601
-5.855857651574612
-5.855346426600698
-5.850484870664289
-5.810899864981758
-5.818052895370046
-5.858014665423939
-5.877508004294103
-5.851639703952522
-5.858456405549154
-5.8668635865952865
-5.794137222969148
-5.818670580276301
-5.799660033005434
-5.849055518809722
-5.866507683962626
-5.808126344103349
-5.801942004086811
-5.828554083579691
-5.802049998450986
-5.7904635384444
-5.797010494138134
-5.787883831487883
-5.780243965957257
-5.7693501150491855
-5.760206871978699
-5.753546466476566
-5.723865130837361
-5.7752741856160466
-5.796386288804912
-5.7995177703581975
-5.786754737152138
-5.78169929869429
-5.796121178262916
-5.836656128323461
-5.837029489029286
-5.824039663991928
-5.8249573941120305
-5.825830902537688
-5.801096198077367
-5.795760200638464
-5.845605879654873
-5.815321017674115
-5.848246929738195
-5.841686316346031
-5.8869982804427865
-5.877013425953103
-5.843635998577731
-5.836251539586386
-5.866901204745193
-5.853916883955257
-5.8520546040917765
-5.795840012833799
-5.854682940722451
-5.842565444109787
-5.83714445730224
-5.835718844739158
-5.884686863820617
-5.835759427723306
-5.854106706874809
-5.811416553597658
-5.836846540285778
-5.856579085220237
-5.828818982055314
-5.905723628846979
-5.883586657483267
-5.877640782120995
-5.884128162039914
-5.934672812157355
-5.893977186457252
-5.877406977050655
-5.825344120352767
-5.847214819198511
-5.916633841182261
-5.8924000739169
-5.907432855018883
-5.906895908276986
-5.867491153616207
-5.847799133794908
-5.886915714754498
-5.846899491155468
-5.866929014732158
-5.843771698264083
-5.84337970121631
-5.880655379635801
-5.888433678735734
-5.80887299489995
-5.842765585952485
-5.846119689999152
-5.863482393524117
-5.854423778346593
-5.89620308116397
-5.885115031136668
-5.835585189992622
-5.886492706194869
-5.862311274821775
-5.893160707713548
-5.877487087494352
-5.864182403843825
-5.8390475392092975
-5.8540645401373785
-5.911852344393003
-5.874005991241898
-5.889775835604264
-5.891258744737664
-5.866090805890604
-5.890863145169664
-5.8679454068643
-5.908409114380593
-5.875475567826943
-5.881064966316401
-5.893388563141468
-5.913894487313984
-5.8736563958985295
-5.913151439294112
-5.913964902199286
-5.875438010652876
-5.928251367169473
-5.865776099788553
-5.911755335566169
-5.922993211879308
-5.8963203135536695
-5.888413017131494
-5.861125400624062
-5.8627122446635545
-5.940262633873681
-5.891384806796116
-5.900408404814083
-5.886841136903833
-5.923599121148476
-5.914265325616631
-5.887569212191501
-5.921386755797603
-5.885764788488241
-5.837028148822793
-5.940446235626077
-5.904026614082738
-5.958400307162361
-5.935122966870702
-5.926180216146813
-5.9731578366244875
-5.92586560449962
-5.930800819729723
-5.916964127397258
-5.934357645077255
-5.976484939091104
-5.954611825047162
-5.971944969608749
-6.033389951670296
-5.954553414688595
-6.0071616222867394
-6.061483114706164
-6.028757023123093
-5.995494083494188
-6.039879249033689
-6.031010467218329
-6.048826591018664
-5.989402972711428
-6.026879874493409
-5.979251242064951
-6.026964804318844
-6.062205966724649
-5.974151881546437
-6.035213427294505
-6.075227735913137
-6.04838529322498
-6.049764438532566
-6.071901689903923
-6.0341220341186
-5.993632538898924
-6.038215468400452
-6.060417274510268
-6.056132704169823
-6.034779933161069
-6.016117881508954
-5.98629925658592
-6.059632148726937
-6.016332379390651
-6.033733261936008
-5.988282946916641
-5.996288632128658
-6.0152725342829125
-5.94785669845729
-5.982992782971019
-6.022071813334648
-6.018589405887889
-6.013635241666215
-6.0370662428914805
-6.028767242576025
-6.063535703072006
-6.03812095896606
-6.027044535552765
-6.011130241509374
-6.050800069738692
-6.0180272814320634
-6.01919387663865
-6.113542631710421
-6.102144682629731
-6.128655202274509
-6.127163344804498
-6.226406072817712
-6.185208557761661
-6.209241750028702
-6.232243201596681
-6.308753774053511
-6.277899034319766
-6.3626270866134345
-6.325425407423899
-6.3748642753518086
-6.338151940617817
-6.415020649265627
-6.36891876028514
-6.393318963700306
-6.348260931266889
-6.281463698339985
-6.393436654476627
-6.315672168296131
-6.292832402822755
-6.358810140721794
-6.334291124935247
-6.332134508671726
-6.378254718831947
-6.340868153245392
-6.350734723788964
-6.363018646418527
-6.411592589674943
-6.35814840917931
-6.361406356500564
-6.301519094714388
-6.36793880690227
-6.38411224646916
-6.352138169583367
-6.392573965131241
-6.422055330498154
-6.421336565462141
-6.407160683612428
-6.388649816481733
-6.400589042296026
-6.453390989831494
-6.379651815835234
-6.425178616058055
-6.4102698927250295
-6.354262187948358
-6.439138729829283
-6.404743541023233
-6.421307814597376
-6.3896748382748125
-6.404220373427076
-6.39331539167296
-6.4221529768444405
-6.436500433827361
-6.384061625383211
-6.360536575949432
-6.390589620788217
-6.396244893982949
-6.35815638052404
-6.38800330226767
-6.429312247309532
-6.421675914148603
-6.417463725389843
-6.370333854828904
-6.4293267876911
-6.393166519615428
-6.371688484975515
-6.371819540593343
-6.422272746284526
-6.348717964044601
-6.330414203633618
-6.417311042097002
-6.407075240881058
-6.311760971552216
-6.3785110491877575
-6.3859962238247245
-6.363885896632998
-6.387879170835971
-6.416722199679819
-6.197707532079634
-6.378190927387529
-6.399467090183097
-6.340990223609524
-6.35624393582363
-6.309471744078601
-6.432485271446412
-6.436815241217348
-6.33574599640372
-6.364199317667968
-6.332148933451408
-6.389326572107451
-6.4406151657573405
-6.376148921416958
-6.3432098592316954
-6.399113692608392
-6.43569300250778
-6.436554243632836
-6.404096056028663
-6.337649541181607
-6.466087466845827
-6.434641328771197
-6.367912387874042
-6.417713440092846
-6.379388554718104
-6.390086832839789
-6.344100770778186
-6.390733176623161
-6.429034013282621
-6.445983350457095
-6.354571686011774
-6.3952079427319575
-6.378236931654843
-6.390014954986611
-6.351250869422042
-6.359789128871465
-6.381435972258146
-6.4305042995450865
-6.410525661987089
-6.3993199429708065
-6.378718594258584
-6.404744585348287
-6.420837957329804
-6.440553190944829
-6.342196121087436
-6.400629407359789
-6.405999157525641
-6.387782908494099
-6.420925809263228
-6.384131603973832
-6.383651270040876
-6.445010934028463
-6.409025074396322
-6.379996581324358
-6.431431287157607
-6.392144623940989
-6.3847094373228375
-6.372105032951268
-6.366665849128894
-6.388335046085003
-6.358121183948247
-6.317162100635587
-6.442955620918855
-6.380275848268713
-6.280637895339421
-6.364268467342692
-6.3886499096223694
-6.3955508887270405
-6.380273838521855
-6.324352477504938
-6.384714335237764
-6.293082745713564
-6.186296768707695
-6.434144547247339
-6.462041070758012
-6.390588902729701
-6.4056903885719665
-6.390368785632056
-6.420561997175307
-6.413023133615166
-6.214128679660597
-6.415550418933542
-6.379576187949175
-6.348192686204456
-6.257485201985766
-6.371311885295316
-6.386506458449194
-6.3866966791971596
-6.391280231039638
-6.420134477442314
-6.400984555916171
-6.375903765394111
-6.341953901816568
-6.395746140902083
-6.288606187372436
-6.459684752515916
-6.371395458364529
-6.390555574524288
-6.373299999706647
-6.500353630721327
-6.3976625595973395
-6.407383063881479
-6.422725325815893
-6.411447375626349
-6.368869641408867
-6.38724372468317
-6.432763152659394
-6.2999455643768885
-6.337924544141402
-6.398142328255766
-6.40323024710027
-6.3908852086274806
-6.370782680881785
-6.395610406241925
-6.462552872209452
-6.38107565826806
-6.4189672060806275
-6.366961509880685
-6.342883026394933
-6.4464493825928315
-6.433333673513655
-6.463190406998011
-6.409572288278087
-6.376720872215632
-6.378443291745935
-6.387116785745935
-6.476239310722403
-6.401724515272102
-6.348395316341116
-6.381642566595944
-6.462100796486235
-6.412189306675639
-6.349879637809729
-6.447616507717193
-6.3930164462936405
-6.46125116616501
-6.406270015628087
-6.459264957879623
-6.44315396149387
-6.385670966825164
-6.4115225574846875
-6.363556192428177
-6.394260599803448
-6.36145249810317
-6.3768682420975935
-6.423190242218254
-6.373804278875921
-6.393438525703057
-6.361304171800827
-6.41816440883992
-6.384020958688787
-6.397776666711678
-6.384505566698272
-6.393314837499363
-6.410604325135932
-6.439775113399161
-6.384062025157813
-6.446782072305483
-6.423016804258601
-6.419339796772322
-6.384911748985538
-6.426334653270718
-6.3529633788167885
-6.441242970452418
-6.325943409566363
-6.437834702159647
-6.424591743656892
-6.3823413881184745
-6.448521147707628
-6.346835226224499
-6.4171512072699475
-6.3779815335194066
-6.386427947650791
-6.403461365014746
-6.4245943870351185
-6.412705342970847
-6.38758307237799
-6.358032863365838
-6.412242986379088
-6.41556609487092
-6.427445141860814
-6.430349353303183
-6.434060107148174
-6.328518482811265
-6.39809552272483
-6.434190455455131
-6.403889058110579
-6.377135521851693
-6.369770338894016
-6.420524428930675
-6.472556066835946
-6.3927971254840985
-6.357546104456922
-6.447898938778815
-6.438482413745288
-6.375404559398605
-6.42862508770961
-6.396662244027336
-6.428668033885178
-6.38882825881847
-6.4007490610766045
-6.444272138581728
-6.423453944537909
-6.46379816008789
-6.399402092948542
-6.414191733342275
-6.4319495248809835
-6.382343994859392
-6.390349028377974
-6.3928665580788495
-6.400287565753725
-6.449303298016979
-6.390468515532589
-6.4486776660988685
-6.393388690419879
-6.440231480401408
-6.440969300667412
-6.429770126646845
-6.3925876773521075
-6.438138336782384
-6.406836731497011
-6.360247328292248
-6.384440494149385
-6.394592463330412
-6.3871213274040075
-6.44283789298902
-6.3995526394888875
-6.420064070736645
-6.404057526535732
-6.406790152887794
-6.380371308397962
-6.423972350913252
-6.418655865945961
-6.416409994325408
-6.448992757499802
-6.407488140154253
-6.4365696619409025
-6.4077155179729735
-6.4597679333226825
-6.4761155682889555
-6.438717722131691
-6.421152898100826
-6.450410016358827
-6.403210502572756
-6.432345301589088
-6.384691850333572
-6.42039094294769
-6.352822386089205
-6.467856467731493
-6.389632849657565
-6.396971370447189
-6.439390842870129
-6.436790375241607
-6.4334826059107915
-6.4043399429338095
-6.369359216195132
-6.394561653189533
-6.441821151319804
-6.406788752848795
-6.428410864086691
-6.4167998432405815
-6.419100823746547
-6.385642809332449
-6.412546360845041
-6.3935673295541635
-6.406989597077342
-6.459255643624305
-6.3739377768221
-6.408120648847663
-6.411705517817507
-6.41206538169343
-6.446675617972314
-6.422707314708162
-6.349853227094728
-6.466411274564959
-6.415067836119405
-6.405181647922177
-6.426818698287713
-6.434632545736713
-6.430740516158885
-6.395432136421665
-6.480504894609357
-6.382851666880304
-6.477754595241031
-6.495212718160438
-6.37622350673459
-6.398155002866666
-6.433222525130116
-6.511708497930451
-6.419191268955595
-6.376570661529558
-6.39565159443449
-6.3801488990506785
-6.374016583588999
-6.4840516589047485
-6.44922558319323
-6.454161625209308
-6.367023476316544
-6.443091471643512
-6.400989531507263
-6.40343892280142
-6.4151619082028875
-6.398356115671581
-6.472983537939
-6.417246295959842
-6.3948448034999545
-6.460536409153313
-6.421033146930849
-6.309335715426946
-6.416369501519964
-6.388153762380344
-6.380297046223153
-6.4348363411949565
-6.393082380407671
-6.359815444832278
-6.395932941851429
-6.308628641852432
-6.388992631922437
-6.370881657141151
-6.398568065312491
-6.440643214337972
-6.448972848046404
-6.411328343109486
-6.410623296210419
-6.4125931155230536
-6.447541181031868
-6.423706414107982
-6.508199646742523
-6.45529057812052
-6.403586522984373
-6.47154676061978
-6.364878312128033
-6.402295559558974
-6.437581120856007
-6.405801014552441
-6.420247181707201
-6.3851146086896104
-6.414269692327934
-6.392970400825025
-6.383733006278568
-6.415859435014489
-6.389625104559281
-6.393731008371067
-6.411672973637569
-6.43983540237532
-6.460939356685484
-6.35580341820317
-6.431778385280149
-6.369294871843564
-6.397903621297674
-6.442050857333218
-6.442899232387105
-6.455748868512238
-6.4952938903913084
-6.4205171116241075
-6.438845382842366
-6.488074134100643
-6.403026612759217
-6.457113269670195
-6.442037413797561
-6.401044454382253
-6.447477600944229
-6.417473887621033
-6.437553532383302
-6.358882161765845
-6.454108705904192
-6.460783775496805
-6.403279297388756
-6.419033613603074
-6.419989435910873
-6.425228547115103
-6.465567870371797
-6.4183590374531905
-6.452408106381018
-6.401511724075125
-6.374217099576601
-6.408368004310785
-6.467843927806841
-6.453162528442967
-6.445421795201873
-6.429304628124466
-6.426103027203763
-6.427581687897753
-6.443497148276169
-6.441212553679627
-6.461810362168379
-6.45757126611996
-6.43503227925768
-6.396618552724563
-6.4488720008636555
-6.461841533820811
-6.418143967438361
-6.381472023290795
-6.392887806292821
-6.458222663603859
-6.418375150847067
-6.430770371076743
-6.362245159733762
-6.407160010466592
-6.418850808058046
-6.410215483774962
-6.420446590906327
-6.463280065875705
-6.426022689617539
-6.421931467130176
-6.413301416320405
-6.407999060400444
-6.444623160057934
-6.450616354184496
-6.470981531189991
-6.480202652423896
-6.465910774554074
-6.433126992503135
-6.42666823457829
-6.458166793707474
-6.3503543873905075
-6.492797233062574
-6.435254976784968
-6.4424814391533936
-6.403972321573318
-6.4768833161238675
-6.4745871485626045
-6.417269843580373
-6.440496477456043
-6.412288252429163
-6.431853784568094
-6.468853740083529
-6.425275734956479
-6.468818804709347
-6.468778951792029
-6.408149110817162
-6.466809650102559
-6.404722768367441
-6.422037523750037
-6.407022639899281
-6.470318230441861
-6.421767235908209
-6.416194451724015
-6.42024760399816
-6.428544768207231
-6.4621073557058
-6.371679765257062
-6.37275156121321
-6.430679401424687
-6.338875552585154
-6.439305294764705
-6.486897363437908
-6.4407638118720065
-6.423089578202952
-6.419324823268193
-6.402319867929911
-6.427249425879172
-6.461422498749457
-6.448122015319014
-6.494910916109884
-6.398095331746628
-6.420592658516753
-6.439065109543797
-6.483935701860898
-6.461179680768701
-6.454974346396494
-6.435707702032779
-6.473928409685837
-6.317023581906639
-6.4011073234114155
-6.458305220844505
-6.397790011599284
-6.37252643738883
-6.403723343912617
-6.52836346201182
-6.467921294282078
-6.461605098272526
-6.462752550036744
-6.444932500796661
-6.412533688834609
-6.39866701089264
-6.40065052032649
-6.4601479155974735
-6.411648737797018
-6.465403075568275
-6.420248295145163
-6.446421957534939
-6.409312385200668
-6.454581045103318
-6.4666842270608775
-6.463127295529519
-6.446577930008425
-6.472509181644117
-6.4442042075869015
-6.451635249182653
-6.434745067219186
-6.477800700505637
-6.372396450416261
-6.46604522413379
-6.43176771020798
-6.434438246016717
-6.467353768831554
-6.429618300920334
-6.424727665653278
-6.455258678747505
-6.4527992765026525
-6.37999566485288
-6.442721298007374
-6.504874451175933
-6.423245653331958
-6.44508789785528
-6.333171780913568
-6.455591204779637
-6.422144436596333
-6.430222530768579
-6.4167563470288105
-6.500460206590164
-6.436977530055746
-6.464396862951606
-6.46676494072552
-6.4560684655481
-6.4310287191882045
-6.436692414075477
-6.360560663443231
-6.456599775780055
-6.443377292188526
-6.337838348968754
-6.458804258887222
-6.513959904666193
-6.50129298764012
-6.457637509701709
-6.417031025529624
-6.447902477465829
-6.460414105347951
-6.428257985065915
-6.4658438698947736
-6.468823190013673
-6.435727247715436
-6.455965325038041
-6.476938526635355
-6.459608020455258
-6.4732899169115345
-6.533807545708683
-6.330036102918289
-6.456157900088273
-6.404606234195178
-6.476621102076125
-6.433483356716758
-6.40565311477715
-6.415479209902607
-6.483689445704366
-6.424076849700002
-6.444594902172053
-6.443550193915541
-6.469890962806611
-6.431592742985209
-6.420098409876445
-6.464904633937941
-6.448951164665893
-6.431519482654235
-6.457986403888346
-6.4313388350962
-6.4418793323550965
-6.431821953713329
-6.451915826217167
-6.444030736213765
-6.423019354348861
-6.38524291734517
-6.379899114143151
-6.418773808140319
-6.440120947541736
-6.463756741986405
-6.465768610151966
-6.4549073153364604
-6.44601272092813
-6.474183724553774
-6.4319582516986165
-6.460751155792315
-6.495780983973898
-6.457957529954804
-6.493781566150564
-6.468037016357769
-6.4287686664075565
-6.469159056612288
-6.447593211036794
-6.453227476635083
-6.466779899104549
-6.360896080948395
-6.47648178434318
-6.405744540132897
-6.406923412989612
-6.416670657233945
-6.449252848887216
-6.464000942463315
-6.43347088405152
-6.517816229513237
-6.433053853389982
-6.4582900015717755
-6.475921435524379
-6.436757122732996
-6.43907578081724
-6.408823472671625
-6.435600424458977
-6.4277338746898325
-6.413320700210891
-6.4315874116309075
-6.41459550682227
-6.44809034134784
-6.497957909679006
-6.441349601721
-6.489963399387931
-6.449947545571156
-6.4551652561156105
-6.5279311739416785
-6.449390013555962
-6.458435915284484
-6.443963946564307
-6.451431254364731
-6.466030372094067
-6.540933880820974
-6.4421233572492405
-6.39141622589674
-6.472473892460414
-6.451452938437353
-6.475230233729794
-6.3624937291742665
-6.427337922235556
-6.453662894658546
-6.461391529114471
-6.514466837667347
-6.439960757252516
-6.491943319262808
-6.469550297845304
-6.405511373952118
-6.478737909178403
-6.462080267869301
-6.441779142100902
-6.528575379564882
-6.457079772899572
-6.444792607656858
-6.471915239769384
-6.4580431572163794
-6.465014344061467
-6.494031063304945
-6.457341115684399
-6.433937475250651
-6.4547280417466695
-6.443026647053066
-6.51428620490482
-6.5213082225108385
-6.4671419602498394
-6.476228046116842
-6.4422496402777005
-6.435763182031413
-6.470341699849794
-6.468230828864079
-6.456893362911231
-6.4274617776699206
-6.488173076278961
-6.496909859507267
-6.483188302935126
-6.306385402819483
-6.445957356012624
-6.489139188936439
-6.402156849301633
-6.542842032725286
-6.430249611745289
-6.431618592179015
-6.434713170958391
-6.494244881526651
-6.47077428156039
-6.563295328013126
-6.467206056141885
-6.399035759133061
-6.518632930596573
-6.417420409710577
-6.4596752830387025
-6.442494109272191
-6.453942430520032
-6.512984099759961
-6.479668198523598
-6.464856823001975
-6.491372677342558
-6.442870774764337
-6.474895842763769
-6.443636314784837
-6.524774222909851
-6.502032521179119
-6.537309650353882
-6.473179860255875
-6.524141693374954
-6.451720920578158
-6.433153369426012
-6.441748949372803
-6.507611303773674
-6.399392186880245
-6.475647429179192
-6.462400574584371
-6.456679017474219
-6.462924898160849
-6.499422294806194
-6.496562932994997
-6.467960519412924
-6.496329713202375
-6.473884337593205
-6.496563766353997
-6.460633709908575
-6.494084388907691
-6.472956232928991
-6.436653691875856
-6.484687066778566
-6.452753521294759
-6.451522366054384
-6.526618625430301
-6.448452856639914
-6.493274375778317
-6.432931687150758
-6.456384791860848
-6.468005861291833
-6.458391130419338
-6.556277082664555
-6.439855819997745
-6.464664360495252
-6.480719169074344
-6.464497611691718
-6.437948735872033
-6.48847612378024
-6.457779666066755
-6.477396561146877
-6.430100645764016
-6.428364283476211
-6.47087520482645
-6.514554264622543
-6.483049329654484
-6.525270069117667
-6.427445214287698
-6.56968734531627
-6.475490521643261
-6.472844198191639
-6.4977403472374675
-6.482872353346564
-6.5594870129430065
-6.448157176809598
-6.4631834462173
-6.455017593944608
-6.513822008571363
-6.3992203145653335
-6.454017697683883
-6.478019385899882
-6.476854113108749
-6.5158132704081115
-6.495774766891055
-6.503695750671149
-6.492453476779402
-6.454271167092104
-6.4791479179973095
-6.483677052142503
-6.53203860358752
-6.458533534314417
-6.491496675617069
-6.451548694236009
-6.472826268436234
-6.4890138749881645
-6.4852222433403455
-6.452555762454316
-6.462007927107322
-6.493394995677969
-6.488100691256214
-6.4537314609503476
-6.464479710717017
-6.463213402452955
-6.503052103597163
-6.514428450697077
-6.468615850795317
-6.520432570558789
-6.505135175641197
-6.456472109901445
-6.471457193105181
-6.439149938789685
-6.455821804924497
-6.512985626813992
-6.4496487068971735
-6.475309774770647
-6.463245959340458
-6.488203813289418
-6.473861652403582
-6.480520060158596
-6.497408443810826
-6.518392494798329
-6.5247776905244095
-6.470048422630803
-6.458712587933558
-6.496991827127225
-6.502658838687127
-6.478204779419352
-6.509832580955885
-6.494691854197697
-6.486188235681985
-6.470196464114622
-6.5063298090289265
-6.533131274337745
-6.477184877235968
-6.528628688794071
-6.502280967595074
-6.490598196320488
-6.468861807969032
-6.483068421098101
-6.478345276502828
-6.48706745871478
-6.469348463569948
-6.52597127274781
-6.462870624596636
-6.507010519880331
-6.509082024016817
-6.503687324110207
-6.47433327071291
-6.454854295743728
-6.431029325288714
-6.548903666282169
-6.515220202286773
-6.545983611351957
-6.495728543667461
-6.486950588440755
-6.42671083853237
-6.44905832751871
-6.495933432280267
-6.507911534734133
-6.506585272248985
-6.475570182615385
-6.450753341674879
-6.507176739384554
-6.45631029950321
-6.532170858712536
-6.448319539245984
-6.573340312381098
-6.488012247130534
-6.50044263275333
-6.5094770236928685
-6.467405226953415
-6.497096421482834
-6.501014335405188
-6.462609042504046
-6.472715722114443
-6.504673907838257
-6.444597517302731
-6.532094951486356
-6.504989376575138
-6.515563474051906
-6.499001556534473
-6.459145700562272
-6.480488908346472
-6.5004968588658105
-6.502118168442941
-6.559811965966251
-6.541337020948335
-6.528748594896507
-6.513675323526055
-6.527711859002278
-6.548542134211542
-6.52978344674806
-6.51384291518056
-6.494036456671593
-6.5187338043388525
-6.50584674626639
-6.483013105188419
-6.545795625944369
-6.523971009752896
-6.424045630397439
-6.508391778952042
-6.486559762543239
-6.48082548537256
-6.488809802058668
-6.486280140739655
-6.481491476786111
-6.468646561280309
-6.53295759026438
-6.5414314940125
-6.472778878606308
-6.479250912701102
-6.513523132017003
-6.503641436803126
-6.5067776376167545
-6.47902449976349
-6.463074899016357
-6.527415762477443
-6.522595230323337
-6.484518194626739
-6.475189669205692
-6.537950901662945
-6.49084880740829
-6.479410833969654
-6.4545039631620815
-6.439618324660524
-6.50891416629453
-6.518942492820805
-6.450527337177615
-6.468874921623675
-6.478878700087063
-6.478013636103535
-6.489098634441717
-6.509501255449016
-6.508629197804122
-6.498012785789197
-6.494843926433379
-6.4647405073670585
-6.494395105495276
-6.4665739428406965
-6.521239591410958
-6.547016761609526
-6.535041290341994
-6.484169253962792
-6.487032242718631
-6.504074105398843
-6.510654181907393
-6.474978757992402
-6.561228610310497
-6.5368771026823005
-6.554002880652866
-6.455057154779602
-6.526473421702701
-6.470279887970382
-6.490325661071374
-6.482351268068993
-6.451094090667907
-6.475364648076675
-6.525231384581244
-6.529876798306361
-6.5270962455826265
-6.55026028424237
-6.516999297386057
-6.466419387785134
-6.477810653849048
-6.506946371154723
-6.503482367160306
-6.5064687501427505
-6.515869493632278
-6.486403763405917
-6.5691097245167285
-6.517902600165819
-6.490357587163965
-6.525531448657986
-6.487080160813601
-6.577682063645664
-6.539352810940034
-6.500874128372473
-6.514186545096137
-6.492729707620086
-6.526881050842828
-6.424569581119053
-6.516621200395654
-6.516422577511218
-6.506243866939818
-6.52668783855401
-6.491436970102182
-6.559139818967218
-6.584268285772405
-6.486037813406206
-6.473624573564333
-6.552325297341027
-6.4917278260246505
-6.480033254938883
-6.502009280351051
-6.515043572974431
-6.503944184909219
-6.503036085547001
-6.492012644481109
-6.536557749601653
-6.520495366341088
-6.507239626652627
-6.525869525737811
-6.557416743053787
-6.529163519978252
-6.5302761709708115
-6.445905124228422
-6.489204025275265
-6.455151870867555
-6.529055122107033
-6.482474449445977
-6.510334385874711
-6.527320498606409
-6.553582086966704
-6.5487631436896585
-6.50247543434231
-6.535238328917071
-6.494987041341851
-6.502795151125035
-6.575518814849012
-6.525771967551247
-6.510086874223261
-6.508242240500291
-6.487694356877016
-6.536050979245387
-6.5441061921786945
-6.494259491905722
-6.494555511709824
-6.4817287999421795
-6.552062480236441
-6.480238587207619
-6.527012364450811
-6.494669798139782
-6.540904535050697
-6.517779878359313
-6.504547915256058
-6.500565100344929
-6.536969448220785
-6.455895630385391
-6.501665916989423
-6.527227562616201
-6.586295951505528
-6.5200663409232025
-6.590956628752892
-6.552361951643761
-6.5402117750255035
-6.513438437916142
-6.592559159880537
-6.506897168181611
-6.532972152157171
-6.480316127033227
-6.474657682923816
-6.521676652310359
-6.55099426636945
-6.583984194208253
-6.521760748819123
-6.495492121998057
-6.488623037846906
-6.592471202630186
-6.539548894039036
-6.519459722858478
-6.529056049474625
-6.515418606356327
-6.52447576763574
-6.5344930704310675
-6.528577749884789
-6.49909955479957
-6.572701099847689
-6.526513653206689
-6.473885137479947
-6.540828290365413
-6.521074943205797
-6.57072947521212
-6.504719299966235
-6.498213594249153
-6.56976607429533
-6.528553266862551
-6.467213998249692
-6.565127175251661
-6.48544870859568
-6.508207676113543
-6.52930432506137
-6.530760373874303
-6.487341718576897
-6.543584703043075
-6.466647490847729
-6.583501825922726
-6.510759915199866
-6.5742497242391424
-6.5549583171968315
-6.621699416521347
-6.530256913033641
-6.4418822057185885
-6.4987545510627776
-6.544021441448823
-6.549032685845472
-6.456020033114621
-6.557127910927161
-6.540394978706818
-6.5144155203895595
-6.506838023421707
-6.438826603301362
-6.529253836202611
-6.537012379678339
-6.5663452194340515
-6.520967079156873
-6.579349348785394
-6.562661890917049
-6.475702358811588
-6.58441695378048
-6.558887490242498
-6.536405694376327
-6.564897480062839
-6.49893068316373
-6.520209933464175
-6.524875374771262
-6.533199914416937
-6.507497289032701
-6.528517833467541
-6.489075647897895
-6.523472515836662
-6.517523369572088
-6.551679659835847
-6.475358804088003
-6.52973628642713
-6.506641128336868
-6.571722155608637
-6.576150079862986
-6.580688144435347
-6.513778153091501
-6.5187721572673984
-6.496108988171201
-6.544633364709353
-6.4780399590414355
-6.561218126682181
-6.496279303657833
-6.502315659789919
-6.542062234441957
-6.518716079237291
-6.544717464301603
-6.499156004986471
-6.551588157411214
-6.551483143497123
-6.55212655011469
-6.389422803773746
-6.533024421660613
-6.554561980110802
-6.610363436080411
-6.526726054782322
-6.553599596656965
-6.578746024368876
-6.5543087068570545
-6.565800975469532
-6.598806481012748
-6.54454716930684
-6.5177027602325115
-6.527957026849467
-6.52951732489942
-6.576736743111962
-6.523589139855928
-6.550596308834471
-6.534822596608729
-6.538625061571096
-6.4787253886187415
-6.51113874707087
-6.543462185346783
-6.47690474716428
-6.554048078461365
-6.534673209296276
-6.534267367681315
-6.523573679181766
-6.574055196477275
-6.565607739898394
-6.5137053046795135
-6.501307671593134
-6.554639507121194
-6.53119553540075
-6.563699953640498
-6.581139239614271
-6.6023910483828505
-6.512183682767092
-6.520443401265746
-6.529801129653119
-6.543244847892758
-6.535164923900236
-6.6078500428349445
-6.550622949065567
-6.502362770619219
-6.546146885099943
-6.5526061711814725
-6.580237364507195
-6.496831021299342
-6.53775234005274
-6.598417881324162
-6.513979035805436
-6.526113337648595
-6.520496458090654
-6.471660237529118
-6.554773289383201
-6.53753553580268
-6.546952551216532
-6.522283680134191
-6.574963236272113
-6.586310061345029
-6.6079161240670174
-6.586533409377354
-6.585181648765548
-6.542077100947025
-6.503546590522724
-6.562265933713871
-6.520665583916003
-6.562566421754557
-6.5220553528537515
-6.527629562386689
-6.512309550204882
-6.5677533619620165
-6.580529049493645
-6.56689793753005
-6.48759519402779
-6.591176189148704
-6.416167501280028
-6.514320702469483
-6.59369809806701
-6.574146437564868
-6.534821540954879
-6.497285159119878
-6.610443578622505
-6.484342269358918
-6.585570852463196
-6.5419212377273075
-6.513270187035033
-6.524656988659512
-6.540819381901439
-6.530467310261592
-6.520895453854023
-6.539567154818875
-6.543726608150518
-6.5519965332972765
-6.51004515901134
-6.572086923281564
-6.5604326250043306
-6.592027243468263
-6.563358146161327
-6.5458804807345805
-6.543752699689008
-6.516713118770423
-6.505422407056507
-6.558969777274263
-6.548486616902484
-6.547251008355215
-6.484838606511097
-6.513732621250232
-6.56587159881082
-6.505393465225339
-6.535660687397594
-6.6135620983812835
-6.5754192023605444
-6.556793594386189
-6.543732238359508
-6.541919287465101
-6.546585201346163
-6.596457783546839
-6.532351956629819
-6.575253215202496
-6.595897623586999
-6.555954237235068
-6.562971638755821
-6.609862612877975
-6.568575317692994
-6.5082884438931545
-6.526626196399985
-6.551243280982757
-6.508062813593236
-6.557023207900222
-6.517295205003079
-6.564595785410468
-6.603141846144197
-6.537847381551713
-6.587756730456599
-6.500686748961339
-6.514262588795313
-6.512358074788087
-6.556251747864524
-6.53867019646821
-6.561245805145394
-6.528854792734086
-6.510545958350416
-6.517760581488843
-6.546318832308993
-6.564602118732395
-6.5832447743759275
-6.556964651117173
-6.548377759483188
-6.506703076405704
-6.5866232025591716
-6.556119455332738
-6.533037489669344
-6.601370575984699
-6.570767634323165
-6.540042219478713
-6.582286139601919
-6.586111466448941
-6.5615724682600876
-6.700043445310699
-6.542971416551598
-6.57113239185796
-6.589400367177319
-6.5954928218830124
-6.568709884889394
-6.553113170508393
-6.534405853143373
-6.533611568275635
-6.497927739333171
-6.573043888024185
-6.584020882215528
-6.529083479380799
-6.521690316611553
-6.59704798053814
-6.5886140629527254
-6.5562170327869325
-6.590169773132011
-6.5412595468824195
-6.498420895269955
-6.56833329864455
-6.610146076798391
-6.524803857739778
-6.5946260685941045
-6.497597497998425
-6.533367631506228
-6.576278723344223
-6.538916069385749
-6.54019161937256
-6.517896419823149
-6.537798122280882
-6.53516440717479
-6.612333237607557
-6.590486983146363
-6.581976707091435
-6.586235576991149
-6.550808665025534
-6.532795729896904
-6.566230175092823
-6.57245651753801
-6.546989665773947
-6.528925843978826
-6.530250565569734
-6.5477423296352715
-6.5971168054238465
-6.555872228329699
-6.566711830718039
-6.60496038218047
-6.56181821978852
-6.56318598559659
-6.584829971271524
-6.5616931914436805
-6.641707464081044
-6.536496186872
-6.5333767259467015
-6.522711942589287
-6.554567570983875
-6.526881171458993
-6.565019202626818
-6.554454876490762
-6.594323856791336
-6.5929360720412085
-6.578933240379003
-6.5592409128594795
-6.547184855751851
-6.628188930865569
-6.590641465313941
-6.572872436644542
-6.57412851384699
-6.542563884927337
-6.555271928981843
-6.503146020131652
-6.575057412117726
-6.591161022741038
-6.604709596861767
-6.577718862389301
-6.587175557498163
-6.500926557963982
-6.632494036501126
-6.59796665551557
-6.495519746411344
-6.597108366734986
-6.575343542298511
-6.619343031164525
-6.614096750258096
-6.568025617465143
-6.542106145516384
-6.516497911496673
-6.5269637180011575
-6.5491694609309254
-6.568779585929883
-6.606000632699647
-6.640401028860683
-6.558968130461887
-6.522447895524978
-6.552668413545105
-6.555509524349159
-6.577829646988615
-6.598169841946555
-6.584185086042004
-6.556976472103947
-6.571167813588417
-6.560059745820581
-6.55977058340427
-6.5999086298971115
-6.542188740580525
-6.598844055585545
-6.5619708480689205
-6.571410587724718
-6.585528268919997
-6.592949990774901
-6.506645400104865
-6.635734435701173
-6.588402651361633
-6.628584778432567
-6.621742225314768
-6.5082637530599
-6.6039703290577965
-6.521985791448825
-6.578273386036024
-6.580217437482739
-6.588486477330936
-6.6028746037967885
-6.581085232677269
-6.584731339492912
-6.615681945098591
-6.614635184954088
-6.564477602624802
-6.550535884535975
-6.590203412826334
-6.603125966588923
-6.6338694309662
-6.581452922253256
-6.535032213243212
-6.587704073518772
-6.5659479755927554
-6.580145163131789
-6.566486518872852
-6.555620869478499
-6.5489599482904515
-6.522571879020667
-6.622420751672924
-6.5934780278257215
-6.625823651325965
-6.665851229998868
-6.604151242085496
-6.581120032676228
-6.597332531298069
-6.547913196972255
-6.56208629322999
-6.515018526746392
-6.650884694899417
-6.537146508815756
-6.57744287272879
-6.584348750296387
-6.527723014089673
-6.563247953652581
-6.5994317663005155
-6.617293310150301
-6.559300074097549
-6.595746966975705
-6.62204492422939
-6.6018131179024895
-6.57594051402659
-6.620208820324457
-6.6026996570380865
-6.558420305698959
-6.626212905748466
-6.555825456108804
-6.554802064866457
-6.556236860334578
-6.592607523637404
-6.5557873792353965
-6.670303995009902
-6.673930362064937
-6.548321768413203
-6.589790310906661
-6.643815488411011
-6.627780651484823
-6.57293295297566
-6.676898476661574
-6.541575528314841
-6.611118645967448
-6.587109627525611
-6.631779893273446
-6.588310899764463
-6.557807380896207
-6.534077218629631
-6.629868226237256
-6.55485980184653
-6.592420790350296
-6.598948605723661
-6.601397497066379
-6.604427885352578
-6.64041790391315
-6.611923298133475
-6.623069129293303
-6.572551628910481
-6.621568242391302
-6.642765921416987
-6.570044425811057
-6.576646134683125
-6.575299152528976
-6.568691610275815
-6.554174540239316
-6.586007122323103
-6.627056448946512
-6.649247752494211
-6.618677931190131
-6.584553740116583
-6.552378849278475
-6.572774783607371
-6.629521389472192
-6.591717791108079
-6.6261495157904164
-6.6604174959616405
-6.575163333919271
-6.572334367484247
-6.623672123735464
-6.600465933163787
-6.612244479066326
-6.642005740808862
-6.576678215309896
-6.561746480958535
-6.591618035877989
-6.5524640340068245
-6.541576064684455
-6.602245931847408
-6.650578058181174
-6.567584075938908
-6.60450871138686
-6.6601760787713715
-6.625494862372664
-6.676281321337346
-6.559485315293401
-6.64443543894026
-6.627750462233421
-6.56465823339712
-6.6019104385337615
-6.57176947008562
-6.597536855838617
-6.605967061564218
-6.585252102411414
-6.54215040859165
-6.602220663919727
-6.627497223459428
-6.576167906130443
-6.617491790768522
-6.6122101534999675
-6.567856169400297
-6.649851220287681
-6.635975339066393
-6.63004802754844
-6.573115185356123
-6.636616752146423
-6.6392801594814745
-6.5813769486651355
-6.559096030958776
-6.613743541619404
-6.627999331379659
-6.573858285260771
-6.596189198499175
-6.601229623076179
-6.603388777391412
-6.581300821305511
-6.626022685308115
-6.613805028236223
-6.566420139192215
-6.608500553843489
-6.59633417603107
-6.636270435960447
-6.6631330690562
-6.546540662171354
-6.60381019249767
-6.651308991031865
-6.6187808167230076
-6.629082394424064
-6.619462014129536
-6.645988923504908
-6.545367709079085
-6.633995024839985
-6.602774314426256
-6.642048401179778
-6.56045550422808
-6.596198531202887
-6.588765954024416
-6.641141510873957
-6.535125848165369
-6.605677261100721
-6.640632131379348
-6.612599887941187
-6.672389324618888
-6.651377869761305
-6.5820763855508275
-6.582696321204214
-6.648810767575373
-6.691109018343873
-6.658349214202412
-6.581414725272954
-6.584179591838387
-6.6070403101191575
-6.576506772331235
-6.613574704915479
-6.597929472879038
-6.568552423505951
-6.622221861210363
-6.591139750515424
-6.602460090690801
-6.587936945414551
-6.564755749872233
-6.642191051342832
-6.636806957869561
-6.642615259662084
-6.5962082706276135
-6.582556708937306
-6.636760819500686
-6.660709123260076
-6.656495782445062
-6.600459635772471
-6.634148345388425
-6.625623438866035
-6.619082295918414
-6.611792383642665
-6.602511321749244
-6.662006887934239
-6.678408627523689
-6.662504602307251
-6.593307422431335
-6.600989214074609
-6.621909300638868
-6.636949102691928
-6.561292676317848
-6.60446251486275
-6.622315193710282
-6.640808716715288
-6.653185123312863
-6.629155390521112
-6.62269076333672
-6.564998002027955
-6.672970024094894
-6.5768292254204646
-6.624506159840383
-6.613721014395854
-6.633232627666178
-6.638581166027279
-6.629661043736306
-6.58151249201585
-6.629023689069697
-6.614266363629881
-6.5342605793238135
-6.59820434050385
-6.668868145254819
-6.6222568549799625
-6.598828486614065
-6.604137728990118
-6.638014376128577
-6.601992165017837
-6.629372096948192
-6.677552699735191
-6.646329371372321
-6.592727872609356
-6.599833308379761
-6.657311892015159
-6.6297202657995165
-6.614307014606162
-6.65379748971641
-6.619072763395238
-6.584915996136049
-6.652296209869684
-6.612666687161518
-6.60209552608092
-6.595811323207535
-6.656689706775983
-6.618267379526343
-6.617788308098373
-6.600861993569133
-6.638703777881601
-6.736930498824994
-6.629341755696974
-6.62540117183906
-6.613525033158945
-6.625185551152642
-6.632756959061078
-6.605384080634612
-6.61908758604576
-6.607779004560519
-6.6469340179705245
-6.63350766057026
-6.621505196591972
-6.582319473301928
-6.643692937522274
-6.660345336664533
-6.614823760211417
-6.605576243183858
-6.559025513100173
-6.648984155319773
-6.666450512456558
-6.639424262176823
-6.629049307292947
-6.645874790945154
-6.638982438144534
-6.650165169443276
-6.628232860708387
-6.680547845314021
-6.662629280678463
-6.585596539823844
-6.6409687792027645
-6.70510598892831
-6.658452466089436
-6.6530914881951135
-6.635899214571208
-6.639289117097743
-6.712401667601637
-6.63538967888702
-6.614741033710306
-6.631817709480456
-6.679157541325591
-6.640690101220375
-6.61196466184026
-6.647027694016536
-6.600771585509424
-6.626715420990774
-6.591473182042943
-6.641121667889843
-6.5879953173160635
-6.677219174840063
-6.597921957344248
-6.635996711177494
-6.6425318554151636
-6.623456652868521
-6.6222973827964955
-6.695350976937026
-6.665118994894136
-6.686311354040285
-6.658519000744831
-6.66432543816866
-6.625448177315431
-6.614680686593606
-6.714593424367279
-6.647614728046422
-6.66715769017375
-6.674585849786664
-6.624542296947071
-6.693555239345521
-6.67098205201219
-6.635873400337463
-6.646893107279157
-6.746189819199221
-6.665785332390398
-6.660806245895053
-6.689084623939451
-6.610988256735204
-6.645847950612738
-6.643908594827025
-6.615917192533536
-6.601146640999272
-6.635593932482414
-6.643791254776812
-6.633785648963457
-6.690406615660503
-6.612437526951402
-6.667996177005266
-6.608479386369836
-6.711197203561753
-6.604588598351405
-6.4859909966744755
-6.607831931839138
-6.6586848574129665
-6.6330646329083764
-6.648092975247251
-6.683830122671158
-6.660721590629471
-6.565602295846666
-6.664918463664256
-6.633641827654106
-6.625120624864161
-6.637073337752715
-6.652408319065881
-6.6109483553382375
-6.67306055269343
-6.593554655603992
-6.702299430724155
-6.677971252420121
-6.727274017469998
-6.635960785020618
-6.620413404652972
-6.64693074071106
-6.7151952960353825
-6.670749507161452
-6.698837372249109
-6.646830492338245
-6.661229117563265
-6.666807637066508
-6.65239964220007
-6.657319333010202
-6.652994695934666
-6.63664086079138
-6.630292452599048
-6.7021548560366035
-6.6462714075151865
-6.67303324017562
-6.656374624765206
-6.691151961010032
-6.6506747975792635
-6.620109755301158
-6.694628776149904
-6.609224405633029
-6.649602645767719
-6.647264287989682
-6.667982861599679
-6.643589164318008
-6.676474628843905
-6.652364301652195
-6.671521241127422
-6.652507061474596
-6.665254042698409
-6.677689843064527
-6.59404621190928
-6.6624109075011875
-6.637279588827322
-6.63356321368776
-6.6711081559898675
-6.663117593353542
-6.716639515389447
-6.68879649359312
-6.535259148265272
-6.628644759930555
-6.6915141039110955
-6.658312512220127
-6.676542669596954
-6.626568644591686
-6.639490602437094
-6.6582670758122156
-6.655186401155911
-6.649717953000916
-6.666112098587843
-6.6491040923387565
-6.676454270773521
-6.730551885039272
-6.635774333762007
-6.630579980474437
-6.669769327402
-6.671292919181659
-6.707879059874211
-6.634297643391232
-6.664080923267538
-6.634293160761681
-6.732942927659517
-6.65894845460415
-6.676006359536267
-6.653004203972222
-6.656356502862609
-6.615240379496095
-6.659760092135882
-6.655168433034321
-6.587637400600926
-6.677112171615079
-6.649015184215713
-6.694191605045941
-6.658995578652484
-6.7079116352437085
-6.625911726866533
-6.678020415403546
-6.6412312674118255
-6.666360045742749
-6.6524893242504
-6.703735539506404
-6.687531088554687
-6.657963593378279
-6.710672502897932
-6.696804104490508
-6.7185019827052095
-6.676078898964002
-6.631337254875523
-6.730970751843536
-6.625870746025038
-6.639997218762672
-6.694703975579625
-6.688851188966597
-6.6617774033777835
-6.685123742754403
-6.6819863327252325
-6.701453008390948
-6.700516677685069
-6.663267581595976
-6.613001639502205
-6.644170628657943
-6.61728402167953
-6.623110009250325
-6.693420577779671
-6.675912475071108
-6.670107686121391
-6.690294007738796
-6.68921816694123
-6.682136414001042
-6.619356648206477
-6.6613542598838835
-6.626809591208522
-6.683229425323457
-6.67406930368916
-6.653505525303972
-6.602351676881523
-6.723227576870281
-6.713739609238694
-6.625977936973091
-6.653017933208419
-6.664849940917813
-6.633868053938634
-6.69655118851925
-6.706277647758005
-6.708947199209544
-6.709297719770752
-6.703344589582446
-6.680306211969688
-6.6496086722424215
-6.682492101390842
-6.619074916180603
-6.677005870324255
-6.676743797304219
-6.676639564777358
-6.729512633146754
-6.673784000441133
-6.678991831330844
-6.742680947244996
-6.672614216298253
-6.668412762260465
-6.671452733447265
-6.675997662718544
-6.670805717274627
-6.674951893107579
-6.720621614505119
-6.719236027236168
-6.684086066322459
-6.69353232227887
-6.712110027884542
-6.684635553716255
-6.74065096827618
-6.603670520929331
-6.669425838599202
-6.656769355409577
-6.658253166558814
-6.755641631782933
-6.691780264790573
-6.7130353907882725
-6.618314112499587
-6.689719989199465
-6.667838140212784
-6.708810422038076
-6.7144242448260645
-6.702951256342401
-6.696458509687528
-6.6883853910318996
-6.654947706017388
-6.692336397934177
-6.706687339867528
-6.7618316607245506
-6.6945215177926904
-6.655764931659549
-6.685431032792194
-6.7314274956107445
-6.668520925577822
-6.6972732645179995
-6.703836202265984
-6.696111385089502
-6.712381596006614
-6.702513878752757
-6.67595026714219
-6.694982509404548
-6.690224230599696
-6.708502191627898
-6.69301256387992
-6.678770132633821
-6.728010030929891
-6.708208196981731
-6.707562419409152
-6.746773797459962
-6.63681296225976
-6.695795365595295
-6.683768116734365
-6.653742838764391
-6.720204915592264
-6.646472337252792
-6.709943825719016
-6.690106472693988
-6.72916875589648
-6.685735668784439
-6.6444767648976715
-6.723133164235813
-6.650776925223943
-6.67587982166795
-6.700240928233011
-6.7113125159931135
-6.655572042049432
-6.701138217184277
-6.740383276033558
-6.752634647525935
-6.695852584656148
-6.6745094344437845
-6.744228262950871
-6.694638693086495
-6.706439979703098
-6.670435056396141
-6.763444087078279
-6.729143446960113
-6.626663787951833
-6.672962299460124
-6.722482336114936
-6.650345069056465
-6.7277532206499036
-6.672014894696254
-6.669609464525887
-6.670002567356341
-6.680718143465228
-6.78943784807874
-6.674525898699961
-6.699198702823326
-6.723387612353818
-6.701636968523818
-6.72801462375223
-6.699940923233024
-6.629002736830022
-6.757588008228585
-6.78409126790494
-6.681190426957453
-6.720281570486399
-6.720089299121433
-6.719147423891387
-6.689159215352148
-6.685491483616153
-6.768751495076259
-6.595182427508395
-6.7075836720365105
-6.7049753399678345
-6.618613969582488
-6.738389822841661
-6.668616803779454
-6.6669511368382635
-6.698684332322088
-6.724664778648692
-6.688411334741764
-6.744694497890077
-6.59663454137581
-6.661912376284739
-6.736312579258002
-6.726221743697652
-6.730968675485783
-6.692915796237301
-6.714828525216426
-6.711014847632066
-6.729943869862445
-6.721010304019057
-6.673631712014505
-6.695308171624946
-6.76435277378441
-6.680952923507045
-6.686946659750283
-6.592305844363849
-6.717035743756785
-6.738601512673712
-6.679351392461483
-6.6941426074202415
-6.689517272601343
-6.689425807655152
-6.712483563973878
-6.710690070796824
-6.717445020527783
-6.707029584120005
-6.7303654949740395
-6.739274248494073
-6.7429654429294335
-6.735427469335382
-6.709448806705422
-6.69542670243395
-6.714425153973474
-6.6602561555004165
-6.701776326868881
-6.687623127758716
-6.724645448188404
-6.69781393257162
-6.722619559238078
-6.6997698145299935
-6.750145895939714
-6.700527486806291
-6.729264276845452
-6.719321501825326
-6.705908627789256
-6.6156776688485115
-6.699318772784989
-6.721214995889935
-6.705031262269235
-6.644005648005375
-6.744536166087376
-6.783828029268631
-6.744178167609029
-6.682022833520616
-6.698508360803745
-6.67774845385775
-6.742419658813457
-6.754639991462746
-6.748158286866023
-6.676437341968172
-6.729464331457255
-6.730120508087977
-6.719049227752368
-6.649348531979941
-6.704498980076565
-6.7407296853543786
