0.01843791597143372
0.013360200592512944
0.02365206186950389
0.020946278804745044
0.022991942567966873
0.024325985072113455
0.011518841851218944
0.017726577933586667
0.01642617119672498
0.02878179216646569
0.027702664838763238
0.024144690782130957
0.022635592762471853
0.02047778905380319
0.021439916160889326
0.019939661336724382
0.02406878102229926
0.036679868582200265
0.032353321388927984
0.030678446020489584
0.022696872570235182
0.03715067345530454
0.034545339959860324
0.027840878824264986
0.02464839862454107
0.02261478084290343
0.02066376933485902
0.022628031354154955
0.012368034961732915
0.012868016955363036
0.024843214817784186
0.020786495428347092
0.018060989021593022
0.02305250892115554
0.028871668669413004
0.021009309301480053
0.014878380434223343
0.014786773922420218
0.02040377340458537
0.01723787719542041
0.03672528111909258
0.024576105512135904
0.008536865831715323
0.026729321446265483
0.026360028669335928
0.02118902197013382
0.031914168363640597
0.019638628384380484
0.02653978540412394
0.025489552909912096
0.023830209362267915
0.02826788890975866
0.015872615281670763
0.03211415200207737
0.024890605787101228
0.036569725345322907
0.023955512316052377
0.0214027411790944
0.022424196174974213
0.03900340247317775
0.015362398385215465
0.036308176433095155
0.02315885285446274
0.030342648353097513
0.020682381285024302
0.038956690160541325
0.028993338533347728
0.02425912044753863
0.024759919192785477
0.020270263171241358
0.03413593894407754
0.02055917531687221
0.03287107316010921
0.017508768171993344
0.02311870457809599
0.031099863269162482
0.04179935393168822
0.03813192083227384
0.042554803809369074
0.021884060329167298
0.04538126425248203
0.0316030166184119
0.02420990476880665
0.11107549267387322
0.02557574575092838
0.023863937613516992
0.05436745350226007
0.03508295639704721
0.031860360769456204
0.026999163622600474
0.06214111519848404
0.02610197944820193
0.04686437534744809
0.04042250988544933
0.08397551290832297
0.06097828603798196
0.12622553031137476
0.08385064383613965
0.0491957653319292
0.15023656660362691
0.15726004022251508
0.10884499415207255
0.1324811475177716
0.10344900127884367
0.1322909625416248
0.13126738777782515
0.11629636516323988
0.06809895662039997
0.16360917292762306
0.05783086470181678
0.05741597338357026
0.1396193867425808
0.0962157096057551
0.07469719398965656
0.06652098567616406
0.1348739462353103
0.1283474697623451
0.20320348036515193
0.12625721790706754
0.20794092877774994
0.12905068457244395
0.13623198404001768
0.1297868312276277
0.05528318266495608
0.07583448232870993
0.064172303453304
0.08939088281161905
0.06864678477135258
0.059057613958691246
0.046984491265180534
0.07187673405662136
0.18290507437502174
0.0674480417467167
0.08168906123894476
0.05641330077752788
0.08429882896221855
0.06458005722712098
0.18282804404444614
0.05889300659803164
0.2644807725884277
0.1804409427286126
0.04553092468410846
0.15197664544258388
0.19460936525304628
0.23751998175466157
0.23632290232384293
0.1587014769962387
0.15991444603850616
0.2098476611125268
0.17596319302109734
0.2764281208193982
0.054715596983403024
0.08668849526323794
0.09338899513488122
0.20784285056609045
0.2207136346726828
0.05684804896609362
0.058210086288605106
0.13021825464350756
0.046038187586907905
0.07101373784404152
0.08018963520621926
0.05992404052380971
0.09417792569051144
0.10360879207730224
0.07262434948995995
0.05085192291725735
0.11207248888363602
0.10035760485484799
0.22558388996498255
0.14664630088824793
0.0724402189020979
0.07245166316487998
0.05036343858761138
0.06479321840575836
0.07232749590532898
0.05412170041575187
0.05963395469455499
0.062470728440035594
0.08581195485787181
0.0517571455158503
0.08355269010792604
0.04950424635313621
0.0928568493164785
0.06056741969313425
0.10708753383402846
0.05455773608625406
0.06898977112203566
0.06904300394554498
0.08433034675311026
0.09810565361012746
0.08656462422648992
0.0812964392567419
0.06700933176733445
0.07062800880220949
0.09498124192511946
0.058298965353831736
0.10737340717187543
0.0703192849549074
0.06615178377662913
0.08925903260142273
0.08588215842618611
0.07276012551286869
0.09125233340939064
0.05362596874374408
0.06512052387693511
0.09218845970006817
0.08308489211671155
0.07003712879753034
0.07180904826254929
0.09499060250441763
0.07072076728008152
0.08176932881707236
0.08647014885756393
0.08001789253465094
0.08147960753874747
0.04986351336980144
0.07044370145042499
0.06593849954683302
0.05884929934271179
0.0907366085827012
0.10361216346129332
0.06293959368287805
0.07047568139876252
0.06560575946168573
0.07019744733675314
0.05556495420502271
0.1154493188407814
0.07512068182824193
0.09912505166237938
0.07675340603223899
0.06535484177252986
0.07277286263182363
0.07371610617134339
0.0880549898667102
0.09382962385694597
0.07827423658929565
0.08581733148718926
0.09962553104802072
0.0639302486830938
0.07718045924301786
0.10582526382927784
0.08110958473386401
0.057501623416329146
0.10998445118327066
0.05237363182481885
0.08233139407592951
0.10935300913617216
0.08287607029504197
0.07644604633464386
0.14267494073600237
0.07238696725595795
0.059129353598047024
0.05494367783719538
0.09798242883744235
0.09703711139520228
0.09542773239140227
0.11325061784424668
0.10040146038241464
0.08800457044340429
0.08610988490990433
0.1234175392245381
0.08001736743841584
0.06300973196604442
0.1001724435757939
0.07810307597447302
0.07682888156089565
0.03822452441902128
0.1059908272635062
0.10554750108592248
0.09700342986172171
0.10744400621625323
0.09136081063130651
0.08315772403610225
0.0878619269705849
0.09688633580880593
0.06823863569004725
0.10074262811794242
0.10535151047042274
0.0572046721901122
0.08210619620996465
0.05148221411361804
0.10159240357967357
0.11458925662723857
0.10389603569543754
0.06680865111778089
0.10123608077704538
0.06429654139714162
0.07831010580180321
0.08368595739853023
0.0757446612828616
0.08201538781566355
0.12221632273776614
0.06813507319545961
0.09635928160191294
0.08174224342857776
0.10626432144700272
0.22640611506124975
0.09652565368724343
0.08245717756490975
0.09876941992595485
0.2445057884604786
0.07037394869801124
0.2095013217192728
0.2300531042189738
0.07372269794285022
0.11761738041639697
0.11841981295688062
0.0820758009304044
0.0803287031600553
0.07981726799313327
0.09748513340821945
0.06438014411999758
0.08868421971939111
0.056499440565686086
0.11799528688622565
0.08405916167358611
0.07582636151131987
0.12554741112277054
0.056199088702215176
0.050963330869490196
0.09284045190557155
0.05113525014790137
0.07485670313852802
0.051645157702268386
0.09606998184537667
0.05283989222537053
0.08869970230222732
0.09858268827973948
0.056037147334516806
0.06740018449615007
0.0836839121432947
0.05860686490618565
0.09324459858410487
0.0946574181702974
0.07576135500787246
0.10775404392925571
0.06715913777629348
0.07503226667121154
0.04460821506312025
0.10142439852999972
0.03939501411841943
0.0758571154688185
0.07777246796091214
0.09110451933348646
0.0657208661916777
0.10685949799861522
0.06879456529118115
0.07974969322930203
0.04526530743561726
0.06046616875621228
0.058370103248548494
0.04306876593778735
0.0761766710216164
0.03570451865532096
0.11085863576567133
0.07664176184298739
0.07832794521985618
0.05090540678758723
0.06426637232692198
0.08526507834585673
0.058220281913354474
0.03877443944107707
0.05095783988549154
0.08014432640461501
0.08378915361434162
0.10549707046434836
0.07092160624985258
0.08530392521412508
0.07570956109563434
0.05905380102867366
0.088835829229855
0.06578400336797838
0.06663024289908753
0.0928788214722832
0.0440441034577235
0.046252475333333876
0.08731250460794492
0.0673689554163577
0.06706119976589815
0.06885173554977482
0.08235003404520125
0.07693743446843944
0.06450992029667209
0.07687346491086873
0.07725570801912993
0.07707147708371019
0.07268622365490861
0.07187201055751273
0.06123482759830784
0.10200601912688116
0.06290869959474804
0.05035708654978746
0.10319032113254714
0.09321697136674659
0.07164444080979619
0.07448106865715988
0.07090986423571594
0.05069924257476327
0.07519715161425534
0.07541049665607374
0.05436441405897008
0.06216416596008253
0.08103607360173966
0.07479859881190586
0.06682041205495548
0.08936939235770353
0.07728615742335719
0.06820370212964513
0.09320424991433905
0.06207650014607412
0.06987366556765467
0.057702414497168696
0.042535732412328456
0.06820126394617697
0.0718129325443002
0.08318613401422974
0.061611909679362545
0.11922138832419761
0.0602285173525552
0.06776345931103514
0.07582326986030787
0.07525629506767592
0.052063258157105996
0.09255208506061534
0.0806451424889122
0.08401773677330211
0.089437724949065
0.0893313626779955
0.05655188069748459
0.15137946890299744
0.05028555950164807
0.11654886340473894
0.08476489313509983
0.05970598087850986
0.08343838341734779
0.041504396921430244
0.06938863864293662
0.05647822241528499
0.05241463846713922
0.05021229800846707
0.11440553143691688
0.06325779265879959
0.03542211520859589
0.08820919784861979
0.06208974364953364
0.10217701438352465
0.07225043237756654
0.05936317956073639
0.07720028749660958
0.08703647372004951
0.10739484228834331
0.06405292337405352
0.04728102767698437
0.04225848584628589
0.04878025010050798
0.0680827477274091
0.026458274319566166
0.034070975738042776
0.039531381454109574
0.029800610157008512
0.03129345886485284
0.02927846690816655
0.015683043065175636
0.0480730777873356
0.030915145867284867
0.021864582407146425
0.021694452801295932
0.021750789609386277
0.027425900055609635
0.012624946560358417
0.057690279292754755
0.022790461999711364
0.019618427411531476
0.017825486064255193
0.022249329868316955
0.019473699159296916
0.01855727980315615
0.024157409622723013
0.030901578488961842
0.02951012955507925
0.01308075998451392
0.020710478593567193
0.025281460490059502
0.017892153377978077
0.019975743559332772
0.019353509428828065
0.02376491240525403
0.013821896014788945
0.023211972210171242
0.04213512334372251
0.0275267259696709
0.023142952458430614
0.02216659825302399
0.028310050968348124
0.023176342669559702
0.06876196058024595
0.022286522408298214
0.023692038665515613
0.028400707817612527
0.05863172323594001
0.057164950733690476
0.019581988412386158
0.029913313530455277
0.012156879575747011
0.02175734355222252
0.02385411256839853
0.01884986918179621
0.027063705199733435
0.019611579656782358
0.0208547965247059
0.01837785801495256
0.033683787447045664
0.042779235938432254
0.02009760376083429
0.016187792531993258
0.020746622060149343
0.018336218578833267
0.028562991014598617
0.01785542607853196
0.026770944369762788
0.014501900867595865
0.03256273836982452
0.021160484570690592
0.017629076328557623
0.032147877885899054
0.00992750337905127
0.02513602542343112
0.029229389959153085
0.020988231663962405
0.031692970584748494
0.025420188145083965
0.026535944428109463
0.03104664324226366
0.026399805419843988
0.01815403343273014
0.04053015759504754
0.018198074243692318
0.024623349763411625
0.025825666895013952
0.019443894983159633
0.025687129099366792
0.01941306783019478
0.023425625888548858
0.023366854178197376
0.03923434730809399
0.03415550554256659
0.022216725806334863
0.017826396024676533
0.028217292461057746
0.05725742128301648
0.02795599242317507
0.05718649777771918
0.02783589141611745
0.035953279028314925
0.02005420782410987
0.06652938189500072
0.029159526469143666
0.038669239494847865
0.12656610786601163
0.03356895766366149
0.03591462158748028
0.0686475303528512
0.027014969008709703
0.02641656792805899
0.025197850398543206
0.07570504498006078
0.02705537570331994
0.029797009066230496
0.06834381124941111
0.07768986800710122
0.033221658651162514
0.0385118688893532
0.03986309868233114
0.027235133967465616
0.07752657289571818
0.027478743539729653
0.0695789083370307
0.055768216472879426
0.04464039276584836
0.075494390589798
0.03705866794987381
0.12403101209841941
0.07919432439859238
0.08674874213624623
0.0761284416309024
0.10307731043720049
0.04331594471128538
0.06438251528897646
0.07451640491923534
0.07401386374467454
0.11275368566634608
0.03982469282803783
0.0742437172502731
0.05775855333353323
0.06345646474927367
0.09591241549846856
0.10849595778599601
0.07528858805520366
0.1081636321169309
0.14308221960712106
0.03229772416117769
0.06831091880219695
0.0695439932507513
0.09993480414690588
0.0737100270717769
0.06885765774931117
0.061772757050707165
0.06968183302642081
0.07105790123971441
0.06229772488941583
0.056671432257976585
0.07335730296747732
0.07392971784220023
0.07389214727657235
0.07705392356483097
0.04931497002852699
0.06120846208914833
0.07536466394692776
0.09048767335057376
0.06501478914427121
0.08030761060814748
0.09871601441374254
0.09697782340602304
0.06799383136474747
0.06406732663542491
0.034220441497824564
0.0933982974986607
0.11283611375196219
0.056814614615144074
0.08203177252122908
0.0728817090944651
0.061460735065740395
0.06989988965191747
0.06673209948633929
0.04167455354436286
0.07793144539669379
0.06632157098123152
0.08696818167254193
0.05777456007297568
0.0785506275341523
0.08517272369271625
0.06753928785784306
0.05157989239366179
0.07891693393854261
0.06509742649060751
0.07039435134020582
0.08469361560530227
0.055136147917851853
0.06650631284917823
0.08934885263766669
0.06941321804699362
0.0908026919325983
0.041181571970024006
0.07347437768760934
0.0764712753238243
0.06369799177019557
0.05647269815254185
0.06329078292285255
0.05034213751390353
0.07545776917518347
0.0697757669506988
0.10235502770706897
0.051414207375146924
0.07531924974799174
0.09793614513841839
0.08490137463542669
0.08976835966252873
0.07745705661432821
0.06294478990654942
0.08002193401267847
0.08250019030898574
0.05894291339067399
0.09426332930763134
0.10326862022947539
0.08713866771527419
0.060912316523285596
0.05779742299571347
0.06467821537702498
0.046909664949793616
0.05450091291609737
0.09608107324194748
0.09224800185334796
0.1191245630701418
0.036346748407946494
0.08358725787888373
0.030013363818546142
0.0504724606367219
0.0376179724753417
0.029094491603571707
0.029454015000416254
0.03053662379056671
0.026025729867911573
0.03231476481433042
0.028916784739486556
0.02926400574173443
0.02298534552233758
0.014084688074527549
0.02543360096091298
0.02851698678041394
0.01948032936260646
0.018653301268569636
0.023017184977487292
0.01852076431861949
0.030246436940709248
0.017097503115441923
0.021268333082039865
0.026691033627977482
0.0273166173552983
0.020471873856297042
0.016711259079704745
0.030342332925913117
0.017834121069182605
0.01976335043008809
0.011720182500255928
0.021387526129810427
0.018052349128266316
0.01736265738947146
0.02436650373668051
0.02257274764820218
0.027694994969333416
0.02660273528319295
0.019709248972823903
0.022862842916696435
0.017534378788255985
0.02312000726245826
0.027344717092932035
0.01880695881535418
0.03258831157841581
0.038983282307537025
0.01147566448065783
0.028060292925970946
0.018280701449207307
0.03350093896306736
0.030013020837975912
0.02681971147871977
0.021744543817255078
0.0444931259706397
0.024967040769772006
0.022512414036317683
0.02644667003939723
0.0300652755628752
0.017751102042413897
0.02032494096071573
0.015370355690943133
0.021401619594129895
0.021799517198267056
0.02415519162856618
0.02353897400342114
0.02218473043205562
0.026937865754423678
0.026260128375784064
0.013047474883308144
0.018791272101099345
0.017245762780791273
0.022726067464511543
0.029096096928260755
0.027393937963041737
0.015376077061804392
0.02477812957391367
0.026644220658475
0.01993785358540175
0.020888022706468903
0.029094921407908224
0.02450237682069479
0.01869165964024962
0.026024607816142437
0.018481386068542
0.02440763576853579
0.02124916029265481
0.04446964597466929
0.019844175446967198
0.020494810591363214
0.014528648877905172
0.022553773039711157
0.030347028262400533
0.021874463552551647
0.01984563623172365
0.020496726005085508
0.03146134838736511
0.03528729496948723
0.027470230562689664
0.05041973224779957
0.018765231084086995
0.021345958418623488
0.017420478120312975
0.01313491415368978
0.019523810366143077
0.03408128460442082
0.03089900323727437
0.018444291955826978
0.0176354654278463
0.04020697625713743
0.027295467489179975
0.014828738473337997
0.017617947231717168
0.02023401117739087
0.02761099448768413
0.02474546028545575
0.022070157204084593
0.036448532300359555
0.03317742044310655
0.016685617813434864
0.025348363269840416
0.024062066721536574
0.029582117650848547
0.029307325618722412
0.01984344359686008
0.008639304839128243
0.02741827764572861
0.024096212488976372
0.019989948257466507
0.020557660845693413
0.02021065854174614
0.0313039205297796
0.02188392768010362
0.017982162392321137
0.02218006012996494
0.025512072087083226
0.020857082398755316
0.059005595144955986
0.020558235678377595
0.01690725798664404
0.02263042275324444
0.0254679074655413
0.027498723420222877
0.013365055266985164
0.024414361586358378
0.012062683253585862
0.02855662890721604
0.023606961796100258
0.02310249249849462
0.021563587111288026
0.015143452454560929
0.01943285369811293
0.029984333168992586
0.019504731619372252
0.02062893202050204
0.024874936692308103
0.021330368265778617
0.019261434774767532
0.021048872284262953
0.01896686500218079
0.016508902987979125
0.02507557623653858
0.018958381113907356
0.01951885968342781
0.019050760646574346
0.02422761280958048
0.024827627302399045
0.024846172609848057
0.029255809385003908
0.017665909094280122
0.03030786402689803
0.013109701056158062
0.023202218075438995
0.01752518690088113
0.027017681320749495
0.02375809162590532
0.027232582297301616
0.017551407890204252
0.020869610682903193
0.012863828410181317
0.021040050971742635
0.030399238292197726
0.01562927916956659
0.015963772234439007
0.02383730777857107
0.03167489056444103
0.023941093713793323
0.02612706930147304
0.03024928958826607
0.021073586045982206
0.01994104436652548
0.026381604311857276
0.022880938868777546
0.021133133784793794
0.03819329898493359
0.02733059398789113
0.01678890900814619
0.01309055366120459
0.022233355333320035
0.017639642234635322
0.03352324962230542
0.03185990241936005
0.0240365757771922
0.02893533227894254
0.026084695861541288
0.02045174701781329
0.023938027056987658
0.01792888634917688
0.02779135172370882
0.021277515810734258
0.024949000037688837
0.016981660364602257
0.028920723943777704
0.015593097957558838
0.01358511560405185
0.015161943676670007
0.02043813756206623
0.020799582369324054
0.021227038377820192
0.019522884515533447
0.03355216574319314
0.012789198648175945
0.026127244051304444
0.015994560743643433
0.040088400958202736
0.026413120117705365
0.015792882149494033
0.02275934427187236
0.02836644431079143
0.01888825102197758
0.024631631363473332
0.02620471851100271
0.02891707645504726
0.019278288206032904
0.024871052416894163
0.024313149048657792
0.034172351155140314
0.016281957371530088
0.03070583646554049
0.016498819929537365
0.025243346677084246
0.01999122794757245
0.016617900331003597
0.017041287278009146
0.02142502426730439
0.018846742806467323
0.02546293238277945
0.019948229089208527
0.026488844923769368
0.02300570352953778
0.03141597104129355
0.041349114638374776
0.03362528140264517
0.016425680106802846
0.017521125060931744
0.01764813666062916
0.01529777438535715
0.03143177189658992
0.026329382394039706
0.0206159659037713
0.02409775080781387
0.01790210868734911
0.015485505228610044
0.02570422467594571
0.05052332086267146
0.02626887845405352
0.03652190341921101
0.023511836703740123
0.01988173834761041
0.020078918663016733
0.022582475675146634
0.020921364371991408
0.02256097891213115
0.0283323116652026
0.02604542717849503
0.012667619347725607
0.03195384997392406
0.02646721196053219
0.024558279579901098
0.017880443576778895
0.026025569462132855
0.01892191988058021
0.036115015681337244
0.019352263168920473
0.021800374641806158
0.026438221490259893
0.025752620885234785
0.029640205931371098
0.02712714830877367
0.02435054011081816
0.02090974565559213
0.023365190795051678
0.02042463987747416
0.024557991558021183
0.03129263752722913
0.016947529657177312
0.024573462546686718
0.018435901282104948
0.026475181763120175
0.025814398539133875
0.016012012359690433
0.01688114502058824
0.024546811837853677
0.017130608527249853
0.01794797557128142
0.026048196314001872
0.020801647665373055
0.021376721765801694
0.019769032405133717
0.024869473095055133
0.01694906716341637
0.021783897833750985
0.02004345562017482
0.01723011241238184
0.03023017788495385
0.017493343211076196
0.022714365817112815
0.02052342707957743
0.029157257162469703
0.029543015590742728
0.02944870660885898
0.021102100325958235
0.021012315236311557
0.0225428861613028
0.031206532469699812
0.027414489670122357
0.022461296104869567
0.02158591741290518
0.015334333783497781
0.02467508309354089
0.014440349817694532
0.02109899038062114
0.02087241300755933
0.029392070096662153
0.02590351200735485
0.01909278427732432
0.016537769725659228
0.02777203958678483
0.015130533391859463
0.05784866886021571
0.019182448629626436
0.026221256434324224
0.01577126401336219
0.012705507739811486
0.014057708739592188
0.034208324450679735
0.0301048474017352
0.020631481644851544
0.03897537846398987
0.016101134870907807
0.024816723794040846
0.02459600576913972
0.01646401272130974
0.02440538327317906
0.02076320133788445
0.02059745156834697
0.015107824432572572
0.026243441580660384
0.022931202865558952
0.026225183531529903
0.020817605899774088
0.019045452212056987
0.020804033200429808
0.022128803345690055
0.02430465093394152
0.03441765825121876
0.01938412519268216
0.014077040935813245
0.01815524260549507
0.03083748728344385
0.021272359160437224
0.032939978648874435
0.025703578991772832
0.015297633960914337
0.02068925452777701
0.03278161190068247
0.027291985885180732
0.016459931465824276
0.014337989945376543
0.03175187054594947
0.01639931050770612
0.03042939437869201
0.021884999839761308
0.018015080593276486
0.02501692649965357
0.027530305744465064
0.019097973537790646
0.017613347486746384
0.03127670475379226
0.03346903352223713
0.00949646423311674
0.0338103469736307
0.015065934238407252
0.02451581631209572
0.02009174406371049
0.021486410956073745
0.02040393953748506
0.018046621324552238
0.01579000444676211
0.013924675209965673
0.009473099199598536
0.039663010914929464
0.024641195109689734
0.017022957013104214
0.02837354608760669
0.008684941712205617
0.01039121966636893
0.022918468646190106
0.022187671151379228
0.021049042533516905
0.024397702606858952
0.025153470883879963
0.02613761385376023
0.01722542280020074
0.017925420385247626
0.03324816982391856
0.021568246799115613
0.01969837917061734
0.02078231017258474
0.019024226702567443
0.029927231247278124
0.01786530122995808
0.017549644510275728
0.023814984650605164
0.019176280068742366
0.02884874658885423
0.01575226959691368
0.02450934435022166
0.013497074959324007
0.028846524287185114
0.020777069459173955
0.01836339963289251
0.02528513278157452
0.022052383393543474
0.02404793214655174
0.025237482594560195
0.012030219232043525
0.026663230093770054
0.022760305378335816
0.021147867193447873
0.023815664070948758
0.021307983170752443
0.029872710476584654
0.0270048749428071
0.016476967735772268
0.018050201062188895
0.027453515849283606
0.02523781614270892
0.027654674701977973
0.025880368593002502
0.017003793758162012
0.03240405354165861
0.020063380215608006
0.02232982997750404
0.03127187438811644
0.027346657103996176
0.02613026335704691
0.029178307571901017
0.02191542752957169
0.020079061785332673
0.02386058033545331
0.028346083094518096
0.025727843876821442
0.0320680945664832
0.02491714326540476
0.027281636226291928
0.027930236775814028
0.02247411025364412
0.021618073622415454
0.018233334872414884
0.042687667706652256
0.02770663301454871
0.03008604538227837
0.018835721073561906
0.021190197674517568
0.038801974468822054
0.012550605589263913
0.020264461217463923
0.021331719026976368
0.03014809254395786
0.027562339407755102
0.015361610641586637
0.02219460367465791
0.00721396711841551
0.022124388632602233
0.02220639937515074
0.03434563841972771
0.03142652571187207
0.011892348322346459
0.034107457216751784
0.018199066640466128
0.04474088954746672
0.02939920355808328
0.02448981155529973
0.033083240696460445
0.034772887351489166
0.011969946774616195
0.01612226259204186
0.012025171313414918
0.03569191045620121
0.03967213394685459
0.02139519165402656
0.022807510805108223
0.02506845608511849
0.016377666963054267
0.021349797694497998
0.00962799656499917
0.031398348510461596
0.02309342835808177
0.017331160386292236
0.025005270043019327
0.029432669914316624
0.01035360306306763
0.018036606369708563
0.022309830274977096
0.0332369425537685
0.02249114864796956
0.02387079455877662
0.022085611394026428
0.028167325351066985
0.020805860358902275
0.025548613765754985
0.013230528121197477
0.023597161870482934
0.03491274997314503
0.0236858345384205
0.02129432818200509
0.025818013438991393
0.023592410749369724
0.02510098154861685
0.020992202125991274
0.020779248285591655
0.02162857115294924
0.03925493220813445
0.03429226766484593
0.023020396336601204
0.021874833910534703
0.02507499253598168
0.018307510943692033
0.017950600083015637
0.024348132606402076
0.023083852159342978
0.01941825460215676
0.023088878671136813
0.017559146229216054
0.016769101989034963
0.03513675386413079
0.024715149588596167
0.023258098482306616
0.018533054429011542
0.016656694548668832
0.018769792222928867
0.033132965511882155
0.02757466982367327
0.016109227694814578
0.02554557999425831
0.022595276122297916
0.01893238190780685
0.022552667366098778
0.021956985931110038
0.013778011033274171
0.045695869840839946
0.009535710662385979
0.026583946254361085
0.016461895177185347
0.025205428119718338
0.031660177282833435
0.03251928983480226
0.028391622671775484
0.028851338741041482
0.029561446113538184
0.045562428807469524
0.02472877222683654
0.025504554470098695
0.012430657692840127
0.033788604269644536
0.03144606706205247
0.01948512027823706
0.019862989620049558
0.027245487553461158
0.02982441205728016
0.021538794229171366
0.023982574991194095
0.025099375267472728
0.02028547033400703
0.020999558340111597
0.01801914979976009
0.027822003000252844
0.046726569995901295
0.027962670905337713
0.023471811914422235
0.02640850236190295
0.028411823855367096
0.020914820363390887
0.016432545189740903
0.021211397131887914
0.015786445560327808
0.021280702167436914
0.017575292806418327
0.02651358427797056
0.019455366244183203
0.016920429537420192
0.022897107999680377
0.027218184461037097
0.05314660786236615
0.04254255007122868
0.014683792282723767
0.022928260272911814
0.023938758598308227
0.0327880973722215
0.028467880278563135
0.024187414579862013
0.04286788391842268
0.01458061641506671
0.021662505849098318
0.039169820019524355
0.062357701599998115
0.024033866203883866
0.01886133081992399
0.02476543802902816
0.01867482848678177
0.022602472782793828
0.031614870777484164
0.041725514592488085
0.01858958256611719
0.031508261526916215
0.018597854721617266
0.029733508472141408
0.028378246510058044
0.019374795656309615
0.024140805831077954
0.017875070142750648
0.01604648475035609
0.028919825231071932
0.030598745603285994
0.018373109838234317
0.027870070924476534
0.024722657804881493
0.026973606484125053
0.0176618220727282
0.05943157770516558
0.024639130014931725
0.0285924080360013
0.01928367147210337
0.032142163126020716
0.025591166559652465
0.022249051831767196
0.025468734224600505
0.032163419507171734
0.019502773476824296
0.01115222244645815
0.02495617716203233
0.029575824126974785
0.024501228252385397
0.017594349962524312
0.02763421069852276
0.01461927090945897
0.07762661276673442
0.016030341485085225
0.020834048133599736
0.014786421622300537
0.06643997878366674
0.019333399911021357
0.05200739939792256
0.023241915716719574
0.0348127211243441
0.028314753567454932
0.028201377147619965
0.022754418073400066
0.02006025956238141
0.021851453045144516
0.021565437920304388
0.029429242936650786
0.016523418489853194
0.0354526268825861
0.02258812850282327
0.025857173171207722
0.05063120401790178
0.029467524639164723
0.026816532902948435
0.020283963963722593
0.0238269834111181
0.023296563940083115
0.02699649390897688
0.026052834680013213
0.030126820388865744
0.03291631563343579
0.08633395681821579
0.027671928305759364
0.06295361177169798
0.019617260493953653
0.02851327377282466
0.01579329108330732
0.05206362106866829
0.01968902779799975
0.012712603468004846
0.025109599134152432
0.023664223772463914
0.034917316427324575
0.018576153486063878
0.016684193670819702
0.012013581123638007
0.028264588407676556
0.028415138063427117
0.015878821042872183
0.027402071582518995
0.029722983185825842
0.03155567111805521
0.029513767409093717
0.027352391797304892
0.021539433962717982
0.019387296743386323
0.023367375266118515
0.04682595750913155
0.020763973883768994
0.0142760129427272
0.03060602023165435
0.032800061310473846
0.08031330868924724
0.02169742793761846
0.018483576249244033
0.017099507947601816
0.034504215446647286
0.03467764588462777
0.09518372680266585
0.04714268732913171
0.07489596148271449
0.024355040575054353
0.044699655946040605
0.027826389221933413
0.019559290836886185
0.01709720057626767
0.0373389676427989
0.028887619744382125
0.02780643370823239
0.017288297828694933
0.025078375414896183
0.02678015265945117
0.028028426474407796
0.02176525838801855
0.022114773697686
0.020234024158463267
0.023644595863627445
0.03972472550327546
0.016245255867274475
0.02597088729760709
0.02376831036813781
0.01937031945298763
0.011614422357558033
0.015721718207113485
0.018109342845240774
0.0253743771596906
0.02401005650826333
0.026077128428314156
0.045280683545605944
0.019976911790859517
0.12212005332516726
0.02108338225483023
0.027850351471411586
0.02771048195005535
0.049098357539129715
0.027997711420745374
0.013019631688215872
0.045991567817740234
0.01965327479447704
0.03055501343239641
0.07550933186840915
0.02021645226633341
0.02498376883110698
0.027561260852121846
0.020840377713595964
0.027845357606301233
0.02561659795434014
0.027386083645403195
0.021392159922199918
0.03262287698588562
0.02698173554830975
0.030634961662370064
0.028267409682727833
0.023196556898806252
0.021978882482418572
0.029976521283760504
0.014748791273453327
0.05787470557592425
0.03186661827664769
0.02218134072905919
0.02304886203928847
0.049050625901790365
0.02042742895447518
0.03236561903501801
0.04806241704823055
0.024349217928986446
0.03255449916929923
0.030430221636296023
0.021758604661653205
0.01612153766313337
0.021169069377032657
0.022819914733818333
0.014811483991378818
0.06460727395460984
0.024818084549690405
0.03299286066391843
0.02252798500521519
0.029014791677390253
0.031929220737157246
0.027830659206832746
0.02673406986207807
0.025461164213358353
0.03698995306642673
0.03077331265596656
0.02753686757793892
0.03806814706952293
0.027881565603727874
0.03163899188116407
0.02063309234488392
0.08507909595804801
0.03377072621397098
0.0747758046966025
0.024718432359653663
0.0594192269382728
0.017991161248416054
0.03220136225708847
0.04194322433815376
0.022856125878083517
0.02844139404817741
0.016634601584334305
0.03670990953693725
0.024947354162777248
0.01833702485811703
0.029960255729068776
0.04040591277836779
0.021049545878080316
0.014237926192105371
0.019680696812057953
0.0230494618019873
0.02119660159672469
0.026740072081681235
0.012634329788895211
0.02538134913871286
0.023528384060588547
0.0441343083810826
0.026527454426044345
0.02869342770306831
0.03064933675230969
0.019549600781328388
0.03490435468365251
0.03284439371471256
0.036428682231587156
0.025023153213174134
0.015372866125143226
0.015277069381321165
0.03653255808219295
0.028341507638672856
0.030643920108710657
0.02276501399551119
0.034504049302863764
0.022632548777777307
0.060075587628388986
0.017967817288412687
0.025862098355007895
0.020048254577742144
0.02606355816975812
0.07253203915758799
0.0476052735259219
0.03056867700362088
0.10595286755878952
0.04705553497035224
0.02777936882585813
0.024194622836607445
0.023807427474823405
0.03469294253290751
0.05044059621179233
0.02979777885197008
0.024267199935396146
0.028851784979700194
0.018462779536423092
0.03521289261103225
0.05995356701792099
0.02627853133126199
0.03533715387844804
0.020503421867018153
0.04836411271034871
0.03191219378650136
0.03179581386034943
0.019744202757811094
0.02966578119826557
0.0142187312561041
0.02568664453952485
0.03785483436423601
0.039448324619489036
0.020657154500067568
0.048095856238879374
0.027607103094875254
0.030942543752344766
0.022555031375570217
0.061961757294727186
0.022270190719703254
0.021677663033612096
0.029677184515607323
0.023724095668793955
0.03623313298091982
0.07417889600654964
0.023678210082615933
0.0233293328337447
0.021061996411420092
0.024020314019261847
0.02483279622592508
0.028517377187285572
0.018229642089324916
0.02787942312713984
0.02777832429687182
0.031197733910336884
0.05380637298179965
0.025786259525972337
0.07161131396656106
0.0531324149107419
0.03410115119183382
0.03189765949317798
0.028000347982965326
0.11163060772680254
0.04776519754096658
0.08394575402058459
0.077821090618837
0.05658629610703865
0.032038319043574785
0.03478253267935024
0.05008791787877563
0.03697673123456998
0.03273240077913383
0.1216584164082315
0.035270767912578174
0.046670483300142764
0.046947593093578516
0.01868750607730296
0.04047164083000269
0.03521033832162305
0.07377302245449217
0.029144506138493096
0.10424204074692228
0.07814323461285143
0.05651824001490056
0.06356599581890005
0.07745828200209626
0.043742758771265794
0.07991310885535385
0.046482418396985144
0.058571413380144696
0.0680471022420489
0.022821377391870148
0.11505056964316307
0.06309025177840509
0.14951773880716665
0.047534249160098185
0.06792882357961731
0.09675228541795297
0.06545134092105143
0.09862579581118396
0.10085254982442673
0.09202217821693345
0.09579327758081005
0.07730415808828645
0.035484459180782586
0.10571241156369741
0.0680941946665654
0.052887210360609
0.03552640690151922
0.04132326858425015
0.09007514677249784
0.048645623905867345
0.08871687481214592
0.07859769552699841
0.10361752910186989
0.08681697164587013
0.054034131547300565
0.08089484981189551
0.06658376422841968
0.06430184602417545
0.05266217526585523
0.05103484569422812
0.09661022771210728
0.09535513725243243
0.09950384371876318
0.044474537064507234
0.04198032712175258
0.09980454628792802
0.048851453333812876
0.06151599816306877
0.09457296672194114
0.05925408165173312
0.08857300404056419
0.0808812896073497
0.07623314431848882
0.07973461896230032
0.07306803077146648
0.05538678074097323
0.04707839627670608
0.04317541613154142
0.09091374022410666
0.04282431241969918
0.09524651260565706
0.05383921824861626
0.05799556127532653
0.048975854504072824
0.08952667664558626
0.06253224394390221
0.08873837570236372
0.06707456930112492
0.0598659870714797
0.08637565440771451
0.07123517894394384
0.052491068168611446
0.07338204184914171
0.07124288960066957
0.0877987652787311
0.04207773083022272
0.06925336815504697
0.055806311305656074
0.10789140615755798
0.06891921609730306
0.06309435211258958
0.04118457172807585
0.08481003378335374
0.07010610874475491
0.0896542609015781
0.03331559941077492
0.059149863102586034
0.06243422529954578
0.08785867033104289
0.0717675624763461
0.09484408083995001
0.08969240331311619
0.08534354492323948
0.06647893987518042
0.07856327774761104
0.11471006210440475
0.05654882108047109
0.06349811669005508
0.09709156834293972
0.06404969184452133
0.056879851437680144
0.05453930434543842
0.06727405599868799
0.09864442786000856
0.1074178245979862
0.07099648039402372
0.10840827367822023
0.09509854853844882
0.07195953065871179
0.06836471135876898
0.059590419589028776
0.09614587744611092
0.1054618559702928
0.08380105732691416
0.07385414190577634
0.08016750058753817
0.0933561534728342
0.08642342534556609
0.13444033338101222
0.0384058128296177
0.06450328379243665
0.08065247744316807
0.056241391119958205
0.07521849296419683
0.06512615302626215
0.09218308821177486
0.10298849404708563
0.10974622128722454
0.10248588533941054
0.058897936994698294
0.06372112711693291
0.057424753540261324
0.061822004011304034
0.07710968645991233
0.07673556543771803
0.10340828540181657
0.08373256539979772
0.07743855009661732
0.0931882134105848
0.07913688929805095
0.10989503469019851
0.062491169918619756
0.07780700667147078
0.09748817975059694
0.10071754670018981
0.04642421988605875
0.0730618910376811
0.06360940018703265
0.07793928843962948
0.1389140414896675
0.07731533576317307
0.09210490358033536
0.11299528150160937
0.08636518400589926
0.055591654855295526
0.07799387749080078
0.06950352715560797
0.0716544857759991
0.08077475713024411
0.08131707169151536
0.06852931393596191
0.10902007174550633
0.07067662563706122
0.07624660792850521
0.07729462719197074
0.052977826295737586
0.05303417965474485
0.04318478494098895
0.0375911296645293
0.04832002808270064
0.08212098887500902
0.040565986420166414
0.06992206033498746
0.08708525622340355
0.09647753771292356
0.08072964300456056
0.07679598849956619
0.06828756323285465
0.056247408735860475
0.05131912079774916
0.12339977174202876
0.08453870548032823
0.09464576283742727
0.062253536231838234
0.06956247218639648
0.09303633874426384
0.05763207930821041
0.1092676592733774
0.07728596424843416
0.0801939673589373
0.07481771583265433
0.06296634235054761
0.03432010732476758
0.11728018374325443
0.11269377761090839
0.07111867072369017
0.05200587096360878
0.08764768369418154
0.05291888965438514
0.09432518720814331
0.06954650037831449
0.05617303125038443
0.09912575652363806
0.04828867171003611
0.05809586677737424
0.09899314360413852
0.07344666206830106
0.08524737611034279
0.08613358489027073
0.06679219634889587
0.12840052880209907
0.08000930906554868
0.05698038080778452
0.11550135567429323
0.07684866794071292
0.0698403874774807
0.09282406813173016
0.05934644597229608
0.07131921979908289
0.0759204046545485
0.05817139231188342
0.059004323945044714
0.03136853805705462
0.05101299335786793
0.07705758215240216
0.0728979807662245
0.0756650556119826
0.09387303408315321
0.08572595096831485
0.06923420648247372
0.08535841584713001
0.0658287849760472
0.06718587192549934
0.06608786984847982
0.04803658999916719
0.09126957432048792
0.06731515511411547
0.06996324015266514
0.065849707676135
0.08569203443844142
0.08044072538346454
0.05627529220873785
0.11584735918039674
0.07506330876037978
0.054303487722307996
0.08427566722129784
0.10438904408079623
0.08716596629411959
0.09033525816305465
0.06962599019738769
0.04907394252422769
0.07694067264943359
0.07366372714235396
0.045161885361153294
0.06994456541218563
0.10061593812281175
0.04857653321151329
0.09205198392879005
0.09689451391612264
0.07082203516762164
0.08997187203923064
0.08173049239380925
0.10348972758914303
0.06141629720005077
0.05391075440451071
0.10126521454929484
0.053431717052425574
0.097775591172623
0.08894953833665234
0.06750395151674743
0.08092077063006492
0.0670414262581201
0.09564450695159528
0.08875280834467791
0.05922461963680457
0.030183456718101336
0.07718363746447454
0.08132843754588162
0.056490575615505585
0.10310329790290622
0.08661450661851909
0.06587838589039904
0.06695545753065976
0.04081131202088205
0.0828294449738829
0.0830835739933993
0.09647108307926551
0.12769674294628464
0.08435023372189958
0.06993841941614659
0.08507920623843108
0.049873108667165295
0.06487506573663987
0.06430448114103879
0.10040264225332053
0.0961060599077905
0.04934495913673277
0.11665864180752174
0.10407029148354865
0.08243552355414564
0.07486060239302837
0.08130035511823552
0.10551688850277931
0.051348727521449575
0.03894156218304273
0.07306633216921606
0.05835490919130423
0.09613695483718987
0.05927521714828081
0.073623104537886
0.09206058031041628
0.06564809960836274
0.10101598549416535
0.06877272374904111
0.0586780973368142
0.03600618641156536
0.07158908472821335
0.06677026085550146
0.07414318138842209
0.12973699801748637
0.051922644914468276
0.07775898558031258
0.07863539459151196
0.052277229295955345
0.06130288466139673
0.07326136209080865
0.08297434609867844
0.05520584654112355
0.06137142024938473
0.08351406805256646
0.05963875939498802
0.09969608931820764
0.10217044397669482
0.05589584334973557
0.08012993752034023
0.08303775494626726
0.05043027455038335
0.1126857824120278
0.1177779905383591
0.061535508034978564
0.058186631394305674
0.06474134756282195
0.06292679467639511
0.08612648123360174
0.06008409280395699
0.05768518754391198
0.05897080451780511
0.06892973904081279
0.0693828736972483
0.07339796424366775
0.11477765026754655
0.06119947972734718
0.06585560037456316
0.10555407351891581
0.10427837132849174
0.09685398289471998
0.10804619373333475
0.07925536953554431
0.060762796150999505
0.0646338843785529
0.05505289499376697
0.0892948340501011
0.09317271235373197
0.09927851287926975
0.0719911808682991
0.11146751155385229
0.07378619391944156
0.07112964121402084
0.06366308549800756
0.12478243672088597
0.08222383031831164
0.08543520112801244
0.05999010519835117
0.08750011504964199
0.070814985949266
0.055053343122530615
0.06900105126117924
0.09068686770939423
0.07188856345235926
0.058582531006507524
0.08510364004731172
0.09912393989181066
0.062351714704416576
0.09488709503344289
0.06567844438529763
0.08739607467711093
0.0884407576014938
0.04056917490323126
0.08289605593012825
0.08001405481278487
0.03263426688256888
0.08763831430114341
0.08947537046434713
0.0411532266327578
0.06139199210152521
0.05958412300079531
0.0838426174637287
0.10972327842119386
0.07914741112405033
0.07299294665833804
0.06714279274494256
0.09018353065477126
0.06777797954359525
0.0934848938432794
0.12999125358050495
0.0742502984383487
0.06616572741729279
0.07010812515106644
0.08800293820001295
0.11052951717648524
0.05694751614558955
0.0894034466815713
0.04979345219035731
0.08321046770299677
0.07468417457006228
0.09982791490022695
0.07665466079570322
0.08189017684662027
0.08783304495812118
0.07893788647490396
0.12058663291746821
0.09784442144119825
0.08925577856900059
0.08397091794188297
0.07208058852950648
0.09539550775126311
0.07738276752297556
0.055031607615219795
0.09421446610606889
0.06821206245943927
0.12566524289058031
0.059826740162223835
0.07481593364191509
0.09262345656863208
0.10618668666680589
0.0964966146869167
0.10568803452021505
0.11487073178317013
0.10051825770506609
0.08967986893277069
0.12262703562716123
0.13259979371480166
0.1064386391500383
0.08990115120413468
0.08721659558920362
0.04620780880946519
0.07412070024399615
0.06577070261963926
0.11747826520593202
0.07258770359122871
0.08899499557931381
0.11292742407566375
0.13315109270030093
0.0933665131751401
0.09950649209212294
0.07605453887694688
0.044396002805981466
0.0748178147460577
0.07020691680406588
0.07535764214125565
0.09327288732915584
0.05362633083200969
0.05842898530271475
0.08158315401941459
0.05890831888368837
0.06508242295429739
0.04195796512754458
0.06384625591559075
0.06078336619821405
0.08734991091240125
0.0733247862408796
0.1259212303406612
0.11127019883988273
0.046478635868561616
0.05237384890237664
0.1267651264367551
0.07369063138994368
0.06688924482558282
0.03185462555036233
0.04482695353981611
0.045511147858980534
0.03463070186924898
0.12062131253955116
0.039110093578900496
0.055097512142476116
0.04597238541334594
0.06707187551050107
0.04413411641075156
0.028613455718456315
0.05311171004622152
0.046739072367526974
0.03439439970570437
0.04664675964251759
0.04220358966075535
0.056892070561447156
0.08011200779893987
0.04873000688384941
0.04638163410586607
0.05940385182620059
0.08236730914129134
0.07149973117547008
0.05315675373384935
0.06934237997482376
0.06379218938705283
0.03869003257440965
0.06680769955848943
0.04914094135629811
0.09661832087952642
0.08055298483971275
0.059898517783538864
0.06880846054766351
0.05909303491166229
0.05323715725162662
0.06826257644561819
0.0593926955198788
0.06298942494863173
0.05621293511143663
0.09457474663483753
0.08246706242210212
0.04340382471043177
0.08675350670736395
0.062103675029704
0.09936350686856095
0.05797422163822983
0.03291874146142914
0.11705731382853216
0.043376945831824665
0.08087511923099891
0.08105753698208533
0.05617178615296913
0.08617410300678874
0.07457753348623335
0.03615034728163741
0.09618147637614259
0.05853642126679837
0.11738726517987684
0.05013708074783115
0.12431303344770876
0.05466212407979708
0.06367056758454634
0.06385074014622788
0.09848059366447603
0.07975290337401866
0.09245523110640727
0.07212937157626709
0.04366564437689774
0.07597708585764168
0.05324967549699611
0.050392432727846416
0.06152527638046507
0.08393823678386277
0.05812157351039159
0.09296120973050677
0.09551119764108643
0.09028377996975633
0.03546498674719924
0.037914291875218845
0.05936325359720347
0.05773846175937609
0.12786543737663175
0.029922002877892248
0.044854022000156965
0.05639112613212877
0.0775116751485341
0.039519445455126194
0.11410108470103598
0.0367600110671706
0.09610331429364238
0.04804500222144617
0.09249929691948136
0.0639780295044436
0.07226215034346088
0.04791861469786788
0.0754962878533295
0.047160725326044775
0.07959708143794283
0.07458213234254175
0.08118232257267902
0.08599560717522552
0.04600789164719431
0.07349940255185008
0.11963088764256538
0.0895314531034024
0.0526975276066712
0.07483524216953545
0.06805607679759038
0.06322526470628485
0.0979454717571112
0.06656285358898383
0.04705553821571234
0.04687796364083917
0.0634405201957508
0.06905688899826844
0.07072632140283992
0.07263745467107349
0.08636942148953075
0.0760350752217656
0.09927944591621521
0.06054011653670968
0.05360376689046894
0.07361381890457153
0.06465470611862778
0.06776108871405549
0.07551400838924444
0.0908249931150652
0.11824066766010734
0.06423127415497379
0.08456192645468384
0.06870660968642595
0.08028068218430252
0.04493374352050436
0.048474349693654294
0.06682639062235639
0.071565397154082
0.06802309028999651
0.10897600683915364
0.08832783798919865
0.06494705530733637
0.12275280885314917
0.08096579666313024
0.07664843417889013
0.07467909272457346
0.08232458369443885
0.08690794385689178
0.058754091196792035
0.06843767899608069
0.06292503685309678
0.08414604803197688
0.10384734848728691
0.06722025664697906
0.03225357904885207
0.09438008372568042
0.1110200808158597
0.08826908567171222
0.045900528438381105
0.07513564463946208
0.0759020290243232
0.06329932516775687
0.07967020355862954
0.058999989061243284
0.052967163855659874
0.12978977068591516
0.04799598404645986
0.06864662737712654
0.08538293709888647
0.046062498726669725
0.08551438536289097
0.09219107404454878
0.10402879135701844
0.06481444472703753
0.07296898721102503
0.05886884540093637
0.07633939756150018
0.06740842277571174
0.09395814957575925
0.05613834940704112
0.08227237536215253
0.10265154215299682
0.11658206198235596
0.07520025630538943
0.07456194311398114
0.0828716993259489
0.07339803941554564
0.113868316004465
0.10214106664238318
0.09338753896463878
0.058707114286877686
0.058607985945191364
0.07859357562505107
0.032398444093956744
0.08834567840116331
0.07663251230900885
0.1055829620661539
0.08443041843856146
0.07496411414245839
0.0466034920300418
0.10963843637569447
0.08665275643203446
0.07985994060593309
0.07209074706234839
0.05363822157733368
0.07032538697948373
0.10601745206746674
0.0694309228029891
0.06138501187821945
0.058591750720893024
0.07234991951143027
0.06098352862102589
0.07810181165186593
0.061316026462087364
0.08953817272199929
0.08266306493591528
0.0688720119524057
0.09852501648431276
0.07275614656091711
0.10364104979726341
0.03668857531354969
0.08017166019505734
0.07528230490937297
0.09465013811316116
0.06644816776571062
0.06332419909938672
0.06556332754514123
0.08608988040987378
0.09976888294568483
0.09283015828680599
0.07443131982964878
0.08869044807311392
0.076623645619422
0.047542505810107445
0.07267863761239375
0.07619785189721474
0.09145767331275446
0.1167495344924258
0.0745811966269099
0.08207019217025219
0.12129603279445057
0.059003619612794475
0.07990075552179925
0.08609326701259801
0.0816718391785079
0.09168994638466407
0.11287095054683022
0.08773453114560428
0.08300201200702051
0.09620257137745133
0.04610357147750173
0.061449556214154086
0.06779695398722134
0.0779553713837127
0.06789410889261661
0.08833347785435541
0.04688725351554581
0.05833293807201211
0.07594048624025967
0.028405483421322278
0.11442299463800244
0.06597472605128465
0.08049032385525134
0.09335296189590747
0.1094509026588642
0.056106115241268725
0.08961145408897071
0.09216765245802327
0.055592273401158916
0.07798678483937632
0.07599002121203915
0.07368884223136571
0.08280689798766262
0.08317816950123925
0.07893469123728358
0.0771440813928987
0.08481321840445571
0.07043610005991967
0.07915835690035448
0.1380972646032596
0.059362261338631914
0.052631404113607554
0.15481056114411915
0.1199025699678532
0.07217176881268181
0.09289769199501881
0.05847647750486216
0.08782653278511728
0.0811880057340302
0.05588485543305234
0.08010539546404864
0.10235226189387707
0.11995332635806148
0.0566234209926605
0.10444852820187345
0.09110608282200118
0.07860417006471627
0.10160414141123396
0.08309428754187141
0.06859277322485562
0.05462647566214977
0.07544582801773936
0.04627300074779859
0.09769777084158741
0.07522725253889859
0.12334411125788174
0.07405446110922734
0.07083166565581349
0.06767306992433583
0.07578674532356816
0.0837183537327568
0.12930675435162717
0.10406706067769295
0.06636907471737012
0.06606634748178451
0.07346807028672184
0.11859353346058137
0.08530886732464685
0.08667610788314024
0.06053695688224466
0.06648393341025084
0.08140203826334513
0.07302813272284048
0.06127339234868509
0.07467046544316627
0.0697723668441739
0.07268259097970896
0.09279162923809167
0.054630159404707175
0.04269214859001297
0.07975097406119651
0.06408972316238935
0.07689052512893997
0.06475037699666267
0.07979340111499778
0.10156505164140756
0.08334542879673709
0.09320513426976838
0.06964806365714231
0.06620946685209027
0.0917398123959624
0.0909143197413428
0.11257974191812639
0.06774025651918082
0.08649854416226653
0.08168454748473167
0.07780172169426168
0.04939125668316455
0.0991424461746077
0.094876408004959
0.05741918222760606
0.09489782163657552
0.05898613169722328
0.05599657592813837
0.06174875067742271
0.09053657007466392
0.08469441206176305
0.03758026642999272
0.06839542273869287
0.06455194238413317
0.0479852613627994
0.055841608456143034
0.07074420021278964
0.09281146132635072
0.0904551571425062
0.06616509152382213
0.06559185922154676
0.09390994821365224
0.05947810558871936
0.0729309330457394
0.05889163059391828
0.07384638144643821
0.08746418100525516
0.06709851346210147
0.07213202388230124
0.06690030457887906
0.05096217516344598
0.10097537207749768
0.0704166401604735
0.0779605001663526
0.10978746873356672
0.08942631336672242
0.06926337605317823
0.0905777544823413
0.10751879326085134
0.07287950464667795
0.042192239833384534
0.0762719049204571
0.06784400564156115
0.06869671916264039
0.04667675028334738
0.07309186738299664
0.055082254419265855
0.06480080588005573
0.06792851367070485
0.04924285384533817
0.04663304260846622
0.07210898859738621
0.050475888160935296
0.09159567997499186
0.08684804881710075
0.07982623252771336
0.12806505155539158
0.08815100250324852
0.12709283364612745
0.07240392159163948
0.08778536057172114
0.10704517352245954
0.06505187012305817
0.059658554238386195
0.08046942096419422
0.07616039411458904
0.06277469362333318
0.08450711626618229
0.10702319355349184
0.09416631937235033
0.082868328293129
0.08905993332399398
0.08112292563141534
0.08560610782449234
0.022948486335900922
0.05367833045432862
0.08248289605121462
0.07605636691716156
0.0756859240410357
0.08711312812461178
0.10456899203552125
0.07861891473520287
0.09017067057882026
0.08047485771916528
0.06880554932857834
0.07370692791953341
0.1051794818981957
0.0646024717713999
0.05376179945819313
0.07016667508648573
0.0715701981214436
0.05900240243534944
0.06472543601749607
0.06283090704074178
0.08479837593122798
0.04351571361957604
0.11332008654933569
0.07771904685664761
0.047150405887745245
0.08885125276219122
0.0814206553795772
0.06146935478917894
0.08998939085757834
0.0638128300704609
0.04760633295987699
0.08398992099709474
0.057642902895881594
0.09010277212727799
0.10718567885077382
0.0865285223903114
0.07933540290661097
0.05075311034144613
0.08935993061192056
0.07872416103147943
0.08476072870017372
0.05412349071230523
0.09165121805029144
0.06812586928192156
0.09474136147773218
0.06742992607874228
0.052530208489866136
0.10413754493141264
0.04551628476946348
0.10910721100890033
0.04858877553388251
0.09314446034862017
0.0818572730429034
0.07565735378187922
0.09271142002888698
0.054007258201858505
0.06884138293294066
0.08702912573678083
0.06803789539365626
0.059028617974386514
0.05944793503526047
0.061312264746707174
0.10462996303338441
0.05466653928349189
0.14124820932986526
0.1134701237415312
0.10505363886989418
0.0936723711139014
0.07669518767099454
0.0877212273706086
0.06552901593123649
0.08593320199819887
0.08227479286638427
0.04897692328645167
0.08097759067574808
0.09988746413846364
0.07773567528048998
0.07542035352803872
0.12482340363338737
0.079976798637184
0.13180862093483334
0.08916451516152592
0.06384527113088072
0.06860959962147077
0.05861966866639143
0.10965199311809358
0.09094876826590649
0.0954837163538127
0.06587012185105888
0.05476068133833457
0.08244421744775225
0.08278597415192211
0.04786080199240178
0.06404708624124589
0.07361643308276554
0.09379123368770607
0.07237977573102969
0.049423585178922196
0.08187433021808845
0.10060338725613983
0.09036936811228626
0.07543301853118722
0.12305946831724537
0.11206616731329412
0.0732595844416697
0.06454735736810807
0.10850085557162568
0.07326531299370552
0.06440647422047602
0.07728988492619944
0.0941332392068861
0.09370642083165272
0.08277594535930684
0.10659159753636364
0.08339447684589713
0.06662481407399772
0.09108675677301958
0.10272746828403916
0.09711565452467547
0.07177727863763718
0.11905587526889072
0.09742100898150896
0.07600241258762923
0.07956391279230288
0.12408523571733103
0.11160065942686864
0.09603473629676777
0.10086600960674855
0.054478528086121095
0.11091006515559608
0.056054862561709086
0.0606275796768116
0.07444212314106327
0.10047056154323422
0.062405080554968705
0.09276027078001318
0.07082741754809503
0.09420067374522413
0.09039181168963074
0.07350601767141927
0.041434579427755955
0.06541376110453874
0.05760716942258796
0.09715546086984658
0.07118541758752898
0.11556341149657806
0.11081645518990046
0.11960301002076533
0.05023182956526262
0.0824960168257399
0.08934610301522473
0.06573269195489667
0.09955992908930282
0.06286907186843071
0.12393947891848835
0.11105295546619484
0.06982548781982788
0.084991590594431
0.09901589054543397
0.10127082302496321
0.05902888179234735
0.08823320395217607
0.03832211691743843
0.11659157658125464
0.07895700988713815
0.10316275406913078
0.11290457256440249
0.11833388831051822
0.08447597860022284
0.0836155860423052
0.2805251807415625
0.12810136693383914
0.11933225261638443
0.08633117664163173
0.05220563384202904
0.0691237962050924
0.08950580745615941
0.0906174084555893
0.04465485047804537
0.1001858120970488
0.11555514684360159
0.11344546249599939
0.1309846476637317
0.08811614729036721
0.19601476716442368
0.068003782423072
0.12289742487769895
0.06605936804512778
0.09747357547286381
0.09873619144778834
0.2791736847658281
0.10766536022346078
0.1013401630469891
0.08957290728240432
0.20544430268368358
0.3321128905427813
0.10732485506671212
0.05719666293824143
0.2524223442410857
0.07446321237262746
0.06225617145064623
0.09666100160862443
0.07762057571299288
0.06981169225778253
0.054915834868630914
0.0643216341709899
0.11594189522171038
0.1379124302157785
0.12514808120730814
0.10534975848350084
0.13393157354694307
0.11307441437761086
0.09329300179949991
0.06742882422593387
0.06060235862132591
0.06871199059684306
0.10764021416796216
0.0887124123328405
0.08144712272189594
0.10373241659230974
0.09311704851631547
0.11207898186618499
0.11354921906837688
0.08326249349801072
0.05219607969486032
0.10542232728348337
0.12048879407967485
0.08291345443664677
0.09286496291037982
0.12121262637898923
0.12469630927661189
0.05261803613436723
0.06990247831744746
0.09490568755264168
0.06816879962282177
0.06879431423322299
0.08481403533077109
0.06388313856103957
0.11066875279401536
0.0872452117279025
0.07847993027396191
0.1044351294143455
0.12192291860108227
0.10188624216430936
0.1015166270309644
0.11164636452701986
0.07704162264251405
0.06916735011179899
0.06390117195339785
0.09181881903133367
0.14350808878725696
0.30146225780274655
0.13675370978275597
0.10287435252668085
0.22768428033007992
0.05564640168103496
0.07787577967209416
0.0764890569320182
0.08647892641796831
0.25971070778583444
0.08539251815230796
0.26603303262085415
0.3219384654218363
0.08402679395805575
0.09650534397925799
0.10584791751917
0.09230132613188419
0.07586075202629067
0.08327303348735014
0.08767938663524912
0.31125759120090485
0.06368035633475932
0.07712849340028587
0.06604139629189476
0.19950705922657092
0.09066033983991127
0.05316988952882458
0.09861148202009445
0.07579269252175964
0.05521805725534916
0.07437932478071198
0.08543255380563276
0.08332258113338774
0.045906334075375775
0.2526817632916934
0.12559896742585208
0.07743485230459943
0.08485650948364862
0.08007069393102705
0.14159614233754628
0.07086026701421852
0.10193833167278914
0.1337436525221493
0.05988578597181399
0.09176715207839375
0.09039823213229688
0.12621447023896118
0.2565969528749961
0.2763084773865777
0.10264360977275262
0.06853949805940028
0.12025173160318176
0.059899992480065625
0.09833255991143443
0.1010009809004266
0.043575226053308845
0.08872181548221601
0.20542602370202628
0.2129949958207605
0.08569004472794742
0.12435464634078378
0.057286220596189416
0.0653224592726903
0.1134705225874983
0.07419478286774352
0.10557824432903294
0.06895415288154491
0.12772846252807074
0.07948748360979922
0.08208454652600448
0.08020848404228556
0.08306458857455458
0.08182176284335502
0.09799461465108615
0.06326887617197537
0.1481672073250633
0.11501704947338139
0.11379488208689056
0.06058871391405135
0.0743980749701933
0.06568982463601061
0.07233804411957927
0.14481775766801844
0.09358537380396284
0.07592581969542861
0.08740407127516044
0.058315625026626974
0.08568592467135333
0.04963116391193701
0.10217832289422253
0.08032101596074909
0.07311310306574259
0.07517794747085306
0.09547034698996795
0.043871261728767416
0.1067207816201568
0.04273768296606933
0.08424509606679749
0.07349766617794884
0.1347901058486558
0.07377449898440065
0.11318117341425767
0.10391028040440517
0.08189129432633896
0.210001703694136
0.12579495665673096
0.06821050511044495
0.06205702057740006
0.0761313983775463
0.06575144693529615
0.134285523665514
0.06739935326928069
0.07776868098101908
0.05976981737007866
0.07870638652452414
0.07835168366316447
0.08948483257568836
0.10010040236668616
0.08419813734240797
0.1037613935831758
0.08579623429268445
0.1011161219114663
0.08333078528758685
0.26621442943913487
0.1657602655076119
0.06530162203556931
0.07104898224805248
0.11440362636315166
0.2831555385529968
0.06679782911812576
0.10944499384156485
0.10906940454792151
0.09024881781635896
0.09687586180889904
0.08103968770328583
0.10419835734982143
0.06260005318109751
0.06458557628109547
0.0926973262337494
0.09039273281293929
0.0699268838581846
0.071828893007118
0.07580594585590376
0.10725928931403406
0.08774262361626911
0.13834777846957846
0.10867371218806587
0.07202203294424503
0.07818407106627205
0.0960606205034854
0.06872651039891962
0.1470766647432483
0.07408367676072139
0.09927683044814639
0.0801798104197331
0.06542908185107903
0.11786991540004363
0.1196067390242439
0.05860948009262912
0.10741854246805842
0.04426149639927827
0.05800022747518508
0.07244580535735133
0.10398362998283504
0.05476965140779723
0.10834346671856586
0.10631306028527811
0.08317860536346147
0.07157367302200227
0.05802679142766165
0.08411386676757171
0.12783894242579202
0.08309647631219635
0.09316489800770011
0.12958207612842598
0.08850062905786366
0.10252322061548294
0.1089090477096933
0.10857348618178053
0.08535972902509927
0.10124293517823468
0.09355590666436937
0.12472771470742194
0.12512781950557475
0.11457979469810485
0.05334799852854975
0.14066295374087115
0.08526413512600639
0.0939328081221003
0.0976021661452331
0.06987599036412626
0.15528133025404747
0.09091225098422805
0.1059033776219088
0.11006961379611091
0.09502387493178051
0.11701343253508409
0.10475635554524212
0.07262392442975399
0.09667547460021843
0.11853707159193304
0.09287252644060755
0.10590343056022904
0.09613323240413808
0.10386537820370619
0.04462563846024497
0.1264370020434238
0.08412951676013977
0.07120106957714237
0.03934451853014178
0.13588319731068071
0.11442949690828008
0.06655565692053514
0.23182744129278476
0.10038045064168444
0.10564814893301587
0.09110167286532982
0.07776563769276158
0.09400087019061151
0.09801961844045977
0.11317928528651225
0.14677586658145245
0.06670367024160513
0.11492852330929243
0.11124748191417626
0.07510847412096282
0.07766767736278588
0.10829997255761473
0.10011841457767214
0.08418792817907801
0.09124740097064779
0.055605513942772127
0.07662585165785177
0.08081960301112262
0.07287805834279369
0.10927294317742385
0.13030468852092417
0.09338500123700373
0.07214783274277961
0.05617524570330715
0.08899213169661671
0.09937777975946797
0.08230696099493523
0.0920424032971439
0.0969256144449994
0.065398071314819
0.14894051787394624
0.08390692729139235
0.1365967228155776
0.1285592985638237
0.0964672241300573
0.09576955549495617
0.048917726721963706
0.09945391208880837
0.17894358283807615
0.05889757204891457
0.24569853864525298
0.07967639970060605
0.1258945054042881
0.08986595605797691
0.08500285996954716
0.11415463722462245
0.07952995487661393
0.08175608379973269
0.11120587650868553
0.1315202117560556
0.06329844001224394
0.1357485695525959
0.1056911805361624
0.08979215696731148
0.07461061102746605
0.07148991834780213
0.08618863790856128
0.0655560385849368
0.09202830679917921
0.11344106854540395
0.06534200437526133
0.11752795025335813
0.08461041958115287
0.06808179715500853
0.09373839834392818
0.08438135890044383
0.08871385353698981
0.10686915913590711
0.09909504506268753
0.15779394524520296
0.200666599719854
0.11053983769154285
0.06838650405791775
0.09369624123115224
0.09281115342040432
0.06976285226212486
0.09950329966571479
0.057496426703185895
0.10927814060449036
0.12209837851510447
0.06543775806084015
0.10477265416901033
0.1247203011545487
0.10551428086270503
0.07408020372397267
0.12054968364335167
0.10197461163391495
0.07245945544172527
0.07332342948059767
0.117683482889522
0.09902196909240733
0.10538460811171843
0.09764916904133408
0.06486723313504635
0.11808707072939119
0.12912691901009915
0.08681024897160776
0.08922906132322429
0.11543182437731142
0.09117157533938286
0.06572545119034832
0.11771714742054736
0.08773155919801967
0.07313483399015461
0.1105480612157097
0.10292924410596456
0.12340998501725098
0.10345301980458296
0.08848179854218215
0.05565506608508282
0.13265653163153765
0.09023316862720765
0.04883985706090892
0.11805280362331375
0.10912737802939597
0.07493963028335032
0.06018720272991736
0.0699675458147365
0.08337046095400147
0.05624859080059415
0.10440746442884344
0.10944028391507618
0.11902697171554359
0.11060337312812749
0.09392159380233116
0.07708418348230366
0.08179727495580288
0.06458083061117316
0.04833188802454015
0.07966588609781276
0.10207022959241799
0.1044525046774179
0.11389625589881316
0.102826646885984
0.12300712330100398
0.08763902246190496
0.09891094521268423
0.07778614514128633
0.09529860300164737
0.056096680411541935
0.12051729636120546
0.1106882864027637
0.06659747403097903
0.10656068599154105
0.11000323010982134
0.12287639959112086
0.08621394799550898
0.08756718051135752
0.10421310620970461
0.07527692516165925
0.12405195826178494
0.07238083873835927
0.10457131561955384
0.11546273106248936
0.048182447441326645
0.06180252753986927
0.06929075337579915
0.10853908772466565
0.11405492824376613
0.08071431019058704
0.13373106164637386
0.08576089494156486
0.0718621316392273
0.11348037912891819
0.0974842597496929
0.14051581264468485
0.053192410700911144
0.0784648111967807
0.24826818603098333
0.08670856714349282
0.11488175587499541
0.04616047569342768
0.0593799749626194
0.09134952746534368
0.06186904977639676
0.11773437531449324
0.0954470079332437
0.09398222320135982
0.08476163726655196
0.06823618879465972
0.08026654867931396
0.06033039615347155
0.12542804808381894
0.09918129477925128
0.07878274532992091
0.06762855215745665
0.0872725546068004
0.22783893905144142
0.052779461286404414
0.0780204867694803
0.05853144817850702
0.2938194042220562
0.05180275140096718
0.12101654352029384
0.1544970486111998
0.06641167740739995
0.101280060067688
0.06912774765071447
0.08183901236065237
0.2722722622159906
0.257557071202347
0.07519854899395155
0.05724266927540119
0.11824748701335372
0.11545386483815809
0.12512108075021122
0.22282426754547124
0.09990946954380313
0.0574330756944413
0.10143641201317972
0.0667334206016457
0.11772528030571142
0.0779177347970311
0.08366202130716748
0.08515879262983003
0.10303364939804965
0.0809708088487746
0.09427303592445388
0.059972744080631475
0.10475380811530856
0.10827039519760048
0.06569214152135036
0.11360955907762804
0.055234290320088836
0.08945851968757419
0.14364442374962488
0.05860470778195004
0.0715420689786642
0.10063131792478755
0.08237013687457953
0.2647055650712029
0.0850685224126615
0.06966604495671228
0.0866100596534413
0.07036270103138327
0.11437265390396117
0.06018109791776312
0.09253613656585617
0.1252784897697007
0.13658514276559588
0.07022957890596718
0.09112697730983334
0.21923194736102727
0.14922904963501496
0.09852287334088944
0.2273485395040276
0.07967056279854184
0.1163828321445313
0.08435654989092234
0.08040010415523305
0.0929056899651137
0.08875942607951869
0.1213046543512569
0.11447529093647674
0.0895137594563254
0.06764289383334268
0.07182040470817555
0.08897435908555897
0.10051168251003464
0.11300975446884987
0.09981100734946653
0.09843454148627256
0.23745901987443366
0.09858336175417633
0.09021798366936803
0.0838599733644176
0.11656363604191132
0.08866153132111654
0.0817249124301885
0.12376315397653867
0.08329400837596708
0.11076038518933956
0.08927368829041861
0.09178302698927622
0.10640227731796416
0.06558968595280329
0.08888088813707923
0.10317797466007847
0.06031382812891901
0.10074160394491108
0.09393044883597694
0.10657899561973788
0.08589035059398442
0.1094618711503444
0.07466177163348559
0.03845242719137208
0.09117839212567407
0.23553303887803365
0.04843639745749155
0.08631854104192355
0.11668103634243651
0.06142957043526484
0.0890877428812153
0.0854876066498842
0.10743824028378474
0.08033574596558046
0.0860975935377112
0.16482829696468404
0.06242079561807341
0.10893276822752845
0.1235898135796355
0.07166161134448147
0.0625465968040486
0.075172809660037
0.07082588852887099
0.08761886681962916
0.3155469869829788
0.11441612834999884
0.053487996471192435
0.08794782128148826
0.07046828283715456
0.10585037818436996
0.09792512967035653
0.07612016047730544
0.12854577187672628
0.08603756422533973
0.11793011308354284
0.08924869118661276
0.09197569773469164
0.1018976354615142
0.22891752642089933
0.06767314921316243
0.08756561434717058
0.07467734260346057
0.08757151190071993
0.1388955165851619
0.08960069354401001
0.13314872433787972
0.09399594342995282
0.06954496146844293
0.11187390941373333
0.11708175042885481
0.10598974872372054
0.08228858807099008
0.06087813404447431
0.0898980801438914
0.0895856566281025
0.0653458910308344
0.10251007903427214
0.08585079114628849
0.061771723038790596
0.07986324150044156
0.09635453309801958
0.08434330387117436
0.19496687116158606
0.11983273295046995
0.07739301945529257
0.10229161843615346
0.07367911416671029
0.06774802261273992
0.09505500290694707
0.0954097222649911
0.30745572776923896
0.04669154058048512
0.09912053140040578
0.09937586187617296
0.1394914507518527
0.09359854882889343
0.07684748918624892
0.09582700187697032
0.06386639805170795
0.06937574568627417
0.1026984758358521
0.10554226984339833
0.0736576090182324
0.08117201153237372
0.058234959300895756
0.12591625542987284
0.11271637844795554
0.07933195498222795
0.06808290670785896
0.05176148179727781
0.08676901709280509
0.1278665199966896
0.08262309792077119
0.1251842968448854
0.0542301496686034
0.10247323175619602
0.11796541783919062
0.17374844353116484
0.22860238936065014
0.06273753114177419
0.14234691567800745
0.1500619855763329
0.11249233263569333
0.0975521329851089
0.057984563633282374
0.08007676460135332
0.1000036023122946
0.04184154995106061
0.09032414492772725
0.09091011877143279
0.29017800915297887
0.1566957218163512
0.09822753563395621
0.05773767247453485
0.10343820291996762
0.10092783907875912
0.11479829565564888
0.10805913824474678
0.0774004343069832
0.1205620236496455
0.06709922041127347
0.09531102663506079
0.08082223000860105
0.08783097179318085
0.09224047540331266
0.10194869195881365
0.10746138989016056
0.1284150479770199
0.06090876850414568
0.0727997051015486
0.07864089336382259
0.13195620601240612
0.07644161152119806
0.06448211334146121
0.09129639667579333
0.08500878581501731
0.07591216091999507
0.0926642681024948
0.10271702421026087
0.09638043795812605
0.08821937196068912
0.07619940899878894
0.1001369756208461
0.08492553840817699
0.07160099885520889
0.09105034689350529
0.10105304913829805
0.08358609904123311
0.05958485406062428
0.08832751235848178
0.07365695763266585
0.08842887373110585
0.094246693995431
0.07349638878022641
0.10704123491955547
0.07679329341576092
0.09552216433536034
0.12187040672577948
0.11083607248741444
0.0789255785447029
0.11195774665977229
0.16018837158106972
0.10816135048636724
0.07309712413617486
0.06795740447311828
0.07556457356363958
0.061995002027736446
0.082531358761788
0.0859915488091997
0.10264736557977093
0.09883727124303462
0.0849847662711739
0.07651185281905268
0.11430504410188896
0.07622347525102041
0.08917416871336975
0.09582551380599622
0.10366731403650686
0.09671080415096357
0.06868323756878536
0.11142539084103535
0.104587740930054
0.12004432052547477
0.09229883593134178
0.05547808765818109
0.07530356034992204
0.09707979874073448
0.1073025029525391
0.09905403256297725
0.08080116822326557
0.14366700871720672
0.06301498722502906
0.04590474821359636
0.09124643863109141
0.0697466006407216
0.09891649299246305
0.08055417359975048
0.06784053989349755
0.09172836787259571
0.10271760483097211
0.03731015180764373
0.08920300076508197
0.0898443897968532
0.07162002853923988
0.07721234647013431
0.056773095185745345
0.10102168060969062
0.10378141715741544
0.08093629527434928
0.11162761856983681
0.09348150413541759
0.11596140498570322
0.11918874455477346
0.08883312866443788
0.08592626368932704
0.05643962814706962
0.10880754033946478
0.09040788371279614
0.052392753905764776
0.09726474662695865
0.10222544659506519
0.1192473884221112
0.0808835712945907
0.08063103656427899
0.05927661275993549
0.0923643120046344
0.12744680991076793
0.06535114447748608
0.09883544639331383
0.11187584726200457
0.09593896400033412
0.10964469344584162
0.1318996408460009
0.11972027248142718
0.10583104811736091
0.0851550275785671
0.055719194401998566
0.10406738870821716
0.11323508992910782
0.09142161528453747
0.1076306215628473
0.09450181064382909
0.08975836015065247
0.1241994708290888
0.08837762062567936
0.06071930241419361
0.09269391599966068
0.11750449002974714
0.1184961835099535
0.1419164764011317
0.09728305189967276
0.09167983686483126
0.08609533686950664
0.09302975705983503
0.0793854127053712
0.1278445848907696
0.0676338029659311
0.10947484663048322
0.12257404242759105
0.09095979404949925
0.04114920160480609
0.04773737775774427
0.13829355657571782
0.0860394628718975
0.10128292421524189
0.09204694697133
0.06963450904761657
0.09331053912482266
0.08482634456491084
0.12065419652771338
0.10353587792478187
0.10121607555297409
0.13065307306778762
0.10872059525634922
0.07666704788421538
0.0795737883965018
0.12061767785840855
0.1372640982035228
0.06521671344472875
0.09480531937983544
0.08449647669451373
0.1109964943892054
0.08661125871947366
0.10037759899618416
0.09964987838424111
0.07099203670564974
0.09742264593152983
0.0981755426180465
0.0675719776685132
0.09135910600636954
0.07392401496504325
0.11208270998292813
0.1142831213848102
0.08262741439657365
0.06528185309777224
0.08725864985882437
0.10218699567549751
0.07988846747230213
0.0501548293240246
0.06872303361707863
0.0948930458779206
0.07623526314197546
0.08895413734106353
0.09082850896897013
0.24968140352314824
0.11823673339445206
0.05767351312436465
0.08689438804383708
0.11018837932775022
0.11842074075526152
0.09189009649044434
0.0812599367009006
0.1423040165030951
0.14177921228831775
0.09300817272654849
0.06686686795602134
0.05727917035965723
0.08142579659968137
0.11718626594394216
0.11039758846587165
0.09766772752330119
0.04685818807333884
0.1484864658738108
0.10358874732792708
0.10387385248396531
0.11844056869947518
0.08320305555205053
0.08331760514876266
0.06423079317864024
0.06129259371477103
0.06039011775290253
0.06977573182218415
0.07129243396935694
0.14435774053322764
0.06008037942083153
0.1120244854763975
0.1245745924698057
0.13500367009885214
0.12317156779348507
0.07807368368636806
0.11916845080402236
0.12087579945013761
0.11313311374878321
0.09798911524648941
0.10913238964612629
0.11149018190367906
0.05677186627364339
0.12757689212147647
0.06150414313834467
0.09343833774781468
0.07902895367647876
0.11157593921675941
0.09632101692118
0.1225407484898361
0.12964846116870488
0.08252309801901023
0.07836074630619494
0.0585755082526585
0.14005222018095762
0.09128837574261454
0.0672869768430451
0.05924342726804891
0.09699439785307674
0.10638374221684604
0.11320344135171816
0.06932448880834112
0.12900908514615836
0.08754253355507872
0.048618418346602243
0.08710182697600526
0.10461482743978982
0.08302350756331973
0.10495733845477971
0.12310547110598173
0.14527650283531818
0.07001336700535485
0.05026869748767036
0.10507361038706813
0.08965149122457385
0.10154015530297164
0.1291644284178194
0.07819517479792493
0.08478556126695332
0.11487816019721453
0.05693902295172886
0.0778885533833859
0.10557140391686663
0.09753613641733469
0.12307601162140973
0.09913927184972217
0.08481842389905823
0.08490888345779783
0.12028042351560492
0.07295052002184627
0.10249055513257914
0.1142122038883056
0.04696216854766391
0.09072505769323917
0.12180945182797447
0.10601457835146266
0.0536950092301993
0.09262787732907979
0.09705039750779074
0.0759979364602612
0.08243771521938287
0.11065397781296528
0.09438740993171674
0.07651063079835962
0.07946990030490775
0.07808402745796511
0.0578461702821175
0.11781404080119727
0.10556110594942153
0.12590385424961723
0.1414605234813876
0.07933997089385171
0.10841326507024227
0.11361455862403029
0.13620027003431706
0.09021433086350328
0.13877262659501388
0.09365728879766322
0.13240597022535935
0.14984521293621816
0.12932190853144898
0.05379853755140896
0.12091692271282738
0.1593841197497899
0.1049543352377664
0.09477984433047665
0.1008889473009102
0.07009309707113259
0.08508232833846564
0.11348005022145402
0.07560373310344506
0.10847137063968826
0.08185282833329569
0.0662922969756556
0.09027502221103292
0.07771421710721112
0.07002696041659098
0.14097094201935226
0.07189701350824677
0.09741746305081625
0.06827669289680943
0.10857787776189713
0.05818690251652687
0.09657022645680939
0.10072433399210401
0.10499371742757352
0.03637885169295072
0.10104017650171179
0.09853937689539102
0.08982667679852413
0.1188376310478698
0.08377344933254788
0.06855341777762536
0.1367422690135546
0.1449849443159588
0.08969674208320774
0.05801947173197235
0.08557105360792326
0.11646584374847967
0.09852963577278753
0.07555897602242116
0.13743181425206535
0.0937115259536674
0.08419961598310095
0.06796499932862875
0.08468497057005263
0.06866914325126498
0.06330206563491626
0.1053219043081434
0.0774042874646444
0.07798769989348465
0.11289668818885368
0.1482784360595211
0.1123809227130419
0.0889509149815391
0.11795006722278795
0.08311666274482034
0.06023549881679297
0.08615847488230456
0.23331543719047493
0.06546647909860571
0.06914024632821764
0.12082486101215613
0.1178442099801725
0.10290454658895765
0.049198554096477345
0.1252591435920962
0.043149252791034584
0.1385807672594528
0.08871384398787295
0.11386598822038921
0.08012426551137188
0.08841969951103121
0.10912714608246697
0.07434172456553634
0.10485260470687423
0.0864465310597622
0.12977586699222413
0.12306216971095418
0.11432654317164927
0.07640760322072994
0.27168835175720174
0.05480056421610788
0.13673029146830445
0.07528339879467552
0.11444013911397152
0.092968990908354
0.11590879565123001
0.09098465537059112
0.13332424194658238
0.1289562944970522
0.13384991688194994
0.1292285570730434
0.05693598183099603
0.10477434920966378
0.07420145845375427
0.11604521678454875
0.03749261031246488
0.09032409173247005
0.07751529932823097
0.08016898153540114
0.051319813017994126
0.11050655316438292
0.0686865653324816
0.07405451771455673
0.090413608707546
0.0806735382107549
0.10792064960644746
0.15476619002537398
0.0750823141296968
0.11922753492732774
0.11485828422840948
0.0669310518309319
0.11144285845834173
0.06001136859108093
0.10107383581665286
0.08447456676435054
0.09333973272839555
0.0677693853468084
0.07542130510183573
0.07189643754521834
0.1294170198305486
0.11852133558615993
0.06265354887529427
0.3095783554932662
0.06298496073465058
0.09096996267734385
0.08223917011874807
0.06902539618872403
0.08383650153648557
0.07525684353184954
0.10072600551329096
0.09582045015410666
0.10705826286200214
0.10330388634756002
0.1127327889629907
0.10972283056050594
0.06431891754973716
0.10297542853218346
0.09074698418391387
0.0777854795895656
0.07888509650754243
0.057197978686171595
0.09592213179698775
0.08339700469396004
0.07861323736926536
0.11329480588984105
0.08797368934536581
0.07332303163552485
0.08621002762196721
0.07647410892587746
0.09020437144511693
0.08385338906658604
0.09258996517262569
0.08992969716314547
0.10689875222265421
0.09649059328735246
0.06392221084812749
0.08884910357380368
0.10944957442670536
0.08583557605225291
0.07235708202743214
0.06414284266037441
0.11729977381794165
0.0743331756957826
0.11308834964799347
0.0697506956292353
0.07290003097804874
0.06347875517585932
0.09563104409394882
0.09607835021591632
0.08598577136685875
0.08189845066771785
0.05140598006503386
0.10808529467447099
0.11279434950644407
0.09933251388127816
0.06511728703399472
0.09542567312113097
0.08728956853735488
0.10850241661029417
0.10174378667649807
0.09153017074224308
0.07210933712181522
0.0688559539027333
0.11807303293924014
0.08046373310668156
0.09486174855970272
0.1083897757605838
0.09477625173656994
0.08276318347818068
0.134047062345366
0.10346550457679854
0.10862722754612851
0.10305417579286931
0.07482186938566746
0.07353842118362773
0.10751507161563005
0.08105307455416211
0.1057113014520057
0.27326172177670216
0.11019892006566007
0.10708104722546033
0.08270744241340919
0.08421618976836108
0.08766042552711445
0.051215113284661426
0.0758514921580488
0.06680147680949172
0.0929320969761308
0.11069218347776907
0.0899586936264292
0.0762013426984777
0.09275565040513394
0.06913967634623648
0.07928949065504426
0.12665832379002276
0.0970101090964997
0.14194623783422272
0.0912321793828131
0.08581529043764353
0.0456814319352983
0.06666292238179296
0.062360548590325
0.10808248120117774
0.09159488803090843
0.12090872899674134
0.06691935284621545
0.12367955396847595
0.09564178696276815
0.07404018785430273
0.05851184634478922
0.11772655405519268
0.05280265719073868
0.09649436362038573
0.0800026895014851
0.14053224914741905
0.12233205289322949
0.08813481880977712
0.10042890929918938
0.09591386412659567
0.09597116847225194
0.07547826619480337
0.08195817033811102
0.12271386885030533
0.07388056043536038
0.09607831636786944
0.1175650718313071
0.09350835618662924
0.10481862687684512
0.09477891005912556
0.0985850010386367
0.06212746712476715
0.08590557280056799
0.10537901194256788
0.0860641259845753
0.08845943205569624
0.101134732345457
0.08554903965561378
0.08330849988543342
0.10493965830838219
0.08092865797823223
0.10631411338858933
0.061621626089055415
0.12496776771299352
0.05764146519022194
0.07860965345759599
0.10192564865489992
0.11379803657482819
0.14747338832820647
0.09317194662196608
0.07506661031197952
0.07527689008572369
0.07901217916700602
0.12952830681836486
0.0689050915054009
0.12028424361449587
0.09765143617700232
0.09892879508474599
0.11677675446823486
0.09836792699161263
0.07611460085277584
0.05203904492116936
0.09738628698217712
0.10592923580192792
0.05317575211798663
0.11955374304256809
0.10245630378539662
0.0682242698160878
0.05910466246731702
0.07416134662834002
0.11834614503383092
0.199035106154574
0.1241425585664011
0.11721004113115374
0.10073698388951696
0.10130335157842907
0.09503703415101589
0.14679961040634174
0.08873484571290355
0.0875859683978794
0.08178921254296784
0.07298212178945665
0.08416271674620536
0.11515756330651185
0.0733514547459724
0.08593767572268898
0.09325726789636056
0.08469869501087932
0.06673811587077094
0.07038050742411736
0.08446804115393962
0.11208468760504271
0.17189650126400857
0.08091991439557658
0.1282253309778747
0.10688008701905273
0.05834095104750507
0.061510358551810175
0.09934877407438958
0.0483825868428034
0.10131688242285734
0.08464881936275158
0.07969466123510542
0.09137751509858297
0.09159135241683448
0.08742055692025438
0.10906848644634355
0.10661253533764932
0.09281481013402304
0.07630846471212709
0.05098114632979897
0.08060745482094377
0.10526788117794318
0.11797508645123965
0.1370405501914006
0.13079725173738777
0.09303548828883468
0.1044121751551738
0.07813548596608987
0.031967194914154985
0.08112326928093302
0.10179952178079076
0.08747481868327929
0.07455041313763701
0.10972517833729575
0.14314236470852337
0.06901290834196554
0.0679413827086442
0.08109275668241844
0.10289311546864065
0.07541273333493576
0.059557465339016895
0.11411650633971583
0.09849543620851028
0.10745039557309986
0.13196641164535952
0.11262118318469039
0.09601382459048083
0.1317503984834409
0.09510883475703272
0.12041585330097651
0.07690342919336017
0.0863203604952878
0.11031904291543743
0.06671785472450135
0.09678195702863865
0.14592246731676917
0.11040630506856908
0.05824193278755591
0.06553395333013985
0.07057402382689155
0.08135365402817386
0.1023824123383478
0.11636273018844967
0.10000469008909582
0.05390340912635393
0.07421682040678033
0.09162400050747556
0.1214424320424509
0.09384053305937978
0.12228854514058707
0.1417494403574787
0.1301360933041762
0.07334451676619137
0.06316979449811445
0.12649993164842
0.085458266266
0.11339130775246033
0.09865010341960667
0.05721690691400751
0.10405953509052517
0.14325170392106987
0.10806111052681848
0.057945092920781656
0.12148951227894789
0.08360411764862169
0.11176853362171785
0.07779497768053066
0.07195026245788255
0.10832299897875199
0.10641203152815477
0.1272977199163154
0.06907368177358329
0.1136666703055941
0.11351946224538231
0.10285974108945217
0.08650094039467743
0.10013216549907947
0.10128870344174172
0.12052508883455955
0.08911255888887161
0.09684973185409386
0.09991203347401888
0.11832813161280965
0.10373075508500187
0.058114991727553626
0.14132253697575986
0.14236202986409174
0.06593928251920401
0.06930969097722697
0.08436071865876735
0.10291737571529033
0.07421501892707445
0.10206513726178157
0.06948224299523158
0.0855041843898607
0.09980597244923549
0.04815556781279505
0.09534544120012337
0.08399637251234479
0.07055716685523296
0.05820032263064087
0.07393119748611922
0.14652607578206595
0.0824372289076829
0.11503077346919748
0.10026018253139862
0.09311143916837064
0.12168679471473146
0.07974702473769076
0.1209956085063118
0.10151184723394634
0.08669101261802896
0.10950284932194447
0.07479135010426095
0.11311891389688054
0.09142505281751187
0.13829984436896928
0.08911235430376424
0.06244163077731898
0.10138461788100392
0.0938640031332322
0.0668255999426671
0.07026251867037164
0.08137916390924523
0.0649633899413345
0.12573792767171016
0.09266894498218463
0.09468489862763994
0.1833187198629333
0.10290434955658545
0.08574401954503634
0.12848093032439156
0.06395246108348272
0.1481982944040353
0.06555322016207032
0.09479291707193374
0.08299709477103105
0.0962456380662092
0.23794278849586883
0.14844899542690565
0.07187315503782155
0.05820942974156968
0.07282022858869641
0.06959862084457569
0.11706035883188909
0.09562659350805339
0.0674114727589527
0.09661517534333117
0.08345862280880585
0.05779042063023914
0.10174801842590368
0.09797001154306957
0.07496076103784352
0.08476825936845434
0.07589078117913416
0.08955458833812167
0.08917017304042749
0.11054685980697056
0.0895251734018856
0.1280288597685295
0.11919423630764756
0.078945059771591
0.11218151924637983
0.10868593840135682
0.06070231626580911
0.057392754589227456
0.08942769329913848
0.08474075096636083
0.10416729542316577
0.0984088859512194
0.0786404976039515
0.08907030896911157
0.08571834973923756
0.10926652074280242
0.0846324358350826
0.08744099036403068
0.0843425592069416
0.04250046181864542
0.10028731912596368
0.12033440020852623
0.08987107183715687
0.09873845953949768
0.10731426347958545
0.09854317298247833
0.11939719150800689
0.12571722295954257
0.10180343553529816
0.08672320715891853
0.11732700116298757
0.07783427148102669
0.06781948663554584
0.059791863536204935
0.08993758838311082
0.0847594169733599
0.13374524768684418
0.06846948551950614
0.05609361820270666
0.06204779797855044
0.1164831468671285
0.10371590858394554
0.11413520909581851
0.09550784859362005
0.12438359934966996
0.11826661182052121
0.06690729740907236
0.0956694535343146
0.09783818713443385
0.05097048212768757
0.12087104848735704
0.11797507666760117
0.11760120128812218
0.11753310722674247
0.05941338289614977
0.059223189739528684
0.13309976837975412
0.12308193591468114
0.11388158844622906
0.09255189775615481
0.1326646489290702
0.10980858103039244
0.10110640617839593
0.09702354300286256
0.09621187175652371
0.07790317245112342
0.05981434446217453
0.08068694913179385
0.09472194849434984
0.0906302270592693
0.10054677139110443
0.10963576373710807
0.07354832467477722
0.09078944255842948
0.11441025005855131
0.09182552350422436
0.09692061110310086
0.06044168290950479
0.0969795633728856
0.13717137708132454
0.08022517658494155
0.07388077964130932
0.1128756774323708
0.07763941404705028
0.12989198393183043
0.07761993625295426
0.06269628274686932
0.0746276702377464
0.08782053735583546
0.123451705993908
0.09339825930530081
0.10818109500277408
0.09795741699902695
0.12996082061084058
0.07310776297903664
0.09219688692681968
0.09505337741334796
0.10211343383300459
0.08631892350975559
0.1129193489192232
0.09908292784404599
0.0907869221490388
0.09369271913797313
0.057280523854728406
0.12198373977768986
0.1058058071951038
0.09386293364688043
0.11501089785735596
0.11186634669003914
0.07357428049087461
0.13695227871642207
0.0846937167830726
0.09505626305709793
0.09558117476857937
0.07970475384363516
0.09876954843490342
0.08246579903167787
0.08736986187410078
0.08919934590345455
0.11763522610091762
0.08101981854690565
0.04748181627634183
0.09197302085235834
0.057710184743948796
0.1010599056919952
0.09958118065648706
0.0997303023434299
0.0934555649637358
0.10965434476654196
0.10640287228344607
0.13403236032279622
0.05417113834266775
0.1010758755155515
0.08695858465640793
0.08249394362223364
0.09618763643840267
0.0964908452782638
0.11638904825457008
0.10333554615101465
0.13489335431586497
0.0761965213410381
0.07863894827816002
0.1678954878653849
0.09541891662740666
0.10795423532794388
0.11576940472181184
0.09146775498402744
0.10421725095287437
0.08266981669649465
0.14645392196345455
0.06698607558719023
0.06321162755838965
0.0790492848598736
0.08497911515001204
0.11229924694824402
0.053506646610626
0.04785730256829787
0.06866904237779124
0.08293603760020064
0.10715624034082187
0.23472170533035927
0.15243471264119365
0.06517652209333426
0.07042409251852709
0.12314982592442529
0.0684680384399761
0.08208290021518432
0.04793980681845308
0.0781508497677129
0.11097451263808597
0.12369183528768014
0.10702297430132608
0.1109403709411328
0.11483938688879378
0.07533327068033917
0.08252858405601421
0.06726618195649806
0.09525504873488122
0.08047527170990676
0.09308494189727255
0.1245953496042943
0.11781488782268092
0.08681608083750049
0.1272059568992401
0.12930194866175101
0.10739460967989237
0.10772462056131887
0.3408602292131792
0.07779517602028183
0.05349213557073151
0.09023415418099401
0.05784537956408829
0.07899334061909268
0.08086240793499712
0.10993486371925058
0.091997193823209
0.11971985164276884
0.090043621321628
0.06477419895931741
0.11557044976364571
0.10558172971888
0.05089079301762007
0.09059805117006799
0.11232719423502766
0.1499213897844982
0.0953227199074884
0.08211544092386117
0.06937771924089821
0.08492933433612831
0.0881555793298655
0.059224552752269385
0.07410449612804103
0.09521830450023222
0.11054615501813435
0.06401269468082639
0.05237773232554448
0.09306353498571719
0.07306164993564616
0.14616488809332143
0.06165940183073614
0.054674889114216245
0.10723735272323535
0.07620662472248985
0.0963419233840981
0.08718011540639865
0.0799270030835388
0.057214174338692574
0.07994315431398041
0.1144145972751344
0.07911769677232254
0.08980574120256136
0.06419424689286951
0.08326663640476689
0.1069579612981082
0.09380741914377584
0.11247160761076548
0.1514266798710319
0.06209393036412187
0.08502942940967245
0.12556937942144603
0.06489455345279235
0.09249560949200283
0.11225673466464142
0.10091218734657738
0.0768621112209124
0.09125353931865277
0.10592371675214649
0.061801266904070166
0.09084138672934283
0.10829988920201239
0.08323350071378774
0.09735991192730901
0.0956245978976077
0.07616321004271782
0.07648508921739589
0.32761488738729444
0.11781484185037253
0.0883648024370102
0.24521539023021305
0.0755432485321913
0.1392318757318484
0.10323066401774267
0.07596800031468923
0.10044772623058085
0.09303970196139548
0.2584603433801828
0.06068678346276565
0.0837200304905254
0.1276337471447839
0.07483135858226671
0.10611150612962081
0.0834797801121392
0.12643461140064877
0.32455731621767436
0.07832112812943855
0.13162342130231078
0.13347549589473334
0.08886470373638691
0.05662030598778446
0.10544249865727055
0.11771212406840315
0.12122640760003109
0.06621637490841147
0.11849679372507885
0.09410667052075036
0.11655198727439595
0.05653334761425522
0.09538753256776358
0.0827217026440507
0.08119134618953949
0.12534617138820559
0.10751515285851046
0.07450880159532951
0.08793584878600993
0.10551746395158902
0.11332419748219716
0.055028882797982036
0.06196611304715913
0.08909469977847674
0.139964049124392
0.10604862166990144
0.07824424041662116
0.12933078777861248
0.08130558564670112
0.09180352368939487
0.08101995246594286
0.10932330596955653
0.09193526294959757
0.07441438339179603
0.0894440021524561
0.11401534005356043
0.06521222679917818
0.09664828376252546
0.09534603815071076
0.10433415850142745
0.10264479752367839
0.082831094089569
0.11803047398526596
0.28088620123008134
0.05424969559734839
0.10308167214717909
0.07169837236209861
0.06333785889638209
0.0643029989167482
0.09711967584060498
0.07308958991283632
0.048918171035398944
0.06954640379501706
0.08177104902258628
0.06991952689467942
0.15115431042048574
0.10490698695483398
0.09603772698882675
0.0901350535081459
0.08285850924776948
0.09730658578293158
0.10004754970020634
0.07366945014354602
0.08863861238298881
0.07261838998203043
0.08719353541545291
0.12465805832627
0.12453770341890638
0.08535667120011756
0.10727168565858151
0.0910290812828044
0.11689517999436759
0.09276796272932772
0.07950162555950674
0.10768696550098238
0.08877725447168461
0.07182152631862537
0.12518848989419476
0.1217900998022492
0.057242043362266605
0.13055445039377467
0.062156563953206345
0.11931208490391108
0.11141445017537527
0.10022625633915543
0.129507731264972
0.11128549949977487
0.0867932678144401
0.10102845921679875
0.07888836404649319
0.0628973864676076
0.12321058430658308
0.07669083046188216
0.06604209496553752
0.07287196622543322
0.0977965167225033
0.0943691882519615
0.19563612782464057
0.09643524325522557
0.14682766142717038
0.09536402319510402
0.0810770981189387
0.08403416195534952
0.10087806466221089
0.1145748408348892
0.061694063291488056
0.11976345929520951
0.0924809854902635
0.07870961565128971
0.0770407097580524
0.09091064477845458
0.08655163133303022
0.09017296682029262
0.11937038080922377
0.08697925777832924
0.0967570443285114
0.14687169741687417
0.10038601082310009
0.14254986035245026
0.09325700443045438
0.126976292587608
0.11989813091569172
0.16889988781705198
0.12935846645048285
0.07458232311237198
0.07413461483823997
0.07144927597488314
0.11494448847311509
0.12256211850677537
0.10542423285094626
0.09403259198740835
0.08577142187760588
0.08712710075263044
0.12168152455300019
0.10215119705992132
0.11962818090133652
0.1437542761502865
0.11834629900970604
0.12987205634643711
0.10334119244440036
0.0691028113540255
0.09020572898395778
0.07483241716978613
0.07546580842450029
0.09401936168630882
0.12981168549692337
0.052086059656638865
0.12325120175276122
0.11053145765704885
0.11262075367835632
0.08273292619686162
0.06726444732818881
0.10217610506420527
0.06232985723083116
0.11923467095122327
0.03885812004157014
0.08493065321376563
0.10277881919477169
0.056778161313845936
0.1099583780354227
0.09055257401902324
0.09349620185345012
0.06336919886305105
0.09591871714935354
0.1232650171009688
0.11812546719867849
0.07922248966045514
0.10036324034964858
0.14036174124312567
0.11041633115788593
0.05664672571973484
0.1032275000519226
0.12898669605501065
0.14254484600895576
0.16812607461415616
0.11095787258754468
0.0851036890482371
0.09084443367246091
0.10700782699447177
0.09070182868333401
0.11299877787832166
0.09850216558704257
0.09649911607809378
0.09101819331158267
0.05573194264035001
0.08590086259138449
0.11320845219127684
0.05226675409014149
0.07520294540087694
0.07540227685032613
0.10339006666874445
0.0835562038375541
0.047453073105795836
0.11180922641686221
0.09398518761861684
0.06236955297319353
0.06662068551394558
0.07097882773606429
0.08905646375111154
0.09689729522982299
0.13173767302013362
0.11863039697999928
0.08218977566015266
0.07792696228711632
0.0870306268121009
0.11557281227249397
0.0892486298067833
0.06805620632242063
0.09383488885593487
0.10865582289458912
0.07733467436026403
0.060894402103242394
0.05830896232475257
0.10170786689515884
0.08656057736350325
0.0923365601491512
0.08556105572334946
0.10825721783314228
0.07891790513235945
0.08870237631866733
0.11693950251325483
0.07000744727276761
0.09703030245935618
0.09993057874236083
0.12819721824855196
0.08706738535459255
0.0990133418275053
0.06570103736463928
0.0781603384327218
0.0864335446319728
0.10811556753233435
0.1321179895663784
0.09542355336378298
0.07887554898952481
0.10398047378800938
0.06069798838383363
0.10545535813190239
0.10146736964961413
0.12214889039803466
0.07744455563477592
0.06460679487553311
0.07383550935298622
0.08298871795285742
0.052631104282372144
0.10037974011831485
0.13157307180785127
0.08056982649084153
0.12264219165404264
0.29540085947487743
0.10497989246809201
0.10554453510002124
0.3205253569887896
0.10770636405170168
0.06397884035672938
0.10221904589842132
0.0972633132825791
0.08139916120323185
0.10437396507650502
0.13715909814857366
0.04863817570379883
0.05857579986258931
0.10596173380889543
0.10434379443374947
0.0949210901712572
0.09497633119333516
0.09003697951054386
0.13002103908192167
0.07415669886464801
0.08176282209975441
0.11348548311862898
0.09213568652843802
0.05959040900861069
0.11145096455339043
0.06136167323299555
0.30249099053798756
0.10400619814563096
0.080643432223166
0.23723227863172103
0.07656285383259542
0.0694688690722104
0.11795145982466562
0.12005480548881223
0.09814957087914196
0.05258347369385416
0.12060430808119837
0.07309392009128426
0.10995039796682905
0.14796085084981647
0.062024799241379255
0.1288282303715729
0.06718454111651316
0.07991989674622965
0.06067935408316678
0.11521760661034176
0.08877504949905103
0.10531005788354982
0.06740195637455816
0.09245501091976702
0.12526270428925204
0.07276285313894129
0.12308561995782889
0.10795401228765349
0.08921560571501597
0.13848403617844265
0.34027353995094495
0.09534231273212943
0.08930115678715743
0.09179824203603856
0.3813614316154209
0.07014260764154846
0.12604648583535608
0.10525705485348863
0.08766718641526111
0.11271986932505408
0.0676724210559954
0.14599751772556166
0.14623158138618678
0.11761591791889606
0.09166125172518842
0.056712726133386786
0.11695600086763056
0.06384858529306056
0.050083687806176266
0.08542313509371557
0.07418771243218172
