-5.481273541530122
-5.492929328493972
-5.477981994879204
-5.478126051162801
-5.487154838764706
-5.48780289794712
-5.479428180319934
-5.494478808797071
-5.4623878257745
-5.482551544217014
-5.476556313231375
-5.467659269173619
-5.460585034369136
-5.474100127196977
-5.482428653060015
-5.474325577077739
-5.479345802744131
-5.478273370197092
-5.4718360939329935
-5.485524573812232
-5.485636821988923
-5.479985910026255
-5.466056596499712
-5.481392973892238
-5.481500113548669
-5.472277693302786
-5.494105935026285
-5.472191022729864
-5.479514221653103
-5.471930635502028
-5.489512122629189
-5.4714468703838195
-5.500118839040195
-5.466513079551281
-5.481150337861063
-5.481076331520441
-5.476846579436716
-5.479454267526436
-5.487197984191662
-5.487714647947166
-5.485126884691457
-5.479762323386193
-5.471435477403502
-5.493822597169245
-5.490472374261649
-5.473641661398289
-5.479730480964414
-5.492374483766817
-5.481051368440825
-5.49377891090895
-5.484501801434104
-5.47355122199656
-5.485138625952253
-5.489930815676546
-5.475251764624371
-5.469988253825515
-5.49241144446562
-5.480120610024243
-5.490222540478372
-5.493178660695209
-5.470345496837363
-5.488632982833302
-5.486645735543629
-5.499346219653148
-5.4939240370432545
-5.492349691140067
-5.504346886367902
-5.499848305585001
-5.48939394416724
-5.483317256653706
-5.484407970216168
-5.486862891398844
-5.490317145791693
-5.507941480703065
-5.517915010749575
-5.527328450267523
-5.534238959608394
-5.549793926952248
-5.5385278428107165
-5.51377417231055
-5.526943252829966
-5.520156595642449
-5.522743034855411
-5.539217528025435
-5.511964477457969
-5.534855960148749
-5.545018682193002
-5.530770195889183
-5.534867408326663
-5.53599913617726
-5.534164643378831
-5.583360069205742
-5.549365044072572
-5.562848077331308
-5.636413058556283
-5.716816052691473
-5.699860066908131
-5.655986358977494
-5.771446048945114
-5.630330496179139
-5.798686798575853
-5.618994859987933
-5.771246895457228
-5.87088707767133
-5.853011252379578
-5.927227663778404
-5.910112224308673
-6.004765889624432
-5.947460468096816
-5.896441068922276
-5.9449854719026405
-5.923640395624652
-5.895463883981334
-5.926890468238115
-5.966873945317969
-5.900509499634341
-5.943865175731851
-5.916976831800042
-5.956556917265254
-5.902876827917354
-5.934355974247055
-5.938225017763605
-5.929124418910138
-5.925235303275635
-5.9440074708832995
-5.955336679093147
-6.020742206134928
-5.991864923716081
-5.981873205693478
-5.964220789776218
-6.009734238706539
-5.995261017515379
-5.999628965555218
-6.001374823365005
-6.03776857369397
-5.990688325299779
-6.015390482271768
-5.960215228317315
-6.017498421980324
-6.0397979291299055
-6.028352791076916
-6.058963522794237
-6.027493778937297
-6.037889937441042
-6.056016356787833
-6.084148003137783
-5.939926104732242
-6.061995294508812
-6.041807941916737
-6.049583790043461
-5.894296678565527
-5.99904942076015
-5.904564344063778
-5.961124653920496
-6.009701498917672
-5.692941758739028
-5.682433586598578
-6.001066922602547
-5.832976805247369
-5.868891684561209
-5.7948483942495015
-5.834995231297196
-5.856378194539577
-5.815854901563116
-5.815827377987965
-5.687805837964979
-5.801211396464819
-5.879103331610719
-5.914908994214842
-5.936654101836123
-5.834909029699098
-5.7634120900495525
-5.95426705840507
-5.940289954266194
-6.022223087439484
-6.081285668314031
-6.046935444324937
-6.038648865874752
-6.103498512496174
-6.106951665926901
-6.104988545028949
-6.026425267877192
-6.069974971511951
-6.057692168152625
-6.020777008711875
-6.067175008808558
-6.015519391924698
-5.985849995729104
-5.99666844194322
-5.992005342414068
-5.953971870342625
-5.917739895426425
-5.912216175806103
-6.001563070229709
-5.901194909089749
-5.954162360402076
-5.912020391090522
-5.92474379435914
-5.933266286347048
-6.022226712579805
-5.910066410014425
-5.958009468893318
-5.927516384840412
-5.959572498201887
-5.919809525531694
-5.938476049172118
-5.937406519021664
-5.914185768493281
-5.898967475042981
-5.903111833679811
-5.885463048495904
-5.888233692636902
-5.858415207706116
-5.882480063371517
-5.899712357502956
-5.869599263495593
-5.888692274026237
-5.922282571991609
-5.891449895459755
-5.870941410215822
-5.872780689680656
-5.90613360661718
-5.879351114257546
-5.914101959356417
-5.9385624264299315
-5.897327366885403
-5.9044261404677885
-5.945595420572112
-5.880281331375251
-5.928557667778386
-5.883855604831982
-5.876332765642373
-5.8976231363325535
-5.891660694730028
-5.8944818486870725
-5.928976246946745
-5.886063820202513
-5.92489183115526
-5.940860437712052
-5.956983046769238
-5.914337721802163
-5.990926768389184
-6.012446096714741
-6.030470413362174
-6.01923156348548
-6.095601232332585
-6.11770006974405
-6.098000210866035
-6.1410419855353995
-6.1425051993149395
-6.172766756123627
-6.111871599344135
-5.8502694596333775
-6.03919299953608
-6.083962153370387
-5.864022490304045
-5.908508021584403
-5.803003194305309
-5.944146281084812
-6.050185184932985
-5.868559354727194
-5.975684449497387
-5.90794096742551
-6.191345095838411
-6.085406068244041
-6.199947141479461
-6.1658505668310575
-6.123309720234052
-6.11707962561016
-6.124116155029713
-6.123404552574743
-6.145797970349123
-6.143356364156424
-6.215782008624932
-6.157245971005178
-6.221992475657276
-6.133582366855247
-6.061817452823246
-6.1034553027307545
-6.1156119472838215
-5.9762510692558495
-5.867506734428861
-5.897098249614865
-5.922452821885119
-5.988399080035935
-6.189045196901801
-6.037563977407825
-5.9987614511584555
-5.942493056228577
-6.064701600118207
-6.069650366916637
-6.100170631308374
-6.2113674307383535
-6.233159348102152
-6.148947327247678
-6.116407023053867
-6.026981812482694
-6.157692236091666
-6.234872291537161
-6.145652206736867
-6.178025610552959
-6.188051080851934
-6.236219271048437
-6.179434394673128
-6.27843195463246
-6.20035872612663
-6.231703927040208
-6.171129169241963
-6.17592414392166
-6.159196792284376
-6.20951283355928
-6.211266330342666
-6.180881127488915
-6.233297193626943
-6.208155356535898
-6.1175437254277645
-6.142222011488454
-6.204196138506213
-6.230267789961591
-6.143366695684609
-6.0480111734064055
-6.17007541043104
-6.125042499947095
-6.134659409327193
-6.172463914535138
-6.12949780795827
-6.201449892609001
-6.116374490392231
-6.10684496050404
-6.223243244276604
-6.1759521121420775
-6.148507136625179
-6.261192556067921
-6.141183389536443
-6.194121320592413
-6.230684696385985
-6.169908670454603
-6.163834922135807
-6.255239110446602
-6.161628273511263
-6.155403381859281
-6.157117775083461
-6.207367787908922
-6.184824916211918
-6.1762862719073635
-6.203307782363412
-6.199137575940087
-6.192038496838532
-6.19486353435775
-6.236996146237907
-6.262790636763792
-6.185632121973854
-6.217444041128359
-6.190602685081835
-6.223207977804024
-6.24818891971541
-6.199137672214574
-6.256239051548203
-6.232462222113352
-6.1649630532029605
-6.237750342290405
-6.208512945572421
-6.173754498759729
-6.210883499990686
-6.158114395512868
-6.280260867329044
-6.22625599753189
-6.158344503004027
-6.253821354317295
-6.28673164649713
-6.2138332054344945
-6.231924739565983
-6.212943180785061
-6.2471848809432835
-6.183176552608818
-6.210264927202768
-6.246584461028924
-6.254093032620556
-6.208637618904305
-6.213025592064135
-6.203576296036151
-6.291445240269276
-6.217366072800603
-6.147714485552716
-6.254761356970036
-6.240831604013514
-6.228632327537192
-6.2731184675470075
-6.174218877580762
-6.230564366372795
-6.154593247949539
-6.240625540700125
-6.183036282867135
-6.1427213757524095
-6.193979923958626
-6.145822240981613
-6.125718560430976
-6.20496043860542
-6.173241241822184
-6.138118236370774
-6.14001487219797
-6.1556494665159995
-6.181760483254077
-6.226124577981607
-6.153866832508996
-6.1101335036498945
-6.185313501950316
-6.185909347299045
-6.169875284255318
-6.153095849979348
-6.171301355266756
-6.133830247797893
-6.178791725216215
-6.177051228030454
-6.130054952240897
-6.227977260129858
-6.132012092164871
-6.193298411249022
-6.204525097147095
-6.183614882437027
-6.1848564548746685
-6.263872837185584
-6.234979519058645
-6.203039200159308
-6.216626389142097
-6.217990038155801
-6.259219631135672
-6.290311369427042
-6.213553612446951
-6.223705195183678
-6.236874040889027
-6.204180365424746
-6.258400597374151
-6.263187409327191
-6.284663847594467
-6.286529597150225
-6.25650303419885
-6.31535485270233
-6.318018576238246
-6.310944656724901
-6.291625993660142
-6.21103611487003
-6.304409316644484
-6.311424743696803
-6.148028147114995
-6.206835347095346
-6.004947083049857
-6.059621186515957
-6.10608556856656
-6.0893325831503935
-6.143073976941887
-6.282339219829559
-6.165129541281705
-6.115790946815127
-6.2364482546283515
-6.156144627229449
-5.947816878561564
-5.996317490236396
-6.066246754832827
-6.351138877619559
-6.28371838200367
-6.1794754236154725
-6.261730252772472
-6.269837711243294
-6.234117241583068
-6.289642434818653
-6.320128279564805
-6.140401251275597
-6.247868811818937
-6.2512048577202926
-6.283354885904298
-6.314446793937131
-6.294940604832011
-6.307355862922858
-6.241303345521157
-6.301638660773321
-6.372355059285251
-6.327116317327363
-6.246878184499402
-6.370902097026051
-6.310175640368341
-6.309018196856385
-6.282066016766345
-6.353402382024187
-6.338299542636057
-6.329802580660616
-6.364912880719034
-6.275209107840811
-6.31628871907033
-6.2832144940520385
-6.314432136787733
-6.346341048621359
-6.343973389347073
-6.381149662183769
-6.387036134621992
-6.325441208817906
-6.290287198163803
-6.369841317251331
-6.232400053027365
-6.331594124019749
-6.349122673690693
-6.316742330083305
-6.338604017860345
-6.334383166477146
-6.338049732606243
-6.283143813690326
-6.328140814552288
-6.313936789862788
-6.245504248623365
-6.303395093647544
-6.2587476423755
-6.257509852353663
-6.2530999151084865
-6.382414948564949
-6.332980193589876
-6.328155611998621
-6.278743177642569
-6.374551909358228
-6.351645737386529
-6.288199078136507
-6.340099451908166
-6.33096789755847
-6.305218718225193
-6.245139036468806
-6.114711991539494
-6.390944390424698
-6.2958625220310935
-6.304246426920532
-6.318517315153189
-6.37056060181798
-6.311839082627925
-6.327105318559371
-6.3348625235610845
-6.371709624532624
-6.336125830667635
-6.3687282245950065
-6.3853552516248
-6.2940121744317095
-6.341100476135087
-6.292249718809899
-6.330390505211209
-6.34452896148169
-6.26222906958912
-6.309096521497713
-6.317065024948614
-6.313012992356894
-6.3302511824679435
-6.339494842551148
-6.3365900493471266
-6.319101961611217
-6.333830687344406
-6.3045566894292335
-6.361829793508227
-6.3573800275890315
-6.298299837874269
-6.299716183478394
-6.35702178978509
-6.311986211290642
-6.266334977742563
-6.307836215222703
-6.265351062157208
-6.306449793426921
-6.300541668511829
-6.212006063069791
-6.335903452382755
-6.291519430698046
-6.336963931164176
-6.364336135572373
-6.24703819640785
-6.256692543731337
-6.291015189890182
-6.323464300997576
-6.257107940312156
-6.310063918736805
-6.313549332482024
-6.3554234615342216
-6.312833639144825
-6.292257200258728
-6.295187895252386
-6.292255812461754
-6.276434912369954
-6.2766009948877555
-6.183925929237162
-6.239965195787279
-6.231923294952228
-6.340347525929513
-6.237882536156132
-6.1356853891852445
-6.272402765560947
-6.227957648845093
-6.250636563227094
-6.237885356082643
-6.227384213962422
-6.215546716956023
-6.2581734742452175
-6.228373293822732
-6.258252175804248
-6.261420464895797
-6.211377912620637
-6.266111821807098
-6.310120952187084
-6.232876265440154
-6.208193807737629
-6.239988872578407
-6.318186194154535
-6.279355114505231
-6.298304733296983
-6.258988806579691
-6.314295587999574
-6.341847503954543
-6.306066596662458
-6.305437533339928
-6.311066132450462
-6.319768620120768
-6.2939051423130445
-6.308179960407566
-6.268063021759743
-6.326984476749686
-6.341269350226976
-6.321868565614851
-6.309466871059858
-6.350629540134591
-6.3459717612893805
-6.302331899802442
-6.354253640439154
-6.407413112125529
-6.365169840642414
-6.340713959579898
-6.390484779965579
-6.2381661172029075
-6.365710654605252
-6.387747911050975
-6.369304555857576
-6.345503748965534
-6.345325972093135
-6.3267608209613355
-6.325459537026788
-6.4138790008518995
-6.3198497577080275
-6.324534192262934
-6.37518723332845
-6.335463636913209
-6.369443333440146
-6.310976557983332
-6.334051405197383
-6.334018118095267
-6.324298624291498
-6.309973506546157
-6.342205547345522
-6.366781531617956
-6.2824633316154
-6.372757553203123
-6.332998396042608
-6.341596739187054
-6.325009237295123
-6.353011959390166
-6.294662648487384
-6.347969114540417
-6.390101089683796
-6.3191542375515715
-6.370191756977604
-6.337625206278358
-6.345686162955289
-6.397039189576677
-6.353095591181866
-6.375070621867608
-6.36257663658373
-6.361552167415862
-6.403475557667346
-6.385092239564101
-6.394707687696388
-6.374139933314263
-6.3801640766225844
-6.405308089040592
-6.3414244017270995
-6.389118867066543
-6.40178985171618
-6.420220303563719
-6.406548054656362
-6.370027101671463
-6.424989675546887
-6.369949665459535
-6.400471987547921
-6.4645787388350655
-6.406625103069768
-6.377505835882982
-6.355778610361856
-6.396657652677932
-6.4028160973216846
-6.393739050293675
-6.369570642292493
-6.382108886648694
-6.43445473249017
-6.412279700240834
-6.393811163864541
-6.458776921706477
-6.403622536604601
-6.360090616785108
-6.437549761913461
-6.366220542424174
-6.357348192414705
-6.434769760815154
-6.412549658557471
-6.392185527082027
-6.372000529710139
-6.418686055400929
-6.439994530386471
-6.440835638161444
-6.409956067906602
-6.424557379227039
-6.4127862816674615
-6.375316004349095
-6.479463451035527
-6.371315551452163
-6.364958543382001
-6.390426798011305
-6.4062702911406
-6.40995722897803
-6.4510031800709875
-6.427939638442279
-6.4456439114071475
-6.441449229694607
-6.380723792071989
-6.354290771021325
-6.444865191276449
-6.4028551190244976
-6.450204780603703
-6.446330071199256
-6.373678327017277
-6.417909293488501
-6.444333507263967
-6.400908901528695
-6.426530515797264
-6.443917655490063
-6.446456440910758
-6.441718379660276
-6.408738315886909
-6.4735913736195005
-6.407356197733915
-6.437296385092157
-6.478509316542155
-6.423096181314112
-6.441822416425012
-6.412141034876121
-6.431136900780918
-6.432078239262023
-6.405060457004689
-6.403964335311493
-6.412333949257543
-6.38762098491571
-6.45754388379083
-6.470421416180615
-6.4409567001226735
-6.501346062072352
-6.49192338506264
-6.446547496588072
-6.424446503048337
-6.4297060958138275
-6.463680527742241
-6.435352478010241
-6.392986207504899
-6.421032696927007
-6.491205512912721
-6.47398693378364
-6.492973057205912
-6.462718458379604
-6.441299387393383
-6.446380041782665
-6.436994440811732
-6.456959218974875
-6.4483092774618385
-6.448160359696231
-6.434108098130714
-6.426909193139306
-6.4708035559096615
-6.562721252764233
-6.443012607903666
-6.523397800080689
-6.52846239883248
-6.490374640806117
-6.5344316601082415
-6.4724955010984715
-6.4692884314642045
-6.45455193360222
-6.446388981356461
-6.459818589671814
-6.480499501316385
-6.4592767998187615
-6.4470072302497545
-6.430806359346026
-6.437334611583552
-6.412410475548526
-6.429922266653299
-6.466364083218135
-6.442837685956501
-6.436966862049179
-6.41341540388967
-6.529064733631282
-6.503158122338263
-6.485486606002249
-6.478601983729852
-6.482416654903741
-6.481738399074131
-6.47614933157465
-6.3885839496862316
-6.464128414236839
-6.473271514862404
-6.41988926592073
-6.470951366100715
-6.445248896042442
-6.45043030339531
-6.46040366267437
-6.43058410304468
-6.453490988554859
-6.434794180602438
-6.420987574870543
-6.484355342270513
-6.480394925879444
-6.509626925877716
-6.455083465457543
-6.4835722273746015
-6.483532212134017
-6.418923470364085
-6.370476262171216
-6.479544849270422
-6.486717801859628
-6.4995879516484685
-6.4628268598655225
-6.510153208573552
-6.447846548096201
-6.487400853790281
-6.57156022002857
-6.511605737050157
-6.462583603067291
-6.453789549967208
-6.517022776757225
-6.471917746939929
-6.443611838170283
-6.482906694211342
-6.454555121516892
-6.499971835254666
-6.458767566095088
-6.495896905598342
-6.490745880814076
-6.499493936964433
-6.49550661721022
-6.583524615699346
-6.483638448581587
-6.451797850299918
-6.557382054647647
-6.467996308956284
-6.531238147630302
-6.489880251638851
-6.465079716587258
-6.547170245049211
-6.5373872253453476
-6.511854832805376
-6.477672483840857
-6.503090061808985
-6.469978675535943
-6.450424756838889
-6.474048852860022
-6.507614676271728
-6.505994526091384
-6.5171893494623365
-6.534807513741041
-6.5145498990201425
-6.488807705524261
-6.508599058903032
-6.517096553025112
-6.542167362930373
-6.514180790109378
-6.487889959650992
-6.559833069464765
-6.508895686884131
-6.474885278838389
-6.532847386011811
-6.502925729510429
-6.546507616396726
-6.523001521357277
-6.490608374366315
-6.473745418426606
-6.489174568764803
-6.439522284569151
-6.52419217281853
-6.500558965646964
-6.519606772686173
-6.494107541455005
-6.513492096891532
-6.46682233470347
-6.455173485661739
-6.516032938222205
-6.506851912671353
-6.549371211226287
-6.518488329503672
-6.496690117484114
-6.547968387451604
-6.542400586602631
-6.587757886147293
-6.58898516985338
-6.513727160557649
-6.529010921954853
-6.50824310537295
-6.496859585101529
-6.534039683892338
-6.561016724916219
-6.541210411793791
-6.537579060848438
-6.55006229793146
-6.524794043393952
-6.486290035786583
-6.583363256932512
-6.55241935513095
-6.5662553671211645
-6.555006955305827
-6.529588198961405
-6.513947068847161
-6.56402707816234
-6.530323115955061
-6.607556908807251
-6.487809832118181
-6.633571881144173
-6.544079277498698
-6.559076706426999
-6.53826317661443
-6.4982719401498406
-6.567764426779006
-6.5187308283964045
-6.522696875574309
-6.576523371482715
-6.5474264246170595
-6.529279857314418
-6.537782228832028
-6.51060874126233
-6.547051720897646
-6.435744893996471
-6.551419264930137
-6.54035088515413
-6.524682302713373
-6.559961763546902
-6.518714646468296
-6.521705340474111
-6.567603816134398
-6.589277944910105
-6.553667741782043
-6.600251233664863
-6.5240459963449755
-6.5560426618475764
-6.515583434605798
-6.583105527243108
-6.566747434977744
-6.579570272310706
-6.566767074041957
-6.442375269928623
-6.587953716293072
-6.527771989739264
-6.549634906600129
-6.572322162128806
-6.471855680396437
-6.533025923492691
-6.551088735626571
-6.600360688545907
-6.563954567966999
-6.506298286607666
-6.563474913332101
-6.557702688755012
-6.538812013479539
-6.532089219136596
-6.538350720167401
-6.545132718150578
-6.632200968183355
-6.585049183904196
-6.592016406625553
-6.619811854560848
-6.499238021552883
-6.539798692923295
-6.558067007735957
-6.526691341156945
-6.607156441048798
-6.60877131799477
-6.55066913348378
-6.589565586621288
-6.501515417944069
-6.5994871951717515
-6.57827659185318
-6.4577192283123175
-6.554773107714559
-6.555223343235835
-6.558090973582797
-6.6590410506982325
-6.507687509842146
-6.579064071875454
-6.483586382296093
-6.5563695547943475
-6.61727518273468
-6.551528590210052
-6.58703323990367
-6.570977968221178
-6.554717944933571
-6.570618173428651
-6.552186090073848
-6.594384098584648
-6.636347434006868
-6.6820145788616365
-6.456883457756071
-6.614104459844296
-6.565431620876007
-6.605749227773622
-6.597532841687695
-6.631240256554019
-6.53519188277886
-6.581357619936793
-6.562230972555965
-6.542227584017024
-6.628210945097942
-6.58285046976923
-6.529719068640711
-6.594904506146186
-6.619510037014132
-6.554102633726763
-6.578387663172265
-6.616091522116863
-6.562406160024391
-6.605959739179955
-6.594085598895728
-6.591959678928084
-6.577926841170918
-6.542417368611651
-6.549906804730728
-6.566207040009814
-6.579621804542892
-6.5631070474734265
-6.615904407075836
-6.576174059884504
-6.581562553024732
-6.605517999226354
-6.61295254938886
-6.563492446239055
-6.639075486833917
-6.6011354067935635
-6.538096732541739
-6.633751115497896
-6.595818775027922
-6.62923597614607
-6.623170815380821
-6.605975135763183
-6.547365026668274
-6.621495587822292
-6.609637720003118
-6.634871028464113
-6.582156009797956
-6.632909262953922
-6.5632277001299135
-6.611995524144898
-6.5786175506194615
-6.604361536305929
-6.6954502243992895
-6.628603350022383
-6.645314970758505
-6.626072805787754
-6.596251914234728
-6.606200502967934
-6.572392156700139
-6.621044777199796
-6.620198183412976
-6.6193763197929485
-6.669473984484904
-6.603639372773246
-6.622549022977842
-6.595016397956481
-6.548295348052318
-6.637113672511408
-6.587776727514885
-6.7100837715627195
-6.605185741817775
-6.6444550907787505
-6.6393399815577085
-6.667156144390329
-6.606752695556676
-6.6111593789204095
-6.665238194459464
-6.511759559188876
-6.65101235656358
-6.622348759941935
-6.620356378527449
-6.602892579630988
-6.623047062376525
-6.577795055622983
-6.61650832872569
-6.698493356269413
-6.634189461625033
-6.6402572215973805
-6.496503046809247
-6.6604556545000495
-6.603175083063469
-6.590820664265241
-6.656873420550003
-6.735190750146271
-6.611971280047922
-6.662796563185134
-6.663915790742681
-6.657562613342698
-6.648811271110695
-6.583797925141494
-6.674363425840197
-6.668673324762047
-6.658086530693777
-6.673681948414212
-6.615051969648359
-6.555690979278864
-6.674402980096563
-6.4417431591105405
-6.618666380206952
-6.682505551525873
-6.642721926923826
-6.588352301264438
-6.623334475213006
-6.6442721940039
-6.5818529320612775
-6.655678684356869
-6.601383686651909
-6.630611732349614
-6.640771472779125
-6.684286429854902
-6.674098608454767
-6.678623304238977
-6.668816168931528
-6.626985565467392
-6.696629937456669
-6.638079988733878
-6.669248600458245
-6.622241010706365
-6.6511550721432915
-6.5974456172983285
-6.699462608886873
-6.606081573098324
-6.61815491540948
-6.605959713461812
-6.667636559001605
-6.61820037589967
-6.676629003779157
-6.682341612061527
-6.679556076649003
-6.636267817091626
-6.703827497388125
-6.668078242370112
-6.692634969988723
-6.624247606943005
-6.698828939070137
-6.667625785573721
-6.627994348418712
-6.651212506778819
-6.639531124943351
-6.672502732869957
-6.6285714239514695
-6.764371079320553
-6.683449083365073
-6.673301117696913
-6.606794328226018
-6.639387530659026
-6.639692890127008
-6.683582304646996
-6.636174518443216
-6.621070564645625
-6.677049706846656
-6.641714688789498
-6.75269620087409
-6.694222128504329
-6.695332664420461
-6.630732690738609
-6.6234131776994065
-6.7081236228999535
-6.678318621678738
-6.7081325292917064
-6.684437671038307
-6.628524641128575
-6.698446623446313
-6.671744784476822
-6.73758725746574
-6.720971876023778
-6.629228137496817
-6.761753572228679
-6.705824857329095
-6.707764335374765
-6.664686577324007
-6.688250524498144
-6.7343494703506925
-6.699908791916136
-6.706263155595647
-6.69988521980805
-6.729608341039449
-6.6479489366941324
-6.686003766041477
-6.75007560939169
-6.6632738592948515
-6.709219679885243
-6.7077335848436395
-6.773655119563085
-6.704065843475013
-6.699154675088183
-6.632821302283081
-6.669725621480453
-6.739868942317314
-6.690291994689486
-6.645896180725565
-6.732684079872762
-6.686419488065539
-6.749156503504503
-6.689107923754989
-6.6562882583236975
-6.664390022393694
-6.665456898144126
-6.761432660426762
-6.665431381644047
-6.705059188302915
-6.682024952362062
-6.725730624250059
-6.661269639482292
-6.7084013957835005
-6.715503998084836
-6.7742826792755
-6.670899510413597
-6.724854186601412
-6.696546156151758
-6.626405512848059
-6.76167380506498
-6.729610645499655
-6.679519411616032
-6.673640522905306
-6.691988371827532
-6.705999597092384
-6.719693206098135
-6.716344909548766
-6.718235996483134
-6.770643441390573
-6.757071005580291
-6.739788060902055
-6.726940397824781
-6.762074573604463
-6.786651292707848
-6.738597460963537
-6.728273597945925
-6.756086852133791
-6.766046042795281
-6.65872181856313
-6.7452927288784466
-6.714110114295022
-6.745907497761057
-6.717963759526582
-6.802636670519018
-6.767107321598951
-6.753816834917039
-6.786087045069557
-6.737326211309012
-6.7891572515933625
-6.7465364259882765
-6.73422626914676
-6.738768872158193
-6.697550324338599
-6.7458999593709015
-6.753821707955611
-6.700034600781277
-6.728673549794877
-6.712677428464137
-6.770641776624963
-6.810501816983273
-6.7146083633810525
-6.803401344456275
-6.758986567502399
-6.700966837357858
-6.715777342869863
-6.736665610452274
-6.779592913225553
-6.7475636546746145
-6.753354191095681
-6.768896996461982
-6.761275708442213
-6.760128837658851
-6.7795399659149655
-6.7610025397484605
-6.7122537184135
-6.776987335926117
-6.788791158833931
-6.739410110426459
-6.7896842454785675
-6.793194582329315
-6.709935668548019
-6.755077756583853
-6.741842168338069
-6.787591034756878
-6.793958319712901
-6.764658389474575
-6.709288112478411
-6.716232224780356
-6.7917909451117495
-6.733679249522343
-6.82920016164415
-6.740176393246758
-6.768310804225853
-6.862278637113313
-6.701951529646514
-6.705167566652181
-6.841367481819102
-6.676175067760655
-6.761087649788805
-6.755102789099045
-6.774772653328608
-6.809411119597077
-6.823619981850206
-6.773982902023056
-6.781436277131639
-6.806045355331175
-6.847928698777924
-6.811036250167757
-6.763695939992168
-6.795811872898546
-6.823983118306093
-6.847795118427133
-6.741924038908981
-6.816986974976285
-6.76748685773568
-6.828227239225
-6.8206033678270295
-6.724220479721947
-6.805324610027269
-6.753599731402867
-6.802373114066746
-6.825538086869621
-6.78515968728362
-6.836501503181113
-6.840462702310415
-6.783227600622052
-6.829560456589071
-6.776724726306603
-6.742404831714184
-6.873178604954956
-6.814786254127819
-6.805764649954369
-6.73584413027401
-6.784636684739643
-6.8131947603052625
-6.872540857187082
-6.790083628685625
-6.852807111551844
-6.7890184875439745
-6.791440417988361
-6.7545079527322756
-6.79136134713197
-6.844322754164789
-6.85296255978939
-6.825621304124778
-6.7914086153862305
-6.822845204559737
-6.8510620063083625
-6.778411839375756
-6.762754852016473
-6.8018019495849344
-6.777808140140884
-6.860377993812849
-6.795307136656774
-6.8609709461692505
-6.752256708825749
-6.814542954054332
-6.788745031940137
-6.900249407009719
-6.8634045475606404
-6.792306076725961
-6.810484427823337
-6.824368749548626
-6.796357929596813
-6.717501934953191
-6.823536281712889
-6.810711636215197
-6.75984192693108
-6.565446319344815
-6.544386770086766
-6.723852930026855
-6.891582212615578
-6.71026280449098
-6.795747285634388
-6.854373989461266
-6.777418655268637
-6.806728912324826
-6.7942351100272305
-6.852693648877633
-6.860200144165846
-6.762989928719666
-6.877231718139999
-6.670242565984648
-6.85322614722962
-6.724527060685723
-6.807134221033213
-6.8259719413921465
-6.836387553852082
-6.772191273388689
-6.885502828664105
-6.826260373109531
-6.817137948703692
-6.748445233066997
-6.795461340507346
-6.822789992872966
-6.871182614332842
-6.871327457582943
-6.886410428016288
-6.887521461139173
-6.887282670490913
-6.880178599594807
-6.822856781687408
-6.831985248928089
-6.843717804485479
-6.862325358471072
-6.874856006823913
-6.865284645216332
-6.8171771898700655
-6.833768184950685
-6.856551701102145
-6.874532041335202
-6.8213598366326424
-6.769688341620093
-6.907622358547323
-6.846920711058146
-6.8977774390436695
-6.857583624906754
-6.901251976211715
-6.9426163837784465
-6.842402501024402
-6.887741331750437
-6.92068727432628
-6.900768957248328
-6.904011242325652
-6.817025477222805
-6.889276294831227
-6.811569071038297
-6.880236159103029
-6.8407371116214994
-6.828177761109685
-6.881072493743028
-6.89440214968458
-6.9103514680521405
-6.898721660199046
-6.892134585709312
-6.872928155937782
-6.933701966845499
-6.909282241123018
-6.927629289622651
-6.873520723749266
-6.904409811289793
-6.87015997939041
-6.891194467471043
-6.921208799772512
-6.8493681261073665
-6.873418318650723
-6.963279657172762
-6.873606969194727
-6.893672046393407
-6.92432735520718
-6.8720086110927925
-6.888708478476797
-6.919551695871916
-6.886659388899289
-6.843112747380477
-6.912061774899533
-6.839513851585349
-6.926298429670727
-6.922290423578435
-6.868102632367917
-6.896384752834795
-6.852244178490938
-6.975593863252765
-6.870968660776107
-6.901851444173801
-6.9670667377585875
-6.8761592336493145
-6.9689545443971275
-6.914303324092214
-6.888281246655464
-6.887251263538045
-6.9037736039713895
-6.888857814711301
-6.881748548015654
-6.8763377652617415
-6.888959163634157
-6.972273485085163
-6.932042532789507
-6.9302491720515835
-6.9493753524028365
-6.960554562490796
-6.908576214415859
-6.964096538693198
-6.917838991563838
-6.902461239022641
-6.9181628131644
-6.9874290808718404
-6.900506824317907
-6.965480250855146
-6.9618205129250645
-6.953949461614051
-6.9619125323785624
-6.718391910901672
-6.965443570479535
-6.794765610184652
-6.743783500593299
-6.53275128057272
-6.9336324886249505
-6.5698500280399585
-6.319850969802783
-6.8148001033309145
-6.877306250433129
-6.690309399497955
-6.851641319330759
-7.002096337967804
-6.973834550631917
-6.969520005734006
-6.913609615817453
-6.928983402392948
-6.950771562204927
-6.89475263669429
-6.929582678134209
-6.944281783033853
-6.857672050548307
-6.958782445101869
-6.86275098453737
-6.883399010380453
-6.88988784782066
-6.929600487690026
-6.919415668745813
-6.941953817849954
-6.945248689431221
-6.841335073547412
-6.95501167738215
-6.916462715375805
-6.885660528882116
-6.901569700355387
-6.875099976565251
-6.97580762410949
-6.866105917277114
-6.8807665990239215
-6.906956055318673
-6.955755374084774
-6.893883094767041
-6.923137685356716
-6.895142568708768
-6.898922937440105
-6.918635013993977
-6.902977756804711
-7.003560534760635
-6.951800821082869
-6.940763577852164
-6.945928602928749
-6.9157969200528955
-7.015838936705307
-7.01284830677039
-6.93079683812887
-6.989147947367737
-6.9841279572531425
-6.956992304051031
-6.929234252069917
-6.922379222514291
-6.9593102284367525
-7.007722537454194
-6.960429989187734
-6.96256358542908
-6.99507949599626
-6.94855910164001
-6.948353728979571
-6.974330932496564
-6.987385880373775
-6.980816856757847
-7.052968614559749
-6.966802192801968
-6.958577937449206
-7.022063002068008
-6.985806345386194
-6.954839473031815
-6.952881075523528
-7.017327304750615
-6.959532550187176
-6.997089416478992
-6.963750770456361
-6.973703837810468
-6.655742587841806
-6.993979994663771
-6.990613096944732
-7.012463785073928
-6.9700915850066085
-6.974524648725844
-7.032603020242781
-7.030503306493469
-6.938902506368604
-7.007113035821026
-6.978467811640645
-6.946255139170623
-6.916863801162569
-6.9995823184891
-6.988158089867248
-6.923762707897234
-6.96252170974949
-6.942444209270211
-6.983491436093747
-6.990477463548952
-6.948690039473906
-7.021728907977702
-7.031772537504931
-6.972442863009228
-7.017569175395647
-6.986710386757115
-6.961656117386697
-7.005635061673184
-7.038169847334988
-7.119343834467866
-6.966558027619843
-6.999666779042845
-7.003887643485324
-6.989481744979279
-6.978573231011166
-6.959589291854626
-7.016110650390141
-7.021348018656254
-7.025528645761577
-6.993948188287156
-6.991575911021876
-7.125529809903132
-6.959509275174009
-6.985626548628625
-7.007622932030685
-7.036341988767926
-7.043574598709689
-7.058948328863128
-7.037724411179163
-7.012214448375565
-6.989495827786676
-7.029793449115724
-6.985287566967717
-7.048749526589734
-7.0138053226021775
-7.0581002671130495
-7.031949906069703
-7.0011018165742005
-7.002570135909119
-6.994572997804538
-7.029662049236951
-7.064388131610791
-7.00918808102816
-7.101838745688134
-7.0075009203817675
-7.024926543697991
-7.017130340852458
-7.056044511325415
-7.015506000743155
-6.916729098236806
-7.075489968173961
-7.040900252919882
-6.997173696105342
-7.1059925845267164
-6.885085466729613
-6.882066502957212
-7.074635927669499
-7.031723189683669
-7.086383593096385
-6.98697970407376
-7.025144343381732
-7.025703892297722
-7.024175224817362
-7.07934294314467
-6.948129107888537
-7.080089940336075
-7.089584185448628
-7.025941513197932
-7.055021962861355
-7.072866367230126
-7.067824408774424
-7.098923321966416
-6.988094714403861
-7.065301957536654
-7.044067583171426
-7.009285875854056
-6.982946482197986
-7.039623530826656
-6.942789525211943
-7.040694287126556
-7.065749960562712
-7.0385811106606475
-7.054333861572544
-7.080950867713769
-7.074166109062429
-7.136346773311034
-7.014544202304953
-7.116993459440685
-7.085234465475134
-7.052209644146633
-7.084703829013728
-7.110765514151879
-7.030939013396939
-7.095820691366663
-7.131290512754183
-7.099644362328829
-7.10787656726222
-6.928502609984818
-7.114045873792779
-7.099052401386999
-7.131382961968767
-6.973629601203441
-7.083659345150114
-7.047763192219524
-7.054832002402765
-7.009888062519813
-6.695244654440569
-6.961630012932493
-6.466357613964101
-6.354975757179761
-6.604689359496496
-6.798103840466009
-6.900686341088392
-7.0299841944380805
-7.154040089214947
-7.054902831889724
-7.104145370710066
-7.1108438065073845
-7.081412448636414
-7.059648006413415
-7.013565724573685
-6.970937975875131
-6.968482072205164
-6.935626203284965
-6.833137405062722
-6.826802391529921
-6.837572933543972
-6.816423512142528
-6.809858187701391
-6.807219783952377
-6.823805647400938
-6.831551515316554
-6.82293683469547
-6.821860402691991
-6.871984494239283
-6.852666322460319
-6.890075445636741
-6.837268591879649
-6.890503684372276
-6.9425829589838095
-6.932687618558575
-6.916783602139493
-7.065009290648398
-7.0250173156468465
-7.082708864831003
-7.015657381191334
-6.997097983332459
-7.030180696294815
-7.0527862911805315
-7.025190400622631
-7.119780242756843
-7.001677741912073
-7.026348737060843
-7.112488088936707
-7.035140697217568
-7.157396574091888
-7.036514096140697
-7.1069941456538634
-7.053372221459327
-7.157218954046989
-7.152463890399327
-7.133222156459543
-7.155742946327455
-7.117821129467631
-7.083009433658418
-7.133835088793804
-7.060515649968207
-7.172894164490048
-7.092292713468019
-7.103532386235798
-7.147752814227811
-7.122255617358104
-7.126492140273988
-7.131435637663031
-7.102632855642361
-7.0450189756209385
-7.138683791186262
-7.129777504546668
-7.140633927264422
-7.1598770739499065
-7.11962309331172
-7.108545353512489
-7.154888000369389
-7.155727595415276
-7.152571479035186
-7.123246367952766
-7.082095512916166
-7.15906115055751
-7.1203526652109765
-7.158816453214577
-7.123726721335615
-7.139395507423991
-7.16666031101871
-7.127530600827185
-7.166131435453607
-7.14850604790093
-7.141012297342806
-7.046396902987237
-7.260997656503534
-7.154494309016769
-7.167751438270223
-7.164014784607646
-7.219800923343998
-7.1340278082561275
-7.226401213684122
-7.194259103422664
-7.08521187358399
-7.155714651035069
-7.199606712911415
-7.158166242563708
-7.18039203061095
-7.187300252904992
-7.1006557482815325
-7.174640628322689
-7.17558306126168
-7.20917551064548
-7.223099628492786
-7.19083895554202
-7.178996585817117
-7.142939560331321
-7.130727405195945
-7.168900301193351
-7.148433324365641
-7.209256761723292
-7.1152230098211255
-7.199143490921164
-7.123248548028747
-7.156092308776525
-7.2116664450010495
-7.1293467554831516
-7.224492706304564
-7.175008313803153
-7.173991521112431
-7.156765259542308
-7.17706055693989
-7.217815495164203
-7.1956311417070955
-7.233708863145184
-7.226581706648687
-7.230359874525345
-7.222763162833039
-7.24634893669818
-7.203377257063434
-7.140598938369786
-7.1776187445874315
-7.1624827613732585
-7.2746687551725575
-7.173611363540433
-7.213313323067661
-7.1902361642398605
-7.2193740466717635
-7.212917632509198
-7.211341657805164
-7.2234933147230125
-7.2389360245313625
-7.164339653952862
-7.172103779288019
-7.292119938608245
-7.232340160963907
-7.181003340741128
-7.26852946561484
-7.177435628895421
-7.17104836469064
-7.249996830299025
-7.212852653342115
-7.137325174752592
-7.216289298747643
-7.232593034638139
-7.1948944002729505
-7.198074896367089
-7.133336152823212
-7.230870414367797
-7.147287965555401
-7.216190045352832
-7.1921529628627106
-7.2557528931125095
-7.156134151693202
-7.251778337440995
-7.232833710363479
-7.199060724268714
-7.189306546933364
-7.232836299610046
-7.180047826852629
-7.21870186819823
-7.2209912772015405
-7.2297209062767465
-7.269958112467532
-7.231185115597921
-7.23626979512601
-7.204858222225282
-7.2161872319305465
-7.179530827724881
-7.2202278961363255
-7.212836364153407
-7.215902088623126
-7.204613697757002
-7.193169020573757
-7.284470139386278
-7.198289491864052
-7.1944864870083896
-7.243780468766953
-7.204284648870626
-7.244782051968617
-7.189520679809471
-7.203810820506248
-7.241511146243957
-7.217789431210548
-7.247154202718218
-7.2780791152001925
-7.2742002624751025
-7.3095892395873365
-7.240139160011262
-7.250777772696634
-7.277137776251809
-7.251364159418386
-7.2438007419023
-7.2142216539143265
-7.236413479155712
-7.229082838790743
-7.29460864588026
-7.3080777300229105
-7.22834253221108
-7.219899626580207
-7.234133536640002
-7.250819769001973
-7.300334811452456
-7.2731221890036695
-7.254489259773071
-7.222971493131171
-7.298883865107502
-7.209005796799507
-7.242966328698564
-7.23676381726661
-7.295322395456587
-7.25653319183881
-7.285441622547727
-7.211422697234188
-7.2958457520927285
-7.2808965478909435
-7.2499375561195265
-7.222522497357085
-7.293388355207938
-7.239068142531528
-7.25784813953376
-7.264912819566873
-7.293429180845877
-7.299701465011897
-7.334413403051727
-7.276694964785546
-7.285036641447862
-7.284781368893492
-7.249548065558639
-7.259980138242475
-7.313699023941189
-7.286337690170749
-7.305286144385078
-7.262570842181557
-7.221015732290205
-7.332131465023739
-7.2744139382253765
-7.299053817966261
-7.340810483924094
-7.276093332402798
-7.255437994864568
-7.232169171397406
-7.301052037588677
-7.235863132358523
-7.245304438769544
-7.3135633304962955
-7.296424767946909
-7.256704687110478
-7.25462936268741
-7.267493331152673
-7.280413051037996
-7.369732113271931
-7.26404930979621
-7.350148057583562
-7.286348317923123
-7.3376573764204185
-7.29707455591479
-7.219472761675121
-7.2969927934487435
-7.25673019420685
-7.361993661163703
-7.2819132608803265
-7.392463054794594
-7.346088208960895
-7.318784983151758
-7.291498716618195
-7.32992867546216
-7.366186231652353
-7.328668123457717
-7.294096847013113
-7.3506260018312375
-7.317721005572834
-7.365458149491919
-7.353155139818376
-7.3484709830605865
-7.32285943457361
-7.348736535889093
-7.2311647274838124
-7.22696455020149
-7.316104771983645
-7.315492578832816
-7.292071907595904
-7.371733891902403
-7.324170110940462
-7.308723140259833
-7.2972091053786885
-7.300535188300398
-7.326447999766931
-7.348475670364073
-7.37182487719112
-7.349419381223936
-7.337094374504961
-7.310917661967473
-7.367428544560643
-7.3213892762213195
-7.289101129694038
-7.349509734142673
-7.333989000134483
-7.278033233615918
-7.330530182655385
-7.371108567081631
-7.337985875655187
-7.306988927151789
-7.312150538027391
-7.351043950573767
-7.25609434662595
-7.3001693582113605
-7.258063027643065
-7.257142121579512
-7.316726712754224
-7.360258868828287
-7.299124346362849
-7.359537371325944
-7.3371386618619345
-7.334249141921493
-7.316665555763841
-7.336221475329539
-7.366232774875096
-7.31537539589204
-7.3519549578340095
-7.34746281242753
-7.330303868141215
-7.312245429939046
-7.329668468914332
-7.317160121868088
-7.398819639059709
-7.40045666318164
-7.375751808463514
-7.349996380756036
-7.338002336898909
-7.423305404549189
-7.419910869152369
-7.363463077888655
-7.3242802085454715
-7.365811913563698
-7.326358559412526
-7.328323330152242
-7.308171388475657
-7.422399074939818
-7.407180401828471
-7.397596274764137
-7.3431833099583175
-7.4266303442510635
-7.442089562061873
-7.323497750169299
-7.320844797409395
-7.391449084424096
-7.3465815343594105
-7.377738431966205
-7.322778701029179
-7.313308492012647
-7.393914558394093
-7.379608026734511
-7.37300825331479
-7.384862582978165
-7.42048854451657
-7.384893891214833
-7.414745395131025
-7.3454620202796965
-7.296595981659386
-7.3980288247775965
-7.403996064650487
-7.453388363461556
-7.4391013493795075
-7.415600932295668
-7.42685862284239
-7.398746782157689
-7.422319415773433
-7.422395424903657
-7.381927006938387
-7.4119755504965426
-7.4710368854285365
-7.415660703145554
-7.427467301288701
-7.428232653464228
-7.3873624065036925
-7.383631424715704
-7.342752780760875
-7.334129704159024
-7.372844929190556
-7.435746828866801
-7.409843891919223
-7.408787723257529
-7.4338464859717055
-7.444133257112412
-7.440416962426138
-7.456715787557634
-7.468051002681792
-7.47834083518542
-7.364952991254282
-7.37376641985
-7.429001894343107
-7.460778136048134
-7.43962157194094
-7.45170321915238
-7.391786459287608
-7.553424201181958
-7.41079078939186
-7.4391982219302895
-7.4109941518110025
-7.392350322950517
-7.466489091046552
-7.36640779957564
-7.44285093930896
-7.4742929613314715
-7.425895779264536
-7.367250709731199
-7.420263464300891
-7.453375416391444
-7.478028537788319
-7.435609373983802
-7.441642990993039
-7.412859938377004
-7.468824639565934
-7.426605384239972
-7.463934388074634
-7.488249919867068
-7.475975798158899
-7.417377006409753
-7.384664442537937
-7.393300924727917
-7.458114212051517
-7.40909250103184
-7.384576384556617
-7.41652284261751
-7.373377266674621
-7.447859689404314
-7.523905087708984
-7.489039219523599
-7.4680126690847235
-7.4401465962267395
-7.499123037705875
-7.536757998966765
-7.473332342352858
-7.47624856291683
-7.454991543355348
-7.486826426996261
-7.446369290680277
-7.444208229245415
-7.470094996479789
-7.526917198931428
-7.46815534229005
-7.452835395565678
-7.452419263916129
-7.406495499546458
-7.495342787103056
-7.445965938329471
-7.498366167521486
-7.444312879429479
-7.4967349708890865
-7.444531966378462
-7.527914565795945
-7.522334352054933
-7.45639578571469
-7.49765680874793
-7.526108540603807
-7.471499242611706
-7.483235719668371
-7.4769523812605065
-7.477897105675549
-7.521728399193922
-7.45907885858899
-7.45057455905376
-7.453546565756259
-7.426101991745509
-7.515848300960726
-7.4514883736246595
-7.499720059672857
-7.464362582252803
-7.438849102388447
-7.495672868037937
-7.457054109928163
-7.573067926258401
-7.501794793495453
-7.494105029242198
-7.500926237173154
-7.53839853777967
-7.617111690710572
-7.504214558927846
-7.527175139521059
-7.583305567316521
-7.488896069911462
-7.472690376805605
-7.508796726319957
-7.542785511085616
-7.506464654428459
-7.454224143124458
-7.547382044666097
-7.47152816951964
-7.600914314676411
-7.513969427234217
-7.570421246080539
-7.613249447481438
-7.530064490526107
-7.466693608867044
-7.525232638844281
-7.4912675905256485
-7.540777247014041
-7.552401794311516
-7.549195016874403
-7.543516266593677
-7.525008867740787
-7.525312701881204
-7.576401236434705
-7.508619366514714
-7.624154277728434
-7.555351723623464
-7.563516376207582
-7.363134793534053
-7.5445741588226385
-7.528806064483743
-7.561495555483616
-7.547930549243301
-7.612319263163542
-7.517191779507755
-7.520367959399799
-7.484581268057339
-7.592806991520475
-7.556573344701793
-7.530473056876007
-7.51043967270612
-7.495038669721673
-7.577990791913017
-7.4744404278497205
-7.5717826721470605
-7.546436865601514
-7.552075168756682
-7.452969151646757
-7.561231003483951
-7.550852349260943
-7.513363020109543
-7.528570659119861
-7.521013971075274
-7.532552219335727
-7.539035199146191
-7.57523154353641
-7.571863235968127
-7.557495795624367
-7.532317786678956
-7.59606577070765
-7.552597227035808
-7.5651983132505425
-7.5294686422354475
-7.585554174974771
-7.568944512272861
-7.624309618836185
-7.597895300095771
-7.597199267098933
-7.534043460353205
-7.645486632209551
-7.6899215829119045
-7.680326596071649
-7.628603395067015
-7.556564493715259
-7.611826991283637
-7.536259742062811
-7.582047938009966
-7.586298057368601
-7.704978277896354
-7.604339794837386
-7.629884801175334
-7.623572578657143
-7.683594401294162
-7.609217329803312
-7.585805183164628
-7.606979393098872
-7.610075637750882
-7.45736271844869
-7.680645953323964
-7.634444459705907
-7.615150156109374
-7.606374567201813
-7.5985317516919855
-7.663313725243196
-7.606749331306819
-7.630968234200629
-7.679633033762179
-7.691015397629329
-7.616407771120487
-7.68834071805054
-7.685143397785861
-7.619526824285187
-7.655506364109954
-7.6439725213743985
-7.662402463601912
-7.60533273020793
-7.649659357649438
-7.644216212471152
-7.599593341140933
-7.67555608678761
-7.646708479038889
-7.728830441097006
-7.6533353451118815
-7.652913152061848
-7.661082966335993
-7.600246916798286
-7.683259617712754
-7.539913261049103
-7.642652352689144
-7.624816206295271
-7.6496155954065514
-7.653672082904457
-7.747228117472758
-7.618608011611262
-7.618081443887419
-7.594058591166453
-7.642848237417313
-7.767354575997628
-7.685170856388365
-7.672234127573853
-7.722764778407978
-7.646385939961779
-7.592701429806462
-7.715199983239278
-7.721483275880576
-7.711531184552294
-7.712916602622321
-7.65931658488732
-7.72869873201629
-7.733929483316075
-7.73566851063465
-7.622721857648891
-7.360954167961049
-7.807215617426542
-7.690552536203096
-7.682869153605336
-7.692477888123165
-7.72147614506941
-7.675977861304964
-7.720433373451681
-7.760711384197791
-7.732167648873222
-7.630075232318813
-7.719613283649832
-7.715442080329146
-7.8094547199224635
-7.6810977060946115
-7.668810788217868
-7.70112614645657
-7.678132883310077
-7.7291424611287045
-7.6322680615160685
-7.75490119185626
-7.770730256284911
-7.736671244640464
-7.686317398123433
-7.713906776015183
-7.708497167984824
-7.711749942232856
-7.696899903948625
-7.734759973671548
-7.738120690278558
-7.752718001623695
-7.777402990082763
-7.762770698591476
-7.726188601874846
-7.70737314095971
-7.796409071824577
-7.78003959837558
-7.757408266698818
-7.743382780806797
-7.73594333757259
-7.788729641492896
-7.552731155464201
-7.807098924730631
-7.6622768884785515
-7.687064049002022
-7.6409584692360895
-7.784751665084961
-7.385269215790702
-7.099715396959003
-7.633015225722999
-7.476449596279275
-7.721213088254122
-7.752318738231705
-7.779112213442737
-7.742265931404031
-7.692512157859952
-7.77105755114807
-7.726047053240329
-7.734460689057447
-7.72897583554883
-7.661062884489098
-7.65511211266215
-7.67918801611709
-7.622205479044318
-7.612247622074046
-7.649175677681938
-7.659068678583011
-7.653501165146409
-7.69304737995305
-7.701758796460563
-7.715819147481269
-7.7469455047979485
-7.752281696724778
-7.658543678473027
-7.709397118288703
-7.746902859572959
-7.640939952468315
-7.6818382613140574
-7.682744088283394
-7.731158475795931
-7.794476293409801
-7.749196695864626
-7.6904110853056356
-7.7004968305544494
-7.759961492880847
-7.708665019373126
-7.773265805607287
-7.764066903274241
-7.765543300845353
-7.776568568955362
-7.801464033453574
-7.690220124318334
-7.741055439455876
-7.760541084776719
-7.792942476561116
-7.7910029263229434
-7.759010937357228
-7.769082156581516
-7.779006556155628
-7.841081227672568
-7.81409842490414
-7.736692737897236
-7.734349004534074
-7.769793308113624
-7.824051658942675
-7.817531377331597
-7.739010039950614
-7.794407572994164
-7.85713850632976
-7.8674858088058475
-7.854709320546303
-7.85580098808365
-7.821403767647701
-7.846807364480718
-7.832626497984897
-7.772054451982446
-7.818256906665657
-7.841832180399837
-7.832677627134157
-7.811544037447366
-7.834749276583013
-7.813288777441733
-7.822581439039294
-7.6654071287205205
-7.867082241882071
-7.858450226735468
-7.867328759020534
-7.826503974810155
-7.816108607843225
-7.831564928707116
-7.743772877862876
-7.80091761691853
-7.863923201088777
-7.801790177439209
-7.76932758030618
-7.792712925910795
-7.7439649231788765
-7.789442611599158
-7.779454543609893
-7.780472220040069
-7.726728806021356
-7.706396754514792
-7.84238519428442
-7.755713870988618
-7.723829186017655
-7.7785957580673815
-7.749040228604469
-7.802174394483585
-7.808866685307681
-7.787023512970389
-7.8347541276813
-7.744380952562901
-7.8344935585098945
-7.784397198820035
-7.848609004666904
-7.801981239533588
-7.821723735550505
-7.834035222807455
-7.757021661392914
-7.830569437632132
-7.803205475338513
-7.837158277451415
-7.884638725380836
-7.887715977697119
-7.854924235148075
-7.897457813037469
-7.868669646314062
-7.927646334649629
-7.904089924719344
-7.868433693655547
-7.902527060044594
-7.836547905822444
-7.861526070964395
-7.897530988761291
-7.883215207885133
-7.9506719625543205
-7.879412889941413
-7.972272198633499
-7.918975186598165
-7.8258106111737495
-7.881360011160433
-7.8744251512307
-7.943225815221786
-7.913068237987929
-7.898681541033729
-7.856718867958243
-7.906002867203864
-7.87787221765185
-7.890850093106749
-7.936712247032542
-7.916634161911617
-7.9140055399880245
-7.854877898884498
-7.923387262561133
-7.907588422245059
-7.86860500177489
-7.963144279716949
-7.880995905925069
-7.932740961439052
-7.975927333438413
-7.892480929922453
-7.971704087799374
-7.859217804333749
-7.933213564863536
-7.994832269419236
-7.868294763265644
-7.876560751083851
-7.952086224052387
-7.998289273559637
-7.882552008625609
-7.919009546347225
-7.903166260325046
-7.975292959854993
-7.969064343882754
-7.918381145655594
-7.882458069771388
-7.887788274277859
-7.955532930954253
-7.9070845757025765
-7.957858101772615
-7.9037417795346405
-7.887596356809095
-7.972917332346689
-7.992171676840222
-8.003728349364158
-7.997302705539607
-7.924894924896306
-7.92065604738483
-7.957570287574531
-8.02996943585465
-7.948869100261719
-7.99954014593977
-8.024746147724562
-7.861862199906125
-7.985339679969816
-7.962181554558268
-7.972106237358194
-7.953551500280689
-7.900106246325791
-8.059396268095108
-7.944495452231
-7.917026615832791
-7.945273440577281
-7.954720300802191
-7.927080330268733
-7.999239863524437
-7.977620262805047
-7.884762984984689
-8.0024742536991
-7.900412222800551
-7.901370370508392
-7.967291998942736
-7.884383901408153
-7.891731462978115
-7.965808252265614
-7.972890912105058
-7.978180775817698
-7.9899671777792465
-7.892386067134317
-7.964352335594495
-8.00620633988639
-7.931675079610823
-7.974959567172006
-7.947804080298255
-7.997278520732653
-8.007717030486852
-7.944153213150449
-7.973524582816319
-7.979220767317554
-8.059230083248544
-7.924840355345724
-8.040512831825806
-8.014249473409631
-8.037959483713456
-7.972110535565157
-8.002588301620285
-7.956754379337328
-8.014331701213921
-7.9898203152703395
-8.042729748796786
-7.949378504250392
-7.98963168536981
-7.895239871779033
-7.975084001381029
-8.024956147601806
-7.939304610293852
-7.881520240098188
-8.096071596858264
-7.974401352924324
-8.01432609047582
-7.93445969470184
-7.88877548255437
-7.777554073922198
-7.718903791251046
-7.496295602666827
-7.370873333912421
-7.195696008506291
-7.111847004002609
-7.030867740110878
-7.067558049269505
-7.004892787076113
-6.98148226631441
-6.967637835020582
-7.009496135059952
-6.942836943654417
-7.132982786965269
-7.1803227154578995
-7.235558828947764
-7.366363144199735
-7.3509683618095245
-7.440536314993216
-7.473389963338595
-7.557255517602471
-7.645731603498908
-7.654225878909945
-7.792474253617617
-7.708295589367646
-7.807637999312887
-7.749036246585735
-7.739703937779389
-7.781658636419149
-7.858987948778358
-7.763218439211169
-7.92192843157385
-7.851910903399563
-7.853084213193412
-7.923855919416155
-7.917766354560979
-7.9773559609076345
-7.973062441466647
-8.00062144205092
-8.007161623010994
-7.911642801004397
-8.010552742037936
-8.044749222905734
-7.998314036719261
-8.023464427005337
-8.04273480228483
-8.052433234692579
-7.969596049152926
-7.989821760071149
-7.9981672730306785
-8.082220019933358
-7.980129785378363
-7.97585739911977
-8.048424772045996
-8.016111744976746
-8.042215778388885
-8.04904216618224
-8.038273667690929
-8.02128579029937
-8.064974297458638
-8.045092514260109
-8.043839866542703
-8.029358077249
-8.004650913686419
-8.037696085813975
-8.020927594314477
-8.103553592425511
-8.026248350530897
-8.045318673885298
-8.032932347830533
-8.07307811211662
-8.051119330990769
-8.027357382832237
-8.115854087413645
-8.003664565146721
-8.034016095630975
-8.014591069559797
-8.06394337728986
-8.053978368237638
-7.96362919059792
-8.051450634881858
-7.998084906852687
-8.026429847986824
-8.033162600723493
-8.088040148106492
-8.099681298938714
-8.167659461103076
-8.107068296926617
-8.081618103715718
-8.029040096317676
-7.9938607751630615
-8.047037304372962
-8.083191048694609
-8.078769176501114
-8.034826232057604
-8.064197562880327
-8.08173739555053
-8.111555800309526
-8.071359059808016
-8.14693004533214
-8.098813008730708
-8.075699426381648
-8.105240580969488
-8.075002581135895
-8.159422540643066
-8.054380515059796
-8.129846986062555
-8.065901686247003
-8.083921185332448
-8.073595527397025
-8.086747294182066
-8.1265155295085
-8.130152586414615
-8.08403252430893
-8.095820214030141
-8.079317143895627
-8.11004873063071
-8.098370616413693
-8.089413653227828
-8.07919986711824
-8.076236696882875
-8.031403316624809
-8.027977893952919
-8.147992773368236
-8.105375914241767
-8.070033543961086
-8.176822904221408
-8.13843850468814
-8.096540525039513
-8.1406039376602
-8.05490426581707
-8.10714919824388
-8.0542393539787
-8.171155976151146
-8.181133865057783
-8.180497696294148
-8.124115738599023
-8.183954257741618
-8.139655668005341
-8.168829373689498
-8.215923722695651
-7.6342312556632965
-8.179497040696337
-8.098285421051376
-8.002324038289071
-7.9829583569488625
-7.956808419218858
-7.851379087353042
-7.82004799356391
-7.745365238578848
-7.6339156923213425
-7.520162118684929
-7.481331599817826
-7.422157991240461
-7.370201570039495
-7.256290909694456
-7.285881930595771
-7.216515140791866
-7.253606848406903
-7.21436732217428
-7.165043793340074
-7.238662593863707
-7.215182348308662
-7.2412777851413965
-7.23500534614535
-7.360417657501674
-7.346280459741308
-7.368129612872645
-7.3579484490858595
-7.4636184148447775
-7.4908960162413365
-7.568741327377821
-7.50126793708169
-7.635301274380848
-7.597968858636577
-7.677618970589963
-7.649425251310376
-7.634653785667843
-7.7074327201368025
-7.824229620328952
-7.714189182838162
-7.745810450110985
-7.7278154873629425
-7.85187109667288
-7.870769028334232
-7.8549111929493
-7.784358662358642
-7.862569406377613
-7.912908459465955
-7.962018551642814
-7.889524459529699
-7.90354925039715
-7.833468527174469
-7.961194150935068
-7.933829085136985
-7.945432719833041
-8.052892350332604
-7.936587923174715
-7.9514513149584864
-8.000550603418835
-7.9357184686324205
-8.01120171889981
-7.960682082381893
-8.043641957948326
-7.98165283628775
-7.973913581709798
-8.01856290980229
-8.029138377682687
-8.059501744359535
-8.04223472532363
-8.048455261393702
-7.961650862760635
-8.05611780329873
-8.039295089127277
-8.055287860685473
-8.052447799675631
-7.998909094920494
-8.05044516704582
-8.059873140920692
-8.044447570148892
-7.992019939050244
-8.060603742169327
-8.052586374235764
-8.123048295110795
-8.087402506082512
-8.034674543926846
-8.122784656420526
-8.166635235885648
-8.129483693208773
-8.143662267693832
-8.180338992911066
-8.135322922308559
-8.102924136937713
-8.120654901225963
-8.042031110416977
-8.10605794671955
-8.145951147720039
-8.12325014923162
-8.282516365647547
-8.221318294028206
-8.193516834900771
-8.152884595367816
-8.173771167237243
-8.173644071003743
-8.141309161445944
-8.165905999492857
-8.18789586438949
-8.227012479107213
-8.124738312107665
-8.134775748170581
-8.138722202613902
-8.165263115506894
-8.126869216509503
-8.225174099227342
-8.181942892938489
-8.131633631656173
-8.25568606937382
-8.224029739763084
-8.154681643967141
-8.241263895636607
-8.127850684584525
-8.228132877807697
-8.157640718260106
-8.146344695196072
-8.14264006179091
-8.132504744034751
-8.257561919805086
-8.183303938895383
-8.248895656112492
-8.210386049248509
-8.184637306642678
-8.26327119960846
-8.262241864458558
-8.143435064540816
-8.232580574923203
-8.16853234409789
-8.237349488385975
-8.173430965392155
-8.180956412002827
-8.207635531786694
-8.207479649566322
-8.116150752806364
-8.233696863303274
-8.197967608700068
-8.220643504479126
-8.229558596047353
-8.228253536311248
-8.209739637937533
-8.211852469985129
-8.288558460640752
-8.245545053885124
-8.20891924166975
-8.228240642455246
-8.245295589594104
-8.236446491213544
-8.282175198635969
-8.193040655635508
-8.269138400057939
-8.222695689183041
-8.24118429047912
-8.27981154300783
-8.300401832057586
-8.168955913634125
-8.237640697228446
-8.25824173269196
-8.154422735974757
-8.15268790182959
-8.305583412577144
-8.16765184484064
-8.201024296993957
-8.22978691698505
-8.182474953353104
-8.22970438891437
-8.279805031215353
-8.193295596460885
-8.250220202769485
-8.252698894821021
-8.296361882365892
-8.166628374107571
-8.21832246983006
-8.177038884803547
-8.28382814791675
-8.263474487102654
-8.227794826489907
-8.288677475556677
-8.206203044976965
-8.250111288681913
-8.277503390170883
-8.240378151958554
-8.274112389113892
-8.260146881445989
-8.257261706451308
-8.246633603922731
-8.307432972612654
-8.267670511407323
-8.308626629506039
-8.305733661475292
-8.287572959067166
-8.287999935153179
-8.24270906769339
-8.284406476616109
-8.243966581634544
-8.228847940176147
-8.260471769078455
-8.258688555582967
-8.101727056320476
-8.221282949927728
-8.264196385396184
-8.235409855080775
-8.253536099146237
-8.301318678030121
-8.293727276416234
-8.28386666552934
-8.1727713280652
-8.075877279328592
-8.290731624641623
-8.201460679971952
-7.71968582736652
-7.979452429861549
-8.01085270752316
-7.690854052183892
-7.422301969717916
-7.738948471240505
-6.836783848614811
-6.651046094424214
-6.5436947424830665
-5.8350689706303855
-5.522066787601039
-5.514293423435818
-5.524246915238522
-5.516141620135969
-5.513662774866325
-5.51813943465336
-5.504829500899982
-5.500255856861348
-5.527011116094878
-5.527886203324544
-5.498742740630324
-5.504829682590913
-5.5000348026751915
-5.524676926872355
-5.502812558199008
-5.506786501204375
-5.507158847029454
-5.500931944352996
-5.501195314002331
-5.50126665281398
-5.498849359830341
-5.485759854160347
-5.5055575265699375
-5.498288522435963
-5.502314850782705
-5.499766140369104
-5.511318796205929
-5.5138816802002015
-5.523962878647737
-5.4961971320500425
-5.492018385256227
-5.508066534009266
-5.50116832469567
-5.497947244137068
-5.498977095812584
-5.49978006306771
-5.523388827882071
-5.510155503671637
-5.494606831964857
-5.505938073060006
-5.479522165621944
-5.48651516953176
-5.5042906810730265
-5.506337642687042
-5.5267931588673775
-5.5027471593802835
-5.4978552279016455
-5.516724539732869
-5.507702872305545
-5.5112988537453385
-5.518942419614444
-5.49607453029949
-5.518416296083608
-5.49198715793184
-5.486086019849397
-5.50483894687378
-5.505517770257902
-5.502267205358778
-5.511063441078712
-5.493942505696664
-5.507102953895029
-5.510703517928534
-5.733771172194054
-5.504218279282897
-5.5124753008280685
-5.512268778533398
-5.493608453699206
-5.521308525242045
-5.509020006572805
-5.500508166933597
-5.504515958878996
-5.511682528752504
-5.508177033725201
-5.485105976357541
-5.522017900584125
-5.498764320178466
-5.491762636856616
-5.482358363558524
-5.515668910760431
-5.509323582579656
-5.49145797091068
-5.4850621138401845
-5.493659177027544
-5.4948668568538395
-5.4876103529826645
-5.495604236771086
-5.496364134773204
-5.508856965947089
-5.495183054878017
-5.502698995327857
-5.509214594209686
-5.502506858876366
-5.478524341075463
-5.489505723123139
-5.489834110074804
-5.492526611940386
-5.473192043628369
-5.489719994296285
-5.494048983810249
-5.496354305820904
-5.495759194941238
-5.4877264035734346
-5.487030801592478
-5.502770381993969
-5.50297732840059
-5.506651512001336
-5.503105795956443
-5.499228093575739
-5.499720302905072
-5.516496911004757
-5.495053025176526
-5.487344441066939
-5.488788198872104
-5.498853905658173
-5.493234680876459
-5.502998479246779
-5.488248893851348
-5.507666709183359
-5.495077799621439
-5.501230553069294
-5.502907974433624
-5.485808014217125
-5.489893432607848
-5.495650602941784
-5.492433731808822
-5.512108893695967
-5.472977100610926
-5.493222436067462
-5.486620868915337
-5.496793034832406
-5.500165972511948
-5.494992339997937
-5.514069059453296
-5.489965944400605
-5.495923511800349
-5.49602884283752
-5.4979205338381965
-5.499206115151332
-5.5071567918008135
-5.492913125325511
-5.5036756376262055
-5.510738967986089
-5.507819515440844
-5.502406198324114
-5.490850646952345
-5.476834928427997
-5.5020209535310185
-5.50013224217157
-5.500554928792653
-5.506345921792829
-5.5166513913051975
-5.529276772392873
-5.50902341822851
-5.498287702557942
-5.510817560890453
-5.538936318283609
-5.507065867420807
-5.515047374861199
-5.514099996760003
-5.498255733643031
-5.500769126991439
-5.5000093247081105
-5.4988623512725585
-5.511214223328338
-5.517930079300474
-5.497645641595831
-5.503577843656798
-5.510589021455037
-5.481227607381605
-5.504527040226617
-5.497781574004369
-5.482750951783909
-5.494646773586595
-5.50642719533975
-5.5004672663197045
-5.506969030444278
-5.508497432177228
-5.498905570275782
-5.498017305607205
-5.48565703136578
-5.49957670688359
-5.4921318310750085
-5.489949086088867
-5.47255843091932
-5.492101413447481
-5.500744414735267
-5.587671792435376
-5.517379391279654
-5.520304608048787
-5.503119819771324
-5.512726776537791
-5.504730054385732
-5.501659090916589
-5.515613494996185
-5.497922974180668
-5.503398880387408
-5.508600520430037
-5.493968692264605
-5.502751046597335
-5.496526977999032
-5.490639164399047
-5.5012811227807115
-5.5007361518342055
-5.515782681522897
-5.493351248402478
-5.491936299925684
-5.506276162042438
-5.502744000345824
-5.767893900243574
-5.501818912353654
-5.508882626553613
-5.4922672744170855
-5.50176454037398
-5.493602378283109
-5.510531655521624
-5.499370411638165
-5.496190348320717
-5.496308865989198
-5.504888200384641
-5.518711232835906
-5.4983124923450255
-5.510347471576203
-5.489538883103515
-5.503200207261105
-5.513684920940094
-5.504650234533557
-5.487371510474715
-5.496064476297475
-5.496173551320943
-5.510889387001832
-5.5082151724419255
-5.502279004082602
-5.489835722563125
-5.502643865825203
-5.521085707515411
-5.490536484046511
-5.5000370752734495
-5.479057278172698
-5.506570289110154
-5.492023572306383
-5.494666307982976
-5.517139751148881
-5.506632253509084
-5.501664754826493
-5.515919424802171
-5.494196092258892
-5.511685611692126
-5.497229721178617
-5.4982080093813686
-5.48757397395902
-5.509438238627245
-5.508809879283713
-5.5095300780593455
-5.505373007779533
-5.525139011889924
-5.493991261329725
-5.490833655621589
-5.504310977427139
-5.774727765716748
-5.48995671523077
-5.514956646134766
-5.499061819638914
-5.510889967602783
-5.491916295145436
-5.538619152264212
-5.512659451917603
-5.492880019136965
-5.496686353961535
-5.5084920461885805
-5.493425935550413
-5.497724745574328
-5.529776280783059
-5.51644197802523
-5.800686311069267
-5.520321352865253
-5.527461947353661
-5.4987381664087565
-5.514031666973873
-5.509965704284247
-5.490841202812255
-5.517843540586893
-5.5090452594573724
-5.521622492857186
-5.493969820121693
-5.5124863638028225
-5.522100318007686
-5.5011638679663655
-5.50810793396215
-5.515427624560791
-5.501604306025829
-5.525112189519973
-5.528420746335816
-5.505423011265005
-5.5078298075217305
-5.514189965026388
-5.509495159407913
-5.507900450276319
-5.493827885246074
-5.492195032778572
-5.518023389788883
-5.518974684612732
-5.496372019619319
-5.504734599927547
-5.523176353080568
-5.507091124133633
-5.505953400517914
-5.531965176058219
-5.529257235759474
-5.5210530772185225
-5.512833494397119
-5.514282554455702
-5.536599185206668
-5.548898283628031
-5.529418416572982
-5.519716412325106
-5.518338951296319
-5.50749542822012
-5.513313288542015
-5.526225877843796
-5.516360484257589
-5.53446447690817
-5.509887487226176
-5.986802116284929
-5.804680887488755
-5.517623176251506
-5.520773731980761
-5.513890689873289
-5.5084169399614265
-5.508621847436487
-5.519351589260407
-5.521408462451305
-5.758351218486547
-5.50753504458849
-5.5011744967345075
-5.5138485218858335
-5.535818203959538
-5.5177935727787775
-5.514789860133931
-5.5032825714583415
-5.51693034869934
-5.504020983942201
-5.53655613087906
-5.7916284876697155
-5.497152554573635
-5.514475498208894
-5.623994191518969
-5.505537271534741
-5.527902478242523
-5.524307405834522
-5.824159779061782
-5.518061614725074
-5.504354497517814
-5.708501341425521
-5.489173553343639
-5.534902913494651
-5.525040150144903
-5.518159560574535
-5.509912330316379
-5.522801942704536
-5.51968829981165
-5.5298319233222495
-5.530888205378631
-5.520135446319834
-5.532767187263701
-5.540253606536992
-5.771634974784378
-5.539754378229148
-5.543177577309852
-5.518552057289293
-5.528862897806604
-5.512447354598655
-5.5252172628138725
-5.511997634842343
-5.533965851071698
-5.528022538928906
-5.743248561282453
-5.53036513250973
-5.505738763038513
-5.551660727249047
-5.611121752749504
-5.50747811540648
-5.811531957426849
-5.731868205696983
-5.53277779084699
-5.776255496749319
-5.521787361066647
-5.808034733846657
-5.531030581892194
-5.597814095009102
-5.520814407634365
-5.513457763427734
-5.539488581784075
-5.504119262121599
-5.532139098870123
-5.531790893066336
-5.775970650515845
-5.756787404093311
-5.598894541011422
-5.792578587925235
-5.626088475353496
-5.82341639993046
-5.763681126373939
-6.0532584676976695
-5.648311520556344
-7.256840678669168
-7.183532459609937
-6.091245508387519
-8.225538377076818
-8.264798063067854
-8.063537302217233
-8.076262791150334
-8.050405575013167
-7.91578924559292
-7.73572518703676
-7.583118315593613
-7.463403823244161
-7.322543094687413
-7.089115108459641
-6.7921494288850015
-6.560686684143518
-6.477865554837861
-6.269262382188626
-6.12259025501879
-6.050033948780011
-5.901938358792291
-5.903534016919458
-5.957185203403209
-5.934890201205157
-5.988959131714472
-6.124400350463751
-6.165972179382163
-6.230214249985579
-6.358493476078819
-6.43034580188154
-6.61068920530455
-6.668613322270943
-6.730728421544725
-6.782131921291896
-7.023630915826448
-7.077077220140229
-7.166359898588674
-7.230987721071871
-7.274954915369739
-7.210655467215138
-7.340366622885523
-7.363470964782413
-7.417977068046543
-7.4478232203261205
-7.532530500078451
-7.618295414743653
-7.530664043468935
-7.642731411946123
-7.5252362717760635
-7.730690516319616
-7.714574658905774
-7.754343102817249
-7.740818401601579
-7.677701427588009
-7.781514933039123
-7.705029722973911
-7.749242260123609
-7.808494453263053
-7.816161867562798
-7.819134254481766
-7.7599597480864775
-7.829416691136934
-7.84292018932006
-7.8456638505235965
-7.769666258306805
-7.832741335462062
-7.830012743115664
-7.884957626925747
-7.858098263028502
-7.937907884737477
-7.912323682044638
-7.935692700539073
-7.951810592102092
-7.80517094174502
-7.921524252204958
-7.889025364584565
-7.900813969978438
-7.946979056284609
-7.980752051902272
-7.924085684720523
-7.917556565062975
-7.929634585396688
-7.994091126485056
-7.990342526511812
-8.024209100390236
-7.90338859787284
-8.002402455693082
-7.929990140000152
-7.98292917585667
-8.035417117232612
-8.019791536426093
-8.064840329538184
-7.995374828116514
-7.937484103899824
-8.02752225444606
-7.990043937298935
-8.035086410899643
-7.993421568848888
-8.017560607685216
-7.9907269790444735
-7.998589499175734
-8.049176579710796
-8.099516558617243
-8.03782441459401
-8.036396110043466
-8.141485588420535
-8.028689622621767
-8.089811939727232
-8.084486819732781
-8.088844121087082
-8.030121557720781
-8.07294965705782
-8.04183726617858
-7.981595817203905
-7.997074576961772
-8.075019672758048
-7.98880210921401
-8.074720924835956
-8.091729471106436
-8.066332311231784
-8.159382451970854
-8.050965403757209
-7.959319051787066
-8.128496196504432
-8.040120789134392
-8.111158754407944
-8.142990211685117
-8.076112414295613
-8.10817969398439
-8.125023427183391
-8.114779510348262
-8.079305627461283
-8.130348161030197
-8.064245067880252
-8.02953935632687
-8.107339593650932
-8.081712370826148
-8.06047781573481
-8.19367672402107
-8.123217899219327
-8.133799408528954
-8.086007636696142
-8.095095936311202
-8.184910238310865
-8.211306771992211
-8.158296709757918
-8.101529555572014
-8.1761133563871
-8.149125824189491
-8.20748003636542
-8.149842571132702
-8.182157273404153
-8.153186267385784
-8.177609948554794
-8.187470540616756
-8.211302700331615
-8.237897332799221
-8.263277705343151
-8.124663028481308
-8.154391956564437
-8.24265698148121
-8.19541016468923
-8.26271226624497
-8.157679738482377
-8.195665636751391
-8.27426494870299
-8.136663393576038
-8.27035420555012
-8.142999500509815
-8.184968867913112
-8.282233526091225
-8.160669507974536
-8.233501847473509
-8.255534353710301
-8.1148834439829
-8.34524402614215
-8.214656825647957
-8.183123080985137
-8.226334096932725
-8.285808441843498
-8.253275573979398
-8.234736169852084
-8.280804613806865
-8.312526954299788
-8.21799875046811
-8.283663292291601
-8.138397175305876
-8.208425664076998
-8.337352994553799
-8.13481445154952
-8.224190075732544
-8.225970197136624
-8.300838872623647
-8.232058952399042
-8.241164158715817
-8.144349457640727
-8.175481750587538
-8.158457435410337
-8.197300264498853
-8.2659238465896
-8.322313101114931
-8.233624164122952
-8.188643132085463
-8.172483119760331
-8.246538620504094
-8.18075522172818
-8.272273482143982
-8.295699985598672
-8.233054689387926
-8.254688582876279
-8.286583583473487
-8.236594224704104
-8.374801480040771
-8.254735952818193
-8.252020490821115
-8.290065228214473
-8.268760833015135
-8.247675421168092
-8.173931963307547
-8.264108780184895
-8.252003287257208
-8.210533394065306
-8.215076603584
-8.180601003944195
-8.33097746371461
-8.20125585268684
-8.308827206880549
-8.206712137065669
-8.212876459457236
-8.258180412645185
-8.293140929733548
-8.185424086769137
-8.333848710251663
-8.178912475529208
-8.22764458520908
-8.28401001148391
-8.282613463112652
-8.319737340206435
-8.29718654536338
-8.271124850193663
-8.2433370313714
-8.281567239420408
-8.34720812249832
-8.291976924677128
-8.280368473492638
-8.382764570364555
-8.351207581555789
-8.28525479152102
-8.308602344980585
-8.36889540838243
-8.371486303162797
-8.330708663926742
-8.363803621258509
-8.252753727376627
-8.206579831840559
-8.25398902940816
-8.351101451942425
-8.20578145565913
-8.265174175660674
-8.278477719928064
-8.305485998830603
-8.257417639886134
-8.378479598738698
-8.300599609707946
-8.384703135559388
-8.425428769342581
-8.336618871726918
-8.31346652185197
-8.310061498067244
-8.37857455592825
-8.263845619756067
-8.270423019951954
-8.259674750353003
-8.249916228752836
-8.241249432224365
-8.260814089107567
-8.310871860073448
-8.242085812476295
-8.33999325456878
-8.270689959713808
-8.32678283154952
-8.409361375075191
-8.295123987449553
-8.361837378456936
-8.222775080389544
-8.286520822093012
-8.369779641577711
-8.29162485174588
-8.271611978354192
-8.278484062280702
-8.274163283749292
-8.30967955172722
-8.30750320277143
-8.261693810716999
-8.222409298942898
-8.277508152275775
-8.269818901136457
-8.337216078770409
-8.331717861696177
-8.26406226218096
-8.317216256058234
-8.252721608540623
-8.297274563552845
-8.282186841272626
-8.32701066094138
-8.376056328698931
-8.344339482688303
-8.33314322312084
-8.345593977766196
-8.291920205999117
-8.322518590477744
-8.302903564878234
-8.319015693858729
-8.393714376043402
-8.343965523693102
-8.276160083292197
-8.34465617005261
-8.347818365016806
-8.332725180269435
-8.288840596836625
-8.334481136419072
-8.2838824489747
-8.326798198365507
-8.309049040688906
-8.43974377314474
-8.37040503650401
-8.325717061657144
-8.320428316972922
-8.350979465185247
-8.32546357847607
-8.362433602820731
-8.34677661376404
-8.363546324749978
-8.276421714836692
-8.339689808370403
-8.217367677653584
-8.363290211402834
-8.360124586580069
-8.349992019915492
-8.303777429345624
-8.336060552771558
-8.32851441935404
-8.392182621784269
-8.37365333906198
-8.406883394388096
-8.34101936706341
-8.287503256117885
-8.323550632340448
-8.271704445943751
-8.338686828314238
-8.236393736273909
-8.24809672573994
-8.277560962275418
-8.321822253764834
-8.30301540820567
-8.384095574306114
-8.35662172927381
-8.404043687488416
-8.392945684914496
-8.232982384339975
-8.384147776309309
-8.323321422195852
-8.351060102707967
-8.388906931416415
-8.37897992217973
-8.437298305578587
-8.451120226011708
-8.332889903133056
-8.36086900924106
-8.349322725745917
-8.340962998660222
-8.33744667072164
-8.293131556186912
-8.403170029752024
-8.340093672383224
-8.38023231097243
-8.343403741355063
-8.419554374130984
-8.366496896774482
-8.350342455733456
-8.408633045868006
-8.335670260943928
-8.35094345104276
-8.386541975788594
-8.370935424656745
-8.33062079835841
-8.400351447734073
-8.445394084057938
-8.41172438804932
-8.439641678647034
-8.381147942688647
-8.41388660532158
-8.378741000011045
-8.382932407325779
-8.41151202559239
-8.349843381959381
-8.332927625348175
-8.377992114617829
-8.3293761027817
-8.332454914550055
-8.379125086240135
-8.308488849238529
-8.33246073620286
-8.256076580700553
-8.40064453667975
-8.36543875490952
-8.406953508731936
-8.418333624388882
-8.39615047492783
-8.315953980064036
-8.3638306258527
-8.407326483798306
-8.394591405015515
-8.376002857195358
-8.349813202346139
-8.350401324217714
-8.385456689689889
-8.368583166075533
-8.29745733781913
-8.374779987290292
-8.272291077673277
-8.326489203614736
-8.347721286076291
-8.329354909545215
-8.314035632617346
-8.376599317733918
-8.320439117430325
-8.288980741612624
-8.20936750909321
-8.212879886761298
-8.302576756567728
-8.21090850765228
-8.229096534137865
-8.179553398749196
-8.191705506723338
-8.133343448180025
-8.193853719833813
-8.178315819107604
-8.018681432963659
-8.210794935497134
-8.184403462894556
-8.128438496282083
-8.128959674198667
-8.138297272093922
-8.13314430080337
-8.071026336115649
-8.207657380751778
-8.186108060844179
-8.201160239830157
-8.210521469272276
-8.203579089986166
-8.094378271850855
-8.187494004253182
-8.18152958218243
-8.165476351404491
-8.167677830074377
-8.24486418355576
-8.153117385037884
-8.147283268713796
-8.144911598643656
-8.241182348834796
-8.247565991928225
-8.151092925309557
-8.12008937150053
-8.259834638133402
-8.2179319621306
-8.317798972351556
-8.279299025342786
-8.245815182964476
-8.167753165814963
-8.177053303695777
-8.304611039997779
-8.277778520594905
-8.248921002967592
-8.214849669527203
-8.336976904291012
-8.244943485871483
-8.255743858995542
-8.370003785695477
-8.260419427108715
-8.316079220980571
-8.257193163398775
-8.251331588249776
-8.337857930617806
-8.36156704495995
-8.317964850327149
-8.305929420780254
-8.287905501432986
-8.249435808107725
-8.318976201842721
-8.308480860911786
-8.326731334116564
-8.298736425330857
-8.394121961284965
-8.37652056151177
-8.292944216031115
-8.37314153012785
-8.321410507767444
-8.323557181715469
-8.443435123017027
-8.395904753336678
-8.29963312825088
-8.433420960518488
-8.353527299592919
-8.398377755695195
-8.345867728143622
-8.332515533839874
-8.369496244973735
-8.38063086268656
-8.412878897139766
-8.387876681904732
-8.446492740467654
-8.380491531886088
-8.330540793481914
-8.42505510126056
-8.404445646226334
-8.37663510659492
-8.419246054166598
-8.447061620654486
-8.402600370355172
-8.372372775961242
-8.404242061208077
-8.309475851942713
-8.408135891534362
-8.335549493867674
-8.556319213154381
-8.41288822258827
-8.430257311404668
-8.452795595487377
-8.325783865619846
-8.38940591904612
-8.441288088421626
-8.339626636345546
-8.479884446290702
-8.454769341860175
-8.324143960046593
-8.362425363773307
-8.462097772909
-8.32306630332576
-8.421361891272483
-8.385421210811332
-8.436939239661823
-8.339973274311838
-8.294549252821723
-8.427817492259043
-8.455969556531244
-8.424010671872283
-8.48461413141765
-8.362987467956051
-8.363888701231202
-8.350452249947285
-8.377836150211525
-8.411740386871113
-8.40486985374931
-8.346075181848722
-8.449237173325391
-8.438790476082994
-8.413662555679807
-8.420883357944374
-8.368292113048785
-8.398670813458976
-8.336790287226014
-8.421383641742201
-8.388125312770248
-8.440129391640466
-8.457615033029724
-8.360829457201296
-8.461808535459935
-8.509032793413615
-8.438987719690449
-8.390395649662626
-8.516485741944141
-8.415129619622574
-8.349006432033773
-8.351139863813856
-8.448946627092875
-8.521594606047852
-8.493311024786399
-8.440812861485282
-8.37971277972221
-8.376916775147023
-8.412757454528123
-8.412500909277348
-8.367500852242651
-8.418705018227476
-8.462177584950334
-8.473393071699943
-8.479953622708264
-8.451795498541172
-8.447413510371144
-8.347277213253646
-8.523299396663992
-8.38714480318645
-8.421626726086728
-8.507846017192678
-8.467396641851385
-8.470584847395294
-8.499693855794176
-8.438307964614776
-8.460346547097432
-8.454131142894145
-8.462082507931646
-8.465175342984805
-8.517023385874431
-8.453844796161194
-8.454591959935406
-8.338220856627492
-8.448273064537718
-8.440451540202941
-8.417974469675718
-8.429789795137653
-8.463101050901317
-8.445221008083076
-8.430156476565726
-8.41069408537541
-8.523472023042661
-8.435089917873048
-8.49935517177542
-8.468295287982043
-8.482133099343388
-8.44890733531213
-8.509629102298788
-8.53596740342051
-8.531352102337356
-8.445746206047103
-8.488246727755016
-8.439314529237192
-8.490746233279316
-8.22811981906649
-8.089905104955449
-8.519673411615042
-8.410698954538976
-8.49422579382105
-8.408738483312622
-8.204150171826575
-8.407481306769334
-8.374683462096868
-8.16360918411192
-8.022417727957075
-8.075663608759486
-8.261575676184838
-7.534218860012307
-8.31164987711731
-8.49609835519825
-8.540507797665066
-8.534001014137795
-8.444420872022475
-8.528832307257042
-8.501444555371648
-8.45160431264002
-8.453761234562034
-8.463024161866818
-8.503555908811085
-8.446061503024628
-8.425536483986196
-8.464873870482242
-8.465529781776088
-8.515908457768957
-8.377946923187574
-8.485573962387651
-8.499035841943384
-8.4280603488114
-8.453727783850443
-8.49272932439827
-8.48664790965427
-8.517997711490843
-8.394914028687372
-8.459461493848702
-8.431950001635164
-8.461725974273248
-8.427868189682837
-8.48252605406867
-8.474462544632614
-8.556396347870123
-8.423225705830713
-8.50617665169828
-8.46949777514129
-8.569193811018346
-8.556642831838548
-8.411861673169014
-8.395574610057016
-8.399402575962064
-8.521988433074299
-8.453746412987021
-8.399356126266225
-8.469556203451766
-8.495164880097176
-8.591549005350904
-8.453758601824587
-8.448505945622221
-8.513134505610191
-8.479652513686188
-8.59177584523884
-8.511939921004704
-8.492100837801184
-8.531400191189173
-8.51752915444962
-8.552560606578458
-8.508676461546342
-8.537865542896112
-8.545093034518416
-8.506407310996591
-8.444208999016544
-8.51402825183126
-8.478712799039599
-8.473518382867164
-8.495293995938168
-8.46657102029312
-8.502562255892988
-8.479430324271602
-8.55620563122987
-8.524022617518895
-8.618839026468736
-8.493736821323033
-8.448813341796233
-8.474044385401024
-8.503441934790631
-8.280092813478632
-8.542426592102936
-8.534104254750638
-8.51302717430965
-8.512808667521131
-8.564611705005369
-8.404513212489574
-8.417815151079905
-8.547645053449617
-8.560030938877123
-8.543497885047094
-8.475540182502247
-8.53392571931549
-8.569113164579315
-8.54987813134181
-8.55898463050473
-8.536395381233854
-8.541795169068786
-8.572592100129079
-8.522766559984687
-8.511055484390132
-8.630210326392934
-8.312711620848033
-8.541810123798625
-8.526159474166773
-8.55002090390283
-8.504614210147828
-8.41456867218033
-8.540970147968798
-8.481687349056836
-8.523445510084409
-8.55010725601273
-8.536824311248138
-8.505708603841667
-8.585141812095841
-8.545780136861852
-8.530156268874274
-8.464510819946469
-8.49079328619774
-8.540216520556319
-8.532549020635642
-8.50622943372469
-8.439487504389247
-8.585082070389834
-8.499136709653985
-8.502002432588489
-8.543637431752172
-8.520129077559313
-8.485926466548205
-8.500748881204059
-8.450490327492684
-8.63870975002533
-8.550936625233469
-8.604708048543289
-8.483933640893497
-8.46851412991981
-8.527033434743256
-8.626069911765594
-8.468120040947968
-8.548636695282283
-8.543166354080121
-8.42822421535698
-8.534748803709794
-8.488511271107482
-8.524539309652628
-8.505277625985846
-8.392110278206015
-8.448882023744906
-8.363279800486271
-8.438078178957511
-8.31558154856715
-8.386512981761092
-8.314556668464784
-8.287220068262078
-8.335576949067331
-8.317402136897135
-8.25422244578912
-8.388464820699859
-8.352422504972987
-8.346122345922819
-8.276942602488418
-8.377523083331766
-8.351019409721392
-8.26495955715813
-8.343804137306972
-8.174531655325
-8.276599148546374
-8.267453471672999
-8.300688555993458
-8.373467251747986
-8.372468800277474
-8.341632633171498
-8.379712267288236
-8.35239141143631
-8.397139768531462
-8.45301653568034
-8.372059624784441
-8.394420372738876
-8.428099631089287
-8.380602539725631
-8.41433425397321
-8.371659288815444
-8.449083029342503
-8.362245556745107
-8.411766334338822
-8.368521811610512
-8.443898106655608
-8.385008732530252
-8.522936503108772
-8.473732567401035
-8.56106118935248
-8.482897517001522
-8.46697399005375
-8.434327620413539
-8.493159873610889
-8.449684148549146
-8.449398071061202
-8.450486985254676
-8.478773411385715
-8.497144338863995
-8.372254754815248
-8.572504047098926
-8.483236755911134
-8.507258573739778
-8.425966221349523
-8.485485948135988
-8.525144400652673
-8.588524148631812
-8.502566079411881
-8.51327219012408
-8.536054212371031
-8.529314376312568
-8.482150060524232
-8.525586430140816
-8.500953316607056
-8.56970917461445
-8.501395199142278
-8.503291679666233
-8.558569229099769
-8.571933599978726
-8.501260945993492
-8.542321507986337
-8.532185649741434
-8.585890140920133
-8.588210001275574
-8.527640643345388
-8.548346990378981
-8.476901368497286
-8.470475489500654
-8.639474970213884
-8.55753310685812
-8.563896856833136
-8.516737180829194
-8.570470386216636
-8.58174592608261
-8.510002877229814
-8.510119494250898
-8.578372047623033
-8.609922536496617
-8.622623086599127
-8.536225861592683
-8.526410742873654
-8.6364584538595
-8.580567190183459
-8.54814246478171
-8.484288816348023
-8.580441250647326
-8.58763221382266
-8.608174597370883
-8.625016081937506
-8.505035820907425
-8.614730362736866
-8.566364734790099
-8.585575959196218
-8.557126391856142
-8.527854134965883
-8.562051877102254
-8.640097048856274
-8.538446142303
-8.609159876090967
-8.6133345492281
-8.597098830410365
-8.558905320535137
-8.64426114265733
-8.523654955197303
-8.55060460323046
-8.56707285187221
-8.601865701652457
-8.628174258580145
-8.585284798551738
-8.561427727739524
-8.611828820802975
-8.664585522167817
-8.555369553538634
-8.514336841747946
-8.589648325412368
-8.627708584576471
-8.560279966687384
-8.611616396469742
-8.611929192305302
-8.618996110395564
-8.625630487521292
-8.614155753027026
-8.592529185477927
-8.567945538821222
-8.58801496123594
-8.627239986946336
-8.63396773457125
-8.591592713197024
-8.04982436174902
-8.620325107092913
-8.728563437388537
-8.769437689480155
-8.60218365580828
-8.621391006759335
-8.651476889974159
-8.633268247884834
-8.625076359724233
-8.639200333476301
-8.62937673376163
-8.661064664396363
-8.614850795112654
-8.623366124965694
-8.604426857075321
-8.563651193017668
-8.485068862392813
-8.62788352726063
-8.565075160260964
-8.622032993970345
-8.655980567038588
-8.672677791624606
-8.553649930180207
-8.60665114643344
-8.652641868508315
-8.539708891709575
-8.582878724615986
-8.585728106977346
-8.59813839316832
-8.526229632481188
-8.702122425886193
-8.618813058442024
-8.601878594700693
-8.592825814624359
-8.591192280424139
-8.56042888566799
-8.517719660187936
-8.63885523180556
-8.547571037068904
-8.514626340204002
-8.58741901678631
-8.525421695892103
-8.555654462568267
-8.577354715138753
-8.554395267292767
-8.568202417389246
-8.570008341425206
-8.564418850331391
-8.497573446493996
-8.579801454165613
-8.558301802663026
-8.560229432227755
-8.569116858220559
-8.68375904369353
-8.597520995606287
-8.555493775415144
-8.57106926045645
-8.593040128981011
-8.610153118051741
-8.642143013229802
-8.624478533595079
-8.601083727564165
-8.663434969626909
-8.551785316746303
-8.581885964669814
-8.616254961841232
-8.666756456645992
-8.529118210453415
-8.62876693477439
-8.679749489079091
-8.588253841930849
-8.565898234550481
-8.574567879579572
-8.635826882212156
-8.638778303426728
-8.558532405988512
-8.692579182322126
-8.560727280671747
-8.580998648775921
-8.697826162632767
-8.637326733950415
-8.606268507952867
-8.574218293843694
-8.683891284168679
-8.661148632899726
-8.642432820557772
-8.588821804306198
-8.584317881278386
-8.64457016339954
-8.633308207079983
-8.764933139928772
-8.687722637858654
-8.634909712964832
-8.604954003437896
-8.644657184600142
-8.675565538401647
-8.608808527473554
-8.622790842700267
-8.628285088719286
-8.594266605287222
-8.562473944557153
-8.597063169665224
-8.591630121978065
-8.621290812071368
-8.645274746174797
-8.649280374947578
-8.598977189653928
-8.656783046864406
-8.605643874485812
-8.701017256612289
-8.656135956231479
-8.591246561579162
-8.655902749761863
-8.619239001841601
-8.633751967578034
-8.64224360893295
-8.62396625929209
-8.651314516412269
-8.601842760581672
-8.682270411709897
-8.714551568802118
-8.622506021085744
-8.673574039511836
-8.641139690044062
-8.596085801691078
-8.731694273643843
-8.66664526337903
-8.574463664077614
-8.644083129743942
-8.622949550506112
-8.711537260251545
-8.659836712716489
-8.623566113418155
-8.60083229575862
-8.697910794578213
-8.68195870777915
-8.73240478572549
-8.596755873887309
-8.549342184148369
-8.643380686163274
-8.712386963484636
-8.613025357879813
-8.660936017022067
-8.744496780220462
-8.667661521341037
-8.665397339936268
-8.666195317659799
-8.754637863571384
-8.744164819358012
-8.753371425183811
-8.717612268138147
-8.688460473441674
-8.681479711903703
-8.626894249826437
-8.682342344350944
-8.697613416524977
-8.681877543817393
-8.709176777443792
-8.676237253814838
-8.753473863627656
-8.640459475758979
-8.65025131349725
-8.71354579237079
-8.660749682797793
-8.751912811028463
-8.716253352085978
-8.639481679301232
-8.666900352867902
-8.757944717055949
-8.701987684434
-8.737140072219962
-8.71320604522075
-8.699515310595983
-8.456769823768196
-8.686582300057184
-8.618353042938734
-8.74077519682637
-8.69865924164463
-8.724793362489976
-8.71171447465631
-8.613468504520785
-8.64988981611494
-8.704043324302635
-8.702794533305388
-8.641319050879268
-8.663140076819595
-8.645253151377432
-8.687827806491617
-8.587035089614917
-8.661645533065517
-8.620220933680153
-8.62412822594561
-8.691290040094684
-8.60706760749313
-8.657758230870405
-8.625074937246161
-8.570979168019376
-8.647884453595065
-8.57948715158148
-8.603385031560803
-8.688335116826059
-8.705149889655331
-8.6290193967218
-8.580844450080756
-8.597936431141202
-8.720811085100463
-8.647263997987057
-8.763294303792074
-8.642888380365656
-8.636528490672207
-8.640128864051201
-8.710793242371357
-8.607824943075274
-8.597618394215573
-8.704855195543393
-8.645697387169733
-8.621066210519315
-8.692047976568594
-8.658462641493841
-8.61596245635319
-8.692536297246958
-8.522395157409548
-8.691676761278604
-8.667857372577993
-8.687653646952265
-8.715815741455435
-8.72246052499075
-8.688723966128833
-8.652179388854538
-8.70476992259587
-8.673104490601402
-8.729775672076313
-8.656052039375504
-8.745031303320927
-8.591461613422466
-8.634587132888937
-8.710966065674809
-8.766972322640168
-8.74167388347962
-8.743874782809316
-8.789418376771412
-8.718614390806364
-8.71410524243336
-8.772623009551227
-8.727937678469635
-8.680757864338991
-8.755236899726242
-8.73654052466091
-8.656559376583871
-8.789998627361681
-8.761826795114949
-8.746910320238678
-8.792114436906417
-8.748754287203637
-8.760105450122635
-8.832014963765593
-8.717947060957101
-8.640876401948598
-8.696182507217527
-8.732780707508825
-8.75156124840734
-8.67755250977602
-8.675591620945097
-8.77310561959253
-8.834317873961508
-8.84354735001227
-8.814263127184297
-8.792196744634229
-8.71329667299504
-8.789196097896502
-8.740663384720923
-8.752478452455296
-8.733167550679859
-8.755705964013027
-8.821846978789347
-8.77517284323572
-8.836554832047467
-8.773013230086843
-8.766724762671444
-8.786774785999285
-8.752275285041444
-8.404405381020098
-8.779694977702503
-8.830539095296343
-8.842385816840748
-8.683203285482186
-8.782491782966986
-8.741528623713592
-8.75515234740557
-8.74658783824924
-8.883314784223101
-8.793817900418055
-8.837407509628324
-8.80460020831122
-8.741157853955213
-8.816687420228309
-8.824386298334316
-8.828569699115366
-8.763956173495878
-8.847346661552745
-8.770119979244132
-8.791836435993364
-8.758950217137771
-8.74293782713662
-8.69979521186623
-8.8456400004999
-8.64427977332987
-8.711148192393564
-8.741537577883026
-8.766833556972859
-8.682810540043794
-8.665645784819574
-8.694971225041074
-8.687397848035507
-8.65765006282838
-8.686926636999509
-8.610258113615002
-8.628030553427768
-8.68009419279779
-8.67722223234613
-8.641810568107351
-8.663557988600553
-8.563319913138555
-8.600298640204796
-8.599476449209961
-8.563049608039119
-8.537825071567086
-8.596820820226142
-8.574250935191959
-8.530019521094713
-8.727769199358255
-8.568058517820745
-8.661184961147141
-8.582687712848914
-8.58767153616715
-8.588457589393832
-8.78070801457003
-8.68521720116083
-8.609259283074136
-8.622209141650673
-8.688659767838358
-8.694444156881397
-8.591924257014307
-8.643063648929795
-8.72351365620768
-8.674934503159745
-8.727097259042472
-8.661226253429742
-8.583706978557874
-8.619322483891464
-8.686878595006705
-8.685260227430552
-8.668849080254434
-8.730572916863641
-8.711499023432745
-8.78148434981536
-8.670941036863914
-8.68011304724157
-8.782404989718366
-8.781826025231684
-8.736184881531475
-8.685846788238292
-8.697254327719904
-8.821634748949982
-8.678605372468214
-8.749094742676121
-8.737184310560034
-8.778415874932888
-8.83558952299525
-8.752612965927266
-8.760471654191354
-8.869134942577983
-8.868112725286931
-8.756430203801871
-8.751139795142421
-8.815244056820314
-8.720851007416783
-8.807756316543832
-8.876215350929934
-8.746405088263547
-8.7789470476172
-8.825781095276598
-8.787143798517029
-8.752847480564105
-8.797055697793622
-8.821052386269074
-8.827866869922351
-8.863560838510223
-8.880727623957496
-8.85249574027547
-8.876715127327452
-8.760978725514802
-8.841055092879243
-8.830909601916353
-8.784631424709323
-8.90356396198565
-8.853437348732662
-8.806132490368483
-8.852532849203433
-8.856935668115133
-8.849753750656985
-8.8293738459178
-8.852511152957888
-8.833254161307291
-8.860143681025221
-8.848814054787056
-8.788255451613724
-8.764247179048073
-8.76565558742451
-8.744778179813578
-8.697986187274022
-8.708865505322372
-8.681562711489034
-8.728702311854219
-8.669823992857474
-8.656718098039361
-8.733791109453454
-8.72939280457524
-8.702753672649468
-8.638711098065711
-8.696070411757779
-8.630270966057415
-8.64838534845221
-8.782668391278186
-8.64319889368
-8.726563704713396
-8.755087324108567
-8.725429424016005
-8.56297991655682
-8.687771462492291
-8.837207199052948
-8.762625276181632
-8.626605689502567
-8.796591947975939
-8.773842139523428
-8.730538259768922
-8.749515467114934
-8.796623737412547
-8.672983049016084
-8.79461297904836
-8.712266468390837
-8.778345825145912
-8.808693344225647
-8.684325469848686
-8.83369267797819
-8.739136960119547
-8.777915507423819
-8.824951623892636
-8.816525202053352
-8.84033182942019
