0.021153618078881956
0.02079421274458195
0.01811266275815896
0.013228155839183376
0.02435001587236195
0.018099289480231415
0.015569966812051651
0.020659503121697845
0.033386722224120605
0.02881396914338324
0.022672968905574315
0.014711939022774555
0.019174210289068332
0.014210675262252902
0.031125966465561244
0.022314736645310727
0.03131149155451885
0.024006319315880934
0.02304833461908543
0.009399578979474896
0.01338697064153718
0.022291136961518444
0.01261398566713049
0.027027567942034193
0.0317455569545097
0.029015632027742187
0.021744174123906144
0.035606227821648254
0.03200803519843942
0.017309765669780756
0.024292386469302218
0.019740352236956686
0.032739228417620864
0.028949549621925547
0.02380089220777945
0.028845307389046206
0.014675839274827828
0.025698220894526298
0.020267365512373788
0.023816023976794796
0.027435225994791663
0.03279395476084163
0.01427416203892258
0.023845097741967566
0.02682898353912527
0.024774041024282094
0.02504351588914794
0.023756592001026484
0.02106011844668182
0.025929978878533697
0.015026076428801733
0.01968272791832497
0.01716340679258514
0.024805703874397594
0.018432341624294718
0.01639881138393456
0.023369306276000222
0.014945069588379973
0.027933964565654265
0.028964891302712344
0.031308468220587214
0.03209686467292913
0.019391426351386184
0.028483736983961224
0.02032350993477777
0.02517134798702977
0.019221640888754363
0.03494321687337573
0.02548221248591102
0.020719728403135424
0.010569665399130708
0.0282526596450982
0.02262205916172533
0.026676964984442778
0.041011178224390266
0.04380443206202416
0.03037100506663521
0.06412659317391828
0.08264066103832977
0.0276780579705578
0.02935696729453518
0.024811524238725943
0.041707725916112486
0.060544189462357165
0.031156209543321087
0.025321873785527277
0.016440759934932995
0.036222167268468726
0.02599009350207464
0.03125830936679682
0.03597134848452952
0.09988635692498965
0.0349158629188488
0.03666196146457926
0.07052012449462418
0.1281923341977241
0.13252189989193056
0.15930548254194582
0.14389760904579219
0.09368998705040386
0.2119728827875934
0.13700275822564828
0.1781705624766961
0.17770812310068929
0.15325756894063114
0.14313199314745176
0.15632441911481076
0.061927004759966216
0.08842566885774404
0.14025237418651743
0.04019206864719034
0.06934758548573247
0.04711175054774125
0.06758497261160384
0.09511497802492945
0.07850854277349044
0.07765914162241253
0.07134462035052941
0.07687281606826216
0.0495189487830952
0.05598879332031012
0.08560637286119475
0.06198962318213542
0.059327826561276324
0.08865434470436019
0.06610126072102462
0.10439734595765213
0.0672059791028965
0.08584582443308719
0.07686111806262814
0.09922547843775523
0.053995950412098634
0.06603496165628145
0.06194593444187068
0.06104491124472878
0.08725501491472518
0.07909073977514151
0.05371075640767472
0.07176766269826806
0.04950808031955072
0.07474525795462117
0.09101452677034662
0.09012392566125343
0.08948670049396559
0.07442957809267435
0.07027410345167166
0.25391287320580036
0.03905717874478867
0.12975224269865618
0.21470805829428144
0.23082793522595338
0.21121253808158275
0.2625950564618681
0.26794801470391816
0.2352227403498504
0.21672472386878527
0.2094172461319366
0.23036554262449255
0.2782414744840347
0.31429331538336713
0.2352696314262288
0.2738747946847237
0.2733132324844151
0.2800833917217195
0.2751716173501795
0.21329533072283147
0.2869392359776525
0.26773006860529674
0.27184399427859174
0.29173230030388414
0.2928134415497065
0.24887928704567036
0.26333572866473076
0.2586196750278633
0.20996448642480248
0.09183167620152403
0.16170060865176017
0.09879002209748566
0.08999071544261751
0.09897014893171226
0.07546225374085427
0.04736023240553173
0.05924383301217906
0.04803808252925398
0.09679587771822906
0.09201278592546798
0.06443690704169058
0.0968532221983399
0.05477721973901707
0.09608524493575381
0.0673037105657095
0.04430660172744011
0.05949058473554139
0.10542740058854531
0.07082699889838441
0.09647326448382332
0.0883976296711352
0.06331062580160694
0.05660071053789368
0.06813161491228184
0.07227421110041247
0.07195325224551459
0.08834824993525184
0.06219831370304287
0.06857517821607266
0.07465136608542686
0.07264357213674735
0.07696609575190126
0.07483222684003943
0.07093212505536317
0.058470108861372626
0.06474174584978531
0.06471199262213721
0.0743822647044938
0.06951727142513081
0.05170153876616593
0.0946338462584663
0.11010847270205183
0.09006920101775007
0.07354353266215609
0.07091285582048276
0.09507033569696463
0.03998113581731917
0.07404967196758613
0.08888962030321997
0.07321225990701197
0.09601492770985749
0.1043257515232081
0.06334240064044817
0.07353571316908337
0.09150630061245763
0.05647973205749173
0.054652928670358376
0.08095976344772615
0.041228657196497036
0.0634466872254123
0.07046317766264133
0.062393007677542224
0.062402811931689374
0.060642841419915876
0.07680392046646158
0.0716916214991847
0.07493868523283594
0.08263490615536323
0.058469457487406395
0.0834091907546388
0.08989035212285505
0.06328695439034769
0.10003044690215246
0.06998776380469023
0.09770221573593371
0.10200400796531991
0.284131582579421
0.244143885814497
0.1935872280136796
0.2980464295538223
0.32986533849760635
0.31203572418499903
0.2539300163533356
0.26549828051176144
0.24192300368156033
0.21225624757566314
0.254121390024748
0.09010628097777548
0.15669605713552162
0.08382378708452767
0.12648437191126122
0.06594267231339175
0.08034548016716266
0.06288891290294016
0.06331602571566
0.07743000488302786
0.05625749767481636
0.08741939377208267
0.04454065251033442
0.08669583544521561
0.2077995457019671
0.2489756260999577
0.2813133720135127
0.1783463332431141
0.2543531282317398
0.3146223823829669
0.27816341828168795
0.31715888597451375
0.29660814514344763
0.18807192947925577
0.2737815904087233
0.31728935807079617
0.3323971695574176
0.2623394570570752
0.2617731585627115
0.20577136565784884
0.11675833738803283
0.05388683370808252
0.20460502741619813
0.30107149520406146
0.224138650740558
0.19237177238032607
0.11217311552004719
0.20661678726839322
0.06364814807021045
0.0733684965690733
0.07962857513795159
0.23515688110352448
0.08174119632143292
0.08803131529828442
0.08194765098910568
0.20689740955112063
0.11644134632367091
0.07226616170181471
0.09968326360867258
0.07624073798935412
0.05599264716454965
0.07839857087327426
0.06942519153006625
0.19174664212634823
0.19060069752773645
0.046974510680888
0.10675090093411368
0.24052694773083722
0.2675338616850891
0.1778632245097923
0.20705170421513622
0.14743834183238017
0.13960110394902833
0.2032014521414531
0.19812843940806535
0.22187745886217214
0.18237396575259168
0.09484094812370639
0.09798501687104628
0.14606870670648492
0.07617309270047401
0.07012071692236269
0.07677108381354793
0.10249108499829787
0.08490176508066495
0.07091583941721016
0.08227008187134333
0.0841287475130315
0.06447940904186979
0.03818112865922164
0.08383216777166343
0.10761758851354691
0.07410835450130862
0.1141326018327115
0.077335343088225
0.046500503532143835
0.10508303035940288
0.03486306408165897
0.10691829091419613
0.055869767278987584
0.05500231777693316
0.06146919143225323
0.08026108819597923
0.1196631832456615
0.09459925931989985
0.07818160161457967
0.12180245086912687
0.055801737163883924
0.07143691724887473
0.07716724232367515
0.1505092845111941
0.10123343540111776
0.21285095463224582
0.06542450246129197
0.08182272395386629
0.20781310356556681
0.09709561233548747
0.10658278245719399
0.06090906024681943
0.09097587804123995
0.028081352080132155
0.07533729046771324
0.086022393635735
0.11393500928919699
0.11431671553734966
0.07921576992118454
0.0979926094536895
0.05815502063205887
0.05139284212300326
0.13947471324297353
0.08164455332387359
0.0570333435018287
0.10247713470116586
0.11550753651802426
0.10460218563599565
0.13187804153556457
0.05685618642551997
0.09150140147604988
0.07565161315109929
0.10062776582716733
0.09957139471903796
0.05471356788514549
0.07203915023687195
0.12773347372121654
0.07559824709665713
0.12859448365090012
0.09380445245393504
0.09426553178324923
0.08967251917225083
0.10627223488030425
0.0897903483523212
0.1563905043696609
0.09099824695273755
0.1010203767939881
0.10229198955945261
0.07522050813214416
0.0737749499979698
0.08436409187870783
0.09349145244276057
0.074443091102718
0.0610059575573343
0.057588015005502605
0.05548226618734001
0.12359664294192514
0.0744853796026511
0.09400405417259089
0.08684269026138172
0.08437536171853079
0.044381159386780424
0.10500991810656943
0.11099755387075327
0.10830556850725798
0.1319743670464276
0.11188249975054865
0.09733777133658633
0.1228897559301911
0.08122833728384
0.12390136192955259
0.08172142158432552
0.06569717749375412
0.09029075866951819
0.10109698134713287
0.09158925345541179
0.07618165068412128
0.06038958443038006
0.10633224794522451
0.08775246033146192
0.08483763221717444
0.10750952570695751
0.20107525993058825
0.08808015725010432
0.10964769777623966
0.3178403994778527
0.2438544494316963
0.32208051538522425
0.36189702269782165
0.3994257304575538
0.35478037297103493
0.35625401744480906
0.07060186853652746
0.27933776316875236
0.32212524422927336
0.2415326269722307
0.2812720288314376
0.3549608540951421
0.37808242582937585
0.36500771788262715
0.1839159518039134
0.2674802931245066
0.2671049403694423
0.21081913834855506
0.07157124876658713
0.24488028201612233
0.12451603228362387
0.091350929529346
0.29726482640759727
0.21939634500007485
0.19436369197946193
0.19424492178921637
0.11218060272504808
0.10193105158935048
0.11394341206345776
0.26085094066482634
0.09426166024973398
0.0923602792210822
0.09518700735593634
0.07538329879322306
0.11716904488244512
0.09121479990953539
0.1130157311061905
0.07212075242532087
0.10218240469665289
0.07849266592407333
0.06350539357786658
0.07771228096949365
0.08267129054509996
0.09168483420327023
0.07236440476798352
0.09662679439195788
0.07742402109077572
0.07849500836254832
0.08474218370896973
0.14435355824722737
0.1013242780322996
0.05184531358709898
0.11090383983813329
0.24921666500632042
0.06875664971922969
0.09787491394382238
0.0930373866353593
0.07940724767428674
0.07545278491392894
0.06532222079668193
0.22930865615320148
0.09865070998456556
0.06603828402316
0.21538826970529523
0.25905677454695547
0.2253473531866179
0.19756875903177032
0.19155816874056575
0.11107924511025767
0.12689110220783287
0.07598326577424296
0.22118807055373216
0.09121221364239407
0.07631216335502534
0.1601703255727325
0.052656955057879144
0.08390692151165045
0.05893499800939011
0.1949258442472494
0.3052409625428437
0.10711962730413739
0.08826803079383135
0.04038217204695641
0.09091590758745689
0.07894957565812724
0.08510602226418279
0.1017714918907741
0.08652493257609166
0.09581797550397458
0.09566843657125457
0.08963442265172356
0.07800268430497055
0.07305964763159423
0.11720549626743966
0.0722358934800802
0.09413461150674357
0.11359059253002694
0.07230412692726969
0.11770833673681655
0.07817846274686271
0.11847673380789396
0.12247905125572672
0.10313323601261458
0.10538085328438428
0.11447921415905049
0.10661669173355051
0.07387778625652805
0.06773770861274062
0.07996730468488393
0.10156231523019334
0.10178647489497683
0.09434121558774354
0.1472100767271434
0.06956189934132163
0.13031540296107247
0.09547329741873731
0.08047298001561022
0.1010829399462937
0.08007298278737161
0.10793041458591905
0.08500470864550592
0.06864515071295611
0.07143679309271041
0.07721653108613419
0.06836285824047576
0.0689813124679051
0.061645681393743684
0.07706913999362061
0.1375101675508519
0.09370368935914507
0.11767829094512867
0.11623137517937823
0.11870329743302489
0.09534414027844446
0.13248981991692957
0.06873895313868014
0.08328217298042107
0.06186993839368884
0.08472874898949449
0.08312000056057259
0.11140975793978274
0.08656913124418335
0.03866838195561029
0.06958728062363469
0.12151789479106509
0.10376380771002253
0.11489812607527482
0.08524098334122346
0.0806394769015644
0.10974023785654126
0.0925397594890856
0.11081688519728002
0.1330838314203101
0.06469314057288346
0.12917747917208006
0.11011312997709478
0.10905726114392988
0.0636843440231668
0.09558145197985539
0.14078977478327467
0.1437825523776758
0.10799038557825077
0.1133985388826134
0.09070859240356349
0.11239601971220756
0.11712242034177313
0.12194275516384001
0.09236714103959907
0.09913168068994375
0.07740221419303345
0.12163909040523642
0.08897105605826316
0.12176532825578835
0.05899691396386528
0.14034732469127487
0.09747162663809425
0.10070200062923877
0.10437061494174257
0.12334955983649683
0.07578713885359414
0.08867688832557595
0.08199631819394075
0.11320770658042252
0.09984477325469673
0.06340153752789839
0.08887595302749532
0.07024169965405325
0.09503270984509228
0.07763550091358379
0.13947925977287323
0.10365782812777447
0.06763553927130299
0.11469219693008974
0.07379100609603267
0.09891035650136043
0.11282403475360597
0.09014627739621857
0.11839401460092915
0.09069676246091624
0.12392565981879036
0.0870315041204653
0.08780243935229964
0.11329475130967039
0.08985925941970575
0.09437251707758212
0.06856336602058555
0.10801630620195679
0.08229219351813402
0.09957931734992992
0.0962829711192448
0.1009694816256554
0.07143846875978156
0.09020015932469232
0.09440485655030686
0.08738759222133359
0.12767412364259847
0.03420229100473481
0.07872793795251407
0.09072586833567027
0.08660520823579825
0.09380059905736812
0.06366225949264981
0.14397665663354256
0.1006820695399036
0.07327367018701167
0.21847219605055057
0.058334959044449665
0.09982645959531446
0.04864917875509103
0.0888912286536166
0.08796076162212045
0.08782862630990788
0.06770827305211528
0.13859856718886238
0.05233921562645713
0.09341707515287782
0.09925782323915468
0.0783445572832008
0.12882860283207268
0.0916165087417264
0.10819204523970749
0.1092204362942467
0.11133195466276823
0.10909108676921994
0.05951724553488108
0.07509471687772429
0.11081378803328815
0.09501767664874211
0.11121190914526764
0.08463679650059315
0.0768508743340093
0.10805317153580231
0.08014789841976412
0.1426701673219795
0.12048694981468087
0.07333952593598146
0.10055492911908871
0.11224840690221786
0.10039033445846128
0.07559671207080422
0.11760957748371134
0.10438085061350319
0.09520057349873315
0.08060203388287396
0.1230403395988606
0.1132657713117156
0.08509923762637962
0.12507932478830525
0.06594674987945667
0.06945059839911631
0.09019218590501067
0.10263680876748807
0.09408104335353419
0.09471274678882054
0.0852314952927667
0.09196423390749846
0.10252835698029526
0.10035992379617281
0.08240728984264922
0.07647632955936012
0.07876195617127862
0.08439679715412032
0.06801177870565593
0.08640769441993537
0.10094540516539963
0.10957437965629441
0.09004718736150931
0.10634910359939512
0.08054755976149996
0.06872179436767918
0.08832789153448961
0.09121912540494845
0.12624666657403794
0.08975597250799777
0.07925926804493029
0.07984438898950191
0.07774276271169847
0.10509517739431935
0.09270518525341359
0.10974664586798158
0.09824646172263601
0.15965613399981446
0.11954796898777437
0.06271334980231234
0.06276667081220441
0.08259318378151284
0.10059856329550107
0.07645349193386373
0.12405127425149923
0.08233617933733738
0.09448042846595592
0.07917619774198958
0.10929746841214967
0.1318851056650063
0.049761573183218104
0.06790399786402627
0.069028728194285
0.06110167316589659
0.0976684965845985
0.07388935134200159
0.08033950164217847
0.061037446437472304
0.09704522876268268
0.11144619733123985
0.08304199874355758
0.10916899516876583
0.058708817110848945
0.08486746477161305
0.09783492941267315
0.09199698450556651
0.11219555460171793
0.07731346151804752
0.15065955524290706
0.12293439806770283
0.09381141172381176
0.12206174423605358
0.1278437703205709
0.099638718441167
0.07270910773324703
0.1199736246237144
0.06327267908333666
0.08496189248177959
0.08241121937653398
0.10061800679016793
0.08857852452887158
0.11445365401531067
0.0712723031924309
0.05133324552453442
0.07482997087608396
0.08524726607973955
0.07011916221633066
0.061697435397042616
0.12066179702081357
0.14917999113730693
0.11535349231652704
0.09974611703789193
0.09290492658948105
0.06943307950133616
0.09685608650948595
0.07552164995044533
0.06519649757930097
0.08542832283241926
0.10453243343769834
0.09675668327981957
0.09764711084097955
0.08698382403290088
0.15399317821675887
0.09409649757137009
0.09394364226209286
0.07239032298169863
0.09312829923003968
0.13130720707402227
0.11229550695316676
0.11363667860445785
0.0920561575613968
0.0648359623874359
0.08937681613357963
0.08298249056839681
0.25198960714085533
0.040992006013167534
0.09881794140971892
0.142506652559594
0.10581281159818791
0.11806858224537792
0.10086807522981771
0.12616537672893557
0.12276863491725257
0.10093081322405086
0.08806586357841642
0.0781384360600671
0.14551620215892638
0.05273024907336253
0.10556777022993925
0.05153669748132199
0.10216631980288444
0.061990706658466455
0.09518754774073045
0.06593226256310787
0.1108117375556349
0.07955614694517772
0.10050596287599026
0.07741364311132082
0.09066112922649809
0.10984663815199526
0.08823537660876855
0.10717328333094842
0.06865511287166162
0.09463292991069451
0.08295404031653715
0.1846294485596509
0.08245481819436218
0.054643622129020006
0.07001347459706007
0.08837752558911197
0.05361866742922685
0.25753085413983146
0.07250497412256197
0.13772938939233603
0.04935699216245896
0.0703643279772424
0.059009657430670985
0.10866284213157587
0.07976186953101001
0.14366086145510126
0.07544425597025614
0.09595973603990385
0.0941370930229975
0.10642502274288548
0.06897645424270805
0.08630967554387187
0.05820978809039119
0.12926686659849546
0.07095320749734184
0.12950042121440694
0.11199643993285056
0.09143909750537918
0.09226868947313174
0.06120777054464836
0.10097083857432322
0.10866913750795995
0.07121063735451263
0.08349207385292337
0.057271471232746556
0.08926153704411242
0.07537330834113601
0.08016284007518133
0.08108953782852145
0.07555260923878411
0.09133429015295978
0.08967519742465638
0.09387440896556276
0.08649831931163185
0.08950138354251308
0.07437585435055279
0.10058917472228487
0.09882626881309857
0.08879013559896268
0.06729794676222713
0.06250414053665143
0.11693792022741137
0.09945531111180823
0.10975718922451874
0.1162391230024248
0.12185966239052265
0.08285855748923525
0.06711685506820834
0.0977944933665977
0.09193350630038022
0.10465704199270076
0.07712939625466123
0.0979695999248029
0.09738109764669317
0.08629631508740136
0.13209091596204034
0.1120103674596887
0.09470061132440731
0.11685313346804303
0.1289345822403548
0.048982753828617887
0.10618932031775312
0.08591826594841716
0.10945844987841317
0.09582731937784027
0.10600020755410443
0.07303077147110082
0.0991488074855221
0.09905739092123537
0.06199341633555349
0.09678787101698001
0.08284988055684699
0.2694232281772089
0.12463173280862327
0.10927626564543447
0.09847284340348339
0.08363536751523301
0.07167438497333803
0.08861482026045794
0.0964826227573648
0.07286869088643129
0.04150909289006667
0.11232524002632478
0.07799266726366723
0.11517398411765628
0.11181629180870596
0.09077867892431797
0.09513423002132541
0.06525797086245624
0.06972204492308837
0.2778183295295149
0.0784209877644766
0.10943438422204638
0.0758436884889389
0.12039737079750575
0.3061185301515953
0.09236515206676596
0.08225703028216422
0.09054391240823545
0.09954104843441469
0.10004178871202649
0.0882857177195063
0.10496881052648738
0.08038937967860484
0.07916945745054683
0.09469762196784752
0.10686764363669715
0.06821179498149794
0.16707750866307391
0.12495886168395091
0.09309341710746796
0.07925404864887738
0.06452682236079836
0.10068466511063036
0.1295047396282408
0.07076355390419851
0.09648112848653273
0.15960981417110717
0.09788804553963058
0.08014150046275723
0.06700642895654427
0.09830171762576202
0.3066441325660697
0.10956138477561697
0.07407159134203467
0.06127135986091199
0.08608321716491373
0.32555557976890986
0.0695548392813161
0.33571423190486543
0.04732071871066136
0.10957665772304022
0.08269124485099578
0.10537068745260623
0.06099609090282586
0.11736624462801878
0.08838426790035425
0.0426591352484917
0.08321552587371425
0.0757345910167592
0.08305056067429115
0.28431849787877667
0.07752061073923386
0.08269142502446686
0.09738685758281235
0.07198037153708073
0.10905193966828762
0.04854101849127126
0.055381513022488386
0.08003982527865025
0.11862996740156319
0.11981086063299727
0.09528711193916234
0.06369003279320706
0.15348902331879782
0.1639585048480523
0.07821814866965113
0.12068550463323781
0.089931064509012
0.11856593252625741
0.06957429048071619
0.10392776109735274
0.04858955021412695
0.08024180397978305
0.11894848213041435
0.13797094566557555
0.13262491865404802
0.08283399596293278
0.08633354983936947
0.0739409885009019
0.08522628974886791
0.1353110636936532
0.10179291839860238
0.10869235260502261
0.10375530819672923
0.14146228302421848
0.07686925529829167
0.09513438679541691
0.07446821623225648
0.0851261269804086
0.11469671598279571
0.13584121199843652
0.08645930121080299
0.08576415820951676
0.07463714111752724
0.15047161257764027
0.08734292959672743
0.08514903101922963
0.13168565371761218
0.07151662217708049
0.11977738077863079
0.10222030486587261
0.07377489513728201
0.11956041806685484
0.13246509281080607
0.08113099367948515
0.10810269028115409
0.10106607625473484
0.09772167187130193
0.12916367779156268
0.08323171321402731
0.06862595332153261
0.09768882910788575
0.12526856654647497
0.080549829758898
0.11338422858206736
0.08003832433718555
0.07549919869358383
0.08704018615834093
0.043521933504009125
0.12181577521521779
0.0903057613109737
0.10032022486597567
0.1146387544416657
0.0852608381831725
0.11394923824125312
0.0883264585225022
0.05875106130621675
0.3148111944123111
0.0698517263666816
0.07977454349824166
0.10923525313215302
0.09147601656246682
0.09088516788608886
0.08843706120719533
0.09024618667318618
0.09724923303673419
0.11037269931388488
0.08837352665165277
0.32994999309537454
0.06956111818225759
0.2627705548126402
0.08489534156422797
0.07509587042818856
0.12186215699761907
0.08030530978768434
0.10512555222793428
0.08148813499676437
0.06694036634035137
0.07343423989729489
0.26857913699804625
0.10783016284312424
0.10048873125009733
0.08752713798169316
0.07871236993519369
0.20067985537182825
0.3522830955066394
0.11629571308317015
0.36851818324130925
0.2970966680225238
0.09224753451206778
0.09514672808257668
0.10001018656185737
0.08943328121128247
0.08878519067523087
0.08176462396225984
0.07553927042001576
0.06850726850838199
0.06291994707426637
0.09069331920512551
0.12096414307395935
0.06932267100642699
0.12335261002861557
0.10269637313628054
0.148123559105037
0.08370418530967269
0.08700722000422557
0.1446887714099997
0.10755223491841116
0.08174699362522186
0.11025528277726644
0.10023103598491563
0.08611944557712303
0.09217279028313877
0.10453835203785952
0.09178840757806564
0.07112205727542294
0.11177068360050023
0.1069686495908236
0.11835806818029745
0.11005353720150586
0.18512077518238343
0.08966087495351426
0.13051419553482643
0.07222738790816348
0.08152750736267358
0.1047570611937318
0.08514831986918642
0.07614434798861523
0.09340584896811639
0.11426636010806197
0.07314189274139025
0.07974888580636577
0.08273487981668731
0.08877281317138479
0.11945883015491551
0.08864672545867625
0.09718111256103497
0.09196150492896342
0.0932965926750542
0.08602705977494618
0.08749214878128489
0.06500695379916158
0.10848829710132533
0.10429114433527001
0.08392976212600843
0.08120926681236486
0.08099568775185369
0.1238764974243477
0.07265508685351071
0.08472442404391826
0.07289778665002805
0.06690743286838312
0.08372410935734977
0.13347660230848862
0.11080452256103011
0.12654191624246108
0.08734467054378538
0.08758700452982629
0.10093411311561204
0.09682811468033425
0.06452575269029809
0.1437909047413141
0.09481050586557672
0.10044461168771791
0.10457259729478521
0.07721898885475556
0.11260803023466658
0.08271980266468128
0.06553671528239256
0.10170997636121788
0.10902721538659463
0.07107018167290702
0.08075006252105954
0.17121616211532464
0.11227025296200575
0.0714026063602468
0.0765558350267374
0.09492678190768161
0.11417151416355646
0.08029063706639933
0.06826024752706653
0.07338758023330143
0.09408634515090289
0.11511262734388372
0.08673702892985104
0.08739056599135124
0.1162169896354609
0.1134836443025408
0.13261275443642842
0.10242958460904143
0.09566572940305092
0.10348763238461553
0.08891906964140416
0.07237283934385129
0.08967339157089904
0.12409462883238853
0.1255634159387108
0.08748438494241896
0.12873194577773756
0.13871076116820244
0.10906532553659835
0.12833779366248638
0.0846621834349459
0.1077805556090629
0.07947949535211671
0.0894272449757703
0.1158943565556268
0.06922988907130333
0.07863575985722872
0.06188571919950429
0.09184683182328944
0.11274186658364008
0.09868373089159277
0.11532796264232174
0.08361369421451254
0.08013279768987226
0.07867149771694558
0.07389922765116494
0.08486297468608325
0.11207976434417437
0.09948832654304163
0.0958843452333745
0.11270790532267456
0.07818571388924389
0.08352479017297477
0.10200068880535622
0.09010894200058027
0.07126913120129741
0.09188292869918106
0.09945737909740805
0.08658638226749234
0.09116016486105713
0.13177480091850388
0.06141047811977146
0.10827460624320544
0.08641617726194877
0.095660871433363
0.09102001127314127
0.07748760767821812
0.07103998011381144
0.09690236807423769
0.09873249331284552
0.0727048780692667
0.06740834678265449
0.07734166043755472
0.07253201690578842
0.0923649039218057
0.0995331289426745
0.08347784369123516
0.10976016284990019
0.14072100009626246
0.10808362869216132
0.09346714052546108
0.1154968090787517
0.12741691943515232
0.12112293860027448
0.09096188261476375
0.09979421427273424
0.0668407651326159
0.11712493677780844
0.06929671453779251
0.0673314826977641
0.04838378867219345
0.08715526461402982
0.13644929208373688
0.1098167559586814
0.07675581489144079
0.09432689364283209
0.08783053537164416
0.09439265214000744
0.07710106093132843
0.04785120515573044
0.12224545443198197
0.061042509869669116
0.07818509230647874
0.09134913938436866
0.2123336497213088
0.29042368514121636
0.11393001752256059
0.40030743832433396
0.10440328230282553
0.08946858738681289
0.10014317641582536
0.09879217544980294
0.15500116416825133
0.0446691155618488
0.08617233257384165
0.07050450701911073
0.09270177671748246
0.12991727294211325
0.051294567481506174
0.10669254736099862
0.09458797555641628
0.09034956726019848
0.25007005603535903
0.09835593579192625
0.09266636889898201
0.10908959358175452
0.07649679033636946
0.25299856904159806
0.10523324304088648
0.05817309170772349
0.11545268137205521
0.09082520257406983
0.08735007026009825
0.1047540618507456
0.08632682667314258
0.13238207660388673
0.07158208775476928
0.08218152595794254
0.11033483937007417
0.11427393714454082
0.12286219263332293
0.10820913178414907
0.09633715719525947
0.0800643811367567
0.15300059346751738
0.09265122013192
0.11089926449840348
0.13590964421006715
0.05950089647519482
0.06493171521515859
0.04299560693751824
0.06612581844270303
0.125232920674002
0.07852945329314522
0.08594823141925974
0.10099536246158984
0.12553272717656289
0.11990347043231066
0.1190540101653528
0.10326909564722897
0.11503542372101225
0.10147774666549894
0.11081974682830201
0.12516725997675288
0.06477563389839464
0.10785192375899022
0.10885813522109576
0.041862268369534994
0.10722422742168221
0.08904946566605428
0.17799145166487645
0.056798884616506035
0.09232542434392209
0.09924372103862286
0.24059366009818814
0.11829776045389147
0.10992100789355705
0.22036246021732467
0.46621116850256966
0.5075012434318309
0.4036549701767697
0.1172501570079176
0.3195326507119795
0.4083097251966956
0.0776284305653809
0.14890155762984802
0.07389349318073805
0.06112838575889303
0.07611336703157123
0.07503262768690097
0.21942316090456568
0.10365317251044148
0.5540115128111411
0.10709789137851716
0.2189743811570386
0.08977430251539373
0.06934824131121455
0.11460855066879114
0.3768103124970986
0.08844955804149973
0.10148952106020723
0.10866604028529167
0.3692719744769154
0.11945714730206704
0.37995683993521623
0.07284583075512595
0.10598027441278152
0.09915655548848264
0.07205980297316975
0.13481996800612037
0.08170122263173929
0.09370784275596977
0.1033637076082932
0.10147835607002192
0.1266953950516492
0.10875856557430924
0.11621929681039457
0.09747551065946923
0.09106014263332385
0.06801938242617978
0.14415118009136124
0.04467320805577244
0.09781869425985573
0.10880564998277102
0.08266940012627326
0.1057556890385579
0.11309477957733552
0.10606161713568081
0.08703560924920291
0.0971485453400927
0.1365129751362427
0.12428999678301474
0.07745905153935655
0.1417169879892988
0.13356575509109636
0.12593828450294006
0.05541587660155834
0.09918060111113558
0.13757833840878164
0.12365116403973361
0.12735865978314362
0.0764026506756321
0.16329887667439674
0.09666617782990385
0.09236784379297576
0.08787806520202776
0.115799032161521
0.06729071490266077
0.15093946902406008
0.0970558608211166
0.08107693740912432
0.09871376560301212
0.08344163000579202
0.0882381564756246
0.1237211550114345
0.07968531895678178
0.12793231469777153
0.11175114341561831
0.13101806720920336
0.14058666090367297
0.1131128978579681
0.11549916875904433
0.07658827226494734
0.09289326670069173
0.09734350796480579
0.09491691919653548
0.086092974986842
0.13756363449241182
0.11840270122418867
0.09661996153900962
0.1254765693625059
0.1060197113904488
0.08454716213919626
0.09482980364609503
0.10802303075004306
0.11384877850765271
0.13611804390221163
0.10297862668147954
0.1476350590544222
0.13313670205694816
0.09744054900318698
0.11882957461916173
0.09823240733349498
0.052013890651267845
0.09027970023536108
0.15984355621335067
0.11392494954329291
0.1348625152893848
0.05960921107056839
0.10071106707097162
0.1005218023650014
0.0656472915147612
0.1570497541563033
0.09406962143432884
0.11898132997085946
0.08223042110659663
0.11949824007825222
0.09869091009978045
0.09846605677341641
0.10361326153812267
0.09391830374732876
0.07007443608131857
0.48786270332974596
0.05448314428972674
0.4312900517943649
0.42398669154762014
0.5999034317258143
0.1371509384540101
0.6173425902854592
0.5784305332202782
0.408293126694631
0.16435483029696704
0.49156547726111427
0.27936029521920447
0.1280505373185126
0.09749513175540542
0.08318966951747137
0.10317547873458983
0.10160976812907127
0.0829439663075511
0.09046306549314213
0.14217850753841255
0.09189308467815885
0.10686300257485014
0.07137562683427497
0.11680068852962562
0.10898457847821073
0.1426279503963575
0.11955208601223785
0.15111603352664535
0.1770223671618478
0.1026962143940435
0.1334754401689785
0.18258181791355238
0.12205873384577504
0.09750229518096301
0.12223947644800866
0.06127825488965982
0.13502140762810588
0.09942924420387728
0.06924616356953835
0.0750535802573896
0.10983009646769365
0.07604785929557942
0.14079459702860997
0.13501358236593589
0.13235882662861562
0.12172164259762325
0.09450816808151176
0.11194329323240937
0.10706315384315324
0.10072032161664715
0.05802266786285312
0.07154073534254218
0.12697732126071437
0.14607326147570746
0.04951765775064936
0.06596684662120517
0.12254141370152863
0.0980302025979298
0.09624503215285078
0.08116048701953724
0.0987113787345349
0.13588231312532947
0.07079475411926199
0.11442463064759265
0.1231550470898053
0.12238102746562363
0.09887749789667293
0.12013484652778064
0.08555442862484934
0.05386582729917634
0.1455601069845009
0.08433833650468364
0.09310876848536072
0.11196622577139047
0.13939991809163657
0.08196680472168305
0.11234849831499825
0.079818759576422
0.12100634643315096
0.08382784752559304
0.08523294000306243
0.08793827684832466
0.609073463151968
0.15098118234622993
0.07842742442265509
0.10813153270158876
0.12418490816032984
0.09410418352360092
0.11826281417924485
0.1272722274079802
0.07920073372598929
0.14107532518614446
0.14087720181346294
0.13305072992607367
0.10864310958963078
0.12434857022596628
0.08565800810126728
0.10998864594502887
0.11394430735277816
0.07875398390611733
0.1475099059270909
0.13834833058087145
0.08846851949699362
0.13422700814239988
0.1305468865569638
0.12205094096043669
0.08640200648579674
0.09313025177096144
0.09476710733638674
0.10195749051687085
0.09478587955240231
0.15525873242845534
0.15002485756242875
0.055388708308855415
0.1334523417491336
0.10200435915286439
0.07711805265676835
0.09763655722181275
0.11494430585292291
0.0953255610466179
0.11065477887528095
0.08607475797041823
0.10802983219728672
0.1546309650927621
0.04788293694066202
0.15048506348004329
0.10905667681528118
0.11481582836200212
0.15924947735471856
0.09334601350814152
0.08152191563468254
0.11736460235369146
0.1331442067677809
0.052418426940068985
0.11495743118642071
0.08438825777097321
0.13421649592588827
0.11401474515456196
0.11561731580328444
0.1005005520123285
0.12324360053700872
0.0650195474268023
0.1268076864672246
0.1588227287140761
0.08418560212218405
0.09289303344695883
0.11634988661261889
0.08244070769624547
0.09903386103269213
0.12710649935256552
0.08391103122028663
0.3811279502375846
0.09709273169220338
0.11710698830056289
0.14593021235700576
0.13642843632747412
0.3790709871435454
0.4472809717495794
0.06358611678198928
0.09313496164008857
0.125732836882826
0.35314755441121504
0.07823449105632488
0.10847715828915443
0.08849573465724357
0.14763588094333802
0.43420065403685065
0.11995916522483935
0.09767661586589745
0.07406640432324456
0.10107114523278854
0.1078386874940837
0.15613356189218489
0.09111868020554756
0.09547021812334533
0.12467494910588174
0.14754338453594318
0.09923038696244042
0.09443569683585205
0.12533249570485863
0.09076411543659321
0.06889417944842596
0.07684457443460692
0.12615232299905202
0.08817663813826448
0.1039481352562557
0.1460597640276047
0.1078471878764704
0.10624345547734063
0.055866201333046664
0.11837924196102165
0.07658964464458451
0.06949955436592692
0.13565624367918272
0.08475577390511672
0.07074270064757592
0.11591723554095017
0.10973453692222188
0.11657089648162228
0.45392925045325644
0.08279943587062495
0.07622883194101455
0.10581258137832453
0.46140281826465673
0.13138454354386309
0.07798167842256874
0.07990067437800223
0.3372668430759933
0.6367307204556274
0.30655892157713005
0.6522986696442757
0.721840440495474
0.5717162535780741
0.5582829135280069
0.43404531143890257
0.12970905923471568
0.11188115353474999
0.12057521733745692
0.09969813790865202
0.10261767061915714
0.12616286148292996
0.08484126422757939
0.1025899972579212
0.11824740529682534
0.0900504494589371
0.12096799379657153
0.10671493241264952
0.10285821343907196
0.04656878170419345
0.10984696197761362
0.17859551323301714
0.09010281937262368
0.13129466309959495
0.12323531603412619
0.1084539035883992
0.10831356489633273
0.14940044904232486
0.08923553353874031
0.10045182517542793
0.11879075445028058
0.1579803439636795
0.15932613641965
0.0659971818710864
0.11089496106933315
0.1525023900809761
0.15019206616221983
0.14525748179366457
0.1795401681014557
0.12690529326249014
0.12135758321692745
0.12421720930855495
0.1060166571898536
0.11789851364836834
0.08699612124110219
0.11981422609765655
0.09808315327404711
0.11591715220720768
0.13359104755055995
0.14008452092289603
0.1360995113972593
0.14059297761849754
0.0964112624058842
0.16076128021682934
0.0946364321394507
0.12738191481731653
0.14420027250130232
0.11019981414709486
0.158447504638983
0.08651991905027673
0.14701533138259276
0.12084720479429863
0.13590065723895556
0.07187652869187355
0.08148135341910082
0.10155503432376559
0.1919284690588084
0.11192617478599505
0.11914714815564384
0.09628723770254864
0.10662426893796563
0.10545574952341359
0.13396610269528023
0.09473266987490622
0.10906517716371639
0.11583340247800118
0.12738793293550035
0.15756884599817841
0.09117624664427579
0.07587820519948592
0.12398045675290127
0.08474709347150416
0.10760372815238078
0.08872107658429024
0.0813599576998226
0.11330258795541924
0.1174983009516056
0.13614498288517068
0.06277837043186964
0.10098849561014056
0.11833062577935327
0.14855940511794322
0.14195859868133232
0.09124035883950753
0.12289318202830335
0.06534182387791694
0.07960511487618158
0.1308654950839031
0.13445351118022975
0.10873502156267097
0.13712368215682946
0.08359222252275021
0.08863361891502201
0.13299372827450717
0.10662211088958717
0.08554464970705708
0.08604766919195402
0.08660546956633657
0.13651236037626466
0.1492598850115607
0.13639290507614288
0.12273948205423268
0.13414586546175986
0.12709874431968785
0.12236625121521158
0.11966477800506352
0.12349209155574951
0.1311341166804209
0.12114345191688511
0.12149098876868644
0.15024799879047407
0.10134001280178134
0.10537782241108282
0.12494027713620814
0.09899084095747263
0.12863078625137556
0.06148499491437007
0.11567423006424617
0.14581954384238466
0.09230621258664387
0.1070564687334157
0.08239062333724453
0.13697867638345865
0.07080624141500344
0.15414287778310964
0.14525424763302155
0.1338114223451722
0.09234317419424647
0.1387308855825291
0.12426848284174402
0.12776521299552782
0.13263459053277127
0.1408495774243375
0.09308743457113565
0.15878369982333557
0.09340382594003233
0.09392488567144092
0.1320639710449335
0.104959920549491
0.08674372802327536
0.09713697392025136
0.12220565898354074
0.10320064187236666
0.08874795404114907
0.07793590148359306
0.11572740311936408
0.08893131555550507
0.08980526328417408
0.09955220291874511
0.16984909874030027
0.10897857959538075
0.0886153593124642
0.08873191203785956
0.08767020611767466
0.17652866713232
0.09766348611400541
0.1262715996245463
0.13178474844839455
0.10113582181626349
0.09827643080317629
0.08838377899665673
0.09235007541584582
0.07211767859269641
0.0922125050538233
0.1556117380443058
0.06854062365058865
0.08138489931022092
0.12179084788815205
0.11691051923642487
0.07783745414049639
0.09742235876821373
0.11215883299252702
0.06908050791460578
0.12319451676760997
0.05492391919721563
0.12441833132890993
0.12551712179664432
0.10816047561277121
0.09663518769509573
0.10343306050057721
0.06998320559778522
0.09738976442110991
0.10877329381332103
0.10238263997764578
0.07528583620357805
0.07220778401581875
0.09292462451834016
0.11376090524234388
0.12233209550814891
0.09138301432233319
0.15292028387846035
0.11595221469916019
0.14449715062224291
0.08002244943943866
0.11221190710183897
0.1223058629429279
0.17161315089942264
0.1205186009112441
0.1315513120003723
0.08829921749692818
0.10426520396302474
0.11818099764415818
0.13526516961461832
0.13748188540532214
0.10454892547469673
0.14554675105644152
0.13210109556495825
0.12653219239111413
0.153315270775631
0.1363105067596158
0.09651180605405421
0.13208642247783495
0.07560936230726047
0.12073219132533218
0.08273675475159938
0.09170596427114407
0.06817036435075473
0.11431625519822035
0.12587832826843512
0.12018713696475812
0.14705570673078602
0.14124252540053117
0.13235160911459742
0.07989216623589405
0.06908738644216543
0.06390177391301678
0.10738591270045077
0.12005573852951727
0.0903918958186751
0.11435745857089807
0.09290806075844887
0.10782884962127982
0.10284833127237877
0.0776649892901814
0.1228715957097755
0.08928612125730381
0.09778050083408621
0.12951825223686303
0.18942121185320504
0.10798443996594692
0.08121908520548621
0.08926019609478511
0.12202506671053553
0.12920536130781768
0.10224637845925624
0.16188664376209524
0.0929016424124528
0.11254793747847702
0.11631289481664676
0.12445735111151435
0.11310599711737604
0.09383733643463342
0.14850422713655995
0.128390717560076
0.08840972213413532
0.10501602788789906
0.10518293551331225
0.15272262023636676
0.10042817836312135
0.12623320636904983
0.1092218743958427
0.10813423195999566
0.11494615795195999
0.09058494434203153
0.17069990310392483
0.06875174743944584
0.08259741749504902
0.14325839016700734
0.11841099044056808
0.12032815709286451
0.11888018784128439
0.09698759272193377
0.08322304122365472
0.09997255333761645
0.16221062786303575
0.10013408845494251
0.1570089838730873
0.07670589847558847
0.10488053813363547
0.08778116009979123
0.08058839831612158
0.09552421914025325
0.13260755870673502
0.09311445380649121
0.4390074647503083
0.10176027867523083
0.09749358525984905
0.09034628987611111
0.08479725674936282
0.07244080200893602
0.0950937615695114
0.10679506597710349
0.1487118464523514
0.08132689309433604
0.11803127505191482
0.10257915823415859
0.09509669608450033
0.05084882379390851
0.10250769730542046
0.09586989388922694
0.15021888492521693
0.12798621090224302
0.12315281533297145
0.0845933638412052
0.08798880062403258
0.09696036988856524
0.14005269655247243
0.11448932596494925
0.11755708216393465
0.1128838185075432
0.09288048133800791
0.11099940141676637
0.18624435696279695
0.09847807900930027
0.08135771490981127
0.07588709135248947
0.06753819210292143
0.08585898461124275
0.10906370654077846
0.10256574288315423
0.1271663014206502
0.17087429180740002
0.0919270517726943
0.11539379625276684
0.11464671272667525
0.056943222751415744
0.12318335308967611
0.11680491724324532
0.11089457359369004
0.12426100231593314
0.1252192736766744
0.06833183241927117
0.12106890474313778
0.15592274967790662
0.12792391196345793
0.10280620222257351
0.09244323271804554
0.13242149825252528
0.08361703747230392
0.05317678841100999
0.06462707811096487
0.07870296002201412
0.1292638803130309
0.0677209474297169
0.10595996665334487
0.08814321490100413
0.09965355589534257
0.11097031324586322
0.12722325575589075
0.09961314271909909
0.14507246256165923
0.11873412483442158
0.12607528796828216
0.11704125596549468
0.1387260319006119
0.11446956220085837
0.09769838424068975
0.0796093920727977
0.11697758160825258
0.14435804501140476
0.13553159000263212
0.13896373181706437
0.09466177697925186
0.11225253815405775
0.09500284679145847
0.14272355872736847
0.09046083034140011
0.1020880424219398
0.14370573479591478
0.0897857957128721
0.14294111469787554
0.0923708272533174
0.13806135679936812
0.0938327879546976
0.12105971158233834
0.10664727482553277
0.16719959614881927
0.12514558865671363
0.12891524629026793
0.13770648898448345
0.1182656136594985
0.0985944534214763
0.08238342020843377
0.14243181810242053
0.07685966840489834
0.11716468327429654
0.136579619138102
0.1290135774642409
0.10019402432821475
0.09414312499232427
0.088097679969931
0.08847157160525396
0.09311426898798077
0.1314421461183413
0.11960235383058841
0.08885871915497084
0.10725237421641436
0.10037526278981557
0.08910928527965876
0.10936858343927486
0.11291706889295564
0.07763267468122734
0.1739873042326142
0.09635958078734234
0.0972860598904684
0.09798212548705972
0.1270090557746616
0.08639960877516623
0.24502987897476827
0.07405795579358808
0.07176573173543546
0.1415085946599502
0.13151237391348575
0.05090374226159517
0.1309810711226834
0.11512904764373359
0.13622672557637783
0.12084258825297906
0.15752347894221666
0.10339434479374841
0.11337696915258207
0.12265223377883137
0.16883665026427644
0.10072327355707016
0.11814975885015065
0.11152002118769475
0.07915953870468814
0.11478639346713206
0.12768181500443193
0.10576876801610288
0.14823512545263692
0.06663880257106893
0.10176388707585833
0.17749515965734422
0.1021667986671717
0.12822617894238647
0.17633906711579175
0.10723483083484817
0.08490061554045766
0.16334446779413145
0.15412287607500488
0.1220556927030371
0.07902544592246466
0.12106163981867141
0.1425454354794174
0.12523351481279055
0.12861893329605054
0.1440918799532611
0.15173610194856638
0.12881777972539243
0.10056755209038269
0.08217124621242769
0.08747157121282433
0.1216884545779778
0.1121775819818976
0.13016461991385728
0.13447209738722596
0.106553119357705
0.14948729956247067
0.09086048650050003
0.134914691407499
0.08083730276287261
0.09489989936969087
0.1456017230840551
0.10303127644723468
0.12630303389128983
0.12478689889752033
0.11445260905895663
0.11820918438138837
0.10790333053746264
0.06715627733249065
0.14208217040652185
0.09021564951461304
0.09951934732961823
0.1207712813313187
0.09813308326720938
0.09741183071752603
0.10314088853219902
0.10498168046530837
0.12999098078715662
0.14488459307676452
0.1312377396604419
0.12522333811694575
0.13505514543113992
0.10747847577757243
0.10525781107925251
0.11077866637306831
0.10711361684122069
0.10903791771408868
0.1618634109602474
0.11139654041706487
0.14000479353054265
0.10401605925054218
0.12161118674943916
0.15327616079367562
0.12103904327611535
0.11607731334419163
0.1333918432485563
0.13817064507762963
0.09398333234621319
0.16431441231003402
0.15378147038349044
0.06385169111582895
0.1238027984722136
0.08068331462097605
0.09952882740114685
0.1604879496171215
0.14853492336506427
0.16350288406830374
0.14634451397251697
0.09332081700844606
0.10008502170914582
0.10093856664739337
0.06779634036819729
0.3667030874425559
0.10082561271918009
0.07346245299574083
0.13392573955850157
0.10639996507014787
0.07922816609818571
0.09858889107748843
0.13918383616020139
0.08430200006285524
0.12974231459034652
0.10144293090426391
0.08907886177285415
0.09701284277487267
0.1055337137684651
0.12964926176436758
0.1199288984594929
0.145211859916829
0.15500285514860326
0.12443849638841475
0.15003396834936966
0.12550981087430083
0.11979767424762093
0.08712473950852911
0.11285870898371951
0.11126521866691642
0.12386408803061044
0.15144818081655953
0.12471799524983819
0.09771472916642544
0.15164446630972755
0.1406938723868249
0.15087910693447068
0.13565605883141071
0.10872745780423679
0.0969592718933181
0.11239419796150885
0.10303002529678128
0.06141407475045779
0.10107187379954027
0.16486967964591692
0.08984466401767403
0.10789658746917576
0.16392118278749646
0.12307313908920096
0.1384638783460977
0.1205526817581191
0.054179430876740896
0.12390846708799799
0.08180445069942173
0.1413090091034148
0.13590905409070708
0.13699785291562222
0.10283329993380393
0.08452178009992108
0.11524419277150506
0.0814015071133984
0.08085199170740698
0.10974129862499003
0.11478404950601592
0.6304613555851184
0.15137991829240463
0.08970814774013595
0.15551463357703374
0.08006967075262864
0.09952997066475762
0.10582880858926053
0.12494168965811868
0.12784827378158986
0.16473238579999672
0.06468033105644905
0.12231160217983365
0.13216497474275518
0.13921090376516132
0.09450322970763027
0.11897428452308893
0.14510548543103174
0.035637286485229284
0.1027894506326071
0.12250231591704183
0.122115438458893
0.14195253170952463
0.09235394060379669
0.1272004522251319
0.10544583745113797
0.13529612213857542
0.10830932363360775
0.07836779615239386
0.16144782094957824
0.13223642598436416
0.0886695396410541
0.12266306949887565
0.15047381071197727
0.10926507898932532
0.11921612123355665
0.1166505414498386
0.12140749057923765
0.10660132200456711
0.09385448397655133
0.10095228148337294
0.17421440526010842
0.14528682514105842
0.1386727679153152
0.1609369885236477
0.10767278569819387
0.1185755476055431
0.10648309905937717
0.1420438585232697
0.10448715653760975
0.08393445235192203
0.05945926043527578
0.11310442338270722
0.10260610717782971
0.13194300855737282
0.09653107397398318
0.7101811620862132
0.115623329163182
0.10053352921020506
0.043877473844634175
0.15489097588804626
0.143613691945149
0.09779502196946788
0.09824378873544723
0.06481889187912432
0.11313428469396693
0.19591785397696596
0.11122560610258592
0.09245923579977365
0.10152605413634432
0.08640732446654607
0.10065362924855249
0.127100160959375
0.09968226981525187
0.13662687690760855
0.10738288767794754
0.15852212649339412
0.08304315262681482
0.08493393925413335
0.13872300487504904
0.17300476877703636
0.09367697157618138
0.09643618948501306
0.06935823639336254
0.12678203545356992
0.14781275287273152
0.1096858347903508
0.12051795228811299
0.09535725964977997
0.044925361695641125
0.08258837044708245
0.14824814587783475
0.13504432500570787
0.12761020971207357
0.08812429085489261
0.11050646541850732
0.10369585071373065
0.6086445648356569
0.07908158095683641
0.07422938468882653
0.17470628811799
0.2306196270550171
0.08731146395763405
0.7162804728044426
0.89848159167702
0.539463889305424
0.545840695321601
0.13098897102198348
0.12919547084519023
0.09189351490104761
0.12873098867427218
0.11233396370106107
0.1007622158758048
0.0924044078345046
0.18939915650302697
0.17359696666938174
0.07295234575786426
0.10248099948539838
0.07403724612760997
0.11154959028401985
0.11407101604364143
0.09694686067389797
0.10651844951341174
0.15075529580371236
0.19308398812261396
0.14824517531728928
0.07781207593027081
0.11113650398949199
0.1292405001631708
0.14553204454997784
0.15221401341190222
0.1213565041338754
0.10866519486767329
0.11327011403074931
0.18082916043749442
0.11137415666591646
0.07777746299120716
0.11921414814109169
0.11841927408743777
0.12209400845585054
0.10251159640241934
0.10136789739107986
0.1278449259404638
0.13979314392281464
0.12090992798603947
0.09445567481987124
0.16293040261692474
0.12138739275003431
0.10790993318532106
0.12320852856742495
0.115834662752904
0.12938851438184373
0.11033892104040237
0.08183668704403092
0.10992209763007149
0.1788334347820757
0.08436858069812277
0.08607283859060151
0.1183431083709145
0.16444164818050844
0.09458404089274892
0.15439484865968647
0.12455180214792054
0.13137858617544623
0.15443660178489477
0.08877398104273301
0.08180266220137376
0.1618232249895397
0.20766455511966114
0.10976947233288784
0.10980582772901926
0.10057310111659812
0.14733768314292078
0.10499373615726192
0.11071135589611537
0.08645371159119784
0.1045116342981119
0.16218955323764034
0.11953910955634055
0.46323818115535276
0.1310069535709294
0.1487507262969197
0.11153021317259156
0.13585314573344712
0.11232270106122194
0.10863684310413785
0.11492093377935887
0.0967804836763159
0.15654247521886291
0.09305211819023478
0.12818468801117955
0.1327012475356978
0.12317953613613844
0.12596401305822696
0.13209797342549087
0.11184347443432771
0.1318230889252323
0.1689086394462692
0.12072531435317391
0.16477159663317045
0.06338957271592771
0.14273285053867965
0.09482690948480559
0.15799485806984867
0.12882186323261788
0.13408277845973943
0.13921565778738837
0.14840591012346524
0.16928509815671455
0.1395361184515351
0.13553248255362677
0.08856930068425263
0.1634680957772753
0.12367553978240069
0.1289988213430952
0.13238711792595
0.0766813572250195
0.14273453225398652
0.14649094084787312
0.122571167346143
0.09986328443080437
0.14388809308735648
0.16408889855948872
0.13243082882482715
0.07718270049769925
0.1396699069722374
0.12502625769616665
0.07295084325896564
0.15148823901093766
0.11704975254407642
0.062109492329122176
0.17960430825399332
0.1488294266384972
0.08543247709966653
0.10258016056290094
0.13152947288472863
0.12768467277849924
0.1854545158773214
0.10857762415465133
0.1468122890510354
0.07062374988599103
0.11702138837061946
0.1437781813607473
0.09577566053780306
0.11205683587666534
0.13032370502301413
0.1843386555468805
0.10952949884309321
0.12844825707116042
0.1271997490149481
0.07402080055324572
0.12186868047322238
0.09644737619026984
0.10813010272807334
0.17634045668735346
0.18329079646542773
0.09944222999211093
0.1409363873932432
0.09909265016764217
0.14041390434437553
0.07251293261518425
0.13344734583208842
0.1099905083236339
0.1308181967703305
0.1436264314221942
0.2119650640561741
0.13316623717645135
0.1644280896158546
0.11362665538164238
0.08045706287517677
0.13750834781781418
0.127272059651831
0.14641797139833257
0.13711389417707967
0.09565182648781835
0.15050243660922727
0.08951459095863033
0.16978603997926306
0.13777591791603483
0.14135205782855617
0.1413839474197181
0.16584586886691383
0.09932290205584433
0.09463505222375973
0.11919174691700714
0.08519926802980406
0.10690837370007054
0.1366144132231752
0.09728950290606839
0.10235648550504386
0.14170686054188686
0.1030822245874064
0.07626590577402487
0.14864821541833217
0.15081262577435617
0.1375210098919942
0.14738314955824716
0.13846728950968026
0.15399491125894826
0.07320254893429601
0.09200103546118332
0.16034472479552586
0.14526900340283155
0.09449815915520078
0.1300493521711936
0.0980393559554886
0.13876429152937111
0.15775141405523724
0.14276734138875125
0.19795398398580108
0.1393085865935777
0.13215466157581607
0.0991277656179556
0.12915872972831666
0.09040237287870616
0.10984880494091168
0.13828690301287874
0.20150939539728605
0.09639622309559176
0.12576627911960037
0.1643494685758793
0.12800107288230014
0.11407175634100852
0.10459458530140461
0.1542238841860233
0.16985955659891713
0.10281781954404773
0.09244822535786093
0.1528204506267826
0.1666099671546205
0.0847941918692981
0.12282590134043535
0.05920027714006558
0.15113435859926927
0.0890896075579765
0.14570176861318299
0.12197749828172595
0.12459854422599745
0.5125145706664788
0.10827742602583704
0.09109572983079864
0.19835812068179218
0.2551706349917596
0.09651693590535297
0.13833413811592615
0.07388084533071834
0.14539478128945846
0.15410302754405283
0.15545715631331086
0.12375389778939243
0.10228215652128649
0.15278876378132156
0.20646765692988475
0.11321942860536323
0.15367214513653674
0.1495278899124295
0.12879845397633274
0.08998588332708592
0.14866369173091415
0.11509146745985703
0.19880948848316968
0.17927142979888772
0.11941280909104378
0.06356991289007861
0.11700636860863169
0.14082615716035407
0.1672010947960755
0.1256734248576982
0.12471847080373714
0.15608463527277178
0.12452901726525058
0.1563638265723773
0.12217307532971822
0.17497414157045388
0.14802911461919951
0.1231959514219654
0.1709277071058415
0.13916523147702176
0.11448889061166538
0.14409956510903177
0.115671265314755
0.06167680764772446
0.09698006660821917
0.059465777924887116
0.07593893556703796
0.14649753297015564
0.1482023658722397
0.14410109286619083
0.12488030758532744
0.12475295662734241
0.11556479405439146
0.09700063519413087
0.13378593465890157
0.1530999610011075
0.12104940642545957
0.12787496608709345
0.13689828940559973
0.15000526108787302
0.10492935558426805
0.1603892464854583
0.10650809716351661
0.088483676837191
0.08230632260532071
0.13492935431173655
0.14301059540274896
0.1302953221626673
0.09363991348191812
0.14231400453553655
0.08240797763278736
0.15583929615078257
0.1517674459618501
0.12911107255370932
0.10069206706499916
0.12500961087552337
0.1096799363390583
0.1000107924931566
0.08404569505294966
0.16930231091860032
0.1133799810859225
0.1003679047886747
0.15492420480857844
0.18323781633409122
0.14216796591367642
0.10084419568861726
0.0988592440325796
0.09985268597756446
0.16567165210605247
0.07038685873101944
0.1215037343201073
0.13750742701127106
0.12457800620790939
0.13342798882042345
0.2069878072319058
0.10993471727089522
0.20777018461047514
0.15749659952645245
0.12859302096515662
0.12595153984778135
0.17281214722870258
0.10784954052445404
0.09578387337586365
0.04206736805222501
0.17295393579728394
0.10700807356041754
0.13023796560115797
0.13602027908290928
0.08919360186560117
0.11379105051804488
0.13828054473705192
0.1823562751237205
0.11370759882223669
0.18069316124336937
0.18982336130337393
0.11154071572180953
0.1725281693553912
0.17500144235726006
0.1573452717358788
0.10327697089775713
0.0907103656314793
0.10069957739214706
0.14151848207791065
0.09571068417435591
0.13681611131018284
0.09821925263831376
0.1386413284274368
0.15381470746329237
0.10468842997337523
0.10415256329124664
0.1503525148159611
0.1515402320697616
0.12894046038205675
0.17008305341323
0.11826201842110116
0.1023288707931619
0.16435017493722814
0.11447772327734318
0.17058870245086366
0.12363456854759881
0.07256644831843374
0.1560569867207531
0.15801608862185346
0.18521712432428464
0.1481596230662651
0.09545457605914268
0.11961422148562094
0.13474344834165844
0.10451381007449043
0.15042559395025437
0.0974138296102478
0.7846305431371265
0.12807350381798133
0.12265921190020568
0.14625044670820525
0.14108908312899257
0.1755111109440079
0.09925673441526761
0.1720034014910543
0.20393732270125317
0.13485498036456323
0.11962219559162648
0.14038054503531897
0.15715154089933556
0.1723522370825961
0.12233121392923989
0.1453999960450835
0.18936562502834028
0.08586676261393607
0.10976204509817461
0.11054401836373494
0.10908937110302368
0.17159715671038825
0.1474159887807923
0.17483723628609324
0.06342017699283135
0.08414200172966871
0.14827299217211443
0.11704939673195418
0.16415836243529242
0.09940698058797891
0.13255321053615046
0.15659820616232017
0.1414236183468086
0.14259748961444593
0.12933117510496597
0.19560553081628695
0.0874477919810135
0.09347482792578517
0.11930727836386386
0.08619600041857572
0.18923377070169958
0.11035605025229014
0.21176189556552658
0.18741319288172575
0.09266856613321339
0.142918961260856
0.12009062049366835
0.1724478238617312
0.09649138194675654
0.17921137653796457
0.09177406871420464
0.1837867136884854
0.17673881360864455
0.14781245823515762
0.170563164529347
0.1485215350181472
0.11757734717419592
0.1185904029789779
0.1505733160000105
0.1998909745458505
0.054915779816625786
0.09022155230282757
0.1512658165006537
0.16220566755328097
0.14207660249445614
0.11647851668574727
0.07926870401364029
0.12955531444048787
0.18654447950150818
0.14542766535768
0.16222907595436015
0.15652821598972408
0.14332075059242266
0.09843153082314801
0.12813951742491966
0.1724222676051026
0.10372301305837278
0.09124152497760231
0.13775588704528538
0.14459449742244734
0.14483682861373554
0.1527689064323265
0.12189034173617129
0.13731615830802224
0.14421404439326965
0.08151955513747454
0.12748436114011694
0.08690543897072957
0.17196376492330262
0.1489600004704053
0.17670503016216538
0.16937987876174673
0.15201375998368638
0.12820429305618233
0.1001608689488254
0.12600583201656396
0.138162377079029
0.13836643564507572
0.13235183678469184
0.13220724739838133
0.12072381294169837
0.11313661132800194
0.10723479241302962
0.13590821539616543
0.1603214098978705
0.11031985782497951
0.11869364946297982
0.13630826490255432
0.13669968561488174
0.1722048802181186
0.1344077557215778
0.11745600255580715
0.08125287285350015
0.1465097711778284
0.13319795299716516
0.148578278394216
0.10607841078139171
0.07856827228364582
0.15570529011232861
0.12912369798409185
0.13138920845200272
0.13391216730165004
0.12751516194705723
0.12709954569358323
0.16127920129491444
0.1643342427434329
0.12696180679848704
0.15568459104899585
0.10085714138793353
0.14079828194721375
0.14304204903717455
0.1229765106128702
0.16795185144461322
0.15286627962222832
0.12984720163864208
0.09530335376355376
0.10475439831551978
0.11981742577875429
0.21490565202440534
0.1376791585445729
0.15679372963549343
0.10336381730956636
0.09175259187199995
0.17155380434248751
0.11113574052545754
0.15896200360064763
0.10754247992204731
0.15360143847652524
0.16303673483218128
0.15021872127866293
0.13747199162776355
0.13579376006955932
0.1511358017154512
0.10584614103405679
0.2080879387597892
0.07822996161912507
0.13009685690351236
0.1355433888381023
0.13056088343820002
0.12149484321584716
0.12194563313830631
0.13293179937780364
0.09502938222137669
0.08688276146735195
0.09812466141939728
0.09120644586482998
0.15417510061970574
0.16695958685681495
0.10997069580592295
0.14071072330035475
0.16978378404877958
0.14497146493556284
0.15196490469066093
0.1218374237989528
0.13339076155169569
0.12013060851332573
0.0850723012246981
0.1517729902579622
0.08791142454216941
0.18858920627957063
0.07678511154080614
0.16036489969572482
0.08703333813563757
0.0836386166875387
0.09826098137473116
0.14349902139424858
0.09173701112252115
0.13839356649477905
0.14395540561919148
0.09112062490322656
0.12425220891865979
0.17721847903767304
0.09698774268154212
0.1198146321003457
0.16003717894386654
0.2061999192736427
0.13270621917854922
0.11304188904156212
0.14755947200470887
0.1503855034409847
0.10109111422606319
0.09414196583655421
0.12734241782308195
0.11337689013622314
0.3256515144493865
0.09783709926824254
0.09961810283121869
0.08551258141262101
0.15618380132119386
0.12092322072685066
0.168164570615703
0.1392477175869128
0.29056093838741326
0.8547059972082068
0.08601934193269384
0.21245679006572
1.101320397091545
0.8747003603597872
0.8330641918021952
0.9854216515463479
1.2159390149264946
1.0752119697885494
1.253935594343395
1.3471319996828315
1.2369699052728536
0.8582712502246586
0.02245594220938153
0.04608752533215012
0.03131019839852948
0.03003992545121703
0.03187990204096231
0.0362252342500222
0.03637984818883025
0.028325544984375242
0.06468614146536042
0.06595788233112938
0.02592130309729715
0.01896411926633209
0.020431745328976007
0.025919738437825975
0.03265957996021671
0.022641369165363263
0.02333015722312405
0.03520642224424263
0.03708702088051835
0.03179580991043614
0.022938222079287102
0.018802000008281094
0.03084551011120987
0.030000296689907304
0.02329054092695905
0.025249310261028723
0.029232081099962174
0.046570679546488164
0.030426103850845425
0.028549963909055794
0.03144460174169194
0.033043134878991444
0.018275294300620498
0.019075582772434516
0.01760481786405777
0.03274144629523426
0.027865109431210497
0.017693272526206234
0.037652231017655836
0.02353592990047288
0.014614076864623229
0.021588543287789096
0.020530274914778556
0.03355862919477984
0.08311471810495022
0.03235883266576453
0.02941117143253371
0.029318545092558383
0.042060636073504534
0.02913451834447764
0.03646492353100801
0.03145321686369452
0.03623815719907672
0.03150774971186193
0.01915610990418657
0.02511672464670192
0.019270550824535788
0.014427834419740986
0.032079818962350334
0.031384436052300076
0.023534195575388713
0.02633962569852472
0.7057590116830762
0.029658151149696704
0.036114476056253106
0.03415703298685961
0.02057302908211832
0.06256657143168906
0.03872077672835657
0.02796672090903315
0.02053242650039174
0.03264115340992872
0.02450953748899717
0.030300355737962373
0.02445759712962092
0.039091749345157675
0.020534433217226363
0.028102441085415566
0.032828767385888774
0.030127885440391782
0.024181520215511024
0.02333869913191096
0.04104643766494209
0.029965298954769893
0.021794509788395196
0.028461710137266675
0.03361985663072737
0.04189481922312919
0.03212780051962444
0.028389979283034814
0.03224644111649504
0.03014646430736144
0.03156929670990401
0.02413377296354782
0.01736377616784596
0.036196075140178606
0.021369393715930343
0.023101312619463823
0.018310984831727512
0.016934300547076897
0.027441328304971074
0.02152913202582812
0.027968391628020773
0.028207522783001513
0.03355103752603477
0.02988666559955911
0.03256438820885331
0.018318103014151398
0.026928215504121673
0.02010625201983506
0.025892133702961017
0.02433915378669154
0.028343304147336407
0.026406560582780302
0.02438497184803458
0.029581662451427754
0.025196568795541767
0.018679108447569235
0.028738168608263955
0.028679713689723836
0.021734795144891225
0.02064996274798986
0.02260232177525167
0.029973563395874717
0.01768514915251066
0.031848739124801614
0.029825496592428488
0.02018104979362528
0.02306642661397866
0.03419054579966735
0.022386418378225612
0.022565700011291167
0.03871406947793365
0.025735824308227885
0.031797586728937635
0.02962231684494208
0.024748044293275828
0.02841005945405684
0.031448060158208696
0.018932803595150528
0.026798937040075178
0.03296879813152746
0.03498236835735032
0.019755865094999308
0.032086810399851694
0.022926883253150367
0.03915218923164314
0.040367794822395456
0.022439327186227088
0.03475209897341612
0.02469230362637909
0.04025957148662262
0.02619626494569849
0.03143095518767209
0.03295299334541451
0.11620367133578048
0.03473048430954758
0.03053687555379949
0.024185318471356927
0.03810972558776259
0.03800712967742413
0.03157313654514078
0.026457899629670656
0.030917226591398006
0.03462275146230857
0.03462802819052878
0.03448779771411662
0.031884971277380145
0.019604678396107692
0.025353476611496426
0.038095377313253284
0.020187397196123974
0.026801049416699092
0.030837767938394867
0.03352490795537735
0.033398600935516304
0.03210358716752921
0.030389022125175934
0.015909277524361626
0.01738907289788124
0.03017711705702426
0.03430246420471751
0.03133328144247211
0.0349251593290732
0.030080880187259084
0.03901266124309951
0.2485015495593634
0.038504335621706305
0.025061133116004122
0.03200261433058216
0.03085945693194565
0.040738019065211545
0.029431833610690912
0.04237485290336121
0.029218185132016284
0.018100823903560603
0.04474029839378086
0.03238081707221714
0.03240268865067217
0.02691499651361414
0.026799207755947775
0.032178970591617846
0.024686907259079627
0.032059091422134374
0.03383915217344389
0.019047985609849175
0.033455710675443714
0.019761969615533906
0.8158618762469194
0.04391648354856255
0.02084145465749549
0.023558585078651908
0.028335732379829167
0.0249249709111238
0.027440847390720932
0.030019639232491263
0.021800091176753137
0.03461253557073159
0.025240249638127293
0.01944232935697236
0.017784519418726535
0.02569138726328018
0.034690370056152206
0.028942312585687097
0.03549317140287713
0.039670789999867714
0.01861901902293886
0.023009178382653702
0.02100382939051259
0.028273455859901205
0.027341080576774632
0.029652276136961336
0.030892240966906532
0.01695124029379814
0.017911326043122962
0.03753826985807012
0.023182030437781286
0.027178829991016052
0.04037136851111534
0.023959232503987307
0.0209736763032033
0.042195570959254296
0.029946898534805894
0.020243411369657783
0.029991527197583415
0.03273030520374538
0.0278260332540253
0.01934717043975421
0.022251975758115505
0.01977006339147609
0.04170208141145226
0.03079585752495487
0.01880320007739377
0.02427859377422128
0.025021662870157172
0.0239303261083479
0.03417106069200571
0.035443835422716174
0.8039355063953336
0.02607926335544118
0.03441868745462059
0.03248122540498481
0.05556840049754342
0.019156340609942236
0.03602547542506609
0.02720592198405678
0.023480624604289527
0.032938271229058125
0.0258868872530204
0.021813592157936174
0.034173323516337444
0.03875799352973442
0.03357696652261297
0.854043914695247
0.08140133073314379
0.05064427932942899
0.02633060364827204
0.029625131629347472
0.027524070612179836
0.027245179475052336
0.03696052738722876
0.023288526093931998
0.02952279140632346
0.016832298665883517
0.03385232126553923
0.03519073878280088
0.032907701719301526
0.02374400030494572
0.04854710544931567
0.035786935668782785
0.04217855043022763
0.025596008644891675
0.03381097518144908
0.02435127643248112
0.021419829892384376
0.026922985848931307
0.028546591332825125
0.024401666732412973
0.030651112018530335
0.038492595485264694
0.04008252886890007
0.017585017563086665
0.03198900556309436
0.04800756096051625
0.023728569925459072
0.03912977330414811
0.03704013853103711
0.08625266375807084
0.020642591652043307
0.026397439546318405
0.04190160093961186
0.03947769891845133
0.07965976995826701
0.03972722350487127
0.04341983947533832
0.01859827185416477
0.023687157011882037
0.04946633143554981
0.051731647540413615
0.026339890765243765
0.05469195834262839
0.022344801183684766
0.9718843624116508
0.8609559492506867
0.02876115493414592
0.06436564183461668
0.03970673694522191
0.013283767781704882
0.023467050404588873
0.027924874929961117
0.06401120287102105
0.7493761661138248
0.028797487293271872
0.03031814252158603
0.017767627971212268
0.07993945936160315
0.013307286454244801
0.0377146819983192
0.030031477791712634
0.026646590909838796
0.02867272462385969
0.034475445696665545
0.8984689486044966
0.031759845873608805
0.03785180470716416
0.2710566423922072
0.02368600768746978
0.04956429200192182
0.04440354842573574
0.8389853669612505
0.022220898810506293
0.042038968592275135
0.5651074002891705
0.024340001635464296
0.03294569959454678
0.04893313911753301
0.02398790103893695
0.0426881984796305
0.04791656193332344
0.04136826145967228
0.04724437648282189
0.028339142861676086
0.018145011074852724
0.04666767439373808
0.06713467940582897
0.7255299206776101
0.07236617161564875
0.06457175525996717
0.05032043549089192
0.04716937432008639
0.03363717291142996
0.042442304740924953
0.02650381163136442
0.043397249569009935
0.015247764861163127
0.6646038788549353
0.02989179653749088
0.01899597064152328
0.04921323280680183
0.269518093383577
0.023628901303348892
0.8159111306717982
0.5765544817597409
0.05663050421065877
0.7928648456431437
0.0511630796904905
0.862218157946421
0.04412530999948146
0.25704548194453863
0.06242557412998741
0.026901918187199343
0.05565245406485169
0.04601809468850998
0.0663245518817082
0.030202711112357918
0.8206923212270584
0.774353138490101
0.23656464752252446
0.8239466703017718
0.30335119790309817
0.8456633341776821
0.5811979000822367
1.0163620896666765
0.23785254973394512
1.2797779753005458
1.222953046357786
0.9569553443664464
0.10844579954836293
0.17600519377099777
0.0961020602318662
0.15478987626259044
0.1417845617196785
0.07643150006440191
0.16571427997961277
0.14861830520040065
0.15009818960994467
0.11218937929203003
0.13192109927535609
0.13422023653904464
0.16481628495414585
0.23897968275464365
0.120212491502672
0.1648040382796978
0.1971626421810619
0.06811900766529605
0.13770890397274413
0.14533995673239458
0.25427300818377724
0.14874863029266683
0.1110268566168574
0.17647347954869905
0.16609344387304076
0.11247918047308413
0.2088062756945146
0.2073249037473607
0.1635612499388134
0.15280546089127003
0.11803869595681821
0.14490443597723213
0.10057571949778712
0.10353734024452677
0.13840380327033877
0.22055515568952705
0.1527030088147314
0.2415500238465874
0.17509242132971786
0.1493931116480244
0.10389278333209123
0.11129443903590182
0.15001034853752243
0.13349029181811
0.19357193265616376
0.10557017029910946
0.1424989406595072
0.1376354928724676
0.1621019549400857
0.14297982610635568
0.1834290978401579
0.09712249266775584
0.11299246685347288
0.13596576573022612
0.12989125592106135
0.19569075338777828
0.16458555943814307
0.13518026818520995
0.12913791074076483
0.106796994011712
0.10301243301461672
0.11549167889803248
0.09148502395566756
0.1825524664483323
0.15560350923061367
0.11707027608472086
0.10199146381431812
0.13476213922571967
0.09148312566339069
0.14564687363213621
0.14056243868070228
0.17087349713258806
0.1922859941628638
0.12123209091508533
0.15922176896775747
0.15514267736209766
0.15741699269382783
0.19076921774830827
0.1618212601335408
0.1256161732344013
0.16654786024930818
0.14560182894941878
0.1633715494727558
0.07959317883778076
0.09399051519452384
0.12161669914544111
0.10134497123733317
0.12807248459589918
0.09447579083193709
0.14703925473844748
0.13257841585250082
0.18064582351101463
0.14609396858617085
0.1179133775825721
0.09865246450385196
0.09602924780495815
0.09779897478702661
0.13761849138464266
0.11185161031661098
0.22484599332923727
0.10884789135967306
0.06967748265588534
0.13939358075403396
0.05946356536480011
0.18081545418976586
0.15233129869042797
0.1415053243670671
0.17690276674237035
0.16607358713249662
0.1558103019963892
0.16379239906908116
0.11910575275023866
0.10279005314900651
0.0947538568525603
0.146908545421182
0.07651558931651843
0.13859211391958334
0.14902070929641717
0.17595910660257272
0.13615273891714874
0.1419986272060499
0.1919893560940907
0.2052896572144455
0.17668484454603112
0.09993038417719304
0.12355186548686398
0.2148545351326877
0.19515975141356093
0.0976039872039092
0.10055363819632593
0.0936376752654821
0.10778325597079934
0.14099031184587105
0.17556493629482148
0.17253963647587683
0.14030496306443904
0.15334262726015183
0.12463799121157836
0.11610035941549773
0.12370902752292194
0.15238680774472094
0.12496834419193183
0.12848494373883967
0.1552882675313597
0.1695475350969934
0.14541742334886784
0.12582228888011718
0.08697605111047998
0.1898440361438747
0.1073390831585238
0.15334497144785786
0.10986078419877116
0.17795836459484118
0.13870017570965937
0.1579616840792322
0.12355916211984198
0.1690839983268314
0.14933564324229398
0.14317249923441716
0.1323221085029036
0.12832030883963702
0.14588075835469483
0.2762601319232782
0.10611300913450865
0.12389125406106406
0.15030123298569475
0.13972897304606288
0.1282954820893945
0.13606629530278866
0.1383011587452439
0.12188101495370429
0.07267953099916655
0.14860144965434907
0.102154738062083
0.11279834245690225
0.14686444757247427
0.1941666450986997
0.17430281688293114
0.1362483373757498
0.14032153393003863
0.1841320251585611
0.14107265199845018
0.13980912615468882
0.12663423553498057
0.09914916367563288
0.09972746183904543
0.10192908131062686
0.12448988799830286
0.14611032410595262
0.07717660368331265
0.16639506379912175
0.19882931893659628
0.10366806537679978
0.17064513312141572
0.10660968283814055
0.13607039091752227
0.15527509447998714
0.10414497271934561
0.14386197222527766
0.16968214344558052
0.1718976773182941
0.1704447899446598
0.17072941112729134
0.19553530615221387
0.12940973924741306
0.14884638132635186
0.21362326647185104
0.10264813447705204
0.17364450807318685
0.12321532027368821
0.1291241177001817
0.14716545602664144
0.1000562015709818
0.08528555344992228
0.14144533812744228
0.13212042156185083
0.10787742596983606
0.15056972012762648
0.12895020579499247
0.08406542865141926
0.16932181802041357
0.13205484660255415
0.08338064477931446
0.1250529268677627
0.11968179940025855
0.11881152920259158
0.14546259187612257
0.13809389713065973
0.12237841711539013
0.13549308537643923
0.1445628214453421
0.05691933361907735
0.14412879842813556
0.15349874514099993
0.14296488752234296
0.13341123469687427
0.14826379449207877
0.17727733629131617
0.13034631790267764
0.1307957773257948
0.11217476842352085
0.10246114731510306
0.11059124498279613
0.14298328239787067
0.12168784444977063
0.12632315401475278
0.13238224688823563
0.16411351346714467
0.12234678094376096
0.11741572853341051
0.19094082111931515
0.1467363084384006
0.10284342116005715
0.1389473977374203
0.13022541460325462
0.15327262407229333
0.2015269944569977
0.15401993284782936
0.11912148884303385
0.1805813831073084
0.15600953091142392
0.12093160158826224
0.20712607036149336
0.11728787461307909
0.05209463146931008
0.14057863504108634
0.06214580515352109
0.11476441624208378
0.10029982976283693
0.11182562057585126
0.13669578307978733
0.10274162617858089
0.0948183673858315
0.08830335706570619
0.08815390248303236
0.18241919264509854
0.12185510866990285
0.09018868933883234
0.1393113089302223
0.16656869363191082
0.16901437921822732
0.12328451941661718
0.11910023410631897
0.14705392609565657
0.17594170765882175
0.12183088236850471
0.16140445524312472
0.11936354202478802
0.1430225527804566
0.18993629356267874
0.14626679678050386
0.15201257606203264
0.13625899578346398
0.10757126858579429
0.1774421810900226
0.10538804380039721
0.1682306787235389
0.14566710578476205
0.13944025625031276
0.12531816619512826
0.11475565546835852
0.17396053013219376
0.10904466494587516
0.14919449218151903
0.1428827084025295
0.168408792669353
0.10808588596623007
0.2020497470341858
0.13747948751757655
0.1528135603373716
0.1440685595369466
0.15786271940218294
0.15687439172640824
0.1583425394961786
0.10342202567362699
0.09589151398547463
0.148150080670888
0.13140639082069172
0.15184420452418423
0.12152037810977673
0.10960159941108119
0.09582507184068666
0.11439452838992833
0.13468938727509175
0.17280843909399124
0.146760804206754
0.15400447737125345
0.18338955014125669
0.1219378851450851
0.11560885895611651
0.09065102833692898
0.14876971443429576
0.11047243200554238
0.1448409074808313
0.0995241197576569
0.11417196152453708
0.15344884281497054
0.1158934583635285
0.06514102844318247
0.12781805659232678
0.13761041473436064
0.14488368910053798
0.13522210977693713
0.14665873708553273
0.13738008294096984
0.16672050722040474
0.10968086093762917
0.10684947590160329
0.21968138768446446
0.12376782018617807
0.1395065678125981
0.12973298870717434
0.1685357937261592
0.11707349610958868
0.15281427436419082
0.13950278978913155
0.11227600033470625
0.11921012639869225
0.13615848213412435
0.1282165735606016
0.13135233186440262
0.12115452789070498
0.16213721704591305
0.14690117687346546
0.15884996208278268
0.10385650231082247
0.15076768217205755
0.1175685716703249
0.10680002039310861
0.13307056337536902
0.20281221449518372
0.12220440787134594
0.11462541491925503
0.10531162313743282
0.10524080196811579
0.09660908506318347
0.0758169120418747
0.11782124284568658
0.13828019412694023
0.08847444606082076
0.08648293130181213
0.20387205386589274
0.1191175892993582
0.08067215635202364
0.13677531524916725
0.13133904112807696
0.10943432407096171
0.14760898125814853
0.16076935238150844
0.15956173891508352
0.09381827539982987
0.11500352256239783
0.1398786577554289
0.14771719416743948
0.1415697726981361
0.12925599194411277
0.16792360111317012
0.15157502666050726
0.07770397353985578
0.13157533933398374
0.2661167227379797
0.08761003766602694
0.09644327161672425
0.15094714716327673
0.13066194119406055
0.11835308806480838
0.12238040322668242
0.17070829346636585
0.09302431980785537
0.09314771256329389
0.10153425742326559
0.10984445376474643
0.14505636168866234
0.1503704353643057
0.11415898707546127
0.1618567964258088
0.2792253072538598
0.15177766722398522
0.1526319206684971
0.1439224160991923
0.1049886715791172
0.15133641515651836
0.12422463589291279
0.15411190779602474
0.13337037384248512
0.16019505826958294
0.09397154349873513
0.1152415796099577
0.1440999269685485
0.17171207374310737
0.14759597358007032
0.1776552629411005
0.20366947891976359
0.1709931712302903
0.14286071932830746
0.11345653945115157
0.11071856246418986
0.11066432963043618
0.1579128314194357
0.1184134256496989
0.20314600593540644
0.13916127760140215
0.1750057351814056
0.1487322780574966
0.16347299222561407
0.12153147357437843
0.12839061148342173
0.1073188815478465
0.13333461467409288
0.19726163983484796
0.11637677764024067
0.12177373989095584
0.2096009298181521
0.12414419372021895
0.20106218531371756
0.14743547143325722
0.11331104964372296
0.1997575700419512
0.15681869220623654
0.09646076554289434
0.08931207450078012
0.11155789287564696
0.17838626926827442
0.09165022042873935
0.1466322762568257
0.1448349891857962
0.08266723639191802
0.15017454230158103
0.12738164462016432
0.14846193903591098
0.12924892963433524
0.1396010811313417
0.15573492334130437
0.13620222585776204
0.16974182183476894
0.18311785744534184
0.13654716920050164
0.14488080754940072
0.15186073628434882
0.111096861031462
0.13242218158245087
0.15044820419901822
0.12787645854040286
0.1497353254885839
0.15903464308188608
0.15531877777554387
0.13914530735674188
0.1266321609740848
0.13062308029260483
0.15442978430085674
0.1641045761186788
0.08588182386342268
0.09094900171627941
0.16539863056468085
0.12673626426337195
0.17522619322963293
0.15135082238096648
0.10526484495001882
0.12341737577608893
0.1687590581053557
0.10448984916134088
0.17661724999018555
0.19554238074212632
0.12692950104266998
0.16144396397652147
0.18555201642672223
0.1011478310028256
0.13516184408012324
0.17281836550400828
0.15084832917934737
0.18058428007974028
0.16658202897976448
0.13989969620031206
0.1349742480746157
0.13144952823577377
0.16613166606047358
0.10269326071056575
0.16052388282271077
0.11834742057113462
0.15581458941065476
0.12738471190733275
0.15717405293144204
0.12593396988246852
0.2152966186997936
0.13714620145242232
0.1760714827029838
0.18797313137620927
0.08854708161802423
0.16730181925567053
0.12173352491446571
0.17234968127569114
0.11319569574881727
0.12334319648925686
0.12320676040041065
0.12975597873647846
0.22003621960972025
0.2266358500109147
0.09926499912979832
0.12412572776005808
0.12451653557070445
0.10126923827953492
0.16329406860912224
0.158737240894283
0.11370163245234352
0.12086617055513277
0.10469147101178308
0.09747574297754143
0.164872052359838
0.10457885468612976
0.08136820642330851
0.13133013311696456
0.15761381254098505
0.10992815940359613
0.1446857633232797
0.18127466615608093
0.13834328347070307
0.12279140065144133
0.0639741349133034
0.14098584190777888
0.195312352726948
0.16029337024725637
0.12074151190357835
0.1496831385772221
0.14304110735546183
0.14539494395652028
0.1559352041182979
0.15238627964434404
0.13839779101283256
0.11477964803057183
0.09874597844647853
0.16875966023751274
0.13814457805045027
0.131689491640246
0.15573255196799102
0.13379442495941424
0.10700556015365266
0.1314571397785049
0.16154538398336502
0.1755090764216258
0.13241603598781088
0.17135841850264225
0.12698167273622335
0.16480342288078173
0.1654338428964651
0.14497732299406257
0.14666906846381125
0.08438986686660423
0.111255115885632
0.11898515166617667
0.10503977010177984
0.15305868249589197
0.1273630345680665
0.13199119997837283
0.14763687659206867
0.17353476134734477
0.13156078276286987
0.1306486163574477
0.1821128536305502
0.18352124385539037
0.15898084311097918
0.14186370682713306
0.15065330338464966
0.08831128514571625
0.07608301509772879
0.08779649492893775
0.14920430918795136
0.12146543647887709
0.1451003100906129
0.14656079746384337
0.1517466404253487
0.09105278646273976
0.12794464463071994
0.14283622983105912
0.11945281314711095
0.08465916876923486
0.11820085926130051
0.15246423620493185
0.10900137899385129
0.09608365977639811
0.10310927710933432
0.07811099074084515
0.10886556604004986
0.17048363405809933
0.09930393640658808
0.10490599415479342
0.8092878699061558
0.8707734238456271
0.11202131189632562
0.06861369357576401
0.1099164862974669
0.14001972163946222
0.7841732690365754
0.15720849493374967
0.10194277171679894
0.9160472215657256
1.142528825643198
0.8982764426481195
0.6349487959238186
1.2723386396382292
0.590476091690244
0.08513671400211133
0.129915555509961
0.17363960225083422
0.15608203222984493
0.1332894044476648
0.08113706604417302
0.19878869579278377
0.09850315415569903
0.1419446725526814
0.13796871383737963
0.11883213906353471
0.1290407914185333
0.16927819646575032
0.12578986543222825
0.20947747485045612
0.10085726577940374
0.1487892967588052
0.1477210993438084
0.13982475172843464
0.12072488233400298
0.13410621589459112
0.1109376844191536
0.12957021822922551
0.16593668870928452
0.1665545943178244
0.14923377858594272
0.1853836470750163
0.10141271762967073
0.14086640051402224
0.10648897101828542
0.11089691150582139
0.09193246802220774
0.11266935007248563
0.19094078357456898
0.14572465398609233
0.10420719023631887
0.11671445885126314
0.1241732926260875
0.15225029398307666
0.11651013861404091
0.11141875672843837
0.17906083437116888
0.10680854333368285
0.16873446080316484
0.14997173874107075
0.14370749768351834
0.13551465429133755
0.12533859781355958
0.1529264394743183
0.15607796471895413
0.12664503971377067
0.10593768909939391
0.08787955516082753
0.15693178840560962
0.1582285761391146
0.09576693949278177
0.10828894097115643
0.15023074847097417
0.1306750944917739
0.11043893439288559
0.10133018784742884
0.139452707851498
0.14379058586436202
0.1178976601716881
0.11362246065217177
0.14554987835820055
0.10496683835493333
0.11902666433292342
0.22292997205348725
0.13068546914339238
0.13696070529478577
0.38193699903090034
0.12004809775154882
0.12001072888429674
0.6149446229834885
0.11805617687588196
0.28253501466517306
0.14450179208569622
0.11872862740298655
0.09627502720568933
0.3388126816667638
0.39901678709002864
0.08871547856247336
0.1110324509644799
0.12757659392886928
0.10574385183146709
0.15891383361545763
0.1551267920561655
0.19142003075331188
0.12547246441734053
0.13529974791352997
0.121157215430962
0.1257809663674406
0.06124686583940347
0.09119280832393059
0.1287541165386083
0.8510911009634825
0.13530468471568555
0.14157095880263346
0.14724517431927894
0.25823724605469406
0.31967199144856406
0.19294848134877035
0.1186937076649138
0.10511996248246619
0.09149832372929013
0.09083065954192514
0.11178213966462575
0.12877872432379178
0.09278771026289226
0.13441634773418162
0.13456388204555578
0.10643738862053059
0.09349187972035194
0.12453605222552332
0.16151336147890188
0.16516235854595007
0.0871871880340633
0.12673292430626168
0.15817629644886141
0.11510570932569208
0.10544330457642218
0.18819391892825635
0.09583133375244937
0.076722506935937
0.16023217270078405
0.13722552415547348
0.08918276484128689
0.16018488612382914
0.14783857782358512
0.17659800237645418
0.1268410264788252
0.10860032340076131
0.18918938812182692
0.1682363428318123
0.14174379220875008
0.21944977370392807
0.11125092807888942
0.10750586120530448
0.18375798401676588
0.12936134169907904
0.1632151216041075
0.1432455595043252
0.18494135402040104
0.12067680873263052
0.1622202042264733
0.13583901563264528
0.1924987275072094
0.08816487494544151
0.1371139547525239
0.16650591318175398
0.12551096818141708
0.1301945312166726
0.15259794402303115
0.09848409798130864
0.15876199717736206
0.14719802035085783
0.14491559419279643
0.12057453077419206
0.0794421126741334
0.1511221600897882
0.1250844752318096
0.1160137409946642
0.15424450094491401
0.13341304265671056
0.15661811150496752
0.170303086815131
0.1769229842737708
0.15687277304692715
0.23068245526933237
0.14618942636575347
0.1278496811540619
0.12200941302756638
0.082012456469668
0.16047185616490545
0.15144627543907385
0.12212193306762814
0.09624440143760248
0.0997337462025887
0.12444961787784029
0.16696339832619514
0.1250804864295668
0.10141585446018406
0.1821625976340077
0.1395892979123018
0.1361743410622325
0.1240511694062644
0.16805031280362454
0.11640533410025354
0.09354447895338872
0.11748976469944805
0.19137745685063362
0.1664700194749564
0.10987196668860609
0.15233623725463608
0.09685049800941235
0.12396184447691547
0.12988089506052583
0.2102584114597769
0.12517552862386527
0.150769042290562
0.15869394445429424
0.1671117108640482
0.11162471968306596
0.17663027066821554
0.19501915648515222
0.1498036198827382
0.19081429806257624
0.11705534806943577
0.1526165085237894
0.18577160344166566
0.15244234560288197
0.12704081600580203
0.13135873164199002
0.11323220725227104
0.07127864703513531
0.16222532650164487
0.12719037803421485
0.12766389717945767
0.1668235559940997
0.11234075409354422
0.09289445365716384
0.12388297282857917
0.10443056612468458
0.14443589121030645
0.15727980018526322
0.09221072917194842
0.1604104109810483
0.11095334536469886
0.12228125169818448
0.11668843083025007
0.14033580260350142
0.18437429065637884
0.2183027116388931
0.1518062121565545
0.1100833304552795
0.14905095420424516
0.1941843887550198
0.19396236012705487
0.12681227581868681
0.12515348244747737
0.11696512562875933
0.13282119650399657
0.10887946187946973
0.1818552175887771
0.1437727813505852
0.1307940153145486
0.1620701875825201
0.0951836219748761
0.14478269575847197
0.14576077342720153
0.12391310611321615
0.12602233473053032
0.1359099757177882
0.15970200925502698
0.1237244248290114
0.11795983635488687
0.1580529885809306
0.09898207300485945
0.12488920259350568
0.12030806960567816
0.1278711957893973
0.14775636052254773
0.15111101974787175
0.12131650048657076
0.1602472487762787
0.0965552663430137
0.14283267724036822
0.08309798050205705
0.21187662955336972
0.1257658736328719
0.1197881958482726
0.1520601591822196
0.1509108700103382
0.07995690340870598
0.07597025339072494
0.1268710833287327
0.10540168433231771
0.11650801942412149
0.10604897219039794
0.17514747004097958
0.15612185536548576
0.1683969491995006
1.123812770981744
0.12378372943433774
0.1329923562357312
0.16370165604603484
0.13925760282533797
0.16748539302498394
0.16543531960784158
0.17748762144634148
0.13477641329263793
0.1518584161999708
0.12600621222866196
0.1336233926240135
0.11462849436719462
0.14090366494607331
0.16734102678407647
0.2003550213567046
0.1277913426239774
0.16657892628774296
0.16695249576074347
0.19193250582207874
0.12008243688233544
0.15432748326081805
0.1830216542495229
0.0947153599744791
0.1793507589745662
0.13180836041549504
0.12330396302815871
0.16150509227465518
0.16315764490790347
0.06100298260372522
0.15868365555109631
0.16737171074648985
0.12298508154506098
0.14076638247006604
0.2328831562111099
0.1046275680308696
0.12543959285510858
0.18078970184438659
0.1224107813735273
0.11263881238244987
0.19373504221796084
0.09701105221874928
0.10878193455745527
0.20503013357051572
0.20482090308419226
0.16812510439591816
0.13455667263703783
0.15325704989654057
0.12425604539576338
0.10111745739292138
0.1189704669708139
0.1566079333898083
0.16245256825993257
0.1352227198413937
0.11087915517267001
0.1393151374570615
0.18655319956664523
0.09205401814619218
0.13484099444470565
0.1197143754453414
0.13565708612232633
0.0880620422803305
0.100112989622699
0.16131255975495068
0.18382534478799636
0.17579540517756628
0.1462755726410076
0.10857656858539919
0.146556902639487
0.1805986149173867
0.13907593751611694
0.1515800354326831
0.15000358521169538
0.1864601365774997
0.14272543493001716
0.12088165800064316
0.10258147386296428
0.13489797772079096
0.15648153023310804
0.1938534378671153
0.08125977246459654
0.13334305574751412
0.11795262126890865
0.0927748223455208
0.07456951197967455
0.14385200038115462
0.11134928879926986
0.11847384610026913
0.15076388788607462
0.12136463157364269
0.1727461811808212
0.11448126134407274
0.14967927150705151
0.15693131715644476
0.11217066173567646
0.1554900885578478
0.14448021487316065
0.09541225321107218
0.12299493760487644
0.07094687508804289
0.10784935647395975
0.14055910386891407
0.1277603108328873
0.17402916784657566
0.13007359282952777
0.06642874817509942
0.1552453905657624
0.10591705895929399
0.1339444193833292
0.13621263714592696
0.1066499274165205
0.18077487548406862
0.145669583856096
0.16043331106371256
0.15010828367331477
0.22426056176189443
0.11761951094548513
0.10501332276306653
0.15245245471605082
0.14634688718261155
0.1779880158173934
0.12932444378764618
0.1111887207786022
0.12443433263784393
0.08792534672503739
0.11985164208639765
0.1224800912584215
0.16539206717054006
0.16519576092255162
0.13156820171727646
0.11997276642306681
0.05201010779254813
0.15749989966356429
0.14268293566677526
0.07878965564448094
0.10910063319909415
0.174056574405229
0.10775012961817834
0.1059034331478003
0.10646707597012853
0.13079575524927564
0.1787273447276981
0.11636323296996853
0.07241273037347458
0.17443891501693395
0.09666347978739205
0.08848777468849835
0.10109671606696427
0.16764245548453358
0.10672809779519439
0.13423536179839868
0.13088825032625545
0.1314382896335219
0.18003680153326312
0.13975102218138377
0.1607382338400388
0.1277864667139477
0.09730125060297841
0.08836797089774313
0.17884850672520577
0.08858220792803465
0.11965298919035662
0.123102649697916
0.13257906909162678
0.10635945331404834
0.1539153502110793
0.22232615629803623
0.17436155902040312
0.07583926251648081
0.17096306085305538
0.1834242466671715
0.17717377934014603
0.07348759667129716
0.7088502967068843
0.0967498808423299
0.2615395635057282
0.14818724582743314
0.18110295831447798
0.07278514676519444
0.10175303887008658
0.12202311275257571
0.08287094191229923
0.17649438097633544
0.1856839657400356
0.13532172595201658
0.16685529312737715
0.1581968783459513
0.16433921452697026
0.10901226859263326
0.1770056230828831
0.12289850127504463
0.1116052462357736
0.18127723174098556
0.1758819462499989
0.10493960250892506
0.1440888406528605
0.13663275319207938
0.1397299899348077
0.09684697599095826
0.11367492317557949
0.13632683845350416
0.10576420271804339
0.16828138092188658
0.10230008653039196
0.18615596402257722
0.1500741450248681
0.12901695971019042
0.13738914941612235
0.1175471357175978
0.13645476834689688
0.16066680081765167
0.1131291110979543
0.16178100305511267
0.1203434563943351
0.1549847997761481
0.13370223866118738
0.16508378409143168
0.0898031896963047
0.15612677383960955
0.12365880895063211
0.08334296506337278
0.12133763981642467
0.13347077917910852
0.11686512010692739
0.14361117632971443
0.13792510600764432
0.13928850257109385
0.1683119134745718
0.13610930257700096
0.12312083482763266
0.19366798817118294
0.11025950743116125
0.16377883184154918
0.14506646029586787
0.17517625961611474
0.07564627445854377
0.14792549912881736
0.06094851771588849
0.12350826642577806
0.13955731038567673
0.1671274743567452
0.14201074978714145
0.04730466027197378
0.14895805628039563
0.10711476261035562
0.1452269053124866
0.16047019961818107
0.1565631467628566
0.1724505625755874
0.11817510121980955
0.14097269169393187
0.11102445884791323
0.22220854405096585
0.09480910904424474
0.136769115941558
0.13576370682671804
0.1762514349807383
0.15271973909905923
0.2282031573589922
0.10229360721636112
0.16024190816279274
0.1062361314316638
0.11696348920820027
0.11214698646296357
0.13867366930110925
0.1260532616365991
0.11434425647068025
0.12747412044868148
0.16697790654875969
0.13458710487199174
0.11042858630796047
0.08912168825500769
0.13424514262561146
0.13981667311883136
0.10105223827578518
0.08423131823002529
0.10579747675871004
0.18431848822773844
0.25496098529821914
0.14895012454499731
0.2119499088871836
0.9778938692851741
0.11565669897699117
0.10531003277972022
0.15172806243421616
0.2050830567967918
0.11097738299075628
0.149415210224088
0.10198622848942702
0.1908370845702277
0.19669088989829056
0.13598253877494748
0.16345679509000918
0.21674885428519758
0.13712117083483547
0.11285873972112646
0.1493618219735446
0.16361448003744958
0.1473180927158646
0.12881722046955668
0.20733301796953557
0.16454375285520667
0.14112478861079403
0.1185706304222286
0.2201958594167042
0.11514643377033912
0.7112797278561773
0.186831989991203
0.10265936441033667
0.11873024637889537
0.19702192748443578
0.1976764670640102
0.1125706668876205
0.11284443740832671
0.12118748224149221
0.18288970014316375
0.1872327130784353
0.12562972123131755
0.11529542575640263
0.0884176538793281
0.13740718706393704
0.13867519356782773
0.22251751365890596
0.14088385125663203
0.12930403237494106
0.16471046898745925
0.08842670746210925
0.13156718887130225
0.0935238603416868
0.05237766087294485
0.15956238170650633
0.11698233283855179
0.14427694146311776
0.14340184089209743
0.17696004223800757
0.13057582133636955
0.14764575360876495
0.12850070428236196
0.10809932949408894
0.17008049524320126
0.15033624961302755
0.16633467997800486
0.16409155257279184
0.07754256185263515
0.15672759917677614
0.1291694522229395
0.1933498488455056
0.16081414099003352
0.1027126124111973
0.12949868128888883
0.15394642616374482
0.1253004959668131
0.1593355192848548
0.13987519886900104
0.1330243486602781
0.11301610385656319
0.11854600437831939
0.15198310074346505
0.1588119936035175
0.17970954790581825
0.13706464239064078
0.1150865987952646
0.127426646406004
0.12712774224032117
0.11425570004742472
0.08353482418843323
0.15843074890929396
0.180318744123642
0.10753837251291702
0.11129078595122137
0.1296414814757275
0.11287987250456204
0.18042400172850678
0.11506539054140705
0.12648996720676794
0.13794753830765022
0.1346917744295281
0.13759956236526436
0.13307726293197383
0.11852688113981967
0.13277767823073497
0.10516657305955189
0.1819746229460717
0.15403344183759168
0.12098036228938322
0.11206492737196189
0.09029858636036862
0.1000102865680806
0.11107060482709775
0.09246310864679343
0.13335759010347464
0.14297085526477965
0.11011502166727838
0.10353070600538393
0.11300557454762863
0.10364408181085362
0.09344854051404325
0.07967835359142941
0.07457180126307435
0.11127729400058858
0.14752751445827056
0.13261357898327059
0.13841261412230715
0.19813131437893763
0.13893251180300747
0.1637592964052651
0.1754002171307787
0.11649245848255958
0.15876147774797886
0.22090381536800807
0.135308072506551
0.12157492750013377
0.1544035687724195
0.16520985454820092
0.1545408523546895
0.14739790856625645
0.17616343213471333
0.1804032551657704
0.15471326293522816
0.12025521882109075
0.10939513084200383
0.14998854777580561
0.11425221441456138
0.18310799376508533
0.14405016909073864
0.10961215987305446
0.19297910079674824
0.20182947478662072
0.08412453120727331
0.21509681167862485
0.1471773387372892
0.17973901905248438
0.06591633719947612
0.13636716686029993
0.1469065687776791
0.17029789682919477
0.1738521731813738
0.15963603522254585
0.1282164568086453
0.14434773190903916
0.15076762293770246
0.18127198687206006
0.16465587136404333
0.09537737178012745
0.14936880987093826
0.11947566024164515
0.1450405551714527
0.11728480067694705
0.1383716019669321
0.2252615155086583
