1978.9428281854434
1649.298674212945
1381.5394099268087
1159.1146918553115
973.828869633182
821.1074548044535
694.6132231400992
590.7944434662962
504.8482950349987
433.4798542009131
374.2747296283127
324.97259811106716
283.7525257227918
249.13068616941607
219.88147447974436
195.11105617134322
174.0300650354965
156.0420940846972
140.59221020249763
127.279807183954
115.75042021094771
105.7432244004301
96.97747003663288
89.29979483048773
82.54621238584633
76.59434069548671
71.28473461312642
66.60331601430505
62.391674361579135
58.57233422647402
55.204992896231374
52.136909271007895
49.372033333773864
46.87559808522896
44.581151708566175
42.501895915600684
40.53643035266904
38.8046924572334
37.21644745809009
35.70623227667205
34.309189821139505
33.020835364473754
31.85916080801098
30.77093063136735
29.699849332753516
28.723176073016234
27.84052458925339
26.956564193975034
26.18845001653237
25.394150127348052
24.70227013501641
24.006285636109933
23.36091415952212
22.745040815939895
22.148108162533113
21.582372078260768
21.008602661271482
20.529034265815923
20.054593421413454
19.609435402900296
19.117698428564477
18.69549233818719
18.26687963510781
17.870969910039836
17.461333237506377
17.12324953184492
16.71555207814276
16.333227671036223
15.991896095637621
15.685349891796532
15.362783552117754
15.020440867029363
14.727763559101977
14.41821900182228
14.154357525750862
13.836349267321703
13.568827974372244
13.29461314930303
13.022087032441732
12.79698973875616
12.522527616524131
12.284515131438567
11.967255663109395
11.7810280030682
11.557675377567437
11.285931125773347
11.112027508441589
10.89524350592375
10.707069081177352
10.451426435334987
10.217511570012055
10.022991883615052
9.871216752521123
9.70062100574553
9.408600604373682
9.257447277454185
9.109365157032718
8.928058303367052
8.757971451883904
8.538848913950325
8.39066461408722
8.2230225923465
8.033908703704482
7.910872942198658
7.722006073131751
7.554938362129308
7.371243393723986
7.258979383216776
7.006732558854082
6.955225032849331
6.7257701600737505
6.647553377852882
6.519175402267556
6.321115281756601
6.193322920419418
6.093223999458363
5.978579659067833
5.823704032460519
5.629171604639969
5.5289753377996735
5.435550798666563
5.294561165181036
5.156630187297222
5.056192617395169
4.8813435435388195
4.866514683143714
4.714012785155524
4.531993963927501
4.438864330743966
4.407835351650527
4.251401728108307
4.132196863507358
4.062949837549172
3.9310569817876164
3.842884907807525
3.741953389046436
3.649303465661358
3.4928836929858726
3.391661584028149
3.2439966034602685
3.1995291795374077
3.126559008178764
3.0269538633113733
2.9891090461087035
2.8475748025039764
2.7789580527620306
2.693483913413594
2.5502970311751123
2.4520024154445097
2.452402725864238
2.3595659474327877
2.215167759040994
2.1947995607226374
2.0608753848756582
1.985065895052194
1.9139470860805226
1.9039444217379264
1.7710579268119468
1.6356619373784125
1.6353628072579551
1.4513985084233165
1.4842395598808202
1.413399096148786
1.3391991659641114
1.263366093210439
1.146936880108829
1.1310187801311906
1.0073066936989745
0.9597588071458132
0.9088056370751982
0.8894266329663062
0.7504291814526188
0.6878129894720304
0.6546332920748923
0.6260891783138685
0.5271455737488512
0.4785793524694748
0.40655195188468013
0.31893946776917387
0.28191153088473053
0.25669482368703145
0.20784572748096838
0.11337097843174188
0.04718354577955335
-0.004341391088369661
-0.02856696854272789
-0.12205094570705165
-0.17131149819923355
-0.20276162499276185
-0.24276947473895236
-0.4036688307047908
-0.35003920301221375
-0.4465466905285685
-0.4583041599597395
-0.5322655940093788
-0.5502167459476383
-0.6067027790104791
-0.6592780377015879
-0.7111243558409286
-0.7618454283456393
-0.8234198563243531
-0.9075074998987113
-0.9514451374894968
-1.0221880338651355
-0.9550453867111245
-1.054087619747015
-1.1928109228100023
-1.1586653176842305
-1.2052944642649444
-1.2495722453556177
-1.212939401677133
-1.3011797940553012
-1.3342686843462293
-1.4905699711219118
-1.4032254629565533
-1.492860299791578
-1.512387499828105
-1.5675144933792664
-1.5958183779110033
-1.6492748775081745
-1.6566497170178907
-1.765218209052494
-1.7248283296261073
-1.8126490126933168
-1.8691695983793377
-1.830619956095747
-1.888528448463827
-1.9334203390070848
-1.9257458603215825
-1.9643206217961025
-2.0652152756784985
-2.1509439312175638
-2.117732923504209
-2.22616419124414
-2.2171173256802272
-2.242006937623444
-2.2718236544149955
-2.320630967023874
-2.2907298117402837
-2.3262426735630775
-2.3670349805511597
-2.390925509111696
-2.4335612808585476
-2.5595376625249187
-2.5440353268677134
-2.5661893751186535
-2.5154716827672674
-2.647391696986677
-2.6182370185646975
-2.6974424642903845
-2.70884310934946
-2.6755106797865538
-2.749320473991247
-2.77492896831318
-2.786044893467618
-2.7980834766939156
-2.9164331297154114
-2.886097417198848
-2.998236517307629
-2.9846023507769988
-2.9278239886812942
-3.038501656438023
-3.0526035470835056
-3.05922828115996
-3.1168451128815358
-3.1673849785055843
-3.140705973736132
-3.153201357240782
-3.2499753594114185
-3.2765845427505322
-3.3491927132344474
-3.2274029755600697
-3.2676319246258334
-3.314558284805848
-3.3187058426315503
-3.370627265373862
-3.4450593314092597
-3.396513610664893
-3.4464175107152912
-3.423845066903109
-3.493862710101732
-3.525500344452704
-3.545134836626099
-3.567898727172957
-3.5662809727723275
-3.535425100264419
-3.6259718400200898
-3.6636231825937586
-3.713837858527004
-3.658267133873051
-3.6601051726858334
-3.7522058479606417
-3.8458297178726184
-3.832877579982766
-3.8791031160596576
-3.8620776497801494
-3.8630337889250863
-3.942983054341285
-3.799209796395281
-3.835366964401173
-3.8919058743109947
-3.982853079679181
-3.9804307513490347
-4.004256671974487
-4.03014060278603
-3.973278482382466
-4.06210546714592
-4.050678160753491
-4.069663129976433
-4.12408737831414
-4.1991701501064895
-4.160670828083248
-4.15615531128305
-4.178009279491422
-4.171831455301771
-4.236897914223017
-4.230221555030891
-4.229899533245756
-4.234788132363035
-4.289450866948516
-4.2163772712421395
-4.25312501533326
-4.307502544985584
-4.340191638956789
-4.3200862300801095
-4.411527902155931
-4.390132957809729
-4.3676368365796465
-4.471909422580578
-4.502572416992621
-4.4591591305506215
-4.485664671272988
-4.446898323159178
-4.493804353718518
-4.539925677118653
-4.542392194449094
-4.57278705750599
-4.578689253294093
-4.668369300907244
-4.548647402558189
-4.598112643092133
-4.63960127973555
-4.616149523986027
-4.639792036449285
-4.663917191353163
-4.718943937898831
-4.7260977018631545
-4.730028831360349
-4.743930076815305
-4.779381672679493
-4.767985012901962
-4.7647196315841
-4.785964540725992
-4.812702011358644
-4.755156310778166
-4.815511283755076
-4.857778265317649
-4.835187106042786
-4.883618151977818
-4.816668585975023
-4.945970779661455
-4.867015129050353
-4.893986640286403
-4.976887041246214
-5.028495015837903
-4.975792422036287
-5.010028988025439
-4.952795653773826
-5.024242191199342
-5.016202378031218
-5.011537507628601
-5.024624627093917
-5.054258461536062
-4.993826482869141
-5.081572012373716
-5.099184444422376
-5.138488653652914
-5.089152247376494
-5.102905573157368
-5.136404106656688
-5.175248352972875
-5.1289122829543565
-5.119335621403993
-5.233196448491196
-5.207482259603754
-5.191871848398046
-5.230038270349419
-5.22896976406452
-5.2206622379318155
-5.195793382219513
-5.299872818057242
-5.322274426017525
-5.287748640395467
-5.286172891538989
-5.263189403663835
-5.367461464677255
-5.312752891377158
-5.256067483777878
-5.38983566679575
-5.343276273398207
-5.325085577811791
-5.419977832318934
-5.413443261431576
-5.412803396268529
-5.419051263665004
-5.452480490799209
-5.490047898953238
-5.365238755719769
-5.40309193779124
-5.4040641708855635
-5.464039624071883
-5.5010407034785995
-5.517983145547544
-5.512618231125427
-5.459609905280352
-5.494616324156956
-5.547645409711507
-5.485208731433519
-5.5769473926870745
-5.475450251983395
-5.550404033362156
-5.493063840187813
-5.591575087502085
-5.608685989605295
-5.590832087543113
-5.609782724075409
-5.580775551881994
-5.657360208055399
-5.646581140898723
-5.652784328181855
-5.7325005325698575
-5.655009688235088
-5.7061164716601205
-5.789998481799578
-5.690802015624325
-5.742916573404059
-5.692589002282964
-5.724837177282321
-5.6949263472124985
-5.736099200021588
-5.7635161663106365
-5.795421267040564
-5.733037629041281
-5.79379892668026
-5.799432334846599
-5.749202231084958
-5.9001076618634585
-5.741936416411671
-5.879897753049576
-5.73550397618482
-5.865058496096616
-5.829237700715968
-5.883711225040686
-5.882242907371638
-5.859805667178499
-5.876071411261872
-5.92514200838986
-5.855548666207589
-5.884062598954765
-5.996433617560319
-5.919876372612602
-5.9429922437497344
-5.915918488125443
-5.970323434990593
-6.006199701536186
-5.974550885582274
-5.915968691784928
-5.9512961928495365
-5.981915070958542
-6.064047042960936
-5.9339336058898615
-6.007715496283997
-6.072206828063619
-6.010797535028871
-6.009743844692564
-6.01877530470809
-6.06691534926833
-6.0004123381598715
-6.0596029996189715
-6.045501335474828
-5.99423452981333
-6.165945189446301
-6.107207685171332
-6.1614728070691385
-6.096884973174223
-6.021076286979494
-6.108293956494133
-6.101122881408175
-6.09597268519218
-6.184010188426092
-6.1878242635010565
-6.137224244138682
-6.134435350989096
-6.1884900135505445
-6.243482549732786
-6.091078539769182
-6.234974012436364
-6.2084092905419
-6.148821484547538
-6.214918674782886
-6.215501859897888
-6.255701047660538
-6.194172078888984
-6.2658481580253085
-6.1349639552699715
-6.219867129399569
-6.257818127732509
-6.208667804364288
-6.251801422138706
-6.211731610560166
-6.234583541394246
-6.199224764045498
-6.312281478655624
-6.1988887568716695
-6.305837497042578
-6.280455786200179
-6.289013038969326
-6.215072400285855
-6.316473517691612
-6.299884977284276
-6.334639741192823
-6.270475200910558
-6.316011389672843
-6.34351661726625
-6.3953988483021025
-6.356082237467216
-6.3638945640504385
-6.456197877662266
-6.412222417336911
-6.426343524875573
-6.3928177084575495
-6.37653318209135
-6.40635284793283
-6.394129381812469
-6.414848693800827
-6.443241451260312
-6.4853713753689455
-6.474918779200974
-6.435272826701116
-6.458215140188779
-6.39333546443619
-6.408655216472366
-6.437928432818866
-6.403749733933253
-6.3866595071016
-6.538209697718667
-6.498109672595423
-6.462541798869106
-6.457851961377769
-6.477941511865062
-6.520827168365267
-6.5620316600897
-6.4071198454779905
-6.616789686544678
-6.457672178612936
-6.551687788737535
-6.590582815458814
-6.5018482837367095
-6.5210088317452914
-6.5678435490656755
-6.538171220069675
-6.534205369035191
-6.621909355070059
-6.53693661927299
-6.529723868620081
-6.51857231529709
-6.545800709678159
-6.459022176021411
-6.555029525552688
-6.608015699420804
-6.57812875319806
-6.545703663207583
-6.683659823676009
-6.565781430885913
-6.5796820720924005
-6.598793754386195
-6.551894280741763
-6.558443772811052
-6.67400319624813
-6.613792538186894
-6.630359566429577
-6.585478278198867
-6.644435367830585
-6.587909044039764
-6.665648326869334
-6.666252848448237
-6.673271365851642
-6.6607517936881635
-6.698184373923664
-6.682933048644661
-6.68121543081709
-6.719846445487871
-6.600684770975423
-6.602034432065534
-6.666719217029597
-6.581578870939726
-6.795613030027855
-6.72165691232963
-6.738924119771102
-6.705372354207123
-6.773535572000404
-6.741704076618423
-6.7132727130779815
-6.708458271511624
-6.755772171757158
-6.739689806110225
-6.748582254646448
-6.766041558995312
-6.708167695023704
-6.745760549109488
-6.746199317992455
-6.65565912690052
-6.776736577922332
-6.793958019039663
-6.822119226737081
-6.815292916227799
-6.77190248126966
-6.811881321342259
-6.780146721716896
-6.835964803427107
-6.784205711789117
-6.809606119061164
-6.831265585287889
-6.800189241255474
-6.787037827547619
-6.831560824846901
-6.850986129110144
-6.880520514601013
-6.818993264458875
-6.839793268833057
-6.845473424540676
-6.8623211360066625
-6.853446683493877
-6.810948230935679
-6.926919649922154
-6.80313730381872
-6.9258664327154795
-6.9012100779615295
-6.8779366095614325
-6.779503269071907
-6.812049511392229
-6.938786289028727
-6.941631339690777
-6.910775924387791
-6.9397662738366535
-6.906794457504404
-6.971218517783638
-6.870730563954949
-6.8391528957967145
-6.817512948419766
-6.970297264812382
-6.91517940566496
-7.002115227318183
-6.888986009021636
-6.870963388588766
-6.979712789123574
-6.894401737542316
-7.042033445915923
-6.873584702843374
-7.0028972622984895
-6.993905606093333
-7.005130474646433
-6.986109063161479
-6.966790020119394
-6.948993411137912
-7.010306654720523
-6.951980015485117
-7.0147986714431925
-6.990659477315147
-6.9857040882855985
-7.007974540734574
-6.87598296323437
-7.060496758331377
-7.165902679017698
-6.957821883628707
-7.03023359178448
-6.886934337567751
-6.980960789848716
-7.048165675278508
-6.9480197153712275
-7.0709467264448636
-6.998899447663928
-7.0232725208522915
-6.995302418916808
-7.0645940918008465
-7.029222906169483
-6.990659037744101
-7.0553302815466346
-7.072186536679481
-7.064545817575994
-7.032235550398451
-7.053899081279518
-7.024559858679668
-7.060812100930495
-7.063028638488044
-7.097127696237407
-7.039534338213041
-7.047809494736298
-7.112954491211068
-7.104483254756005
-7.091122641427119
-7.061924028153256
-7.126253473787898
-7.129909782088376
-7.135664884482998
-7.0598008073245255
-7.091143236816848
-7.1484082655421695
-7.0496848475019185
-7.156307380053613
-7.097485808364202
-7.0878102503671405
-7.016255653092438
-7.138750233207834
-7.088046738256162
-7.140423493648239
-7.079129092320503
-7.183879608690891
-7.168023281941569
-7.098162619539558
-7.1860052757709525
-7.089631321179735
-7.155889034463569
-7.225874767008486
-7.141036143091928
-7.178920194214488
-7.157427783676872
-7.210948531863697
-7.12794553824387
-7.180844892739235
-7.222179925467178
-7.182138531641325
-7.217729449249143
-7.250567302028097
-7.1997622809068735
-7.132801762920323
-7.1703154135126175
-7.134298668095856
-7.151354304974873
-7.208427587523822
-7.169821412928619
-7.226932237282238
-7.117567840688054
-7.158491504122053
-7.260188532986624
-7.101741627285347
-7.2070907649939855
-7.193452170449406
-7.291044812183587
-7.251101835477717
-7.154414283488599
-7.256144184445408
-7.194087410552702
-7.239794554055497
-7.139234388435007
-7.210148031111841
-7.350694533877917
-7.2118862724666215
-7.218149939949247
-7.210545558063152
-7.216109449656163
-7.284580907793636
-7.292868501327366
-7.207586437765791
-7.280132147019869
-7.252966595164961
-7.322165251767808
-7.224859366114834
-7.377069511578447
-7.249691890301631
-7.312542854161325
-7.317527942101515
-7.300224292101365
-7.371533648550532
-7.299611341119783
-7.288377976454668
-7.305165178937371
-7.32308872291229
-7.246364381593544
-7.237605291878314
-7.215032286250332
-7.354345307556099
-7.308112659992645
-7.293322509399111
-7.284564981316862
-7.3192430671350195
-7.3713540602845855
-7.164612734084914
-7.2942078476731105
-7.4156541841249055
-7.281383652803227
-7.276255681623275
-7.400459316114743
-7.267069085394384
-7.281822621754696
-7.3608986991764205
-7.370604534081048
-7.356346385716647
-7.378196106094238
-7.41011063053017
-7.3308013774829535
-7.454531754818428
-7.41496215406322
-7.301574374460933
-7.412473497252624
-7.381407219643595
-7.351962557889954
-7.394101218554596
-7.426358489050111
-7.420032802111715
-7.374801802151414
-7.307298150772103
-7.334732175816722
-7.368856110132993
-7.355363183370741
-7.405187088952204
-7.393037025581761
-7.32130339119764
-7.397624647465948
-7.364809525592943
-7.387113680829121
-7.339637054856938
-7.393900755977519
-7.4601210295274205
-7.420160872193896
-7.4071511857092
-7.377416451565302
-7.403133462900823
-7.402316893986917
-7.422279684433542
-7.373935637014535
-7.42442778465844
-7.412143062545214
-7.382659571423267
-7.4584787711838105
-7.476215846099885
-7.427396047890911
-7.418201036557786
-7.475373605932605
-7.465257588392465
-7.4433999711059435
-7.452751223188567
-7.454655624910934
-7.431440070341177
-7.345259452444461
-7.39596491802957
-7.349005244241932
-7.507653449854229
-7.497020323119776
-7.504418501397964
-7.47856717418879
-7.486570314062937
-7.436467298254297
-7.469624511768626
-7.4264824350285625
-7.480561513385098
-7.4558806542892775
-7.530920662765507
-7.37864465117433
-7.546523752536976
-7.500332470875076
-7.443440007308645
-7.404321343197281
-7.479637060214208
-7.499897822185919
-7.445185313389631
-7.4154105904874035
-7.546267352886528
-7.543507913792857
-7.448175417534959
-7.550366902334277
-7.516888232702631
-7.538254300281217
-7.439201822664393
-7.47091285418097
-7.484351529916994
-7.479476995639438
-7.533865406956146
-7.540937466499627
-7.5600488695702115
-7.579112210062289
-7.485699671386698
-7.585925631770552
-7.532535712849754
-7.59529431500567
-7.492281067637896
-7.569797770971634
-7.5336088353920205
-7.573588120391247
-7.420303088652999
-7.542055183271984
-7.494606160929021
-7.63712540063895
-7.576152933191434
-7.547899176045241
-7.524721459557014
-7.541764284715342
-7.5622476822545295
-7.538491869404446
-7.525920025471629
-7.588305275370672
-7.578117353708994
-7.52859072207985
-7.542819976622733
-7.610444561817279
-7.47406394264213
-7.532924271686243
-7.517411676062647
-7.533978509853603
-7.610349446291867
-7.50285682400655
-7.569733261266902
-7.514339918315004
-7.507944023561251
-7.63691709372929
-7.651278252418405
-7.573193135279837
-7.606256855606159
-7.666084837669432
-7.621500991175999
-7.603751214927009
-7.614025621200925
-7.570841586870191
-7.5895339602865795
-7.659851126884753
-7.571188983159903
-7.6925604502484095
-7.568372537178928
-7.649768928616442
-7.573433172135935
-7.628654186884603
-7.654471300691222
-7.618014141406374
-7.620962102382833
-7.6704538750827185
-7.62671753038343
-7.61071144238333
-7.606692723481732
-7.621057865746508
-7.629146869841283
-7.691181532122977
-7.661402098938762
-7.576685364843431
-7.665750458630507
-7.639265558853481
-7.686204467134022
-7.72839838228802
-7.6689137862542145
-7.596420887835314
-7.612528846973134
-7.757631008159162
-7.615965622379015
-7.682072693341715
-7.637341324530945
-7.66881754430185
-7.62506753690625
-7.706641545899635
-7.654995243502514
-7.665883211793298
-7.809898364691813
-7.617374417632579
-7.638321611805033
-7.67434320581015
-7.584579939925167
-7.628668277324194
-7.670601383380512
-7.739799728127662
-7.693070675568842
-7.693057461898802
-7.646862294047306
-7.7277433433064
-7.648351347141336
-7.710587806629608
-7.645938003839463
-7.709567579399213
-7.714654323952303
-7.738056056953768
-7.7090753489435135
-7.591643367504466
-7.638498106162828
-7.628210344246558
-7.698118584706781
-7.763709894816198
-7.656530698275365
-7.669091819100261
-7.675664133326279
-7.721299173147123
-7.710731185942902
-7.73724244172839
-7.7827872170459536
-7.6927530481333335
-7.633711079475024
-7.672435096879122
-7.761693870719599
-7.652451190996141
-7.700695171319653
-7.748817651154565
-7.737553376289646
-7.756659339656263
-7.695326443759109
-7.725125164913838
-7.7395780147281545
-7.776111127713202
-7.706939974836034
-7.762716444155841
-7.7351813919107375
-7.764059431099736
-7.798841621002518
-7.731889952573237
-7.752937177623138
-7.8493267183936695
-7.696201221424099
-7.738189706514681
-7.740711912330339
-7.7123533884600555
-7.8282643549494555
-7.764516623997533
-7.793365557768539
-7.806275454646869
-7.802983046117195
-7.749687044923414
-7.820772229929037
-7.745061030452843
-7.782213074470905
-7.766360599613965
-7.651608745273487
-7.767460335652337
-7.771640272950828
-7.742595771272445
-7.751136524672901
-7.850068591365228
-7.754361371721062
-7.824709943264121
-7.653039735153969
-7.7785929092720885
-7.771522274598077
-7.789995905918099
-7.882271512761107
-7.818051724837661
-7.71940275109115
-7.8019473480318915
-7.744271688038554
-7.7504958616748345
-7.862087370420156
-7.780065168788251
-7.841030182748099
-7.884490986813214
-7.7612388008787825
-7.78151493881516
-7.890172672324529
-7.901334918084292
-7.8585055260786465
-7.903865981019071
-7.936997044437949
-7.863967920317034
-7.802569637589375
-7.792407076123443
-7.695668254505752
-7.750668743307819
-7.813349507009521
-7.818856124844716
-7.83173903162176
-7.849919435457699
-7.815887452126787
-7.894486816235468
-7.834481287681003
-7.714740159772065
-7.842361304174069
-7.854568946083153
-7.813187644581308
-7.834457024028514
-7.9275571206363
-7.853890417419646
-7.850870893767475
-7.881658540568596
-7.771453088513991
-7.845365727303474
-7.810877330851167
-7.744980056594042
-7.855835801775156
-7.84880556815207
-7.921391871094984
-7.863118403700593
-7.83737274264268
-7.963088029648137
-7.849183752299128
-7.9220741396009835
-7.890825536813383
-7.823004533414803
-7.844420734792941
-7.809894521778671
-7.902592486245573
-7.802371078708465
-7.814334946396625
-7.821786371426068
-7.8340610542165425
-7.938407050011886
-7.833554930697119
-7.865046900629851
-7.757508041380818
-7.836577522941273
-7.878558110903089
-7.8997233138338805
-7.87463532909643
-7.912345123571761
-7.88567495240155
-7.840594246662825
-7.909440586481832
-7.988894541707656
-7.870113850756025
-7.8424417536453745
-7.862651949205814
-7.852910316884493
-7.779075222530679
-7.884827149659462
-7.879708792599515
-7.970275105190815
-7.901624057818083
-7.95053835957037
-7.884650084713082
-7.856416406077447
-7.886348082012734
-7.891364694267056
-7.921488978227675
-7.83754104574594
-8.01173521111459
-7.954321898881329
-7.922972738217071
-7.967442567725877
-7.95309057461235
-7.9114979116476505
-7.905318611423836
-7.858873144102441
-7.920058042711069
-7.998999595697227
-7.9266682161791255
-7.862773083508614
-7.925665033274256
-7.947357319494296
-7.918681496194331
-7.980048572557713
-7.973124914761894
-7.936260610457388
-7.919229041563738
-7.900368495339123
-7.954671576885385
-7.833179316599384
-7.91095165646175
-7.9070635538525496
-7.932066596036811
-8.024135635432406
-7.972484759164385
-7.925133317775307
-7.951175706781825
-7.955757439618758
-7.927727265722812
-7.987487683786284
-8.031671625884028
-7.964551422142851
-7.940021300601349
-7.9021472902689
-7.920025967576405
-7.964416839796283
-8.016568416835764
-7.990911418730817
-7.975232316537005
-8.030212677646766
-7.967851184279758
-8.043982000408654
-8.000444927301391
-7.98721263391994
-7.918783221695533
-7.997872492124478
-7.959896473208142
-8.008322092349486
-8.041159897874243
-7.996026514008552
-7.952920310191065
-7.928270694108683
-7.981313966436763
-8.01827354101898
-7.894755520556524
-7.976074465728813
-7.917893076263176
-7.937915052617678
-7.9463250906121194
-8.017025261343568
-8.049359053568045
-7.968181266524638
-8.032930387510707
-7.979404233693884
-7.935761988021828
-8.078152027296206
-8.078842042197223
-8.000973247710021
-7.887430785701946
-7.992272760422944
-8.042168089135997
-7.945091900746473
-8.019680019697903
-8.025618160806339
-7.937236753703698
-8.051317075683452
-8.030781058617983
-8.045104146009804
-7.968166741576184
-7.936198997870226
-7.9803605486226035
-7.972979956643489
-7.962924997346228
-8.071052233361156
-7.962164975160963
-8.09011181289949
-8.018896806119344
-8.080559534232505
-8.069553416037008
-7.980884398937995
-8.041089761697473
-8.02454751162377
-8.023383039728923
-7.908289929373097
-8.010982219604356
-7.96509929365128
-8.054163288806626
-8.060364248338102
-7.980891228406964
-8.093316633732913
-8.029858596226475
-8.022767131082714
-8.028997902740931
-8.060029178068325
-8.055672577412034
-8.00050242656686
-7.933834638592519
-8.107941896168825
-8.080343400222288
-8.022334225978637
-7.948284185350286
-7.997449039346819
-8.107634425679237
-8.019933254836724
-8.04922751152156
-8.030585501021779
-8.03934846234202
-8.093285101158695
-8.148916037963685
-8.091361160072628
-7.95311818130207
-8.05689711881144
-7.9951838640780615
-8.10294766044839
-8.158613306115768
-7.968110145901225
-8.05112193119657
-8.088742431030472
-8.002189874567177
-8.112443697301442
-8.103483646321083
-7.980502074128886
-8.136168424607124
-8.099400182047662
-8.092922193320666
-8.122932424927125
-8.038579771571031
-8.071688602786095
-8.134590451328082
-8.038888315665877
-8.135133233238529
-8.119780007030863
-8.160651702272302
-8.03977666268126
-8.098322349891884
-8.027504168724631
-8.117589830901437
-8.132626275862703
-8.1137105649952
-7.978591108496854
-8.086482002241224
-8.094437176704819
-8.127767963195437
-8.107825207801394
-8.0799797602062
-8.13759362073972
-8.130355607141547
-8.142694116263778
-8.121888220291728
-8.07288922461045
-8.245096766998039
-8.105487189912436
-8.09518381740057
-8.14445583537401
-8.040035961292908
-8.078494333605382
-8.098189434077222
-8.178765580968788
-8.073675112511314
-8.025190498899631
-8.051826500172753
-8.100136359976851
-8.071348315438254
-8.245527623119907
-8.07634585929585
-8.026768063796462
-8.103750882074241
-8.097868805459397
-8.1830341619354
-8.120672413272338
-8.076816972256252
-8.032701034968557
-8.118765286113577
-8.003931516690043
-8.11366094578605
-8.123973124237306
-8.184285545936815
-8.23135672018748
-8.098289014659072
-8.187634126102264
-8.234452091303044
-8.15480223130029
-8.167605245686088
-8.050299751845818
-8.079742985182495
-8.200623339314244
-8.198942292832077
-8.160186329752548
-8.058013363242617
-8.116931098029157
-8.182373496748648
-8.178146964627155
-8.06358924920412
-8.158116307088505
-8.090882952266142
-8.247020923531812
-8.119837195629664
-8.088208910407594
-8.137493068044437
-8.238099154064015
-8.275462238489776
-8.14101759198657
-8.227116328141898
-8.142253563327605
-8.122634913513778
-8.110330267714266
-8.248557566286586
-8.168837383532058
-8.162133908605226
-8.166134911192666
-8.207656924314817
-8.19053171422159
-8.240519124131636
-8.204581336846024
-8.134672629687234
-8.223672764205665
-8.179651995923038
-8.23299239097787
-8.272403417464707
-8.209442570855634
-8.196599764452145
-8.182494389002429
-8.071620305268851
-8.223379980285458
-8.249448145254034
-8.254262325037066
-8.223442851616614
-8.22477607361373
-8.203740032893684
-8.175753953314477
-8.241928645957051
-8.175695671827265
-8.196671768144126
-8.178867804086764
-8.302378093601751
-8.230910195544261
-8.218401232893672
-8.242404219826282
-8.177699654293873
-8.14784488189636
-8.151757601347677
-8.142818457925722
-8.252824708748152
-8.144387865418228
-8.169598485414603
-8.206874537914134
-8.179498881244555
-8.250918831578524
-8.231196284004904
-8.245291947240284
-8.280795055671293
-8.236448186491339
-8.117152691163835
-8.198202026362742
-8.221117424290183
-8.049878392802318
-8.192173541697581
-8.181828678129248
-8.250836127478584
-8.259724230138014
-8.177230526377974
-8.1836764191553
-8.226043133099578
-8.116831030638386
-8.192531156020426
-8.271402161622877
-8.127203556272859
-8.227623036932927
-8.285233347192895
-8.141670186705126
-8.18874839107981
-8.207699785437214
-8.176624602448436
-8.180341497066873
-8.226755397467798
-8.281839875567572
-8.20903938960088
-8.20123841861891
-8.17798060306326
-8.207965905037453
-8.26632033981866
-8.226741236977466
-8.223620703401107
-8.234807417947552
-8.240656922707103
-8.325955416142197
-8.120451588079582
-8.257680778063117
-8.32576664954316
-8.25550294663962
-8.293647824759068
-8.311283848502171
-8.191322834266341
-8.219506785047916
-8.294183425515703
-8.226257338549997
-8.178201960120246
-8.253030631858536
-8.247500374088025
-8.25272260082519
-8.216223792992764
-8.295771357376688
-8.24213906828114
-8.351350328704788
-8.261303407158286
-8.227991337387941
-8.25470282163082
-8.310739945687045
-8.212386937609425
-8.358128417427572
-8.202836787460294
-8.25951132156075
-8.330091176575648
-8.251913351356707
-8.274706690526207
-8.27631258764919
-8.24551370963202
-8.18577327536574
-8.177884380017083
-8.206857503622478
-8.302202313861326
-8.280698510832398
-8.29025193623921
-8.333599067234024
-8.301976115656574
-8.260882493448149
-8.259747121815659
-8.224895881950138
-8.296332887171912
-8.344684218088949
-8.245356778838419
-8.352138814950896
-8.286552728518819
-8.291924574560994
-8.233537512574065
-8.33657738881098
-8.28906689691375
-8.277010276738437
-8.301764946570513
-8.310455844986066
-8.233527728844264
-8.229541162221295
-8.31192978330797
-8.320644431831681
-8.237111620075536
-8.275402085388578
-8.288333657052865
-8.333019862151597
-8.299460709646132
-8.204568049510208
-8.298891979549717
-8.307193918792471
-8.267219892049104
-8.22746090493029
-8.28205486713191
-8.309015548910223
-8.30049920904718
-8.261851692631142
-8.366486007802894
-8.326185412130064
-8.316766579874761
-8.177455654990233
-8.273472240174765
-8.321429760562678
-8.311944016618941
-8.25143613539
-8.26061523878804
-8.348406566380456
-8.393808672441514
-8.324023313134864
-8.27688433017421
-8.318957108235054
-8.295940006364381
-8.33503443374306
-8.276550818557803
-8.360127475409671
-8.363030913688787
-8.3166402357743
-8.281453919521999
-8.338389518713099
-8.286861168202066
-8.33353520051558
-8.338341319998714
-8.30049466108233
-8.306024300299178
-8.283689904469771
-8.370705548294124
-8.236167475338709
-8.296290813119453
-8.400741956744199
-8.34623197858883
-8.299105644754933
-8.275654273363159
-8.402089723775461
-8.24816702882871
-8.365107538411323
-8.265624366274496
-8.398536234229715
-8.37015931402736
-8.353458918652388
-8.386636100297865
-8.428365033548998
-8.393927784840153
-8.447065071962376
-8.400580518681924
-8.372088213812873
-8.245372022696746
-8.284302207795731
-8.39174052213378
-8.413527176457821
-8.359068837533512
-8.48329046698402
-8.291386775975171
-8.387547742657686
-8.36310502627684
-8.357003137696092
-8.457968899952895
-8.279314219434566
-8.425495622130903
-8.383933355588349
-8.37037645568945
-8.313699518315305
-8.389618565897308
-8.334877537976324
-8.183722558394392
-8.30456606930297
-8.37046373722783
-8.367789184224755
-8.315110697128269
-8.30208136857436
-8.389749491098183
-8.37567587974798
-8.446651093825643
-8.395234894170011
-8.367876151770341
-8.3041508531556
-8.281218216334734
-8.371603729020725
-8.397763921761614
-8.403834375244505
-8.376764067614754
-8.44451617192029
-8.381902874532505
-8.381072277476372
-8.398606630180815
-8.344140825356023
-8.470828469731696
-8.383822230691317
-8.402626903408553
-8.366896862986998
-8.37075574420793
-8.399766975030984
-8.3688554915268
-8.428340688506232
-8.414815727233492
-8.384472133382685
-8.364417889950502
-8.327031003350573
-8.318513655971463
-8.322185886067274
-8.424680751314883
-8.451658846835532
-8.417846304685204
-8.400734337540545
-8.324260075348466
-8.36755001284944
-8.499074800414462
-8.270404611330397
-8.468829570592247
-8.347694567913578
-8.370195188574781
-8.373859731964307
-8.358165592008822
-8.536840744939575
-8.406574523044176
-8.461888130946928
-8.408889630842385
-8.42538798200388
-8.407079927956435
-8.499449029322696
-8.38309386277849
-8.41511705539538
-8.318433273036776
-8.487768687816638
-8.424644255540477
-8.3827768085765
-8.395883100816047
-8.445596246139674
-8.4374592783089
-8.403065724556617
-8.46415148771375
-8.462533542421
-8.36319874168981
-8.453250957756842
-8.363880081954198
-8.363784054723764
-8.358905879149473
-8.390556899303512
-8.416989114453848
-8.459744999766539
-8.346226268065386
-8.360828740737473
-8.392598033377658
-8.466616546280163
-8.41761762826456
-8.426663206466818
-8.449012397088614
-8.40925027640746
-8.34285539769366
-8.387965881158971
-8.40267465764544
-8.424999311236268
-8.435558054887762
-8.465095433578112
-8.369007951585578
-8.352386679587829
-8.390961280379406
-8.380352473117563
-8.40460360726066
-8.380221625454809
-8.464227218992681
-8.418426895529874
-8.36849225433236
-8.378578420048795
-8.386123411722034
-8.463943370368488
-8.39857143550139
-8.466362351324925
-8.372834477111073
-8.357033015689284
-8.406252147444356
-8.322420604303934
-8.446083251064474
-8.443852396655023
-8.454804232797493
-8.383109778194754
-8.401029421063386
-8.424901003345267
-8.375944627048417
-8.38867156568383
-8.390910244100802
-8.4624157263047
-8.354162529948836
-8.393543773885447
-8.358486564648757
-8.377391280138951
-8.320979230270725
-8.477469459644231
-8.318865317508955
-8.412573176947426
-8.481643898076241
-8.414928728170706
-8.466463963305303
-8.37214607229226
-8.441773502132301
-8.43832412223066
-8.398028284901882
-8.42136726392582
-8.477947121194545
-8.39162643064052
-8.427420534585828
-8.472248759610116
-8.422522734342065
-8.470574364591078
-8.444224949628664
-8.429187441569548
-8.394216210350876
-8.51337379561966
-8.41841528594387
-8.414296832236188
-8.363992042476642
-8.480627034073626
-8.481681826815903
-8.375702368292773
-8.40502340105273
-8.453785670225415
-8.461297251617058
-8.446732188448243
-8.51747808348868
-8.367829285872402
-8.382288737904977
-8.500067906733022
-8.422188097943634
-8.414512974178654
-8.442768086572142
-8.406804060300658
-8.431193359568306
-8.478613596829614
-8.333114365012682
-8.470572475533471
-8.403030555893402
-8.483153689517366
-8.460943131683594
-8.349832902365618
-8.47941256015547
-8.429392014395644
-8.385458316341744
-8.463705487067704
-8.426972186693561
-8.469766393410895
-8.560074460369234
-8.482541526900663
-8.415872184511457
-8.573391766548099
-8.460251429446348
-8.33041389446137
-8.398728911505485
-8.534254025191286
-8.463013163033379
-8.420266295921857
-8.5366412564228
-8.541450518998737
-8.48017370431223
-8.512895934451539
-8.44666574256508
-8.482025592462668
-8.436736819458647
-8.498987540021522
-8.459413567670609
-8.482725130914757
-8.479745810920889
-8.518668162020731
-8.398875687016885
-8.484896156256037
-8.484558685982496
-8.45942112465444
-8.490839670019303
-8.410439137527675
-8.440831500178772
-8.543855066015185
-8.506942830797913
-8.466813252562293
-8.511033374700517
-8.511397790032365
-8.509273933520054
-8.453559065663596
-8.573072231668986
-8.47796197921267
-8.426515103352985
-8.487396073689252
-8.545972905354027
-8.517523642501315
-8.473443994754978
-8.490067598774926
-8.517621239842558
-8.480725578087965
-8.437513859465497
-8.560539150950811
-8.45366929302001
-8.419794522589916
-8.484213176842431
-8.549611683876963
-8.47958041140751
-8.45223094313006
-8.509240439853654
-8.533474997306458
-8.387046643123055
-8.521762022800132
-8.410359482123765
-8.374348083668087
-8.575932868630204
-8.474225058400828
-8.541137103689257
-8.562607927194497
-8.446844988758567
-8.439299530338591
-8.571104351694823
-8.464003984510606
-8.59343668599166
-8.56931433003513
-8.541554152836847
-8.498637214491122
-8.4435698473706
-8.466772040372213
-8.555838648094772
-8.534206026680012
-8.486728832933858
-8.45436009888998
-8.562627632600634
-8.42247141214681
-8.613859947026926
-8.415979790998739
-8.438006386737662
-8.428825600432749
-8.465145068843563
-8.476102786409418
-8.544249698588018
-8.453721318827071
-8.508500850384387
-8.43263722545883
-8.49120401884537
-8.563489921189703
-8.562440737977724
-8.498089933375285
-8.455362422759869
-8.545380293384893
-8.590687696058193
-8.52913150799295
-8.53445603226762
-8.560241108195857
-8.53159972864319
-8.515248382918415
-8.52931222491446
-8.435018687644769
-8.498826903651459
-8.606279271546944
-8.545801547804938
-8.458755337524273
-8.46273209928721
-8.502883546067586
-8.398481175518404
-8.524273237405204
-8.599598491311784
-8.591842711022974
-8.489474731427197
-8.471267065640758
-8.594165740483767
-8.58870712122089
-8.510361014168117
-8.487678105240056
-8.444088018224937
-8.48491715058393
-8.580502382062127
-8.493219928392104
-8.492411133042664
-8.578125738089
-8.53391798625582
-8.617734503656395
-8.538542559578516
-8.547382916761762
-8.634097092866496
-8.541876646232168
-8.543494128497105
-8.502327503986837
-8.57552766424006
-8.57391927000718
-8.504009708211695
-8.465481188654163
-8.526155468307087
-8.538241987861351
-8.56000222304468
-8.477173566318427
-8.52403571334366
-8.461710744290581
-8.509338369877815
-8.572253538383704
-8.598073744954128
-8.509065973881977
-8.429032355012698
-8.541628725431627
-8.578445698203637
-8.558362301449959
-8.513885337617129
-8.448868703697324
-8.512873552331055
-8.582112240427193
-8.480098387762002
-8.546813913062948
-8.499552601279303
-8.57271141093431
-8.427543972400068
-8.571659037494111
-8.593440895530764
-8.55180556750824
-8.517210387596817
-8.519955175004661
-8.606280421201953
-8.57631902438835
-8.485147719063612
-8.66436142735437
-8.623504819918498
-8.482208850270915
-8.643184556837456
-8.633211156900748
-8.537140209630673
-8.596251361861967
-8.571184243608732
-8.546463282558083
-8.519079010128447
-8.506177082940553
-8.509752222631661
-8.53832048384754
-8.472094984620952
-8.509705128640826
-8.644223597868915
-8.509573354179848
-8.4766820013921
-8.528820952527276
-8.494621299940539
-8.493233240715668
-8.52874220857642
-8.532236032436643
-8.470581673628335
-8.58427779390506
-8.58794314008649
-8.63431640470387
-8.578022379839323
-8.605444915921423
-8.62875471997336
-8.564114873463305
-8.55498911816365
-8.507310628223008
-8.565534006893929
-8.6232500709822
-8.56989919290137
-8.544911547333646
-8.573829851020806
-8.616550699979324
-8.602072206820518
-8.572758683440584
-8.58497799445975
-8.582242121520585
-8.586453488950275
-8.576065030514123
-8.52234493461072
-8.58367456884515
-8.536047469326496
-8.563203306613351
-8.649845221585862
-8.493276573326812
-8.502308083663593
-8.620501331563414
-8.65863121256571
-8.642762473249695
-8.508058099546375
-8.486371189576152
-8.537879101260195
-8.6628480364419
-8.542615859725824
-8.635759927447983
-8.611418169418544
-8.511365254916786
-8.53459635855443
-8.552653955890355
-8.505421518682187
-8.522391014498465
-8.60520463477189
-8.597069907094594
-8.643168846175792
-8.61057151811606
-8.610575124562
-8.532044100878766
-8.586944446701569
-8.588942569325942
-8.508585268416224
-8.558197457695229
-8.571527016018221
-8.690175872948673
-8.535803077203935
-8.661795798547743
-8.48813384146027
-8.606189808296397
-8.608936044239938
-8.48905745785832
-8.504613334887658
-8.60864382622996
-8.574682218527505
-8.650713506026767
-8.55225975769728
-8.636713127030259
-8.592171441540874
-8.580990894365842
-8.545843905169631
-8.491199700326632
-8.677637781796234
-8.637412781231387
-8.628259368583409
-8.49303945705578
-8.572942502705237
-8.585035929925926
-8.537558479556916
-8.645656644378423
-8.63149003557909
-8.663997047665985
-8.61443028321722
-8.520882285502251
-8.632532058583298
-8.582555568622277
-8.633452867661873
-8.584105892661112
-8.77184366124014
-8.548841416927926
-8.549739739544627
-8.643353530990998
-8.666317178525958
-8.666545226879077
-8.609067560160089
-8.627695866507565
-8.67002729873908
-8.706145299661655
-8.494248184125793
-8.55438324463868
-8.667581170074717
-8.618747505573275
-8.668297470868351
-8.609409302558902
-8.522595112766993
-8.568765049015608
-8.66717790069027
-8.603905137831557
-8.609124470817425
-8.695741093653929
-8.593734152329235
-8.575917550419652
-8.740248599699946
-8.642166576065199
-8.632206664859961
-8.592222203710065
-8.59189272200995
-8.594536344179202
-8.589699382024964
-8.657568845818114
-8.603539923037147
-8.679353382898297
-8.637351024591254
-8.604610082232925
-8.646561299114776
-8.558952795348048
-8.609362145548841
-8.639868341076648
-8.604019233482324
-8.58797038550665
-8.670663541208684
-8.645768221068879
-8.646380463705599
-8.60026282261688
-8.61361684383134
-8.6051188099522
-8.612586631369156
-8.64292056431128
-8.547758312917503
-8.563772761257813
-8.566413694756893
-8.58315412402843
-8.677828596207304
-8.63864676880218
-8.789264804589553
-8.638855796346546
-8.642622116904418
-8.60083733689511
-8.698754442844884
-8.453809791875234
-8.645652502660395
-8.619097375078681
-8.662363022486167
-8.663174526959766
-8.665606215267784
-8.626137295094864
-8.7409594675367
-8.668501015086248
-8.667698833935535
-8.70074313939145
-8.607197005313838
-8.682200499277723
-8.607238709531607
-8.701939968675807
-8.578406279144557
-8.589267585526214
-8.722422539817316
-8.671309953280112
-8.658722072730209
-8.664443456094352
-8.620946376482406
-8.679184496074425
-8.617241245755947
-8.698553261801512
-8.66363952817017
-8.673673713670208
-8.506507046926373
-8.636120411287393
-8.608925828770548
-8.613649735951414
-8.594408604998344
-8.634000469031097
-8.587208803579145
-8.539863603770852
-8.679740049540976
-8.7247339941346
-8.592519400584669
-8.713019509834378
-8.675158232159907
-8.567139454706322
-8.59209832723613
-8.672960643673091
-8.630570736668577
-8.609170814425578
-8.65954303053293
-8.674486654134654
-8.695596858921153
-8.663795554151251
-8.588645855122792
-8.627030059693936
-8.769476662623815
-8.660283399445573
-8.707101645942485
-8.652119081013874
-8.659906353925761
-8.624063598458951
-8.582562047431495
-8.607214949209089
-8.643318279312634
-8.633264654887173
-8.721954458878278
-8.624290131983987
-8.654065787498899
-8.647223802783111
-8.643189016496276
-8.619960887254429
-8.6265940374992
-8.64282421532131
-8.649512390011477
-8.728056302543099
-8.63417620902715
-8.64680171758455
-8.637376506329206
-8.569729133740305
-8.644668413712031
-8.678638711042785
-8.60587321080373
-8.592734038489539
-8.712054929929314
-8.542083580181416
-8.667619704109397
-8.66159508029227
-8.70413228434898
-8.598913135798416
-8.788594573470396
-8.634006432281668
-8.609616751409295
-8.745617492652531
-8.72394944772782
-8.734175462798731
-8.67778496738358
-8.570916882783704
-8.699843211744222
-8.646744095865804
-8.653316005024209
-8.727080943112231
-8.73390291934682
-8.737820030920092
-8.663871950477963
-8.59735017316756
-8.675122698597798
-8.771564957164175
-8.601114865789787
-8.630869860533071
-8.634472090941305
-8.679610512337016
-8.715512020558746
-8.697048593814577
-8.81930572912076
-8.67559069862802
-8.7400515691656
-8.75054201828059
-8.669877787891734
-8.692581048777916
-8.6986867704646
-8.634070568917085
-8.729112850954444
-8.602956533775364
-8.636695172373413
-8.75159418934212
-8.767442381300482
-8.729367543584463
-8.624393171271704
-8.696959182663047
-8.654983133876096
-8.678852694733866
-8.688429486270527
-8.677886098223452
-8.797058891692167
-8.622257002951622
-8.757171935294165
-8.644493618443095
-8.735965316309523
-8.672736070805737
-8.636625349446886
-8.615759452836704
-8.635935802492654
-8.668588146116152
-8.610328236588273
-8.681711074739257
-8.664826509810508
-8.691850635736598
-8.693495123455186
-8.656396785034444
-8.632219205774453
-8.706155330618776
-8.741263038590894
-8.756605322063292
-8.657204316713452
-8.666218395977868
-8.67025780099038
-8.647474897994256
-8.711528717559487
-8.66576967088347
-8.775835085025916
-8.719112974395307
-8.72546185137263
-8.715969625237483
-8.744712358605417
-8.64881408769159
-8.779891053650362
-8.790810266121643
-8.695674809446954
-8.770620580622497
-8.752932887526327
-8.64458265524589
-8.727141440187934
-8.601822972698022
-8.741252906961646
-8.634622109297373
-8.745195072439188
-8.700249522823517
-8.653780457279655
-8.71123252387349
-8.676588286158486
-8.792354156602208
-8.755717265046199
-8.60202520288274
-8.710874036040465
-8.731095321824604
-8.623426056194047
-8.633163985600417
-8.690847775385988
-8.681122618459746
-8.652547939729642
-8.67040036335181
-8.641645337781771
-8.769627216970852
-8.684557579733328
-8.738763582481099
-8.65845182145163
-8.820911789346455
-8.707995194977313
-8.728758422405546
-8.720613610174597
-8.69001788584264
-8.682531834430282
-8.779006906104442
-8.717559763237785
-8.730706151422547
-8.730711800064993
-8.74655850408851
-8.760492571458656
-8.835840048817376
-8.72797553957306
-8.77474065908997
-8.686130521113718
-8.757083347407658
-8.686679378640731
-8.686731632796546
-8.713201523940969
-8.7298301311983
-8.762130148074334
-8.70069968851726
-8.687583167533665
-8.724057520121125
-8.763247472054244
-8.66636929765575
-8.771238374397507
-8.78718969720139
-8.7586916326542
-8.722174245401591
-8.744861743724249
-8.781115149736781
-8.690997554695892
-8.680506849125628
-8.691979880437179
-8.702576752169298
-8.725218681351194
-8.704120824776592
-8.778309787078697
-8.694182503200595
-8.718469461149454
-8.700614332077112
-8.750343381032023
-8.750266415566584
-8.70253674854369
-8.736708086745272
-8.75456893271278
-8.681593576151155
-8.707669443839384
-8.709061139949563
-8.681906052698011
-8.665515223129123
-8.686677445675908
-8.728540050512072
-8.685243667660329
-8.76474585147939
-8.744130824817887
-8.75580515153177
-8.794188913546746
-8.78361404813568
-8.739075136807307
-8.67524214307675
-8.847191373085321
-8.736906264406901
-8.801707956663959
-8.710476061554449
-8.842799723386346
-8.792842904952563
-8.623577689162456
-8.71054972816166
-8.727741715427756
-8.716957066186758
-8.824191448900375
-8.801368688454591
-8.761287925476037
-8.791791964682297
-8.759732665980799
-8.776703543890354
-8.675029558472625
-8.795938059629535
-8.781829853272908
-8.773401158270499
-8.791506806320575
-8.732314870736815
-8.679685054231259
-8.800182259345718
-8.701435230135894
-8.81687633565945
-8.764983488300846
-8.859032623886621
-8.848450994784113
-8.829212288575327
-8.79160306944574
-8.780280340516166
-8.736508894691468
-8.701436763231397
-8.697912847499635
-8.704462856824504
-8.823525125219021
-8.857387637085354
-8.796143575638771
-8.806567897392508
-8.761026445707115
-8.740887369028753
-8.783064108042419
-8.845159874023832
-8.757038392346614
-8.677199026199297
-8.808759650129145
-8.815868577079433
-8.813846777216623
-8.703889339143547
-8.73683115950974
-8.774344410781657
-8.731667296097632
-8.758545675717356
-8.71532240660509
-8.765082462267166
-8.735510603408992
-8.831885506682658
-8.703724752296413
-8.748795340702644
-8.705734628226468
-8.755082220245669
-8.818802321034207
-8.880346856134182
-8.855065761192845
-8.765729849522353
-8.70146914945894
-8.744542624317416
-8.758306951507935
-8.775916399898778
-8.87328752167065
-8.78011065345361
-8.828242161095877
-8.809956428368814
-8.805433900143054
-8.718660378565067
-8.73410430974472
-8.762833297678496
-8.719573582170483
-8.710528805221127
-8.685409949796565
-8.68433715814853
-8.730422592318828
-8.853212817329482
-8.825637651812556
-8.810563135706603
-8.760923076780145
-8.805175523960203
-8.84211894351808
-8.734461270526156
-8.75709059378274
-8.796641114408784
-8.803219712876677
-8.776685789357455
-8.749148307463367
-8.773005072301153
-8.753382049803674
-8.831383578439832
-8.825649102323224
-8.724329040901859
-8.749449863358448
-8.798636945141437
-8.837304167208314
-8.77364515997407
-8.80421158896487
-8.7479663324167
-8.892041663801562
-8.790434925047052
-8.850651477924124
-8.792995761957854
-8.814585425890142
-8.831185140467937
-8.75706767302786
-8.808479841557935
-8.852844055534566
-8.95058830463302
-8.842457409580362
-8.85065215495359
-8.829151295054883
-8.815016715897386
-8.765141370589319
-8.751828112770289
-8.782642334490207
-8.831319044940951
-8.797677994718153
-8.832590983560085
-8.69555560144468
-8.823752412343365
-8.805682758697651
-8.747095686081925
-8.748458385557015
-8.744168587215002
-8.846268882348935
-8.82403997230432
-8.807492701770562
-8.810101402589178
-8.830920679910312
-8.807227781012761
-8.88869009327337
-8.764884284259114
-8.850060060988474
-8.758617606548588
-8.834993052625196
-8.92087356263263
-8.939584762371345
-8.865835898762674
-8.769855474366016
-8.785552916884376
-8.876906948766456
-8.87470213318722
-8.845270910870079
-8.7782763738331
-8.794192229059515
-8.739366417694184
-8.82693617427306
-8.749816437887313
-8.859882005424444
-8.820132757376598
-8.86449678507128
-8.774155791253667
-8.809984013960625
-8.877188913678621
-8.802963197074721
-8.87919344104687
-8.889131580852737
-8.867488421480914
-8.814603247227103
-8.93618063096849
-8.940602647309431
-8.831832943275485
-8.910753773837659
-8.756512333799076
-8.889515069756225
-8.862844998789877
-8.878951265634004
-8.859016610593237
-8.822965288490868
-8.717345674546518
-8.786923473639467
-8.856269899254546
-8.814603739894247
-8.846675146112622
-8.835906706829949
-8.913115469551219
-8.88055777883106
-8.886727103069285
-8.791608629392814
-8.785419625519003
-8.88086791555428
-8.809982563945445
-8.92804218896956
-8.854370986090478
-8.787717387084054
-8.885670444351488
-8.81969110601567
-8.910031816462974
-8.834267658044263
-8.830518461295503
-8.801080766994389
-8.75934542517673
-8.856772933456917
-8.81296199082272
-8.80397528396519
-8.852675007036757
-8.842994018439006
-8.849090678575697
-8.848329258509663
-8.868095395323706
-8.803713308304651
-8.805784075765757
-8.79778568637966
-8.840363759032654
-8.803047177728418
-8.8813696291048
-8.8989427441675
-8.86572944961718
-8.86144954149799
-8.81911460024401
-8.894667167615415
-8.927998610042584
-8.86873839179076
-8.863907423073469
-8.80201218439384
-8.771360771336445
-9.016900349188093
-8.86798450666387
-8.827138585047532
-8.825681254697015
-8.98589183388501
-8.905092132509992
-8.896517408450567
-8.827894669819647
-8.813097492762902
-8.864854376880984
-8.759649704243808
-8.865852345906665
-8.807201787102645
-8.834279789646095
-8.860160246614454
-8.88567325599367
-8.828503328187464
-8.913776428919403
-8.804192761049437
-8.847004806735168
-8.886880630998808
-8.89266807308897
-8.791485297781382
-8.878068620042425
-8.788989168523035
-8.909667052017667
-8.906344018785253
-8.925206718608804
-8.922364180662994
-8.93512677720025
-8.86277254610251
-8.960511097604885
-8.850731222332533
-8.819458302994127
-8.79575444017276
-8.963200830164958
-8.900117997591288
-8.797239383646753
-8.870716849021173
-8.946113439155708
-9.026090338266691
-8.889622840233711
-8.886391345091246
-8.81902868578901
-8.808669697199285
-8.948196291127145
-8.879992559714411
-8.833182900437905
-8.844385528671253
-8.877932016368872
-8.837530227426562
-8.965082623880935
-8.831722338036315
-8.91559435346807
-8.80086257986166
-8.886059603090118
-8.864414272213878
-8.834370361755958
-8.881358711915858
-8.892295551050113
-8.928495228876988
-8.916212533446524
-8.98219621204903
-8.981696411778914
-8.918011919564039
-8.851767822534837
-8.932077781845797
-8.982129448893609
-8.95800211112955
-8.853228834566597
-8.877825767220735
-8.88107095319087
-8.899332264614992
-8.870568324857759
-8.78853699516321
-8.967455043622083
-8.780640331213345
-8.862262699553511
-8.89149424460874
-8.894710445510242
-8.930638417761934
-8.932205709794012
-8.933935740727515
-8.99623048695593
-8.874158360058662
-8.887175823249635
-8.891806395335173
-8.96224749404724
-8.863031881375065
-8.846432196167273
-8.90029254869327
-8.876475866220714
-8.820061404920692
-8.929502130421204
-8.880393060485662
-8.833370393219857
-8.879360217288259
-8.909174108262754
-8.814092620109973
-8.855596641955117
-8.953489667758344
-8.81904925112333
-8.883138822526952
-8.821178129738376
-8.83058450386002
-8.856293817965444
-8.92285233535107
-8.921422366604002
-8.90402302637059
-8.886663496816618
-8.957865099798239
-8.917275055357692
-8.869146051370219
-9.002699347040872
-8.884289945091249
-8.865731921129106
-8.965014640056669
-8.802234722374918
-8.99422047978812
-8.878474305447517
-8.918065910277608
-8.884394902373527
-8.917591211920223
-8.930176134963489
-8.891090817825
-9.012542082186721
-8.837676213649326
-8.831448526015825
-8.949966078101165
-9.01496331045469
-8.835757488709891
-8.929025942915246
-8.932547198437533
-9.037918863680195
-8.944899019884692
-8.903542910072895
-8.950003817094288
-8.868510086539018
-8.864838728772389
-8.872700809086638
-8.91629792908697
-8.896715954476353
-8.767152210374968
-8.903441213782754
-8.954767131997077
-8.859126688654966
-8.820126307486904
-8.889162400969168
-8.911716349254265
-8.962754485628144
-8.930869012406115
-8.883622934767478
-8.868476606473877
-8.96193000700013
-8.939177583833406
-8.90891983343158
-8.901236385137848
-8.948784622728175
-8.983705537061065
-9.020743014612597
-8.901952151890812
-8.865413390279102
-8.931076203109656
-8.928236230150706
-8.921281568215688
-8.934174348597663
-8.96741371543167
-8.977901431986
-9.000137422039531
-8.89497186079395
-8.901556740362905
-9.050185326262365
-9.004160506266244
-8.950426099225597
-8.910057463172311
-8.931526059031865
-8.93591227950383
-8.992169773403594
-8.937790162881985
-8.99340587118172
-8.925331738165433
-8.843846576410257
-8.933759231817284
-8.921520262814896
-8.917388577472053
-8.834627336989954
-8.803824558804063
-8.924285068989203
-8.967965454678138
-8.92045442438283
-8.894828080164642
-8.888207000904222
-8.956843534779264
-8.982475674940849
-9.040924039061638
-8.900591146131005
-8.912667252567209
-8.905316748536567
-8.912686746571632
-8.987139849743965
-8.882341413521678
-8.86360572923013
-8.992351808429717
-8.926415762612471
-8.95390724527961
-8.975311349340407
-8.879689075948864
-8.987402046931974
-8.88076979832551
-8.895990668587325
-8.955408972823808
-8.862577433072493
-8.907119639979971
-9.024998804167698
-8.934872000403983
-8.960010077572493
-8.889929805991065
-8.91859032901917
-8.937201843998373
-8.912001192513044
-8.908743730400804
-8.863743598996622
-8.959501827247179
-8.934705263551422
-9.034935811018206
-8.997782661143573
-8.930311928426462
-8.939320420265537
-8.950220788295523
-8.933835137839813
-8.98395353437373
-8.852975732585588
-8.940102321486721
-8.984387975716883
-8.866120053998538
-8.875686684154187
-8.854814372600137
-8.966843997927958
-8.867687041022585
-8.878310689145884
-8.914871901047665
-9.035860625950106
-8.997411282235108
-8.914301091375865
-8.9530913187953
-8.954034497487445
-9.014633748226764
-8.928266334331294
-8.964717022959853
-8.904409335378718
-9.135200825335968
-8.980182290703501
-8.947224428555343
-9.006322565904908
-8.88426880667471
-8.859238103324651
-8.94036757695955
-8.99223171262276
-8.97499604515821
-8.961955124561053
-8.996223543073866
-9.077042473371657
-8.955190781672513
-8.909308317060265
-8.955653086937382
-9.079291743064163
-8.935818916693961
-8.975783950953891
-8.933835543786513
-8.883448083043614
-9.025518955523037
-8.979765138720174
-9.030807685152428
-8.955272820675493
-8.931522036962894
-8.953081213062783
-8.930029010333895
-9.090884548960288
-8.897818203474772
-8.832442977931747
-8.949746837855143
-8.96868627004808
-8.994587018423204
-8.893446980070753
-9.005364000560284
-8.911765623896823
-9.019671430093203
-8.960165388664313
-9.030148204812415
-9.018561560688873
-8.965165981480771
-8.89571324189312
-8.942659848730427
-8.983123239807275
-8.88109023215618
-8.915628640548116
-8.972219384898285
-8.883456607305623
-8.906616244030074
-8.930898553892675
-8.88902313948225
-9.006694391909205
-8.989236988817956
-8.960734264459635
-8.96019097444555
-8.926803948228908
-8.97156085466215
-9.003026536571245
-8.932912541327836
-8.98269452077044
-8.9482519492241
-8.906931215306466
-8.966709433123489
-8.867326035841105
-9.026247390490717
-8.955254701531604
-9.072538089230312
-9.02991910696464
-8.943147909783878
-8.998880070867513
-8.891837425223551
-8.967512859408638
-8.927041059434922
-8.931360142156418
-8.901251913346787
-9.113863860135496
-8.98727206122214
-8.965602094759761
-8.965271419215794
-8.981609938873506
-8.90654374906922
-9.009996009627645
-8.945978458545856
-8.973898669333819
-8.945929320480912
-9.03923330644484
-8.999869316754284
-8.949195474739621
-8.943811177393835
-9.000761558670998
-8.98328571381989
-9.038189853418364
-8.993316285676457
-8.923641167361113
-9.034455815052302
-8.975934882676576
-8.9686845461634
-9.043308695849474
-8.97512874989046
-8.95235991673554
-8.955324646847801
-8.981675000700934
-9.016381672443265
-8.964705301050437
-9.090225196672588
-8.892727308930212
-9.012517361984996
-9.012557418709335
-8.947732643049918
-8.929801572129227
-8.929108802716547
-8.982900195486794
-9.027890323620314
-8.941962263576789
-9.004044282901376
-8.92212829198309
-9.023031933928953
-8.967270570297623
-9.016978648507816
-9.064266544055767
-8.941928786745628
-8.98896736989704
-8.887623644071722
-9.006830566048363
-8.926541221945142
-8.951846971233579
-8.958054516940829
-8.962883296840769
-9.032506798284334
-8.967823703353115
-8.982128411334148
-8.954577478672682
-8.953638112387589
-8.961137196302605
-8.942742526078836
-9.038966817726545
-8.908467978986952
-9.00056756151081
-8.996715494360206
-9.037498953662192
-8.985562181468458
-9.076225259541168
-8.971330467011553
-8.999873588109017
-8.972227375742369
-8.979076038080661
-9.026799749180148
-8.98566040472496
-8.995389178729244
-9.012232464236893
-8.858603080563526
-8.927421712942047
-9.006808195246554
-8.993278002640386
-8.987615685851486
-8.97277292275671
-8.937603495230409
-8.935438959188678
-8.974253565886952
-8.935822238415733
-8.958134043910233
-9.008037616029432
-8.934048328337614
-9.03869934771852
-9.0400682309208
-8.981935970519345
-8.960123090225215
-9.008350555487871
-8.911731502848129
-8.845206601771286
-8.945015182243196
-8.998377871766392
-9.025716535119667
-9.006168988674128
-8.975258169662617
-9.067874218947512
-9.054959651282742
-8.93398419418545
-8.991010653110015
-9.029256919520117
-8.926760417347605
-8.951071370399951
-9.106816771848628
-8.953984352716573
-9.031144338042033
-9.084141825557289
-8.950728739810847
-9.026581062858543
-9.02800755025911
-9.131134307977531
-8.992764635747552
-8.881040738305634
-8.9306435763046
-8.927463993742816
-8.934215987736552
-9.062909656563951
-9.076876942534936
-9.005903464919605
-8.928460374420057
-9.007698172198458
-8.979823125993576
-8.883169905949941
-9.049045126402834
-9.02174624698959
-9.059857088532365
-8.99797620544192
-8.996362700310721
-9.050523817133026
-8.95103231131685
-8.836746376430824
-8.947133492428547
-8.9434328473196
-8.988627611342832
-9.03470330673617
-8.965859106611196
-9.003488285428327
-8.905687945051943
-8.895867716130024
-8.94026546318108
-8.96354233122325
-8.948404214358774
-9.033947744275734
-8.99077840568531
-9.03234017324311
-8.933148489086854
-9.021619546983619
-8.945565008690464
-8.967735675868289
-9.130789489483872
-9.032148753773013
-8.939033455562699
-9.013291919177567
-8.940238262870446
-9.008211092031267
-8.985930102694061
-8.973655199876575
-9.056940413110542
-8.89888088561111
-9.012063231971258
-8.942039162919405
-8.99206289776202
-8.985481936505208
-8.952087947159518
-8.97180653483008
-8.922064533226017
-9.04183786880436
-8.992177982312786
-8.918981564719454
-8.974881016990658
-8.911064559027244
-8.954121790803582
-9.035095633872176
-9.068231813426197
-9.008211002780106
-9.12244034995715
-8.982062231511605
-8.993412417763238
-9.061334231028592
-8.989897933976698
-9.021723541675199
-9.073170130415882
-9.04727870040934
-9.037668922010097
-9.037137093024828
-9.01789383861316
-8.901756963995718
-9.035684367369901
-8.994136123756672
-9.027171703154833
-9.039246487860993
-8.987714315261277
-8.996166566220138
-9.04139790353151
-9.045732855502678
-9.026992176432499
-8.942311389247548
-8.913891621238925
-8.95676111332549
-9.017400213832417
-9.066910880770124
-9.010097470589425
-8.971140895816601
-9.050075712730699
-8.980731437427686
-9.018422504667722
-9.028500353467681
-9.099775006572107
-9.068295507195828
-9.03020623883676
-9.029430833711668
-9.091505295978639
-8.984771046448547
-8.99270698356178
-9.021470156058175
-8.93593454567641
-9.038016843471858
-9.013849957256204
-9.037762290481288
-8.953474495939728
-8.96965042429317
-9.010471346494535
-8.983731283340976
-9.027928699558824
-9.056096117066163
-8.974928616425897
-9.045011580596002
-9.032896039792282
-8.922504778497046
-8.984579682870537
-9.047030671326594
-9.10994426594758
-9.040394382945264
-9.06691119256199
-9.005503269206072
-8.998189312728131
-9.029033474747392
-8.926221777259238
-9.134027564951703
-9.042125099356424
-8.929512067361255
-9.058228222166871
-9.073923082174124
-9.013941344005572
-9.011556870064977
-9.023521542008941
-9.051567521678551
-8.98969780499923
-9.074228395767786
-9.066704037294182
-9.091663013007707
-9.044789840273408
-8.970012217717892
-8.985071051519041
-8.956343520179978
-8.953932443023778
-8.956867728387914
-9.109334695905611
-9.014611766774555
-8.999617614445006
-8.984948699907475
-8.95824045130628
-9.043147368732736
-9.02355827065246
-8.965126735916568
-8.999954380182931
-8.945696091418322
-9.032341447218187
-9.08954227112538
-9.013810141566525
-9.033772071020133
-9.00114821278188
-8.992166065434292
-9.04973990068478
-9.082852610565421
-9.050377387173905
-9.101894850898399
-9.00167229991843
-8.974191400850517
-9.020029117625688
-9.072551881578757
-9.057734898190096
-9.099195442120905
-9.029147910607918
-9.09117163575334
-8.976133402660542
-9.015984150635648
-9.006441551533893
-8.96004772967636
-9.023635434789249
-9.029339866837356
-9.170164290035492
-9.07738915645693
-9.071984394474091
-9.079146951590404
-8.989378634344698
-9.014089143149663
-9.038695880321466
-9.114413622897493
-9.076020286488301
-8.906501361978519
-9.116962800556863
-9.052054595407785
-8.996700833898187
-9.01953655431535
-9.100428629875628
-9.112107527783515
-9.091246672909751
-8.947551545736536
-9.064463968588218
-9.0146946948888
-9.00341806582117
-9.04103259557408
-9.067366782047028
-8.903356709565662
-9.099313322039977
-9.05680702398274
-9.032757942366066
-9.002196065351676
-8.97325054113219
-9.024591916094998
-9.084628192658135
-9.06396694290034
-9.01244859910499
-9.006977360126946
-9.141227793683331
-9.000322263187412
-9.069325826202059
-8.986291525831644
-9.122954801816533
-9.031840326372041
-9.010988365612464
-9.008588069027697
-9.055468799355078
-8.999666533404586
-9.075659284344978
-9.051434404073394
-9.037008258051271
-8.990069284056982
-9.00240565088343
-8.966019166239239
-9.03099840571886
-9.081915593625068
-9.010909982265725
-9.078492027788178
-9.134278666259393
-9.065515552231167
-9.093537278995678
-9.012654158953323
-9.056361909803329
-9.00881994316092
-9.064033929032577
-9.049669287718572
-9.099966362607312
-9.056386046150779
-9.07571673795845
-9.143080900771476
-9.04060104336109
-9.090931024878628
-9.136867854294996
-9.020209805443617
-9.103520129817845
-8.922635474087977
-9.083979008220195
-9.00142601848296
-9.009006247655234
-9.016023460894708
-9.13906634082793
-8.928820286530147
-9.002487940935815
-8.999825266656886
-9.029644492892292
-9.037732208423988
-8.948160915131146
-9.041916960851742
-8.972184802794104
-9.106711035149456
-9.03535346314752
-8.950583244885342
-9.051337966027058
-9.038112849915743
-9.081478975053054
-9.101102300646122
-8.981551873868277
-8.93298135152241
-9.075514351916391
-9.06101819159458
-9.046389431443977
-9.13464444653055
-9.051267949698914
-9.085344121595819
-9.024258772581076
-9.078660770652407
-9.03775730510952
-9.02869405413932
-9.02333005364705
-9.041012922450141
-9.100478280656828
-9.162659154238572
-9.128735811522317
-9.101210631392933
-9.065662446961687
-9.097299495991194
-9.06882053754692
-9.032467846848775
-9.016227800534224
-8.9747435108629
-8.945278373820143
-9.050334421488293
-9.043145566143217
-9.15106115485308
-9.100648786678624
-9.112671765089656
-9.06694926347368
-9.07322959350631
-9.033720342592952
-9.018712825738518
-9.04496542525766
-9.053835610852701
-8.996344315743244
-9.027438468519604
-8.98952924588807
-9.014176259424634
-9.041024659815637
-9.103651386124007
-9.17051297329765
-9.064687867274978
-9.067671468066186
-9.107968493287933
-9.046592393752693
-9.159314342831463
-9.088405770391281
-9.070528059143438
-9.05110225406817
-9.127521441642234
-9.082816139760887
-9.138124557075024
-9.07484738950588
-9.029261549736566
-9.110102514341156
-9.007186660410836
-9.073579695382055
-9.008066294262177
-9.0461156850732
-9.130780227321758
-9.086538060562866
-9.084714422424177
-9.065293130427449
-9.103729246648697
-9.098127661620216
-8.773835209568567
-9.133817965215055
-9.084613195923074
-9.084873508174365
-9.171137364783911
-9.080895947772774
-9.04522711059465
-9.042231836001056
-9.038288293497036
-9.087090616637315
-9.091824468901608
-9.048532138550724
-9.110466749487975
-9.037160091462198
-9.084553489415772
-9.122938360579553
-9.177885712674874
-9.055259936326573
-9.06487024097057
-9.047859751606412
-9.031494621130141
-9.093735331088224
-9.101271119104267
-9.085744114608293
-9.010631109226061
-9.083414472538058
-9.09927032359493
-9.080856137499318
-8.95907270809284
-9.040823492515692
-9.051871078213024
-9.008923682144847
-9.178457949616444
-9.034153808729931
-9.069815331648282
-9.056458828638595
-9.10678634288188
-9.072493031929232
-9.114499351830053
-9.057423703925922
-8.893948072930032
-9.156215398146962
-9.034007224610766
-9.053131214679592
-9.038504686401337
-9.060266236706692
-9.152844061614323
-9.02986304518139
-9.007938200319996
-9.081631027850312
-9.115771123662011
-9.026100284796295
-9.027488904529028
-9.19620451162445
-9.075547164365124
-9.152482147947174
-9.034658345033316
-9.120926408810393
-9.002209151003179
-9.04993009226112
-8.94970440581421
-9.107575647031583
-8.994502116670612
-9.022879505893398
-9.066165517221338
-9.042783196567948
-9.068080369293973
-9.106741698991412
-9.155042349570065
-9.066052908130427
-9.14633001886443
-9.095108963684543
-9.119596151541494
-9.046469145400685
-9.13292024140035
-9.129013255362226
-8.94833712933369
-9.032451198670632
-9.037257203855232
-9.000471820320296
-9.126887125523112
-8.968096695913555
-9.049506437858117
-8.959175917514974
-9.05543026192188
-9.107280076239732
-9.075116389401328
-9.11971699067248
-8.947209499802275
-9.074293582565334
-9.019966122396808
-9.063655864396797
-8.965947994572051
-9.036615755328677
-8.964196869216677
-9.058561030897014
-8.974099529979226
-8.997661623542456
-9.115677821819778
-9.050971385221434
-9.122875487173198
-9.08854063059418
-9.027117232890774
-9.207586648706025
-9.038341269968823
-9.100677199182462
-9.00196516811267
-9.060685869963512
-9.173555088706655
-9.026605662734118
-9.075225722043493
-9.048960147708952
-9.08461440890294
-9.012291203020707
-9.066789521640898
-9.074315153249449
-9.05237242453052
-9.099830365009858
-9.07557194260239
-9.078761839298489
-9.070433699448577
-8.996005711200842
-9.112180389351275
-9.032689092675382
-9.108929950904946
-9.085095053357866
-9.109523851465156
-8.999933205231834
-9.03257280377173
-9.089223075708745
-9.051060982058942
-9.00090104734616
-9.065670518495493
-9.125016435773619
-9.054957187524748
-9.080135205383987
-9.052318078668694
-8.98360662282001
-9.048257681140694
-9.052146034432752
-9.04039888597032
-9.125832514385197
-9.115422960945056
-9.067202238154135
-9.054432370888959
-9.003750296848448
-9.066755314996586
-9.130027548845831
-9.044178714976345
-9.082566379054315
-9.016068379117396
-9.041062033265447
-9.077203070056832
-9.088027250217742
-9.058172055714609
-9.067048716642566
-9.066367795139435
-9.062556871602755
-9.065410339185537
-9.051108736968693
-9.0693766473684
-9.0947987268984
-9.08178718365168
-9.066409968199741
-9.108132237075337
-9.017575627875905
-9.092338943334651
-9.13564346218544
-9.064338546941725
-9.125737442000306
-9.0671346581867
-9.110639351919417
-9.07190173073054
-9.091459836696124
-9.064232618568466
-9.012217791842652
-9.035425734020867
-9.121712875601602
-9.031725966594697
-9.055244203090744
-9.065955055555088
-9.090598042912854
-9.01379686746301
-9.071231615285313
-9.035900043505519
-9.104000107123994
-9.108580688811545
-9.16317713676078
-9.098189378022454
-9.076559176806226
-9.035932411071874
-9.065705804084777
-9.124250602105338
-9.065611957241037
-9.112527324775984
-9.091169924795114
-9.069278151638924
-9.080428944862687
-9.023620373300103
-9.119005731832862
-9.046587641078347
-9.162607556522003
-9.080814652616793
-9.04842385479208
-9.097915177519143
-9.06312363337325
-9.100713769812126
-9.105189871992062
-9.09942486090599
-9.094048798343643
-9.102309734370635
-9.036406726352281
-9.074056511963413
-9.096549342064295
-9.059446305816186
-9.057908221954074
-9.039033994027099
-9.099248395274405
-9.112486511979013
-9.096985174740018
-9.127131920825503
-9.102541720542632
-9.138099920412872
-9.112991240801735
-9.13703100698792
-9.169656950543873
-9.134059228073106
-9.127088091139042
-9.101319902189791
-9.126105095417806
-9.127994069984604
-9.058846582086325
-9.151127282932213
-9.10892255364354
-9.045743767254182
-9.11553373717875
-9.081458364197903
-9.04286736972434
-9.077524499320656
-9.08601113127229
-9.052839941836856
-9.08439075154369
-9.112602535969259
-9.153976205640003
-9.060258090724606
-9.06886355745463
-9.0903404019683
-9.068417592046995
-9.130996833706668
-9.047635128880142
-9.061099149671742
-9.121300428447919
-9.131353028188684
-9.01795115259184
-9.061627013028836
-9.067478770662982
-9.026196870706398
-9.021524867447724
-9.016739326338111
-9.007468571855325
-9.045909227220568
-9.08924597516887
-8.988199276930924
-8.996124104635518
-9.018782708907457
-9.058929510867765
-9.10716317979271
-9.069857492531607
-9.019052113968383
-9.048020335387877
-9.102494424399856
-9.021286265168891
-9.050531267840098
-9.027983302181664
-9.094901054426664
-9.169301650017427
-9.100325192696316
-9.057452069703434
-8.987470440097031
-9.095786058242451
-9.092081753250755
-9.008888881762436
-9.17937175048342
-9.137384469071815
-9.10381706705967
-9.03928027609492
-9.07210975746649
-9.033388558372872
-9.036884543205185
-8.97228074786921
-9.044168234939573
-8.973434589267072
-9.063490872188263
-9.04522460127269
-9.096712101372308
-9.05469678674297
-9.083906224388583
-9.048895845064003
-9.062368161588669
-9.031684044373227
-9.077892818451211
-9.069834608147291
-9.034479389627174
-9.019305367877948
-9.135396305775831
-9.050068268903319
-9.057456296252784
-9.088782431169758
-9.107635944777337
-9.178700287405183
-9.100735869862396
-9.079071556873387
-9.00024683287947
-9.03870087757125
-9.06219348077967
-8.962873567029808
-9.096764716297718
-9.063856000466357
-9.106335725973016
-9.134463742072986
-9.07950955678183
-9.101289818872251
-9.1663505895019
-9.024969706069873
-9.05632193752521
-9.113341060938252
-9.063377638953865
-9.046869213532513
-9.086995552068855
-9.062432580819637
-9.07310032182396
-9.083888430887177
-9.043718857155781
-9.123889901588436
-9.062525943714807
-9.08667740435401
-9.067299200231062
-9.05397032512566
-9.103133429508215
-9.044248826041112
-9.002255474802023
-9.022083049803763
-9.032721826849514
-9.058137917139915
-9.026589696071296
-9.075828641977841
-9.078143083714258
-9.10348344485477
-9.102763813344502
-9.020880979496873
-9.100619060526254
-9.180279697861463
-9.133547686451378
-9.15211231575016
-9.04453770461068
-9.171497823531977
-9.081296283422008
-9.08480684499603
-9.09624079126222
-9.089566718350435
-9.034112435054722
-9.06432868554394
-9.05406736409966
-9.070213672096564
-9.000733187192044
-9.074781667980961
-9.04462553109862
-9.063261085529687
-9.080918945137531
-9.045613732752093
-9.06362424435895
-9.075412837009909
-8.994143250281093
-9.078593952264768
-9.085016818288333
-9.147109363153392
-9.090966912259708
-9.133043108565001
-9.09087904481979
-9.088624373901187
-9.09575587643885
-9.153382154465167
-9.049643236815132
-9.095639165583547
-9.057907251815715
-9.00078548787433
-9.097052426075024
-9.148399758756659
-9.130534192089874
-9.123794175742685
-9.0468625850033
-9.011014934819297
-9.221818118783007
-9.073604467451036
-9.089554879109679
-9.111766955302045
-9.095315009049775
-9.055065856142718
-9.054503977513397
-9.171640758878162
-9.05282798968015
-9.165903007071577
-9.099204674384444
-9.043604698283271
-9.184017727239242
-9.054964399276207
-9.134262872336949
-9.129735918865878
-9.050152055893353
-9.107135047079337
-9.112913980309093
-9.014016833895258
-9.08499519734582
-9.12772940082988
-9.081468123777611
-9.086116327778667
-9.068636681390043
-9.057668804249712
-9.102015863080213
-9.072933012398211
-9.118932135640206
-9.051134649282425
-9.130246978545506
-9.06821302842378
-9.254593659875933
-9.114549917995879
-8.946268313963344
-9.068886968471736
-9.149269559687543
-9.146839123554368
-9.061004806118396
-9.156900174391597
-9.143501009321133
-9.051956699343863
-9.08338732668489
-9.071998839731263
-9.095843317108242
-9.120826103364458
-9.147608282543114
-9.071621385380489
-9.184897073058627
-9.136988983627383
-9.057459373245443
-9.18090503717058
-9.183377577290559
-9.129542061518292
-9.11693950562339
-9.055548304623894
-9.10072005882728
-9.121735253473473
-9.017795882279538
-9.083197458124127
-9.106927595034753
-9.073166278783788
-8.996444375267235
-9.030112496270144
-9.162416525358786
-9.074812312170565
-9.129666904088557
-9.073715347329566
-9.107306708480971
-9.096059393614828
-9.134464714184363
-9.095244454883606
-9.065614259867298
-9.1165940949202
-9.037523933801836
-9.096133140480822
-9.160164352476249
-9.076951731779644
-9.148937816066327
-9.131818803304494
-8.968390682400063
-9.171616045861827
-9.070745570887864
-9.109658220711502
-9.074387548517679
-9.123837338482502
-9.103442928492994
-9.097118899643432
-9.153679439450332
-9.200610554454316
-9.091986514079258
-9.09137475836843
-9.204586399324887
-9.088212996024692
-9.151561157172239
-9.2821243949166
-9.095448975352843
-9.137683183944814
-9.059127895140028
-9.119401741083697
-9.23735771696792
-9.074021635859644
-9.111646260420438
-9.15472958262439
-9.095172920492335
-9.055980681623726
-9.107828263193477
-9.104015630913915
-9.0745876738586
-9.168705517428753
-9.107608199921863
-9.119872470268893
-9.06723020769325
-9.181763259956208
-9.080570458063455
-9.033742504738127
-9.0343700577124
-9.13567337408878
-9.08114882908159
-9.133028495164275
-9.121543764989028
-9.169749837830649
-9.028850574765647
-9.096306639741815
-9.153648911461046
-9.138929767739375
-9.095245736828392
-9.14677653033656
-9.115013982661184
-9.05747797677527
-9.103798556460822
-9.097118043061187
-9.20056566521194
-9.099747949807712
-9.166291645656429
-9.24337254876133
-9.08444327810579
-9.148027833074194
-9.1035530678391
-9.073393852808929
-9.103577396492897
-9.137149579070549
-9.138911589373755
-9.100650482802472
-9.133982999604063
-9.241525059233963
-9.177322798614094
-9.192798245797475
-9.086864971629273
-9.130976356993683
-9.005914583292904
-9.161582903396903
-9.135356169610171
-9.070928919130951
-9.11247858690936
-9.078032093286494
-9.107629582734825
-9.18291439576431
-9.132072044751606
-9.187253439397995
-8.985825947644305
-9.142775979957417
-9.126612759582645
-9.137896472192287
-9.188580062887393
-9.107806196804283
-9.139468300798718
-9.091638515426187
-9.214020276040197
-9.039431617934326
-9.211869770040147
-9.13967365885601
-9.080205419748188
-9.064162305302807
-9.142870939272088
-9.119223620990466
-9.160279115685812
-9.155493157776036
-9.08916449366895
-9.129357574154156
-9.070951867535342
-9.17803249021944
-9.196393048865602
-9.154290721774606
-9.157108622292972
-9.077683067900207
-9.122869721898038
-9.036048280879434
-9.062586441226257
-9.067975857955274
-9.101809898930325
-9.093868418738728
-9.05772668953046
-9.123168643879245
-9.140428463436779
-9.109621140611555
-9.12542324123333
-9.22091282312447
-9.165312697666554
-9.161729758477135
-9.118895350454975
-9.188588824436573
-9.137810942050402
-9.13291652112362
-9.074174090759028
-9.203143559444632
-9.15900742429793
-9.116741805763686
-9.100579089041352
-9.189651905855742
-9.082823727029945
-9.046018222238752
-9.055213026140683
-9.133713757379432
-9.017046904458315
-9.065482017729543
-9.08781425820084
-9.15396944126793
-9.205494958361095
-9.205557709589769
-9.141223879847775
-9.063659391521655
-9.037520345395095
-9.024281739691236
-9.094291198460645
-9.098246396988223
-9.11814869319802
-9.020294525702788
-9.104213112082979
-9.057942603362132
-9.152467960280584
-9.115781956121413
-9.194212575029551
-9.136400514458368
-9.151636714262944
-9.113731891062278
-9.137581979632177
-9.12392137991997
-9.09989722444403
-9.190276379617098
-9.152930493529865
-9.094681505313579
-9.129352208652227
-9.149571137235961
-9.113548093610705
-9.309188672137998
-9.104978422699645
-9.124445607142684
-9.172763916385637
-9.191849729191881
-9.165743078873634
-9.165839727004158
-9.081624492585814
-9.110104125937076
-9.150287966154556
-9.118192307396932
-9.205591278694893
-9.097587409676514
-9.055342597502687
-9.211679910788156
-9.149969250702028
-9.151858615136556
-9.156557283094356
-9.124964307990187
-9.097975116909884
-9.097527257691421
-9.203261142844656
-9.069367394526331
-9.211545123368829
-9.088595840074323
-9.084899042509576
-9.142324024986475
-9.118871941727207
-9.020297511695267
-9.11195127501276
-9.132121740436999
-9.103276490886268
-9.200376821169591
-9.157427440241122
-9.172743876337407
-9.153640363502076
-9.076695809138291
-9.10917779316561
-9.114424156013886
-9.146960114381274
-9.13285839762288
-9.126245001558804
-9.08594591265934
-9.115549935191618
-9.207969854451848
-9.156059075118225
-9.129908051167865
-9.162225479044329
-9.120595514494626
-9.142362537800183
-9.137456807901847
-9.109558522389776
-9.214015412156215
-9.161385482570829
-9.106999025372744
-9.122213947939162
-9.072899144532952
-9.11616818396325
-9.144110914694435
-9.125218619103205
-9.13448903916719
-9.228913902491394
-9.174249946864697
-9.108275084323951
-9.128175636825757
-9.239824044775224
-9.177516017325734
-9.166824259026814
-9.123396291167785
-9.111687239546956
-9.156568480022392
-9.081064450505416
-9.146449017721805
-9.186414898040946
-9.180555853193685
-9.191213697346027
-9.175162782406948
-9.077229197659468
-9.249639240037354
-9.223621387048677
-9.044598447150596
-9.18127550301347
-9.130520820773482
-9.17945495148777
-9.232837187391315
-9.130450121553062
-9.034131074142563
-9.091911891434028
-9.071965577579551
-9.074133160571495
-9.193125425851767
-9.203808527740996
-9.185952807587785
-9.109154510860563
-9.13466553287621
-9.14312084104054
-9.045293037315444
-9.165761221123473
-9.173330707262393
-9.147700601185477
-9.128271311147081
-9.158409596090385
-9.135826589299077
-9.125494148984485
-9.183311937637214
-9.062514827966362
-9.167849361599382
-9.135770770690613
-9.169883338722517
-9.158514549886947
-9.16804450224294
-9.109799062557073
-9.130193487061366
-9.165996345452603
-9.201826457397535
-9.108480607557029
-9.077881339076518
-9.196007461999864
-9.01216228479438
-9.10426946676705
-9.123871673750955
-9.168421453355931
-9.153309318478932
-9.108002478554582
-9.120536766186234
-9.170826268053807
-9.142409040755535
-9.146370253118162
-9.067681760267108
-9.135268970995472
-9.135427025309992
-9.210659841142562
-9.134988532113583
-9.101051073334352
-9.087737129026944
-9.082538600146002
-9.096498674433048
-9.116468830502308
-9.103041960019116
-9.070587199736922
-9.057198155449694
-9.14970591365737
-9.173094368475821
-9.200441244883235
-9.269399766736951
-9.17001724070146
-9.172649440873437
-9.140780155667171
-9.064277940707816
-9.11080248566943
-9.099335468915612
-9.221244668931785
-9.096254044254051
-9.219141247803726
-9.129958545303714
-9.093046202873968
-9.060654241331495
-9.177536730626684
-9.183882298889717
-9.148853464005123
-9.144815332374476
-9.180944336611926
-9.13129871486276
-9.154680003361461
-9.196694735216571
-9.179918113494393
-9.100257412728915
-9.187904023906151
-9.026245331553497
-9.124809650158346
-9.124647088058241
-9.092838622921422
-9.118265224135529
-9.23767722374289
-9.18546876524719
-9.166841895974681
-9.17211189459864
-9.18882622089521
-9.191846197182537
-9.091203498520139
-9.223811698369738
-9.056786171560777
-9.215629636333444
-9.138812961564112
-9.194928438922824
-9.16771297584329
-9.135151467790617
-9.165368225156127
-9.22043726761737
-9.105683264862868
-9.126162651733438
-9.14722006001947
-9.178153914232926
-9.18803990046199
-9.20224439400369
-9.156269472052625
-9.189170368721106
-9.057888948989818
-9.224687130682732
-9.2915749695746
-9.104968892801322
-9.094631244098242
-9.117040141362425
-9.04320266842825
-9.10713660087564
-9.146544921383628
-9.166780701824441
-9.179953865507064
-9.138883740314936
-9.038456527188801
-9.046429014104346
-9.169600238254107
-9.192460625627026
-9.1426277541738
-9.228192739188565
-9.216536003102668
-9.083639000673266
-9.078893693086206
-9.13574638904228
-9.161895183705735
-9.209935886836845
-9.145480140093422
-9.157235398946364
-9.113819578779083
-9.13690830511775
-9.092492362095738
-9.120624224931925
-9.130089316286076
-9.167033260636387
-9.20519040679932
-9.202562732422338
-9.176535622525984
-9.228602419942375
-9.215913242740609
-9.159331832013397
-9.20359206932311
-9.180444965180685
-9.138027260721428
-9.12030631759725
-9.131701326262187
-9.18563397510037
-9.138879212064902
-9.188481999998444
-9.091834525352912
-9.201166374717017
-9.18865000806846
-9.134423910245816
-9.13125726469915
-9.171040330952717
-9.122462208386171
-9.20205278259076
-9.200360754311001
-9.18748563062348
-9.158603071600536
-9.289485368854017
-9.217032414043976
-9.144934687334649
-9.143977161583633
-9.190450069746056
-9.214074721773875
-9.159831030630219
-9.22216784494349
-9.135124547099434
-9.197681786349168
-9.139006419372981
-9.154095977257944
-9.140572325881045
-9.122544588546523
-9.185684379822888
-9.181634800881449
-9.293888730151217
-9.25486495071097
-9.176687088702279
-9.207325667805003
-9.24476063169583
-9.186358117924035
-9.197097125887153
-9.193934635984279
-9.229753496591645
-9.158918080546973
-9.269867255646297
-9.170479691301127
-9.230079227537198
-9.108053902212234
-9.155716326874453
-9.168444885101932
-9.192748028870595
-9.16514128080575
-9.15524970985397
-9.213882075739514
-9.210246112934923
-9.228126247306262
-9.262653626418384
-9.099294398157177
-9.166139279289395
-9.19011464817512
-9.275003765338665
-9.211211155853855
-9.1191213397174
-9.137470635404737
-9.179711315632742
-9.14220304837662
-9.205249101657953
-9.187867218113707
-9.074600314333763
-9.199335148375065
-9.154852105273516
-9.238025813974506
-9.139211360051519
-9.138328089447906
-9.173011739823316
-9.187406971876346
-9.24558660883558
-9.140326422233622
-9.110085302196945
-9.159047567754419
-9.28295278691751
-9.229151258549894
-9.187500602062414
-9.233587907942615
-9.219992633520611
-9.186034157220737
-9.229275491584257
-9.195083464173946
-9.255879251345041
-9.253994690634324
-9.250872303671896
-9.139426629673137
-9.167513726591459
-9.196794811538323
-9.246817302000359
-9.185799926066077
-9.1591417572333
-9.172819698325528
-9.207455406844955
-9.28052550186347
-9.21624507717039
-9.200463807944322
-9.167890877292866
-9.273783649379542
-9.135877871107157
-9.167120037786416
-9.22949417941122
-9.208218927290384
-9.258770488645396
-9.193428274266733
-9.060232463095856
-9.254534932202835
-9.205847937659046
-8.963098035121643
-9.19965097834025
-9.314757409456588
-9.208750815059794
-9.153100430661992
-9.154395835847637
-9.262211124274588
-9.134208205059517
-9.205711823125467
-9.22847241623633
-9.225663694324039
-9.172022419200664
-9.152667220623758
-9.259371254775154
-9.223567225803126
-9.176841143906145
-8.968021989423727
-9.149504508952871
-8.99900541334505
-9.243892183301071
-9.20752930949028
-8.765343585047889
-9.164088510742522
-9.177438877485617
-9.103443012332034
-8.866317721274735
-8.7408291363037
-8.939741517982803
-8.988281136376308
-8.781317781017838
-7.158464625252217
-7.790775925310631
-7.669410159428813
-6.567562393400812
-6.36479840070427
-6.690560855838594
-6.321655775481889
-6.887818285800851
-6.5767344895792865
-5.52574085601513
-5.5106271453641655
-5.526451550653906
-5.5267536660940015
-5.524042077955041
-5.516246238700688
-5.507615939930311
-5.542052571182397
-5.515722267439528
-5.511509343087372
-5.5942640457830075
-5.496563408681352
-5.503779665892773
-5.501018469042682
-5.512891943566024
-5.500834011283677
-5.507893558823457
-5.492533594130797
-5.499860868755544
-5.51692582171655
-5.5061455427944495
-5.495723630532514
-5.516910079203424
-5.49968930007487
-5.508019860377757
-5.507868198057749
-5.494273695839061
-5.485937046333683
-5.5081162048884424
-5.504814877732704
-5.480796279202467
-5.477491452808364
-5.491120919419067
-5.502974653898911
-5.510404018324614
-5.4837963837943065
-5.509386855542754
-5.5099279600841875
-5.493357183011179
-5.499853497181092
-5.518549551104215
-5.510653445784692
-5.504890460641884
-5.492284640576419
-5.51042271308338
-5.5015645678409655
-5.492369224943333
-5.505987280022448
-5.48846068560973
-5.512823799387133
-5.4905727342272534
-5.499256560876851
-5.5088490256437455
-5.498866715960333
-5.508989888859649
-5.512319236528593
-5.505273360088701
-5.479979298966341
-5.493434742416248
-5.506949489254062
-5.490554533100987
-5.507640757889288
-5.505369399787927
-5.4930392915483
-5.502509257673353
-5.49035240034285
-5.5130716833345925
-5.479388255515577
-5.486811315813603
-5.507693022851333
-5.514509348019065
-5.495855817187648
-5.495630097342532
-5.508870578140435
-5.510793753579151
-5.5092579652026
-5.502871589027263
-5.507703192759408
-5.517523105288802
-5.508744066587481
-5.494469647147016
-5.492400128074657
-5.487612620151951
-5.4867040242460625
-5.487385686925016
-5.489668558722671
-5.504276024587026
-5.510547315753654
-5.514949655271643
-5.481028700765934
-5.500753012585218
-5.5028280851066285
-5.486355733986612
-5.50652812055249
-5.500611503279082
-5.5013312469173385
-5.52947222081707
-5.518857598630804
-5.497784373191393
-5.511408665831681
-5.4999420300677535
-5.507997033572014
-5.514589746040304
-5.508693175527985
-5.499666492454802
-5.5004694764597195
-5.501223357952423
-5.514255662063331
-5.5272852372037296
-5.498986769711773
-5.512566743556643
-5.474197886189561
-5.5045664533888745
-5.513568084989867
-5.4932837134635735
-5.519551002487775
-5.495116883882229
-5.502734369543809
-5.505880574834362
-5.5030173639687545
-5.510326053878134
-5.479267070116021
-5.512809390956392
-5.497852057132028
-5.504221672352064
-5.51967935786119
-5.49579887224236
-5.508069651419203
-5.5029126743756756
-5.496213667206705
-5.5186206742020545
-5.516962852791117
-5.4983925233131
-5.497999570486033
-5.5413599338207575
-5.497875392356092
-5.491290256581485
-5.507968410489349
-5.502656600108882
-5.4951945806185485
-5.496156465715376
-5.489255618903975
-5.505496404221265
-5.4977776650003465
-5.53506949052434
-5.509884338989774
-5.49883730790371
-5.517954294838809
-5.596304574392524
-5.507262329763061
-5.504123393884949
-5.501976648907768
-5.5163613396693805
-5.503211613844297
-5.495661843977402
-5.494206354982341
-5.493725174615445
-5.497365825389648
-5.50455403617771
-5.487741036587608
-5.493992655954746
-5.501950714443499
-5.503132237900286
-5.5177938681443335
-5.500810878502162
-5.5092402044841675
-5.52780401817706
-5.498042744723855
-5.511004730069372
-5.503198736333146
-5.509134331851051
-5.506912796575084
-5.508743660410168
-5.541500261960187
-5.48622862667185
-5.498126630769672
-5.512394242411062
-5.503825822072844
-5.54945097505314
-5.50051897644875
-5.835002579645182
-5.51031505770037
-5.503789952341979
-5.510269030875264
-5.494780305493476
-5.491688788821893
-5.510376089036801
-5.485299056107943
-5.512996659705035
-5.508237978245709
-5.511654127828208
-5.512104029133279
-5.494831050965046
-5.4881401441233315
-5.499110896566108
-5.5004528700907915
-5.487365554263443
-5.521691884628216
-5.502869100906633
-5.5086666762940375
-5.503877033613698
-5.5002534270345596
-5.499134087108585
-5.502022864414187
-5.513102876194729
-5.543474292597415
-5.49369669246863
-5.495329737792908
-5.503066956095839
-5.501669522374057
-5.501487648655367
-5.5157905616357015
-5.4942964990631165
-5.490259047735911
-5.514860561167863
-5.515371605827583
-5.540959733587702
-5.500025918949482
-5.494681963469148
-5.498716934596008
-5.5104393379661145
-5.487819689073126
-5.495454624104394
-5.521262456099048
-5.515022393524645
-5.495713656654887
-5.527854166171842
-5.514523042723993
-5.490310634934303
-5.531633410719081
-5.50878633180198
-5.495572532739281
-5.505990652236128
-5.50762737983284
-5.486550138602795
-5.509138377199608
-5.529288812624309
-5.510723005687581
-5.5037177381419875
-5.501817823703051
-5.493308173525326
-5.490004555047012
-5.485595273747738
-5.493072623372434
-5.51178048005357
-5.517601677924762
-5.488454592949382
-5.492866495799686
-5.505122282853252
-5.502628987989418
-5.510824332242172
-5.527215978790675
-5.510332301307869
-5.501691915755204
-5.499618947188733
-5.506660685868052
-5.5219889364975465
-5.507174376442858
-5.4858755349867465
-5.499648104414575
-5.48536758630674
-5.497781824525973
-5.525234887369757
-5.5204417528782646
-5.495005179240348
-5.505822795554364
-5.505385673757342
-5.520251722717392
-5.504159470238726
-5.526091006053891
-5.55191894339816
-5.497956431356068
-5.511131175505939
-5.5077346110654695
-5.83836799748347
-5.504458040332082
-5.487628344936192
-5.4973097539345055
-5.496306200615599
-5.5153050208929875
-5.4910148154916145
-5.5303473031975985
-5.551671160075599
-5.510198737390393
-5.505826776211984
-5.51960549943492
-5.529762346269067
-5.488301185264557
-5.51176554695795
-5.4874883888358
-5.52048150794154
-5.5078929189780474
-5.514479062775203
-5.51152254593787
-5.520705551646089
-5.5164600198315
-5.499133873588331
-5.517033932712437
-5.517269478876576
-5.510343070526486
-5.5146998063575605
-5.493603531326758
-5.504585758535211
-5.494251126393515
-5.518877571346453
-5.543086052187776
-5.4955683567497235
-5.506948567487406
-5.906341205005367
-5.513311488304903
-5.506838491886705
-5.503271605725351
-5.5331944123040415
-5.507230777832461
-5.508167426456655
-5.504593508948132
-5.485819740275075
-5.50384620790988
-5.513871695010879
-5.505034812082191
-5.519944630451448
-5.505199055283512
-5.522132524184411
-5.527966921954217
-5.511138201408638
-5.499673853127839
-5.518006994877889
-5.510892074022422
-5.506057906156729
-5.520062776239987
-5.5173734277216075
-5.5167957022657435
-5.515989517561737
-5.486193124501041
-5.515019812364154
-5.505355887412333
-5.521007604765902
-5.5356890664416145
-5.511992908479712
-5.541527070260108
-5.507050559694599
-5.5097845065309174
-5.496899775190834
-5.551234806813581
-5.506615743193222
-5.497084065123738
-5.5131394758787655
-5.5146628445258035
-5.503649804927958
-5.533079441451122
-5.517883305770199
-5.558689617882174
-5.50333743876487
-5.499390781463846
-5.873088769720667
-5.514976029641627
-5.499566104445959
-5.494312817169008
-5.50179255993962
-5.513618572851323
-5.503747677611131
-5.841475319166623
-5.507733730081889
-5.52242994489836
-5.5007745513882895
-5.528346686799939
-5.5106391556461976
-5.497665582235026
-5.5432158697561
-5.517532666045331
-5.506602614439635
-5.5094884255690975
-5.506779502803676
-5.502296899267081
-5.519546156134382
-5.501924199480643
-5.52465722276784
-5.513117746537249
-5.50435882396033
-5.509876511548685
-5.885071649157803
-5.515662231120663
-5.507079520015729
-5.9065615508606575
-5.480228509504517
-5.519018986278015
-5.520697126264729
-5.51320924229886
-5.510632413098732
-5.534729938366924
-5.495842598387967
-5.484209529588752
-5.509827995969264
-5.496430113124531
-5.516428496078441
-5.5436412392890615
-5.521317687602415
-5.506500005654349
-5.518576346852104
-5.506472805785915
-5.504445951203571
-5.484058166879943
-5.498999232181183
-5.519986642191569
-5.881738327667405
-5.488600940410434
-5.534939006918188
-5.5295812157770685
-5.5065790487188835
-5.520344293608
-5.487295020339073
-5.491120235920132
-5.512614360361312
-5.506793853151153
-5.506512081691871
-5.817319464711284
-5.5059981988210795
-5.5670894975056315
-5.5208657850321945
-5.500525921998012
-5.5033885347141975
-5.506522694823615
-5.495788869939967
-5.517071537193559
-5.5043734588449915
-5.49594212365826
-5.5056808189376465
-5.523583829973209
-5.702556945143101
