1.5113299467986407
1.2481031483180494
0.9901168937004137
0.3532627870627474
1.3824610768597962
0.264675313978434
1.0015816136006297
0.17954551980941358
0.22830199719338912
0.11426777891756255
0.04897021884080644
0.03106627430334754
0.06844583633138127
0.13159194812938013
0.10412773355149281
0.018083162980205018
0.02969721023630644
0.03699023391553596
0.04171889443573873
0.020633099908079523
0.021258554706534493
0.017486190570831676
0.031243220204038993
0.031361268444180274
0.029194928426783295
0.01879868887357291
0.05948339059002893
0.02450828357822726
0.026454004510583565
0.04788981205046915
0.03012615890736642
0.0555102611829599
0.02239797864217014
0.03127906551608185
0.025054248508660778
0.02544510647165549
0.051787519249062657
0.07327071095652209
0.03460846303859356
0.02525457576935253
0.03774553899518207
0.046161213374986076
0.029584061954630248
0.02100907382999251
0.06305534181631657
0.052797035277935035
0.01672546601756983
0.03563178111997683
0.03169539316368356
0.03988618924733052
0.04206338638363703
0.03589387849805743
0.032441743182163106
0.03881120856081849
0.04319695608972093
0.05998431477965968
0.07310066075049054
0.05468278478818315
0.0352566465092168
0.04445921827631227
0.03887082663983097
0.029864304775289768
0.06626364610513374
0.05231356575939464
0.04470223550978106
0.04219013068342938
0.059808836676871965
0.06980612088420422
0.06482321177774658
0.0717120333675574
0.05899712071996218
0.0618666520415979
0.04085161309872287
0.04780487314177366
0.052436956887959886
0.08292302240240507
0.06154084049057381
0.07317522467059674
0.06654228221809659
0.07885463040828967
0.06973828018261607
0.043385710018719284
0.08629001633100722
0.034504200193352146
0.06462081305275148
0.06835392465659416
0.048677350187994885
0.04575816624472127
0.04615130035901111
0.056585918249293564
0.0741156722768476
0.07144204851963117
0.05445805920723467
0.053194495015534145
0.11423225886842228
0.09633487236565155
0.0684307581567171
0.04956477620530245
0.03654706474320261
0.06909604327732383
0.06631977308881308
0.05201629950477258
0.06013605225685332
0.03213626804723601
0.07176138542216126
0.05903373667177428
0.07363565965303384
0.0720865148624908
0.09001875064176774
0.08920254323227346
0.10889661568748545
0.05417066851159515
0.04375440508102459
0.08196916436253511
0.0580090057299664
0.062422395256159245
0.044608970853811165
0.05697273992745756
0.12190883677926649
0.072682494730307
0.0542360203924165
0.0829555039926097
0.05228276426604493
0.07107427870811779
0.11855738275687142
0.05634039717682993
0.07253206111054904
0.1233705057100211
0.09626206341361797
0.04672499451619635
0.09199712484554397
0.08728589880556376
0.05714020174229971
0.10066425545680464
0.08641821406180152
0.05977923065242801
0.05672341450420913
0.07397078960699993
0.10552754948757165
0.11199434843139872
0.1059225727034499
0.07743072321239715
0.0981059014182816
0.05872940188408542
0.06799905092870541
0.05581022479144282
0.06398078240599696
0.09154350428361684
0.1263280287677259
0.05682355148750721
0.05390630557306967
0.09423252258862885
0.07287124345946418
0.10096070055385076
0.10222493795688037
0.11368565135087666
0.08290970571604886
0.08585818988605878
0.10616550558343704
0.06488520370718791
0.19397583690376138
0.0907370489729479
0.0984570730056667
0.08323182476555772
0.09551787030333848
0.12918764419813464
0.06554533690632752
0.13709530477426346
0.07920211862475558
0.130995002601044
0.06426611213484588
0.11666722438953349
0.1205878508078918
0.08084705265198536
0.08081815429147322
0.1046925022756511
0.11769648593746568
0.12652264393080942
0.1314558573331315
0.12324501179423082
0.0763162552035396
0.051459853336578605
0.05941332641700013
0.10462558860276519
0.07463829037817163
0.1150557702046713
0.09567045367880805
0.069237331019229
0.07488038228108868
0.08537094624214012
0.11313454316462014
0.07732708961004359
0.11728055918822723
0.08645473201403941
0.08871969885510114
0.09500627154990426
0.07372292770372846
0.11255736283029882
0.09551911272088602
0.0711932344921963
0.0767202210037691
0.11340585811408715
0.06934934941500391
0.11161741077938442
0.068473953661089
0.09726484420427225
0.12781451609832917
0.1307226214457085
0.08301871740363757
0.10466442456977222
0.078307227507511
0.10613511753549221
0.08836442106096558
0.10872289308338018
0.0817579446631553
0.09771123827947727
0.07039890516155627
0.10530362309941363
0.09993033201360686
0.08262505425503779
0.06093718832815425
0.136266494148787
0.06727256807602378
0.12634643161112524
0.12750328775347425
0.05865344503174246
0.048023296871597614
0.14271868573553304
0.09698617723003544
0.11445759019095723
0.09091931725437888
0.12127669187469597
0.1173347843312719
0.11521492495377225
0.12407207823044417
0.10624579710978195
0.11273043151067502
0.10727326290820079
0.0756733669692953
0.06107957392682547
0.03880455085115893
0.08827826165088878
0.11051081815052781
0.1150878185796691
0.13204586470713547
0.08230662086373029
0.057340547905393106
0.11655456819610871
0.06404295981952615
0.16399314234786205
0.12327746317731961
0.09600442028392488
0.08127498932064894
0.1042975287512769
0.10794202849539354
0.09349506975281226
0.14128420934853847
0.12828396078078697
0.13798399763048835
0.1260357042608791
0.11345932649140242
0.11422682958240099
0.0918044040554982
0.09507245562007176
0.1243191206662837
0.15539736385063974
0.12319991964489539
0.09375462578112567
0.12461638218930464
0.10136726217412644
0.18870226221101818
0.08228263155551196
0.09639355901616282
0.10049153562879543
0.11419167406567385
0.08613747491361093
0.12869069806184244
0.13664802303078305
0.15906352712287297
0.06063932169773918
0.10864373864005822
0.07774093397435512
0.11224366302484828
0.11681747729826389
0.11393664766978238
0.06284394980421752
0.10525314033361573
0.137356306110167
0.07396778809261781
0.10067424872627877
0.10721720584456214
0.1477843022704373
0.1885396763962888
0.1605798565989154
0.15191743461100413
0.14326298107821542
0.12149427557026249
0.11085107070744331
0.06503723916390257
0.08099582948229486
0.1046039953075772
0.09273646711014766
0.09144453049066803
0.1310528584955518
0.11132662171349791
0.10479361024539594
0.11718666453912933
0.07786622386654879
0.12255701963042709
0.14030183581979563
0.12016585761312192
0.09118652720025157
0.09375789942183481
0.10400398618543612
0.07121921091486143
0.09236801410836876
0.1256024269565476
0.11777669069166062
0.1347840163360338
0.11330122360955618
0.09024763698843541
0.0991256582570245
0.11736384984206233
0.09462528321836372
0.06909788313796429
0.18211756621121392
0.04262899677994979
0.0819544253260375
0.09518880720696588
0.09981485091038127
0.13405105128212547
0.14481802058018972
0.14014004535182928
0.13046044496589473
0.09471356619345492
0.11587867542992891
0.1264990594850107
0.11566317165351823
0.12665488897093988
0.06262740902517032
0.0937392201645847
0.13325869870376555
0.11223240007744792
0.11487488553437279
0.11547132664677374
0.1184844053980252
0.09777250864529435
0.06658744602560693
0.08885386291881421
0.12377841544486899
0.15075416798608676
0.09849792018555076
0.1074663052283772
0.11141729423518924
0.06374478326229593
0.10841297841081712
0.09928205203876732
0.11375528292934055
0.1118493709617023
0.09518977156584814
0.18809550752208243
0.08485600068897181
0.07888814718829604
0.10700253361969524
0.10649776018148241
0.13658853287501943
0.1681193251373192
0.1011225803643116
0.11167908463976224
0.11546756434260516
0.13446324703550142
0.1625764155228374
0.08432774974918542
0.06339289516871162
0.13280540297048596
0.11963067059017042
0.061629716320521485
0.11313448974090683
0.10919601984466726
0.08557809268540947
0.09371317107748496
0.14177191495399355
0.11207598729989997
0.08690157405529184
0.10517528522232208
0.09408014801595564
0.12963808224523618
0.10898689505323599
0.11627044792513277
0.10239846227900729
0.1538287614671557
0.13996508441330718
0.08061712863272545
0.09627987452963714
0.1119814246822635
0.0969068775532513
0.10767161147897648
0.12151745290181686
0.08707666593152234
0.07624373326719154
0.08770796301818665
0.07298195359924341
0.12114195859004664
0.11274382409576326
0.11615178205932036
0.09915470165293154
0.12963644008951117
0.05947605126666108
0.09019312202502182
0.10101166043320561
0.10593213819542749
0.11734473883648758
0.185833792960325
0.08258103183942077
0.07082713895940218
0.08691547172579384
0.13921613706320174
0.08696334166180168
0.15579239575167697
0.07058330553009315
0.12255682450817987
0.08000517959868429
0.1058987854547854
0.08430279588029227
0.15224892367164153
0.10852032898832441
0.10565698223976966
0.10814362942951387
0.13834785141970848
0.10607968412518888
0.1904544900573346
0.09987724668496345
0.1118931235668711
0.0970347404106971
0.07484074888632321
0.09046182447265456
0.1077941751714346
0.1615508366156041
0.07693899940805832
0.09121274253767993
0.11009049125908046
0.1624334857512329
0.1360539631336547
0.07767074177765686
0.1307845230479853
0.09273837237768898
0.12702170713191255
0.0953099760894925
0.13144546990293313
0.07974068002533231
0.14774078944797342
0.11912498489055183
0.10201503733110702
0.14517318342246968
0.13746067743985377
0.08707156002089483
0.15425642317334823
0.06397197578336204
0.07525857188607438
0.1354414304911852
0.1685193621666398
0.09468228675706168
0.10717810771098762
0.12384796837785418
0.14272032298295248
0.1367230166389195
0.10551707972659687
0.14424141412438765
0.09943583828468895
0.16823477855526758
0.09437749104660341
0.12652451287257338
0.11295449304061024
0.09157630089367202
0.11196368053166583
0.08800285316564434
0.14748851895842327
0.09622370718007027
0.11503165047966149
0.07975629160903554
0.11108292567955248
0.1745713572724976
0.09612668258443537
0.17363960973687054
0.14781507564152688
0.07557068423509834
0.0911082643056735
0.09492275593686929
0.12623501988361072
0.0788247564281402
0.17115691315408527
0.10637818286760434
0.15130079722343576
0.18981549626586303
0.13240712664893559
0.09568899939136363
0.1342043908106976
0.11078258207031223
0.11104554420806893
0.12883638963659788
0.1083854837435013
0.1389051563525356
0.09981258624401115
0.15815453548702707
0.1254967721122234
0.09279964357932435
0.19369208019573414
0.09560741956028738
0.1127066475455061
0.11263294486361339
0.12232155638675468
0.13113726291091274
0.08918213391365243
0.08111700617955497
0.14534519740104884
0.11951575730153276
0.07424599077111597
0.10859075892307699
0.12882267333214747
0.13554252213102863
0.10894954363726586
0.1406657592965044
0.12035195890030581
0.1315690671363442
0.13488356438043325
0.10711003990725382
0.14334285135700794
0.07557317280486986
0.15156338978559755
0.1731332837066788
0.14939011133469335
0.13408829546853626
0.13536772528761706
0.10761524497290857
0.07921824981385792
0.17045414321125565
0.15943621584454287
0.12101976270259712
0.1343657513960817
0.15162492516561357
0.1096219561574357
0.11752405296419553
0.12333394449797748
0.09717578532304669
0.13426766042425287
0.12600059080388717
0.16434756034387457
0.09504116820925834
0.1477422885156029
0.17510820963768148
0.1511797529280188
0.141573257425729
0.0995046832868773
0.11041356803117307
0.15084466931048798
0.09533961122027791
0.17521184170532617
0.10725106744668236
0.19133457804988394
0.07782349337400499
0.1722821276924856
0.17877944078312824
0.09647466234980014
0.09615170414804798
0.12466231048960141
0.17583344670521103
0.0747489485782664
0.08789566040952777
0.09353410309184843
0.08752163333603644
0.09744562198338057
0.09077982698819219
0.11678259411160664
0.10448732138629749
0.1392203794369617
0.12171524536034249
0.16277101870250518
0.09725962599888476
0.12731001785462598
0.12473242915060807
0.13961520851769482
0.14277957795419316
0.08772830437406291
0.14064393188716537
0.1142965675294631
0.15026021245850504
0.133242742083103
0.14670605975234718
0.10139391757088681
0.1497169965831146
0.09289613481767775
0.15060308226911104
0.13155453764892333
0.12830716466953837
0.08791775079594775
0.11748224188681103
0.14417204129878844
0.12737016550357602
0.1592418523328125
0.09946426688233245
0.1776726966753231
0.1032543262179622
0.1289381309518956
0.0918890372727412
0.10196099270087572
0.09304321685428628
0.1537155449566319
0.13191031112917745
0.1417650365516466
0.09905371708985322
0.10678767876344702
0.08361714675662103
0.14107511702493222
0.188026873919957
0.13053671954294285
0.10948030546460832
0.146248634657653
0.11061503727970434
0.10936883031791719
0.15176394413256686
0.10619298033287809
0.13841002999322186
0.15524024194484976
0.16419655113532663
0.08768245355388211
0.08175437755875904
0.12871098721258664
0.19456593988396692
0.17946447457459772
0.20233989380950176
0.10149240158596454
0.15951624830693806
0.11628709014378548
0.07697357443881812
0.12499068768323479
0.12261587774578586
0.09446152927923253
0.07561878370304231
0.13921825392668535
0.09398984529466235
0.1456419571191219
0.13784574138792063
0.11041318274194921
0.10479576819119742
0.10868820286044685
0.11989002733828412
0.12593419739929643
0.17852530724412813
0.09729258731622868
0.09214560429159274
0.07220643046900375
0.12132484279857034
0.13073359464102013
0.13658929626463856
0.12270541889555722
0.16741972528973703
0.13429061905619313
0.16017967382583487
0.11861678542895884
0.11889363978541602
0.1517357068592233
0.10606769601533822
0.17389717588880238
0.08622045757322634
0.14287221472381273
0.11005959896907236
0.1293894699665899
0.15243036812666744
0.10744990521245555
0.11599352514730125
0.1347417132378186
0.12442932304446393
0.15790373041865505
0.12057521669922448
0.11715925323620813
0.09886842242518469
0.1483669951444061
0.08573967470768408
0.1403664647078391
0.131606477986087
0.12193918638543505
0.1575205863527679
0.09161428752710242
0.12427549014891195
0.08583439506016463
0.14763099653645062
0.14474545699895786
0.12242694496204486
0.10242756937919172
0.17625957418624663
0.17605214234712865
0.1601477977319343
0.1348101474340159
0.13196025849441442
0.17800688058055802
0.1477642432371209
0.12928650132187988
0.11856882781724937
0.18100768406857395
0.126605806959943
0.14688114452451306
0.12424494129972201
0.1664103672194182
0.12862071087375318
0.14292086990515224
0.11996977090500603
0.09157037088461828
0.1443520404686175
0.17016382298833901
0.1535462508434191
0.09077545450035256
0.09634432057080036
0.0949476442064567
0.1291010118783032
0.13883811092020942
0.09927071298672971
0.09787128422729341
0.12658598901221385
0.14057472419578834
0.11493306665707714
0.14688408162825997
0.13632173261039482
0.12953548049376762
0.17780246689932155
0.14305456291376487
0.1501002769364041
0.19526092840100592
0.19198477788547774
0.19089450667488145
0.17617847844139686
0.14775731697914124
0.1522288169828238
0.13984802570749735
0.18922068109994375
0.06201183772959244
0.16270991948303276
0.1757058346870338
0.15633271353776515
0.10978567938513709
0.11306315213589443
0.12639347101407028
0.07970501735405842
0.13806348154775272
0.14278428541703894
0.13848754178010142
0.07637631425326231
0.13483157078667862
0.10022981683226774
0.11235347275889469
0.11920388799472655
0.11178311093009693
0.14697042067196397
0.13068294759681479
0.12156788409757288
0.14738093408091424
0.1530466077729766
0.15087974386101488
0.15031968649710167
0.14597404794211621
0.14625935881838595
0.12114859824834975
0.11153853266357994
0.14730443301743953
0.11891483741520015
0.13651752453929328
0.12174327816177243
0.13742144729052186
0.13662657495515892
0.11862036470994368
0.15332554863424874
0.12213268580810197
0.10924906285602559
0.10477029143964256
0.1639839283614681
0.16896172897782474
0.17185794602142263
0.1454364457171938
0.19408207520126075
0.0841821023068403
0.08631669468351652
0.10944359571500772
0.1468633329693266
0.08987705758817645
0.17584467720981983
0.13862400752344803
0.19200370192732746
0.17467110715771791
0.10386693451468736
0.1409678457818014
0.13583875445915342
0.13442088651683354
0.1269959900829519
0.16572598018043527
0.1177299818380878
0.10129964169870094
0.09767563170868376
0.155008106265856
0.12221420462237685
0.12551201198858436
0.16097627959944286
0.11510616316744789
0.20247616669819618
0.05644830710137832
0.12056510769266715
0.1599282520385773
0.17819384257720206
0.13531941034329817
0.13504890879151749
0.1423121770196893
0.10009378413102465
0.12790678291768687
0.12871205932354032
0.1442608569876713
0.19600976085761565
0.17503104824074825
0.16919236165652018
0.12126272064382614
0.1326104143365903
0.1477687225312942
0.170787475342228
0.198004578779714
0.07989982810252387
0.145765162557793
0.07526597079172069
0.07009268540520591
0.17313516482924166
0.1418561834500127
0.1557692274752829
0.20971896852813013
0.12570429327033192
0.12781045425437082
0.09019695296208098
0.14873478488418418
0.12760001394166123
0.09676208404331656
0.14568153130140413
0.13438435209386393
0.10432618357058639
0.14701040433041962
0.18601114995348578
0.0962563296661126
0.17291490615810484
0.13288517035660716
0.18042041530443492
0.10862819423521759
0.1512174238385437
0.12357341924335903
0.16943582392474837
0.13358991939060796
0.15114610179511445
0.14825186509176805
0.15809886552635455
0.11572594887989739
0.18001179563805392
0.17348822774056008
0.12237838709730102
0.16807448023657642
0.1515056530037164
0.1068023915322966
0.19296162050864257
0.1498012377574678
0.08976926642803489
0.09842987029785288
0.14809944612636855
0.14507166774337976
0.14909236352095942
0.11756746048105807
0.13974752493703269
0.08686417538025482
0.11407150187489609
0.17574134098505154
0.09221901576349154
0.1387465527265823
0.10338695062526965
0.1367427089529957
0.15530512370827376
0.24557925281098122
0.13414082025381663
0.13559153212948608
0.1120725855025207
0.14229487750781178
0.08721891907394709
0.19112030318410383
0.15764544018498236
0.15210345259228739
0.12370487279508097
0.1653016103186297
0.16415399525623428
0.11078685435602544
0.1257495770038236
0.09803860316810636
0.10946981291615353
0.19266845122757353
0.14753611903793748
0.15657861348283292
0.1166318531715061
0.08765440564167495
0.11158655714204775
0.1515270451051643
0.18071791671648849
0.11422849436732682
0.13463712423314816
0.13072676596446944
0.18367982378453068
0.1048217614331645
0.16179307545481914
0.15032536421411125
0.14381002503308513
0.14313878088116913
0.16508951237897768
0.22658160654399112
0.15407879708953892
0.1653145641248524
0.08125738029129405
0.1265060281473314
0.15212780179061497
0.18348366550989803
0.19528698694535557
0.2227642030899595
0.1632296272354115
0.14501725725129758
0.13875231447782044
0.15978549062564068
0.13693375228542334
0.1340202261638634
0.11141394493967549
0.132513552341987
0.19431275752087307
0.12925172538783136
0.07618797196124061
0.10170539042588053
0.19599875362431707
0.16974021774381118
0.17717175330920693
0.11716053405305309
0.21739453260943895
0.23859324915051033
0.186218721306704
0.1564560067008715
0.22156656340569394
0.14104956760640086
0.15135045078821188
0.11273803424746269
0.16544147490017755
0.11703443220649166
0.12957632745501066
0.20693401801542577
0.1154107914622745
0.11168687900001788
0.10387254052134373
0.22769798729687662
0.12965018802436923
0.10777611956710703
0.21732936946574466
0.13991828096241749
0.1498357560317055
0.1527396199590509
0.1282703993872146
0.14615046883023208
0.16348483263178645
0.08117874250016492
0.17061913322076844
0.1491294375916759
0.11986602267226161
0.17337286679657346
0.13248110230400942
0.2047150540030393
0.17336325527392066
0.14490497920599332
0.11429965921634905
0.13255871789217016
0.11999553794419257
0.11217855088175371
0.15469468466981254
0.13037332926897524
0.10975262606868925
0.16445197866152694
0.19097779618157212
0.11657735138381528
0.14853699896645053
0.12158990600761845
0.15610114183445997
0.17903643438535466
0.14045978877649762
0.17063179313885318
0.11514768039534724
0.16211063965452668
0.11238575389816066
0.11965300770013426
0.1045218484622689
0.1184699175924469
0.08810129868262837
0.11777150656666449
0.1077873034820488
0.1127893540786113
0.1077214278681835
0.1134990121184203
0.17141555384261814
0.16566101700027588
0.08093723809095586
0.1318136064305601
0.10395059181867514
0.11141813579091372
0.1615002074391566
0.1807069999527325
0.12874829350783476
0.14840036552357408
0.08810291323407761
0.15772301901754132
0.19883293376490102
0.1965738855341019
0.13803589229284652
0.13644885074599805
0.1546783265772444
0.08101435686657679
0.1559997503100147
0.19897013772095098
0.17791780094176854
0.1801982623208324
0.12950066216880546
0.2267610908927756
0.1856091424378827
0.160260562911208
0.11623343367362239
0.11253621100256038
0.11640498655637448
0.18595465160925145
0.158590787804202
0.1725994870241493
0.11568624868942931
0.10474337747019721
0.14265985979150125
0.13572614081662324
0.15328339428214244
0.10359034218421531
0.1532450736969308
0.10634813770984076
0.17332891358146885
0.161507896556697
0.12726299361971483
0.17090337565085362
0.18313775556242468
0.13461392981702147
0.1682803727081418
0.12696322605897312
0.1316433440967266
0.11569727065946464
0.07708853082436867
0.19227174422820786
0.1418480089073745
0.1083980297828842
0.1442994968641318
0.17050860293394007
0.21375412845310554
0.13259562797657917
0.08987925746169517
0.17165466788019693
0.09546299857709287
0.14079582114857397
0.1381727098050554
0.12439449916175703
0.17488516801781817
0.13264929722434785
0.17261007547819437
0.17364146720835774
0.16018939327497797
0.10124230316284503
0.1743103062409129
0.09458295123958596
0.12699300002345665
0.08310641713526085
0.09267549173044869
0.06399685298964058
0.1145916722408037
0.129817482272842
0.16110503517263125
0.0676015575413811
0.1384931547476671
0.15218399814924644
0.21249022908895437
0.13318146068625256
0.18569020377636264
0.13912980236073239
0.11891019366327109
0.1357933514513016
0.10120436220290248
0.1853171098721454
0.1773076038483009
0.19464893136069758
0.1272095715418019
0.17870351109217397
0.0927644288312589
0.16034155874372752
0.08673935381652512
0.1370451641681442
0.11114039493997294
0.11495973967653113
0.10296356515446736
0.20114338507692772
0.10089048985211312
0.11313260488948311
0.12657739975537252
0.10448979119754927
0.17472728293690085
0.10644863950779977
0.18404457138403768
0.1301210860066464
0.14611607055755538
0.174473576082063
0.15429351583667683
0.15099390783002462
0.10459962124462775
0.13442093572388328
0.07130163021298537
0.1512014573801107
0.14235483358858037
0.1246610604884432
0.16926504814214713
0.12769014189658734
0.14669901888876039
0.1537454028104644
0.10933439581290448
0.06505100476778976
0.1412766682382387
0.1287626942056554
0.22579045255575173
0.2116262084534411
0.09198765923412557
0.0964224846440349
0.1612998104676572
0.11604263759985343
0.16667781255577144
0.1629480736671023
0.18517729663448593
0.1402393995897099
0.09017037080013329
0.12510404346204343
0.12741976450616127
0.19601890780095543
0.18379472613349743
0.16670211916922587
0.1510057907879061
0.15322460041294597
0.1804474369495351
0.11341781433566714
0.1065650008152151
0.11131235839445168
0.1500643445502912
0.15130742730178134
0.1537403800200256
0.13543735079892955
0.16577554766934266
0.16239749399716766
0.06185806240331874
0.08356168310012506
0.12428283869998963
0.10380779759947865
0.1410612154601146
0.19747313460861898
0.12349352870553862
0.13331404746309938
0.15053007114686148
0.20995040362886766
0.0933678024579548
0.12254406228832457
0.22991663606985194
0.08178057318382509
0.10635527906065895
0.13801507741585
0.19358520664448564
0.14784846671410123
0.1186178574222086
0.21917810664192552
0.08490720614638556
0.13180406821069685
0.21068916739396687
0.199512648072221
0.1351046741480243
0.1713395407270599
0.17884775478025366
0.19616856838273863
0.1195370880949716
0.14034690102703262
0.12894352199612988
0.16672654604705833
0.12300288978397984
0.14896392854291587
0.08627427865190977
0.1728806213292681
0.16119551258142717
0.20272084896044523
0.1189105366938022
0.14191757114717354
0.23160855405785913
0.17628901684825005
0.1381141111369139
0.15422585567867117
0.13716573385879144
0.15119285541835178
0.13467089791170198
0.1062987781173683
0.11342297380775124
0.20988395079209263
0.1823503500229005
0.16090121444073277
0.2125477803321914
0.11631540515036506
0.1716872286687095
0.12883596977254622
0.15981870975396012
0.16387803206474386
0.19088125881642024
0.1679952183916572
0.1362813332523209
0.12998673597978366
0.2182596211211441
0.08571242028814204
0.17127552648835662
0.23555496195254
0.14585508782958775
0.1603671540636464
0.1252816964737511
0.10589225985742165
0.13020814793090046
0.1350465264879104
0.13703774750553294
0.15799370892200296
0.1719905218350464
0.07633302474695164
0.13605897939320533
0.13711099753014597
0.13988257551986866
0.1438168367183977
0.11090448290978672
0.1598588687310665
0.22393100646811256
0.10166447918137052
0.14485737610730007
0.14022645579987766
0.13078155535202965
0.19392867386251447
0.1495635098407542
0.14057068983447965
0.0946885941871259
0.13152998773697902
0.15449307032941184
0.10843342802959527
0.15497393834692497
0.12257142467962241
0.14489753443503675
0.07232986051183073
0.16142593284774717
0.12606908896988345
0.1905197821365708
0.10344879699554535
0.14689364203795222
0.13829549640038508
0.1526881287601804
0.13804757547619156
0.21552462244111628
0.12240941092360795
0.11446904747256806
0.12483569218815117
0.20565138325792648
0.07935123592415928
0.17131496874645524
0.11738658427637925
0.09994521283476428
0.1512610791207597
0.19823880327170917
0.15431615131534104
0.1353023600239107
0.15963625783559682
0.17169763078803693
0.1448822610432702
0.10372105008732183
0.1615381075895101
0.1551953078434969
0.11839803962434237
0.14578506919197295
0.08885267903905476
0.12082082561749385
0.22517894252308526
0.1374227584651459
0.24311966387413597
0.147671119004115
0.1718031848889795
0.22737293150312488
0.12161803927125281
0.08952521058906619
0.15453045154767653
0.09233229226676859
0.14647047881528355
0.12569670086474088
0.08573882867854513
0.0776328118750912
0.14253815417764618
0.1160110645080487
0.1066626405808488
0.1865094274694783
0.13884717248736306
0.17715905407738664
0.14013817038765947
0.12154756643563396
0.11816699250879747
0.15292598128822632
0.1569752857567774
0.10698627884574805
0.19690524521130895
0.14915809613760136
0.13718637065501346
0.18541238374844593
0.11473248924142297
0.16330852058647827
0.14096874770428552
0.11016591236989462
0.141413942262195
0.15089280119447906
0.16262497997027056
0.13089642381357028
0.13515716401471514
0.1287790572969833
0.1685842964973558
0.10194941802088232
0.11499716755572965
0.1123360823967848
0.17383647077225634
0.13429557569057582
0.1474808226351361
0.17764006975152177
0.1659581411700536
0.09965181108479605
0.15779883115355248
0.17976962517765477
0.115732570660788
0.08494691927299039
0.16305879055230807
0.18272038494108955
0.14286017153173056
0.16090158913256963
0.14122577233306519
0.1528104922085439
0.16017955911836673
0.1918494882326404
0.15807812245214187
0.14768164366531084
0.17297425534081853
0.16402950127032334
0.11217898894439228
0.060120685106845366
0.09299896380520702
0.16216564364906025
0.14916638400706506
0.11122855988156329
0.18810737611938633
0.100451381870825
0.11496959496517287
0.17507703242386158
0.19026279311203775
0.18336473307188084
0.08366990410058994
0.1382906981306836
0.2158071442397215
0.11505433966189724
0.1333567657931696
0.17640117769911112
0.18857335827578253
0.12196235193996104
0.19945072652420695
0.1604520916801093
0.15253907854895005
0.19867248391421652
0.09007009795286701
0.16412329061304518
0.187160846714654
0.11182723465442036
0.18496549580428742
0.17236057980872366
0.1610553362966221
0.10817662859705018
0.15881927402663218
0.14586109712508222
0.13120928160136025
0.14699920517893494
0.19087770566134327
0.14879705585008673
0.13567611334978397
0.17625589809281786
0.15404946715628814
0.16298139688742028
0.0952837140322755
0.1353432660433905
0.06824998798393751
0.1375987375601951
0.16263539981350758
0.09224367708264514
0.16896132899207014
0.1061740151050565
0.12433715996179466
0.1800072168027142
0.06327028688536356
0.18436349258281248
0.14700110738911076
0.11051231583837848
0.14816990417612733
0.14413518742323014
0.09400295555061873
0.14410947339740188
0.11375410919500413
0.11369541062893
0.18450560291325052
0.1638665322780505
0.15016946239420637
0.13646627169504305
0.1157216227334564
0.1856711118597069
0.16307215531931057
0.18001710255545422
0.13033398900959395
0.11102004480507097
0.12760585240874617
0.18544847283707405
0.15307940156395697
0.18143442251644357
0.16487929602382537
0.15952852246429333
0.14172436508410993
0.21408536168324688
0.14913063046760563
0.1247502939518736
0.11424146575291978
0.17919408316335758
0.08010229267854109
0.1587707133197286
0.1389142662148356
0.10568259252774069
0.16650199096550963
0.15209486673461664
0.16679317536506444
0.15845163930374026
0.14632284898418924
0.13513066710654117
0.128589617912407
0.14518093584072783
0.15980385725842455
0.12801050215360246
0.10625318599909914
0.14943057262203835
0.17472019710352688
0.2024607796245457
0.18976488810535572
0.13037969240091002
0.1475244699730949
0.14103268195976992
0.16193863851802334
0.11485929092048786
0.22862335758492813
0.1344397625613307
0.1649497821046258
0.16138343368938748
0.18148727696437156
0.19545945503885462
0.13664479265539906
0.2003830918240943
0.17558550498674388
0.18513032886953232
0.12254092174508951
0.14937394094464176
0.14784147905033046
0.1474515968470308
0.1634451351485459
0.1411730625964361
0.2339053287917079
0.1353719340767539
0.20408350076637538
0.15581600713587845
0.21731714362445978
0.15238603665301376
0.22199282361830394
0.10964231436312318
0.09552037747314678
0.17958779047383752
0.10793455475957141
0.2067386168180142
0.14300547361121974
0.16155403315869246
0.12212054153017472
0.08489801208708601
0.16522815711508562
0.2088715135724067
0.06033695360141686
0.1671065394203705
0.2244449343242571
0.13985689283830693
0.1567922477059743
0.14401480654729543
0.16001065943691606
0.1449179462815911
0.10245217258559554
0.08187295388082584
0.10307188501107376
0.12828937235956536
0.10113597992407432
0.16890588671491005
0.1335800643198577
0.08584580536447065
0.16264412990999866
0.1985805642442726
0.15199649070608232
0.1445053240870534
0.11386909147704269
0.11513089785937931
0.09198875981171561
0.16368230067259906
0.20256438773220767
0.05599169243493031
0.1518853917454604
0.09979147160848517
0.12294506373829919
0.18458745546261443
0.08398495755222311
0.1009892269776903
0.22900953869232252
0.2571422078544625
0.13143742583014856
0.1580395657813016
0.048568922372371814
0.18809849100713147
0.1185591348587052
0.19527019375847954
0.14928000770529265
0.14020697098608417
0.15184812520087887
0.20623497574853317
0.14832104558274817
0.15614620838195656
0.13291083320270639
0.13494879004580654
0.11129805680407778
0.20160197772803148
0.1773903694804602
0.1321924656147247
0.18964454975136508
0.07556104410283769
0.17704563007101293
0.2256227767156348
0.2245134736515885
0.12498785694796295
0.10281876513084262
0.11268557273480918
0.15518933302604102
0.13506984727183627
0.11301270860938778
0.12002421680474067
0.22827564227684077
0.07874420218783025
0.1463707755434023
0.13323315186179263
0.10930622453985474
0.10527634746609954
0.17061153692608347
0.16258808397636712
0.17498419104739207
0.1323890324196423
0.1487492813922522
0.16482834141987063
0.11254226121201331
0.14482102994737256
0.16346712329981034
0.1780677296972122
0.10048714802312464
0.16770191925139238
0.13426455011860058
0.16385768724837535
0.1829343701776509
0.14522436123223156
0.08883878363395659
0.179465986871683
0.22739272825021842
0.11690213106436306
0.12413061278304575
0.1570485940126676
0.1136794053907803
0.19258183890046027
0.14863273705023355
0.1763577151822023
0.20735337397992376
0.10069775448738186
0.16909082020334007
0.12100066303392557
0.2709683649532246
0.1176325039948511
0.10621506714631437
0.1601116100171131
0.1208875836906961
0.14403254921698855
0.09738561868610848
0.10124077083214988
0.10782902511350693
0.1681367896969661
0.1353231405568615
0.1382873037298349
0.13934291829042925
0.152418716119029
0.14379332190701105
0.18553585099837372
0.17849320076779387
0.1725474887838459
0.1817624352316066
0.11545263051955958
0.15282445352881394
0.14068262414535485
0.17213432450244578
0.1717635209646672
0.24733383923718166
0.1628691366621511
0.11613902321950403
0.22259983338658018
0.12343723349235756
0.17608047075994146
0.14048750068338378
0.20481546737718312
0.08227395485247915
0.11267739089622765
0.21523635315738762
0.10895038891309511
0.23335920939855812
0.12970948797088178
0.12562734153087965
0.13277353073775777
0.1249525339112669
0.11525806703224561
0.1805396988472259
0.1367142356519376
0.16136634882899112
0.1601663149038509
0.18623485877718446
0.12193279432860027
0.2111225954527782
0.12931683423981816
0.11949740523019249
0.15236145442550175
0.15592288704505095
0.12847966218740897
0.17033809627967994
0.18347491241896777
0.18410495327434695
0.15829585983749955
0.13534871025650613
0.1501734500072249
0.16190756179925916
0.15299830357946226
0.13539758521695883
0.15523362706624896
0.16915304273110585
0.17295493843207604
0.09969819755480833
0.13476232847103442
0.13009506607741336
0.14814778403588783
0.14686104382716286
0.10853793090454214
0.14894123263557468
0.10917557783392548
0.12799951782916164
0.19871592694763193
0.11545337134164643
0.14921260094711727
0.10206440494241058
0.11813207171798158
0.1998700796333597
0.0678442338720403
0.0831543970157121
0.13861610095421453
0.09477202021934747
0.12859304151903547
0.10657972722520857
0.16768436797173839
0.11682472286352494
0.11032594945119624
0.10852652043859896
0.15924057764845875
0.1886607436789598
0.11361490671521768
0.0873058064812773
0.13834214645770454
0.19392925714377202
0.16243883030397432
0.20063548155988628
0.1792734446385924
0.18549520105223252
0.11598517682513793
0.11893232579110011
0.14243502161898652
0.1382005944385381
0.15412768298628862
0.16003238113501775
0.11450079229644404
0.08060806437889016
0.12853058301538506
0.1529434503350852
0.15111712995361487
0.10635911577368433
0.14842530374578086
0.12038506726305599
0.11878812353810046
0.17406720630510175
0.12959039876804734
0.13634016768698232
0.14396423615068074
0.13274744309929432
0.15525201318199378
0.17907331088724515
0.17824864396829884
0.18911966638555727
0.0685056170536985
0.15072516541456604
0.25770721605562663
0.15159876835656338
0.17673222187021417
0.17255742617215122
0.12571684502318353
0.13162075770458367
0.08754843278950554
0.16161116920514257
0.10929898763956761
0.1659781742220776
0.12377811381814807
0.17687012979538783
0.21884799882244937
0.1395749376678221
0.158788536858604
0.14491425435226143
0.1597251331858011
0.09659895895611326
0.11869374065351687
0.1511876319089902
0.19317955402509798
0.12359546971061411
0.1310990484582053
0.25852195188905436
0.11725944504725237
0.14312878563513134
0.16968831976084037
0.21922766739682797
0.16408188520104586
0.1100938246693938
0.15228667229135093
0.20132298772216226
0.11105432572315119
0.16026337235745572
0.13540185375673816
0.07514408365713497
0.14500878250790483
0.14836281975471713
0.16286673141139138
0.12832671241577265
0.2468783125000963
0.1303711097646979
0.14648189190229588
0.19207567382546684
0.15962621882154607
0.1336710310729103
0.13901640303007876
0.11236017646475999
0.1670898004808738
0.16227893583992148
0.17887914116055775
0.14511002187938124
0.13433407927025878
0.1446325166773647
0.21402652583590306
0.11630242569087416
0.20676906803961873
0.16644905785547617
0.09518320611043127
0.10041966912755206
0.16813305358103645
0.11545296973629986
0.15239050082249073
0.1361663651823617
0.1718959484216725
0.16275079520904823
0.1974514926164143
0.10666764313564696
0.07870860304992072
0.18255931066924638
0.18699671848469512
0.13662117063887685
0.16595701413130726
0.14311462622330542
0.1431521902033074
0.16920698831868244
0.09414085479213427
0.14502586214885393
0.19678357462466578
0.20743251477141425
0.1865750368509075
0.10370734179269857
0.16252262147942137
0.10643790652591233
0.09443337895407929
0.09567123212070099
0.11722836558949677
0.09703839726497786
0.11359157895156557
0.15417404580269162
0.1852135293999285
0.15860383810344422
0.1636419077605428
0.10682735569410973
0.13309352204629132
0.11962422994486052
0.21829162551757386
0.13179639429686302
0.19756679200002442
0.1376795263435993
0.17500156693596358
0.11259703317001278
0.12045396648770719
0.160848166328983
0.16968496416933143
0.14344074903123488
0.14366416898034143
0.12910818793846932
0.09610105449098899
0.08611234419361052
0.06667754403092949
0.09349370370606543
0.10890491312171878
0.12888245216280578
0.17885490441520055
0.13530085809807077
0.17430476593000852
0.12119949435258941
0.17422448411634264
0.17797325798184727
0.1161341780940181
0.1129569036629126
0.1660434046030643
0.13266112875070482
0.1516520561873204
0.1952662925012354
0.1084552922678405
0.13612271120804176
0.08559647908481924
0.09246377154511086
0.13341739065578131
0.18835736209144402
0.2401751135507607
0.10691464069771418
0.16060356492762679
0.13499463095665898
0.15738093917316362
0.1665011992033616
0.14569240752925122
0.13129171026649855
0.15408302730017112
0.17137870752990586
0.18681999160707427
0.11388880880844546
0.22455469608671255
0.11797198484334691
0.06215005998058088
0.2273621690151078
0.1599576550438942
0.11965527854290182
0.1384680203018143
0.20590588207362828
0.09065799330395743
0.13893141259946493
0.1581967288647796
0.18186293224944253
0.1565366048623789
0.10093612831564926
0.13504155897731274
0.1415779852950063
0.17513410516658437
0.14336121171441368
0.19989308334615913
0.1501088094785969
0.17875970442697808
0.21440833342767412
0.12187260014122916
0.13980655160600589
0.15829104628085772
0.08521053559254016
0.2185566298764317
0.18100629342057192
0.15154882690786706
0.14622566266902748
0.1527304501549856
0.13705317266518835
0.14871721690459563
0.10108130655809724
0.12384182788679783
0.1546696114459926
0.08001976246659728
0.1691803910184411
0.1627159977495383
0.08525472328240549
0.1930266997474257
0.15550085933237784
0.20040306340281716
0.16079243289814624
0.05273144403920617
0.13193578824803306
0.17410428674354517
0.10228941109055842
0.15143265084164842
0.13866148121877017
0.1416634286155644
0.18677379313310508
0.09833252641464924
0.1921255308935471
0.12848344564837255
0.18429338289859795
0.2011274778709481
0.1638152111553955
0.0880399868699968
0.15170616231156958
0.10901722924849645
0.14649627945366087
0.17963914191133382
0.22701003915805715
0.1919530851948742
0.13923666635675697
0.11445777232044786
0.09026373364276982
0.16429935263962994
0.13084235688650575
0.09606297257663723
0.18639633087985447
0.1134798065670794
0.12711403478018496
0.14404637683346602
0.16123849179780894
0.08927019934338308
0.13745283275954126
0.13240832096367322
0.132494491402801
0.17076488712722235
0.14703207989288927
0.1507473562776132
0.1604405813694775
0.19195522411445975
0.12409110808846023
0.16535591509595948
0.18626781069817896
0.13237422397491763
0.14086804689643131
0.14460120490196315
0.11280604952882353
0.12037853125381173
0.1807928713169473
0.15138845482149382
0.1833643007899944
0.1608857290022348
0.16660956607969984
0.19214502028295827
0.13307298069253548
0.16296049308349417
0.21764470070495948
0.057074007904246146
0.08568497635872555
0.1229048919273586
0.11724235271080931
0.11756874085346573
0.2016841424165491
0.09673961451562992
0.16166317547887946
0.10271448862922408
0.1847674603385868
0.11458612273696017
0.05914541014444611
0.18831325643968222
0.11250131585929213
0.13665376349222638
0.20010338058671856
0.15739297703632443
0.11790178412939485
0.15071921516735215
0.11800860577339323
0.15458558440758904
0.15844173958526833
0.24195430054903277
0.13992122286253855
0.12754043122967368
0.15460079086520703
0.11601006679321123
0.15579460236112508
0.17134095456216333
0.20233143173702064
0.1901062466975163
0.15906093884632133
0.19830378996421397
0.1047525712423978
0.13469094195228368
0.08834718810049612
0.09710406211188839
0.15265552455180556
0.15183730016366961
0.13957474255455102
0.19896012842012706
0.10799167493784516
0.12347237187553034
0.17235879651238742
0.12942338648103777
0.1505955636494193
0.16176751830965208
0.18262369871869863
0.16047947750458885
0.1193164269777474
0.17221121343060689
0.16126247428515608
0.18151171472623012
0.12000991524839855
0.08933373789574185
0.15735122820316672
0.18200724416640532
0.21507246926069432
0.13202366582871106
0.13157038024556225
0.1753128257318536
0.1447440926734701
0.15154624185500626
0.19194743705629677
0.11362388800824622
0.1459060080979738
0.1362135366939966
0.1768458031034998
0.16838913584430337
0.11318478699900965
0.14321083703712428
0.11871867966875585
0.13292718467078177
0.1795161019997077
0.26883435423367946
0.1425663777397843
0.1972037506560049
0.16603130890336118
0.1694813959872716
0.15444971513544214
0.1603539816836291
0.18529995569546961
0.1578433688396975
0.13071676696052956
0.1341011102664044
0.12277704225991427
0.2011799329602658
0.19163466965252948
0.14951565927833932
0.21447337448035372
0.1469623212200178
0.1295158437638711
0.12286170046308192
0.20387548406182174
0.19420165058750288
0.13714884010434825
0.15325256359680883
0.163730875843935
0.14102312336651776
0.1491817081678094
0.13951307772066887
0.12809794862111568
0.20478448362416107
0.12817041706122453
0.06629682214330052
0.08843360374798202
0.18645762104654787
0.1988176017499636
0.11790565051992655
0.17021567680728303
0.15001417085781257
0.18628681249674606
0.10224093004227743
0.10797764493189208
0.10090522579821568
0.12389244538074146
0.24716631610807413
0.18198124775183533
0.19314799103029534
0.1981001226417539
0.147530463523471
0.1670465543998674
0.11788577675389522
0.14398231650741772
0.1542826218366238
0.14914130034093198
0.1019483817729518
0.14022000936207824
0.10941079621879689
0.15388465450621325
0.19844667809636918
0.14054221590102453
0.1142905816666209
0.1687795879689676
0.17717157678820084
0.16938483263069454
0.18360988503151437
0.162181121475671
0.08597638827429918
0.17531225305278508
0.14244625346923515
0.15869724057601844
0.19411678814765662
0.14457937602983365
0.1264822549326561
0.17243518956765647
0.2161731627519801
0.1190526399001339
0.12041785471894613
0.09677890946657623
0.13073836244071396
0.12910087529108832
0.0905120259815443
0.18480052170352831
0.17327257225976636
0.10692051378111479
0.16340596149848124
0.12517125451432937
0.2046882703782073
0.1400414137408203
0.07305975943053035
0.16399553583780344
0.15121605935875276
0.22719327668589473
0.09941317422183382
0.09515901075936344
0.13906749958789652
0.18963236721473417
0.16612985136131905
0.16112442280082348
0.1471130612541321
0.16440636837171507
0.18406088192572603
0.1951011407617057
0.14363708954076532
0.2060527149437289
0.13482735604491
0.20756651153348238
0.15651699560634133
0.16021449588842804
0.12223432217004464
0.17914254160881313
0.13838577059093934
0.17496744091169777
0.15241739736817356
0.11639232400392226
0.18178121616599774
0.11135729993397014
0.12222408837743792
0.16337363446073191
0.16498275873477342
0.1749435169498319
0.1913150903070514
0.1486782429837226
0.09598981214686542
0.08492791637235109
0.11309739175346178
0.12654814193256203
0.1609364030992707
0.11729460768694626
0.1379983687775601
0.14394074234708096
0.15749320767784472
0.17820052767268557
0.1273847412471943
0.1217771273765177
0.08802595570608927
0.20217327445358813
0.16779904993347816
0.10887659136279003
0.1531357197223345
0.21944423345749492
0.11335501763547658
0.15827452806374043
0.17210358949546592
0.10899241538692606
0.11692403075023795
0.20243947769856738
0.1060175311176341
0.19306953729249154
0.13190854810172192
0.16549142026761277
0.17082215041467333
0.14336614005031154
0.255967979909858
0.11634854480000155
0.16945678331044922
0.11164237160518073
0.1289198855037283
0.1641690799825864
0.11705456661209299
0.17423193646019267
0.13487268869722235
0.19280375395525226
0.14035648185513233
0.11862621601368127
0.1859788273702073
0.2096694888050028
0.12720928340383614
0.13895163443051745
0.15234486173354067
0.19864655025625153
0.1067233661800217
0.11043063514871451
0.16237291212564872
0.16221510301121847
0.1148803012786009
0.13862374987866843
0.14436094660538823
0.12955347236859452
0.10969974736083568
0.15026861354595908
0.13747663042927058
0.16688052889570942
0.1582688098235611
0.11130449489792946
0.1316589421984403
0.19572494109895652
0.14696436812932678
0.09755826843564384
0.17693248806306064
0.1232192164795351
0.15180207478654786
0.1271978805574378
0.12413866444164862
0.15372919298076757
0.13714941565072855
0.15310390653443415
0.14730896934086563
0.15501006807316187
0.13667796069575036
0.1083018400815759
0.16195262824798384
0.16080598206396388
0.12223060551802442
0.1330775379904085
0.17127112841921932
0.15730938480256554
0.14953189610507067
0.14879501886777516
0.12422491018186607
0.17629841971790644
0.10140841404476354
0.20918171771757996
0.16962068889023557
0.11825997535301899
0.12150067865778613
0.1287947993282349
0.16475389222443673
0.1793238205701765
0.16639108380934828
0.15563925966564526
0.11912082732596653
0.09266784722008767
0.12441721881362193
0.1345503717788986
0.09265208058990033
0.1264537846099474
0.12362663941891873
0.15179627184207717
0.16748319935558625
0.14299032103959466
0.15712708458386754
0.15115570286982818
0.14966269087724218
0.1442790819223548
0.11841487025249872
0.1090282687721043
0.1324714466404453
0.07917414271271152
0.12099976850568148
0.14646943048701924
0.20663665134423256
0.2052341610712274
0.14666263669263724
0.16272292424220014
0.17650837921792764
0.1554044665689636
0.16589584268070545
0.1355197186123073
0.13377248621159607
0.10163500304613686
0.13385057940422962
0.18465797662259273
0.14047305556995618
0.17180204448733388
0.12236452423116027
0.17401155789785724
0.10661570668811979
0.1523275471542532
0.13733093952349856
0.12584983464942875
0.17928275907604854
0.08555591389919885
0.15951894261803296
0.20170729709115226
0.202334646897209
0.17254875669995107
0.15705169388758375
0.12033551494005229
0.2045203119415636
0.15611992858769405
0.10808534473204255
0.14376398705718652
0.13085180371726113
0.09242026784244074
0.0816942403487548
0.11533639166655638
0.07943751726179904
0.17469717401364565
0.15818961902118897
0.1580293299226456
0.22428110285810157
0.21776588422375423
0.1929213801007647
0.12509864038468743
0.16203479796837703
0.1643605244902038
0.1401851444702444
0.15237885931721268
0.14221034971976135
0.10401121791888412
0.18315180621204485
0.2357088276137632
0.12311578914312934
0.16221105363580438
0.14436084980862438
0.12054926398173181
0.0790340620731675
0.165835077532548
0.2380979609278118
0.1472015513255301
0.13947759876034685
0.11695625222858136
0.1486903570472584
0.13572166164720373
0.15664049565758886
0.15169487356768202
0.15614564247446958
0.09540680483507526
0.12553661843322542
0.19693195881783576
0.19096679115276202
0.1270735718047799
0.19491178773788398
0.13100189711547872
0.11051539547230527
0.09673812216496434
0.15495844013301152
0.1849199475190795
0.17176696795332863
0.15698695373146151
0.13554791917798187
0.20891284505321547
0.08723349992273481
0.16236780090688507
0.11915655801157413
0.11965302254940682
0.1790807903107774
0.15392676029729732
0.1832193061751412
0.16606556622923108
0.10033808450403969
0.07815050682883609
0.09471513649868707
0.08593110134572875
0.15755582133749393
0.12502494639699965
0.13423003229364808
0.1797459289752557
0.19695805346162396
0.08912224401709949
0.11883467373660546
0.1222553843141798
0.22085369113914358
0.1803136893877417
0.10993634969490004
0.12540227263453027
0.19216349208632919
0.15989003460655515
0.18405819930043152
0.1440449968494985
0.09624758643887862
0.1511519969091443
0.12783483225415027
0.11460696343202045
0.21035066786757944
0.21402426696792337
0.2073388450588383
0.20190289056743266
0.16723114768165181
0.18699243965955326
0.16937493774863965
0.15335903361275258
0.11284806684611702
0.22263561358894177
0.12947425455180586
0.053510919341231894
0.12520203900009877
0.18794547022707547
0.19329255235195342
0.07828320137081307
0.1808774568908744
0.12045606061695421
0.1040114963406421
0.16505718292686175
0.19584633214751543
0.1826074595991058
0.16961074565103762
0.12006918393114428
0.18418349472266643
0.15668707427509543
0.12448979599444428
0.10130651164703619
0.1999216069794996
0.19358616669783282
0.10945417519124556
0.08173765157959557
0.15705779985622964
0.15442581437102143
0.15134490643029055
0.12178209479303684
0.13600863111966624
0.15852361575111762
0.1785801257628319
0.15630183986985174
0.16155172430042997
0.12100586390128265
0.17643753052965563
0.11220219453613277
0.1574848901201654
0.1520157992863584
0.15537827250068129
0.07956215531210963
0.17217041706507089
0.1221902100173886
0.148031180626397
0.11981712618308575
0.10513833851120286
0.12174650948066348
0.19860131159334887
0.13803243228336395
0.12648461430766592
0.10464089199495788
0.1269140948618682
0.15851301355327815
0.08925485782892968
0.17503610772219313
0.19915736220667699
0.1329091141589433
0.1183414501896136
0.15357557199081037
0.12491693062601825
0.18588123934545825
0.11315112122375748
0.11676501987634234
0.07254044090486897
0.10426362164835203
0.17913917789372247
0.2115445107571761
0.12692416641261597
0.09361493706372429
0.1850249598295777
0.14178128121025418
0.13087354594174744
0.2322943072519369
0.14952335199914088
0.13045413171826453
0.15956670899079367
0.15025788127938067
0.16981878194974723
0.10951085070452365
0.22842353755221906
0.15920484977741692
0.1303783395366585
0.16641856064718602
0.1507748425023458
0.13898251361268388
0.14560021577573662
0.1577466407553505
0.1664755799155248
0.15708302816744668
0.1730008139932403
0.12540080669501547
0.16500983780057538
0.1771476458304631
0.22384536652756107
0.11469641842731507
0.19497643957330393
0.16833161539796476
0.14134268312499162
0.18338916989049636
0.12100026660711959
0.12268291242953662
0.17951636247533256
0.0945291336921812
0.13523967655360145
0.1575760595281377
0.11132388583774078
0.18122484488462287
0.1714951151169784
0.09033863519312449
0.2161200282339168
0.16198255256137992
0.15323372379189273
0.1772109914907687
0.16092950942580328
0.14692581452885428
0.15999726784238388
0.22751198320251406
0.12939532460322611
0.1490799367681364
0.19075152837628032
0.10436640020434591
0.11414803644290555
0.09599713228462631
0.17286211750279762
0.19714117096294573
0.16357552792145127
0.10514500141421107
0.17194776898109443
0.14296131492211983
0.1911247758613065
0.261603591867556
0.10435989321228491
0.10361407419466362
0.11216497372231335
0.14181518058564369
0.10507905261514368
0.17419456482627932
0.18676190316235397
0.11344412236291944
0.09367096991916063
0.09793881914102257
0.16163730206485646
0.1630019541661317
0.11954166870189878
0.22659802238944937
0.14798193464581505
0.19134155496368221
0.18738541360665156
0.16429457151457552
0.17475252658880688
0.20095097095207784
0.16980578262036225
0.11795513428814781
0.17831999700038254
0.1735812255937246
0.18446906887662917
0.15277449619627256
0.11973895276369202
0.18481123561019114
0.09906636460559887
0.14223633496770757
0.14891345251470814
0.12326508046092052
0.16305345770983493
0.13362990058831506
0.14546777081673506
0.20606855410039235
0.0669137214710042
0.14249926208223107
0.16888261009905156
0.14604932082353017
0.16260739305058147
0.07944030500598134
0.14440877728139087
0.13911973942802913
0.12012872522517531
0.14697294415957868
0.12417056002148551
0.07800166059388541
0.16067648749124752
0.17884508337873584
0.07064968170235468
0.17248840265868898
0.14378388951788276
0.1134343055498822
0.13649292106578426
0.22900421521231268
0.18697311373348444
0.14529492294759078
0.12888779410808035
0.1887928276984252
0.16001159415517427
0.1476130758473989
0.19240777105570897
0.11555638795287525
0.16221437267619687
0.14488065971432043
0.19054064767578743
0.18371857112638967
0.1887772263617168
0.17340900023755357
0.14418623917462578
0.1188618296464049
0.14433649282979033
0.13873059609974675
0.13421938418220764
0.13399660285606502
0.1169496354235402
0.20744823218766
0.17177710951055375
0.1725383073522597
0.15505321296196958
0.1515106150185667
0.13548749661610987
0.1538780277507672
0.0725998100111859
0.1315988848827649
0.17161389033274205
0.13659335166009842
0.18224948857803344
0.1327173217149879
0.14806067898566025
0.1373023167276488
0.16696974437390583
0.07503457583534566
0.20010427081389676
0.17273503669378396
0.18729860722583094
0.11688159675927409
0.19624444864893992
0.12038173410870143
0.1475693126574909
0.15278344743336567
0.15161376778116278
0.11783636756595894
0.12126232884490727
0.1433134907817541
0.12317269624462295
0.16167341290130904
0.2014804398245038
0.11935948531611888
0.14083183576113814
0.1544083401289495
0.1460765105857792
0.048403989104285214
0.16111851681682293
0.16159280989315947
0.1735900251479634
0.1819848668760441
0.1844431609833604
0.08063724493029747
0.15779009646253842
0.13061954122278335
0.11231698551575141
0.15156785232658299
0.1071937782284359
0.044894345818536345
0.10373802496133058
0.17179030573124596
0.11180719028639301
0.15162197177916248
0.12282772597960281
0.0819051888722011
0.12907967455291774
0.1636552491056981
0.1571148006020235
0.10371551400822661
0.15025969789350252
0.17975448209638395
0.16650356755245319
0.19558690772507184
0.1029299159548579
0.1350286922471806
0.12139349120367866
0.1039026488563849
0.11622873686784016
0.14392779296171182
0.1264881858537394
0.2251947637805739
0.18223053385646348
0.1416172405649931
0.1543745727870714
0.10010922558869136
0.16353087689818824
0.12067226605611164
0.1565108650601286
0.1343529860939378
0.16848925965268688
0.12860652292065622
0.15518678324844754
0.17795090753452847
0.10652078024420653
0.1869752175723907
0.14459916863894623
0.10129239661204648
0.10678699244770272
0.1387222289714123
0.1575982349101427
0.1706409457828162
0.1363294093743795
0.12591488095482858
0.1321105542008122
0.1907084929724306
0.17813871059273065
0.18271917925637518
0.15752121743154351
0.1542200108103863
0.18319308670919815
0.16210472010433657
0.15895838847271626
0.13243979019892335
0.09661017231950834
0.13965370455474985
0.1767207262254299
0.18099391950619828
0.14016098785453163
0.19532242897646335
0.20217561792211355
0.16293606987533757
0.13054999383598082
0.10180040693555881
0.14375742434736147
0.1647541302193924
0.128017658635647
0.11613791488377852
0.1388977726782091
0.12608931184955416
0.11835021445798086
0.15678860339899423
0.2125873723267735
0.1838307376604585
0.15958363049519506
0.22635436153101102
0.1841265025109585
0.13039280935437134
0.11067693831105994
0.1276422653291739
0.1329127047229026
0.1853141458471373
0.15352199925917792
0.09029658149265377
0.14872868575020223
0.11733175497954992
0.12855787600913124
0.20404920462629908
0.16083687059695578
0.14724195187041045
0.12873521033021854
0.14826583702074028
0.2232271090761918
0.14727341629433258
0.18633408574307553
0.19972311685098992
0.11413644880648287
0.18859036206900606
0.14406498855638447
0.2059260220267807
0.13611987092340325
0.1435642030856299
0.12020847596040338
0.12832281567326279
0.18904359244655564
0.17497195262354906
0.1671389530280206
0.15650687677476727
0.14858218332623174
0.13622264596932218
0.13998734700028606
0.162153640166187
0.16718692333189475
0.14474012264001546
0.1744975493551595
0.19202159002650274
0.12620842769000148
0.20003393087581292
0.1549136651415307
0.10679937734461485
0.1203222986467469
0.1219132880378278
0.12230721579321345
0.08844722868181232
0.15247232125853558
0.14471932341361013
0.20810560449111462
0.14860233014480898
0.0811892055435234
0.12824635760741696
0.17659180720974946
0.11047097392860777
0.20096499418606148
0.10459621580850902
0.12071419239037855
0.16811179677236826
0.17034326031041117
0.09504102866642894
0.1258820832488205
0.15347077691804373
0.1211534665237966
0.12653992508148706
0.1830254983591417
0.15477193061140812
0.11675210209987814
0.1619938540608795
0.16852150514660635
0.11339932714488205
0.07212425975146804
0.20865590390058592
0.12044970807849768
0.11220179566392557
0.13552699607128574
0.1762305961478879
0.14797316454592702
0.11947024258449872
0.2031472096493039
0.18719108583588423
0.16775931712840833
0.12508181132763563
0.15443565209882518
0.20441510678543595
0.11545405179384831
0.15340543612233015
0.09408917393910235
0.08483566000745967
0.1032892691588838
0.14001630124959433
0.15671836804302164
0.21616502783273664
0.14822483336034512
0.14012395887376083
0.16954217368783592
0.19264367141316815
0.11927632444815488
0.1964780325854288
0.16567877377610313
0.12235838434937657
0.24723514936753965
0.1223786191614159
0.14755375145660832
0.13270807614176924
0.1764768068184383
0.08792101045013746
0.2226389221208042
0.1605130352038893
0.19883317229127828
0.1009374411082021
0.16198443867298457
0.1865156520572328
0.16785964915950094
0.14721477862127233
0.18089997678325012
0.1615709464155426
0.18254853312749733
0.13109241834554425
0.1436800506053022
0.16202177788265132
0.14303175829428375
0.17345165391656195
0.1672971756049853
0.1287250105359746
0.13615121456444415
0.08950736871047571
0.18418876700098424
0.16075476105939007
0.10943705959457624
0.1281399797580034
0.101147730084688
0.12972040561280393
0.18880351168784304
0.14519914710921242
0.19843107031824686
0.11993205305491858
0.17729175611809808
0.10707633804501225
0.14920477921762623
0.18293651555897972
0.09776927862664572
0.0751920023647613
0.16013821797476088
0.09185335325651357
0.17133725870536545
0.093831111226124
0.09081274434194685
0.16194691153235338
0.11698637740408876
0.14460035416351372
0.14209820895489073
0.1389348785350491
0.1367832495043371
0.1508919160494622
0.1308303859561959
0.12675192185818068
0.10218615467434784
0.20923559285928242
0.16046911744770476
0.14849952419685536
0.09807781087716855
0.12127131909141543
0.10748458123812495
0.17183311585512265
0.12524972342025187
0.13912949838588726
0.10264604701590808
0.17558318601756526
0.17499752194257864
0.12290705712421117
0.13963609607849664
0.16302567449520777
0.08572742733833907
0.11747278910843396
0.15523765808775472
0.1447152077836218
0.1446747452188369
0.13467857974571906
0.12096599852782076
0.08568328812684464
0.1816273309815074
0.16296414079784344
0.22410821097546635
0.13039443031207396
0.11152763530044661
0.13647812202372545
0.15656222215846993
0.1200253209253414
0.20614052827133206
0.15094919646599886
0.17048276317423527
0.0933390427543233
0.11812895410917354
0.15948654463922063
0.16023482933347732
0.11973304666485553
0.18234156908676016
0.07929817699962605
0.14015092047313668
0.1316937461363003
0.17319707240899596
0.10254040998235948
0.17075946165812794
0.16220318192973832
0.19324348264731667
0.11669018497939605
0.09751932993519337
0.1438601757326817
0.11947683240836442
0.15472314721020383
0.13634763240597167
0.21354266677029488
0.15894715933151998
0.14361828260518372
0.14073867116143748
0.15152600686740092
0.10708148371988671
0.1296558053865747
0.17703505510711207
0.22772589440939958
0.174143354119336
0.17043525339068005
0.1359238559818397
0.2783001091904579
0.1436133638498807
0.1594383532057879
0.11295183815632416
0.1401563349488288
0.20864754068635202
0.19714180389602096
0.16837836392010577
0.0933305142432867
0.15511204256903832
0.18588526207798173
0.16500031133076734
0.10128932529046476
0.04560653369264816
0.21796934440345858
0.14814768331308728
0.13501186489903894
0.1451243081955918
0.14052650492977414
0.059526464988628305
0.15751597828250916
0.14730960034472643
0.13272921084048506
0.08660694790397538
0.2127957426744721
0.12098864896274475
0.11835729784062005
0.07973864300480983
0.16346758161710465
0.12115516819183846
0.19379945004661145
0.126866841935795
0.15521202929117184
0.12876708671347112
0.10852346194049468
0.18693553656762615
0.1387232290532159
0.1307581178916969
0.1522719702820072
0.11832017557733068
0.17021850900438235
0.11874581250713113
0.16260700226849373
0.0978400665115091
0.11564062887811334
0.1355325197371521
0.15051238166861997
0.12761447173149798
0.12309259450204091
0.12485909861312793
0.17151844699685243
0.11688317953856424
0.0885728463509548
0.15384206978384599
0.095090780335588
0.1943013260194792
0.11052197715868883
0.14724812832170006
0.11394083207904204
0.08957497182843208
0.16975211385255365
0.19343233179532368
0.1315631459751781
0.15006541761114764
0.1812193903565351
0.15527430159686287
0.09632654721980943
0.12695422044018836
0.17271204193710527
0.10102058487246268
0.12074614344476929
0.1739117245822956
0.1747018197184747
0.14922007033319923
0.14534651390649037
0.12091695744223833
0.11277965251723347
0.16003336663131268
0.14362800517298058
0.14589904219387304
0.13594780186382882
0.11899792944473146
0.1440171783105863
0.17174308167011698
0.19336445430704757
0.174381348906334
0.11764358718553532
0.16031168363508097
0.13971223541322364
0.1422472463523744
0.14538957627877722
0.1824476521018968
0.11287728162891583
0.10705657165015102
0.10315477924214066
0.1582924918953659
0.17012078254096627
0.08297643105517526
0.15838824332672266
0.20396398797420878
0.17714080828078602
0.1940629461358688
0.14580082881174772
0.12295860819229963
0.13782529187082512
0.0984631857661671
0.1626565502365541
0.12601993079305154
0.18997488523748762
0.15369069281720174
0.15850934033623193
0.16639840407228595
0.1328063424042185
0.20650110702033572
0.10332251153104126
0.19374896155191743
0.13936155095570144
0.12697527579524198
0.14486782951553395
0.13384130994452584
0.13034909922061486
0.1451826449013576
0.17848828057326632
0.09911434451395781
0.24058620433864605
0.1961312653743175
0.13070054417633517
0.19359421885612607
0.11908384976995191
0.15091127244383512
0.1329243565209282
0.2141992746578081
0.12200906821110855
0.13386597334800662
0.16996678195591242
0.13960424271725674
0.18088558030973934
0.11633660978597254
0.18054851789309254
0.1090533528234354
0.11050390829973794
0.11709295916134403
0.10642461571216649
0.18608463567687922
0.1502517811577893
0.1212654350044057
0.1271814229084221
0.11837132144001872
0.12631790076068247
0.14066579185216413
0.10948051615049134
0.13539383562639146
0.17269981985427427
0.19526632276242792
0.13795754025802487
0.10420752643411624
0.17539637354342416
0.14800586351133624
0.10191959437935734
0.12445193781600825
0.1252721384105763
0.17041397026150162
0.13879978154219824
0.1601111481048329
0.17533179116036612
0.10890621136078735
0.19018617123185869
0.10681223314494412
0.1284753244671632
0.09630160492990888
0.12850745164560096
0.17947259330173784
0.14008341574375338
0.1342690964106703
0.20455806865429285
0.16356433831983894
0.11803422684696928
0.147094288164948
0.12347884317129067
0.0712119654448132
0.12523225328127752
0.11393508184351807
0.16548005875439437
0.1880065700536478
0.09258027363716977
0.13056071599027647
0.10329503144871395
0.16588152247726334
0.16969157835886617
0.17427559185493638
0.16919974303973348
0.151175078034329
0.1038856808162323
0.16987060696592735
0.1526649923846522
0.1865086182314988
0.11834233016833046
0.1713865799208986
0.1373445091596514
0.12272404981615792
0.15140825884436265
0.07924186225532491
0.16414752916857375
0.081432468064742
0.055624467973734715
0.149167954365202
0.14725703086286313
0.15594827549122878
0.12610451757442526
0.15449638566445087
0.16741862304080152
0.12340797216287212
0.18016950732411732
0.1391793120896016
0.1424121148926681
0.08760016618748316
0.08972320676562012
0.12592465471229158
0.11283924422401934
0.13949496565081151
0.17658329046023163
0.14427310236648494
0.11887270234342259
0.14957456104604577
0.2292651207057965
0.09692852044871385
0.14030467857347192
0.11223010076616385
0.16056755236909157
0.14127200763583864
0.14870594675864013
0.14025574935099128
0.10158197654167364
0.1572080562805565
0.19282263697436475
0.20656534894461903
0.14387674917151272
0.14418284984911048
0.0830596098487408
0.18295122919207557
0.16629826848057788
0.17833336150106013
0.07823312684820272
0.13304543356096896
0.13020344441046683
0.15024678289644028
0.1312427428200381
0.16324262555910887
0.17489797170268578
0.11248758170657336
0.14809212992530268
0.15904493104937495
0.1496797659680144
0.11610863065306055
0.20201613742223296
0.1955067503776395
0.14661801857122947
0.11835199949743117
0.16918129409189891
0.10149385416331122
0.1739419729579577
0.11065571123678558
0.1401789824936523
0.11280096929494324
0.13092450840348843
0.16726751334979686
0.14450963023409968
0.12570961841191305
0.15180752714662632
0.12690778760513977
0.11196091812846268
0.15819150496351286
0.1421106371550621
0.1941607115984436
0.1125783436318884
0.05425120936116078
0.13976916637185713
0.14741000640513124
0.14156677702814865
0.1264629175323723
0.11735516633954274
0.1556180402538137
0.18167933652324542
0.17187341428799166
0.12272364951755467
0.10941265353550285
0.05470635812767465
0.15749613065035378
0.144605886977125
0.207094254171621
0.1495457634045327
0.1670551622355542
0.13741640703048202
0.10574646029571895
0.17729266650065076
0.11752905409686183
0.17181622332405252
0.15067907736327202
0.17811244067748988
0.17108078467699328
0.13128189626484735
0.17956047518384813
0.13122074213081664
0.11894506964045257
0.1903618381806403
0.1307303659216632
0.17632159828588861
0.1285875018480815
0.10982470711205133
0.0914093162178846
0.11608273523348259
0.13454369380633732
0.12968085773190746
0.15532353613124117
0.06636735538975826
0.15549021468676458
0.18283634720268632
0.18728057084417724
0.09449780567638154
0.1497284409789765
0.10460162078931902
0.1422941598925632
0.1333119293582219
0.13650138516530175
0.18382181233059822
0.12121892166205801
0.10631441978435108
0.21213213353245788
0.10510251277732607
0.14282019743057348
0.14860234868744573
0.10518545444815172
0.08484006718197258
0.14886795844811596
0.13658479726787964
0.13636942349130457
0.1917669294839739
0.18311283593245814
0.09833797135522425
0.16168062189674262
0.14837711173283147
0.15828017393049804
0.13822931549854073
0.12694125485948274
0.17283019321505536
0.1599077174758727
0.1733259707068805
0.13879487941907678
0.18532318304437756
0.1612955814818891
0.12117007102809674
0.12856134196459373
0.12451094855727106
0.1534939611326908
0.1044922493078173
0.13955607877931378
0.2086129010864597
0.19289807794609617
0.1305053653991407
0.13361905183523368
0.15140959205773047
0.14737513183998707
0.1799460857141559
0.14425208921880708
0.10277780377648942
0.09937943261522109
0.0746647882312674
0.07329211578144114
0.13967741371196074
0.1628316745360046
0.09920661601767333
0.11017744465214732
0.13261361738122365
0.13032611330412633
0.11886780312065841
0.1620358219716986
0.09089508463951754
0.13764678787142814
0.13277540509344501
0.11027264114951012
0.18250137970930144
0.10882138444149654
0.9730136382877816
0.11866951909815665
0.13843030973189444
0.16289864370625837
0.1996967236058021
0.1359965061477241
0.13695989973986938
0.10877814656376289
0.1057333603519771
0.11873969591588021
0.18634537731763923
0.1673686642280179
0.15699878299506703
0.13078440176913048
0.1315575179748145
0.19821148606983613
0.23110297966729143
0.13703800078109982
0.15215181312323417
0.1151334499113656
0.15148581057994376
0.18721591535583007
0.13241375045447362
0.20488115935001672
0.13397841541211533
0.15524476701209047
0.11880013770855853
0.215456282955674
0.10189765103781082
0.16658280752800486
0.1349792940299602
0.1623558366422007
0.12015366294189302
0.13264816577905358
0.1108246070722539
0.11471939811907585
0.1594148280759052
0.1070254928421747
0.10432717661408093
0.1270031103766369
0.616762627851587
0.18791111877108396
0.10517682866397284
0.11052675943998147
0.13122887201675013
0.12620831678971264
0.13882363153965682
0.12508051543765802
0.09214914593839134
0.14565569235448625
0.13076180434455045
0.1391111947709884
0.13394409749150163
0.0951997841901006
0.08853964141759073
0.12529755914464333
0.18993219968572575
0.15797277385961367
0.11585290033074186
0.10830235261152714
0.09453097753425574
0.15816312296492407
0.15058675916406614
0.10791348826151391
0.1891613812121104
0.1813066782817159
0.12715809864744193
0.17544848424453058
0.17809461670519636
0.1266932268014438
0.14706610206557308
0.12466664817580683
0.16802861794029877
0.12049769920257102
0.06826946483461678
0.14329164483685858
0.15673800551292924
0.13077187391999898
0.10758228253975297
0.15862994831546948
0.0957043029307461
0.11541290707811067
0.16458666700326274
0.09278673164142179
0.15329672598717267
0.10547406510524
0.16486284719536312
0.19493794274488457
0.18336423812973318
0.11891891913515444
0.15658367949003593
0.14643421728244838
0.1709861192945606
0.13656949752663333
0.09979775888992112
0.06856122263785068
0.14004371181690395
0.08939310633516036
0.1517983566134418
0.15509221086478958
0.12782640927684374
0.15436812825238252
0.11816551059967502
0.1742205939810885
0.15608436125161582
0.15324130911616066
0.13146445892671166
0.17760099564090456
0.1521331499336446
0.11698029846995746
0.1705655308504453
0.14784042977863715
0.1717466150237731
0.14923157349805763
0.14801429305841818
0.06554673054615072
0.1771999945261219
0.1138384147175412
0.11888634991704636
0.16534533552997832
0.17999358964575773
0.10637745165668523
0.06195509702348715
0.1505856724728172
0.16974352370650966
0.1128808554610677
0.14539054120796693
0.16739861405389306
0.1377927957629007
0.10616227877499937
0.13125923337775397
0.12770548822701064
0.1735693059783344
0.055215196520834856
0.09682686439190179
0.13717906156563098
0.19323161584786333
0.1928696078439366
0.14833726304164457
0.19624489030032383
0.14600102405858026
0.16134090914520166
0.14097049255265368
0.14700065974132448
0.131814283749683
0.09459559726439935
0.16419093806706028
0.17094476458513894
0.11053271796681712
0.10107381028584905
0.14280117639247095
0.16522319201720687
0.18043772688929263
0.11548761372387999
0.14431486952113803
0.13690506107791817
0.2099138514700011
0.09805943810886479
0.14384232333581795
0.13912642948095244
0.15957212937619822
0.19127058949182763
0.16620189019415058
0.12061947219711824
0.10338443616600462
0.15505753367587516
0.09365108814313786
0.12463148227531287
0.18209277656360148
0.14651684973274293
0.08271146840849243
0.14679530455468692
0.16499986164311
0.11683244852879604
0.1252109780271375
0.07465605858351274
0.11142648181115887
0.15985455431410978
0.19132091647511212
0.2000708605266151
0.1562971153463928
0.18389907363694305
0.11572571063914135
0.07825779339918193
0.13680158427233666
0.1546145944596167
0.11709954938475732
0.17796012560727056
0.2001365330603452
0.21170378437152876
0.07122321360171208
0.12407146364547991
0.14900626110528842
0.11714264908732498
0.15732262120675378
0.12397708378019678
0.07624105434550303
0.14458089587563372
0.13340618062726295
0.15544144854963254
0.15351311216627442
0.15737800829985224
0.22045278508777347
0.15991873875070864
0.13651732906811087
0.0936339317503224
0.14490287653193198
0.15748547891459122
0.10963593284590012
0.14347848081956036
0.10779374164720147
0.15540711274848443
0.1317399427760337
0.1330482513329958
0.13017349368378023
0.12787188331124363
0.1347399924385405
0.13092094084051817
0.13165291395236212
0.16713293960567163
0.10355283239673234
0.14677186921472327
0.1846932995972515
0.09244043834915334
0.17062456654491873
0.15764096320057686
0.10586346248132446
0.1438567119296984
0.13865364480998327
0.11458256141909336
0.14200062050374607
0.1334619413437274
0.11961191792967915
0.18091512431442236
0.11535973933603953
0.1335008591238429
0.11668006112537913
0.19285874385071522
0.16389200173431345
0.17541859634722748
0.14753876929483498
0.12784089485109706
0.15451081574910777
0.1798707002573938
0.14390079501561556
0.11264939596561757
0.10342270187055927
0.17927135897350074
0.1709011395114156
0.07157769588623997
0.15016177136032854
0.0751119382728115
0.15276966406807244
0.1378757799881053
0.16267675533252832
0.13976036195108898
0.10667216491178447
0.09907974568844287
0.12336609701200806
0.1060328229895499
0.1180241965219223
0.12943862104727588
0.16186848148350072
0.1981326514153934
0.12024567720748573
0.15792363660910597
0.13770980542965086
0.16807544138164673
0.16007848117452533
0.14682477361825794
0.14719244129246944
0.13126816696945723
0.13448386577846608
0.11521237965798829
0.14578101370628427
0.15753111598845845
0.08863857621650176
0.18159375807890074
0.13180471208197134
0.12247569050181363
0.16337193788237225
0.08315688549646401
0.14649611988572342
0.14423819514606898
0.18533744897699644
0.09179005820566914
0.12195164499669021
0.1589206841515479
0.1786155812447709
0.17404877614442937
0.10027377191074538
0.15527436896095678
0.1181031096659198
0.23806093340363693
0.11650619111092883
0.17741002830355948
0.16218630840557
0.07835868412359609
0.1268719622288833
0.13249169832223165
0.111921937516404
0.09479348483167252
0.14926967545195807
0.16184506674347945
0.21089697501229537
0.11397625948854737
0.127604531365084
0.1603592777445847
0.1319384437212232
0.12765487627658761
0.13065584585936646
0.13699203979113547
0.18467469501266046
0.18521529252893953
0.1283261711762368
0.11367493909855622
0.16502188117437003
0.16759553603709093
0.14148003340382737
0.16965122538030755
0.11081583761034777
0.09614889883322535
0.15407275975036572
0.1223997313571043
0.1166077912643743
0.16284034768995861
0.08751022214677508
0.14093902113328194
0.1441730491707401
0.14227322506362283
0.10938804615459469
0.1585636911455459
0.16859942718815701
0.09716189196995807
0.12644353430827587
0.14165114086419708
0.10633805935844563
0.10924200025520957
0.14529105215413732
0.14267818118301268
0.10951003825710455
0.12093209305865932
0.1382715855883815
0.1450358963723521
0.19327613297916363
0.1667244958445923
0.2009874122507462
0.17977393828502689
0.2208389563767192
0.09257232153513675
0.11678683679599083
0.12228441098048956
0.16726208885846916
0.2328798191072219
0.1789444701347809
0.08589860140513013
0.13681346859305019
0.261108890095182
0.16771053046867057
0.13701944490766563
0.14477668595883558
0.1194181897360019
0.14485539219030533
0.1932239873804629
0.11617456336240065
0.16639633366674353
0.12190230077015508
0.14152821673986005
0.12308635169953505
0.13101235223250743
0.16445547272940522
0.16319721692341685
0.0809964107137643
0.14207526214703428
0.14356098139419649
0.18265860264016906
0.12084643316655133
0.13050140108879438
0.17518987924905843
0.18286694076205823
0.09212724956790803
0.21353051331898718
0.15283421496086816
0.139824644530387
0.15037089882870136
0.1196243965787483
0.12957284080193582
0.1531454791261629
0.22498259510465216
0.14480500062334026
0.10350401746834728
0.10706694389225024
0.1575401612626754
0.16293821576927714
0.16604138223946213
0.23183051414932365
0.14956942511070137
0.13864765081777738
0.14296248479406048
0.167912362191451
0.0813012338090059
0.1578190995934558
0.11590056674252346
0.14012038509440217
0.10291129512235292
0.22893913268600727
0.19966968915091451
0.15956606795519648
0.1247054050578566
0.15858308798563056
0.13553509320807935
0.11202047313361825
0.13080538745550588
0.14276974760215386
0.1395135594060537
0.14056007275422855
0.22744203167092863
0.1672108862852524
0.2262429182286921
0.14173607328154353
0.1380491363251772
0.13964778254515856
0.21586529089804535
0.09803055306312197
0.17287336817649146
0.112401242167385
0.15400593711035462
0.13564740311310053
0.18453607728120394
0.1347807177047459
0.1209136191628649
0.15303411355106525
0.1702712883182514
0.218125212408151
0.1621545226985419
0.1422783379994648
0.14065269639624559
0.1987139980540591
0.09727733245865929
0.1954302868873167
0.17527416801542336
0.1788559839823074
0.1760440171820916
0.15200810906511855
0.19903214910450848
0.15982162348060613
0.18885004934350152
0.11241222486700753
0.1859571978393033
0.10855585361016853
0.10698846891542377
0.10963692673494853
0.133073689280521
0.1083280094358422
0.171869696192512
0.09647331151483673
0.2036519164026969
0.08360628940608347
0.12187653237081575
0.15998949919210464
0.1381595775413239
0.12457492001846517
0.15337160876251987
0.13895296399554194
0.22967973650758358
0.1617313843026407
0.16123577025443986
0.1552632913057299
0.12241696956737895
0.17567589903376882
0.11625454127755042
0.14322837201518773
0.1052440761150682
0.10580173085341377
0.18485466002589776
0.17313706072276341
0.1572019098522356
0.10996198352639139
0.1400452341367775
0.11086526729759444
0.1801909149438363
0.12530962457468753
0.10446467652777834
0.0951520530146607
0.12977202504056592
0.13836926677634864
0.17323777597356368
0.15745437575554325
0.1569777471580966
0.17967540885276076
0.18014241385869512
0.09124722170312696
0.19598976943532512
0.09845703282890914
0.17639915768979555
0.13704708055041065
0.13341039212459485
0.11754331349055563
0.16959656946255275
0.12681867062428345
0.15338945441716212
0.1153153431659102
0.10688684172305442
0.19113243415753287
0.2175621942588526
0.11559183376421878
0.11579974370764909
0.14172527955920802
0.15054592485433288
0.19408338614225257
0.14370607526864815
0.11001823515148726
0.13189044857476415
0.16188407558674336
0.1887028393332961
0.08718075834259353
0.08540423668326795
0.16406144636889883
0.19978188760728516
0.18219513174762172
0.12607589269116787
0.14337151036418003
0.12206598530158357
0.13734670212244893
0.15966805858419728
0.14469219457806914
0.07543191706513289
0.09409331121542024
0.14010958788501712
0.10989371394912126
0.16487700715681847
0.08668121713740456
0.12658178345479593
0.0963676286183461
0.1821676545771443
0.0705575687067272
0.10857081001106339
0.11468000608959796
0.13339998915658108
0.1637544115624617
0.13576428735887572
0.10007021826158691
0.24651764327468584
0.14437919458387555
0.20215157365975045
0.21309458123247657
0.15689779698256723
0.12987912554810663
0.15011579188688912
0.13415065840049958
0.1557456115392823
0.12140511643835072
0.10420387284619713
0.19285040796870898
0.11456218705308706
0.19232032527586146
0.14231172078132395
0.11790146686297678
0.10818502642321469
0.2043553870140233
0.09311959836070396
0.1255551910900961
0.1480498748559775
0.2153877121015017
0.13511900877435887
0.1260638780556789
0.1404615213993389
0.09724887799927362
0.1333451690363212
0.08624096945346472
0.18474822741664984
0.12327647489577441
0.1522615756699911
0.1689923406800664
0.22382049761347195
0.10976909714775682
0.1346732000888612
0.1059663702276497
0.13513890327877146
0.16806867807365986
0.1805501553871931
0.12166612791998271
0.15487872171667422
0.1304879756219674
0.08913724737321413
0.10179273212398054
0.16527382880910804
0.13224264134613345
0.1435533250923703
0.17566003974082914
0.23375745182020288
0.1351962382671888
0.1331819681565533
0.14550743311442962
0.11388605292991338
0.13595480408841956
0.13743104465229639
0.10396414936734835
0.17824079412978744
0.12420952321169887
0.18701880800079385
0.1863231715350515
0.1446788126323933
0.16987624744755353
0.1123350504012652
0.16193445304803436
0.12080451413814074
0.11492285746241775
0.10121257485702893
0.12004209054794397
0.14318795006369803
0.11577329123880059
0.1545671147611235
0.14441602782050553
0.17284447486190507
0.12796309623125074
0.1367964425235148
0.1320751897111479
0.183461777875015
0.14839240411478388
0.15344374102278643
0.11807029868521512
0.15206956849312767
0.17159766732044218
0.0967312685244367
0.12517176386742987
0.10510845637574966
0.0955130147113881
0.22806145776043316
0.11539200399571316
0.16718445725658043
0.09298706122631424
0.14470880738237482
0.15139874228234002
0.13343085166889612
0.10719007925712075
0.13022366494042797
0.11899268186331155
0.15440197217139487
0.13118189563405486
0.16511938309267948
0.13985996932886635
0.11454732917884557
0.09307349877766016
0.19829743257683302
0.1894090132408266
0.07813879563146858
0.19172502786561768
0.13422360023440313
0.15611834435799152
0.1587556313131008
0.10414947506594055
0.193053907876197
0.12093347972133635
0.12902567500942755
0.10725127220146384
0.1211421739030788
0.15705049650711253
0.14364398442945103
0.12521986073623942
0.13815860742523786
0.12920503781354292
0.10511778247097602
0.1191942227386614
0.14265371097427523
0.15592155205210437
0.16904402730787962
0.17710058553326993
0.1501374465241997
0.17423515751140387
0.1340974325578237
0.11262968689199729
0.13163655604679367
0.1670981545558861
0.10566908180460709
0.14740074982808285
0.1196486906739835
0.1520701983705888
0.19398704257940363
0.09866107221701499
0.10760430967327562
0.13534340751529023
0.16587945042215346
0.1984795785562864
0.13679772814729566
0.0994694394890116
0.13714054433238704
0.1559150219682837
0.16652599704860033
0.16079781653362926
0.14233235675486888
0.14763916561555654
0.13088415359976815
0.17057932689051886
0.14840913498565286
0.14151251287748812
0.16450321259034204
0.11778088022551024
0.14946326685571046
0.1603921609855522
0.1809713594519572
0.13473165544709317
0.11513308894276857
0.12619221119826776
0.16730981646090956
0.1181986397061107
0.1378612509522893
0.15967707893972222
0.15655515046451335
0.19779845949350497
0.17306931638827344
0.11687749901729633
0.11034734921049458
0.23154387955788092
0.19940697631218543
0.18463873854683568
0.10744511092658544
0.16514237435552448
0.14576587977128488
0.14081008930280675
0.16602661819162345
0.13566295162478956
0.11189849061574247
0.1420156951093827
0.13016837377955656
0.13439083063319138
0.12879530431274097
0.13553116461748807
0.19060978466624107
0.16788090060378763
0.1337586190187163
0.07974892411805248
0.18510368040073422
0.11195069197496231
0.13634823734492138
0.11081455804895365
0.19094412222355014
0.18268156612987863
0.1342724009345947
0.114614152830458
0.21115394242876448
0.10079346673400714
0.16484488568975125
0.11403476058460413
0.12174173045859486
0.17848282285384712
0.19093221260231003
0.15734639459254565
0.11460969010515344
0.1414750052737806
0.11689122797490963
0.0970982428304127
0.12204876742514052
0.14863635804050393
0.15919504206656812
0.1766861564929828
0.15789789118616906
0.09890242901231734
0.12978364070552972
0.1750685224525867
0.10632651447766203
0.14474578587127704
0.14938019641188893
0.1808525603881958
0.23044890960624745
0.1113730149187028
0.13033034104499538
0.10637264894725848
0.1503763483730981
0.12341053858020065
0.13112203598434263
0.20832475595564717
0.1469573509794646
0.15938160324992912
0.0960367272248847
0.13968865735602223
0.19537241169169778
0.13241193156306869
0.09221049631565836
0.14018154593174675
0.08331555540863385
0.13143373020519525
0.11467486053239163
0.12469873211272862
0.1271366554039027
0.166350782492159
0.09436227540667762
0.11696703513039773
0.16219657383938602
0.18470133180032705
0.12936616168846946
0.13038600363667444
0.12756218810455505
0.17802551793077467
0.15685913444493718
0.2068604099331198
0.12021202487374218
0.1360892885877236
0.13304788723167676
0.11722646504185905
0.13868447973732506
0.09464417038099562
0.19618358071523395
0.12751721017054532
0.0893555178228328
0.20644858276009626
0.12644749314040415
0.15114355495523288
0.1728116890625864
0.1231039543043715
0.08550160210554013
0.17410644406735787
0.10407975912312577
0.10539329778591847
0.20791261609076586
0.13428673747412442
0.12388400280347062
0.16612995192456703
0.14160121460911457
0.13234982497956063
0.10912248789774448
0.20764983005078033
0.17560951974729755
0.17946360437608838
0.10544024509742636
0.21653923551411597
0.1239571643554347
0.15007016803153958
0.1505849742774474
0.10222901327871027
0.12487861129597673
0.09288253151846135
0.09656486262466281
0.11048537768579132
0.14058235416814524
0.06690809651749405
0.12333355260136382
0.14241195567497844
0.12341560387959499
0.1453928398163024
0.1850081027859063
0.1131946288481761
0.16039053140521653
0.1750056102130067
0.10897873802863339
0.15071460133990952
0.17663016115839697
0.10491990917988879
0.10344300233420417
0.16370124522857132
0.15733713378622433
0.14645295154434548
0.13321430029918935
0.14370036108308623
0.16077337596701707
0.1364000833711574
0.162571120538632
0.0826698291744376
0.1965914261708672
0.1732156724372324
0.12254678409490252
0.14149092249081222
0.09573795464671929
0.08895368036476084
0.14376921056550532
0.20105172750667147
0.18927933974370748
0.17930681498399545
0.20586979954848864
0.13091091602374733
0.1511808287877531
0.15051815532196364
0.18702431197378286
0.10427367910542053
0.1636478800672969
0.15361396481172165
0.14761655513794902
0.10941446448249544
0.1486196486454223
0.14209004972492784
0.19605332387173333
0.10398835418389189
0.10404009306764654
0.1299693102828982
0.12420719986747127
0.11970277915828563
0.2019649410528731
0.13187947682155232
0.14690359928541513
0.1459888880826876
0.11973626649606672
0.13259199949025527
0.13825246443226427
0.11284423768324896
0.1682365732691255
0.1623081186179241
0.13955036183479905
0.1344831603693234
0.11634186000214795
0.11132730541941832
0.19424150052596628
0.18101014669035595
0.17878104745110288
0.09250070852018583
0.1611001253592423
0.1743253246366844
0.16225803918548262
0.11556047349967494
0.1461997795281614
0.10984144822195548
0.1207646682182
0.14030698115829435
0.17667587251860595
0.15197146203567508
0.16112576053106423
0.13335765153298365
0.15143163568458587
0.1424825466498027
0.13960284634636325
0.13634108846806764
0.17697899495153338
0.1163241849763945
0.18371825971280467
0.19272036644420518
0.15775221788289076
0.12294721763709018
0.15535315225219254
0.12842053028344946
0.12095239867197806
0.07267957102427952
0.0910660376054161
0.12350295516519713
0.14609057981703075
0.1925367713809217
0.14906807828797877
0.14631581208289915
0.12070015926097893
0.13980481652421667
0.1072478466970331
0.16043873417559038
0.1298993267341085
0.12963700368550832
0.13010023758604233
0.18084967992887363
0.15301701809797
0.10031467963051303
0.14939919260378573
0.17784781723019114
0.13491904218229875
0.14403982725356282
0.15785159486041953
0.13638451733838172
0.1569568956246636
0.10754967325566958
0.15551278213783312
0.12374760870610992
0.13416925122293036
0.12097470664888337
0.12972553006978438
0.13318418190374307
0.14462553103075435
0.13955642162040835
0.17010730961224305
0.16190242411745595
0.11531175354234563
0.09457701537771243
0.1674024373980023
0.07466712176281287
0.17561523124628897
0.14259303908116092
0.15370186731409657
0.16544808794545363
0.14251360620971734
0.14925250257927297
0.2095439276055603
0.07707570831632582
0.1519913620633676
0.14361899586245816
0.13438574402411596
0.16306730219226465
0.17731679180777246
0.13813474391147418
0.13496350921323763
0.22870339470769746
0.08442864816455573
0.09545299557494134
0.6648300016685977
0.14764572598715156
0.1481706800288329
0.1679781348200501
0.15000600862179414
0.13938708137538655
0.14744650617907393
0.15874722973811298
0.13704591578807857
0.13644577605447153
0.08051378547133155
0.09098641237239795
0.15543076364386071
0.11232154049619854
0.08578956328819513
0.14223614507439467
1.0056682164244293
0.17294641959281634
0.9734163320833258
0.20013956699457394
0.14794990311281989
1.0368115531200177
0.1523278891734679
0.24357782428733515
0.22326258323756412
1.0551436484093073
0.9082348865364529
0.883504994016306
1.1043126731425408
0.7502142372965492
1.7516547554467936
1.7718948593486639
1.679512486364964
1.5707503985441755
1.500774073844265
1.5961283570458917
1.2981076038596908
1.6322804039253043
1.4005653946628933
0.046146018521190484
0.03304079012460554
0.03328610391808155
0.04877031961441581
0.028910314264746943
0.04295175001127028
0.026683548909621775
0.13703976068020163
0.04084673568926802
0.057155039228370945
0.23495314098849293
0.02475431046533479
0.03151533813332569
0.039664657737593645
0.03774215902237341
0.03710098429190391
0.022559862620273395
0.029972386911279396
0.01971069279433899
0.037010024524093625
0.032657956810078444
0.02469702687671305
0.04074423099060712
0.03600921517921868
0.031239980764149394
0.03262888711829661
0.029414047788377612
0.01782698254361807
0.0536013165858542
0.0114189548153173
0.027009962804416063
0.024253999558039654
0.03369449834600869
0.036937091760751745
0.038013319616979235
0.02749621623800043
0.025248222915918706
0.043540759628809315
0.024567764825211003
0.027965925614804814
0.042204241862633156
0.04144091460184949
0.030143294659260737
0.027467962717038438
0.02476151282544056
0.032445693997862006
0.025821721756155977
0.029659476478606797
0.029276221347549047
0.03388742527625021
0.025500520637960503
0.03960983586883264
0.05373504628849613
0.030252976965692662
0.028222800592230826
0.04798414603870027
0.016139863765243775
0.020964133325665463
0.029495306642142123
0.030172275179798685
0.02624404803066667
0.01847052873433468
0.03699896214649786
0.028030997343460023
0.02397615450284715
0.020185012933669925
0.0314115913288443
0.021837914409595992
0.014563918782146346
0.023102644235225876
0.05212289814190886
0.01836032270245214
0.03594514286000429
0.028254362211725025
0.03258070819750037
0.035115164419708474
0.037464391332473514
0.027740611704724815
0.02662078592381297
0.039627319639869055
0.018018218565267103
0.03077225367636946
0.013828845167679288
0.014075855294267518
0.024051628703967803
0.02694413226688774
0.03107537388120936
0.031076483467709564
0.026006540098277797
0.02737640370051616
0.027446530249894737
0.027508889134870512
0.025762294801280998
0.044236210469475054
0.02179587843488582
0.026758304069287014
0.03333732518400293
0.020926788482786254
0.03868551022882781
0.024772864850902448
0.02637690780395655
0.02686678698543722
0.04211793454312619
0.014622234442776374
0.027645424142420303
0.0286957460957118
0.029457724282661617
0.02007124288569788
0.035304841315941984
0.02386934394595598
0.01774156438607992
0.02449262015515074
0.022600313717538748
0.03564614570028168
0.020008333342478576
0.06093989386103407
0.024641472778394388
0.020281495718720986
0.029571090459201324
0.024463952921799172
0.05369464086729649
0.02467270054196596
0.017369291127716405
0.031159521644331892
0.025346890048234812
0.04469218281055006
0.023688289852474145
0.029823735686576494
0.030388579345185726
0.02737311365999946
0.036775628162380745
0.025181069554674095
0.014513536134275147
0.026540837528550687
0.15545925544048345
0.019908256965745726
0.030772229401669446
0.030000149854387172
0.031839395588811305
0.019185102875595442
0.036650241920726925
0.032347648862875465
0.020887993088794403
0.04143522856649989
0.0314467479181793
0.028949473339438515
0.028670832372996533
0.03195817282807636
0.2467003560349838
0.03417895461539658
0.0239158083810599
0.035796608217746495
0.028915707556081742
0.026359991239293678
0.032304709975591005
0.030640870268506676
0.01959843261851373
0.028801423706099605
0.029865974170459553
0.036115375891522375
0.026549383580162556
0.03094261942424007
0.025750184119062523
0.028490716987187414
0.023022744316945842
0.04198825866097583
0.04363813519817742
0.0319477801268787
0.0283031416551416
0.03840638251698561
0.0458761655933158
0.030392707222036505
0.05617795020120293
0.12132857688688774
0.029904359204460666
0.037566349697182255
0.025370665359166218
0.03804862668851199
0.1418593554118181
0.027141277784190773
0.991724640678656
0.027442990333217385
0.028826894213254923
0.04286088202652143
0.02710187772562249
0.03419141669764449
0.03510291529037492
0.0289902727976666
0.02139326603826702
0.026696999162754427
0.023609455022125546
0.023390320301404467
0.02341333354636678
0.02055298963064771
0.022145969865039767
0.03169011240306797
0.02764133776004214
0.04216370946708162
0.04043028932113323
0.0250194223483101
0.022324852169945522
0.0341930146252941
0.029832589082651573
0.018440636046800997
0.01731898937283383
0.045823280293064844
0.037649351396359027
0.03068712167059843
0.017393826688008242
0.044316339676245244
0.034218480134130536
0.017305120578865067
0.026625667307902397
0.02186921255013273
0.02107249214492636
0.03836998742673103
0.16796620120516242
0.01719868462375511
0.01084331362713204
0.026620988382729707
0.033723042921688935
0.021926746438756358
0.041002754428966386
0.05721284398357682
0.037207170268325346
0.054969654639192775
0.0865648309171873
0.03227062446826388
0.029952563574101435
0.05260756079283421
0.03797717331607613
0.020151032404877898
0.0338974818361688
0.02197047765879452
0.0191459192669244
0.028474474535522955
0.02505679069477825
0.03944734533153431
0.01982215552137891
0.03148443983725075
0.019958968752910845
0.03147529254421013
0.028181984085417045
0.023047549079335074
0.05141550514573604
0.03018637941867913
0.02654882811023328
0.03560102857005972
0.029676596842049575
0.042329210604273845
0.03324830607499291
0.03222673369990262
0.046352360494152305
0.03055073221082314
0.02865609522883887
0.03526442316838501
0.02711313374321409
0.03928822217724578
0.02170783181794385
0.022316129709574358
0.030376889309888997
0.02206908223068619
0.07475576288780389
0.03360704638114311
0.02302634943051655
0.030977313937930257
0.02781121518965796
0.04130412148759871
0.02944165148443007
0.07190372799029406
0.12808311798724364
0.027956534882670102
0.02436346036818104
0.032721519826002576
1.0233664597307097
0.020416604170381034
0.0267885745192608
0.02930833799506123
0.03734150070626585
0.02982718815052573
0.03818532439959238
0.049728951802293024
0.13162660802582876
0.022005498476405067
0.03024015309178808
0.03121008547450759
0.045540311594298236
0.020979504425982065
0.04428711822122883
0.037872551115261596
0.04162468369221006
0.03363508635453632
0.017935156861712882
0.03382535473998873
0.032183829784803455
0.04838927685937492
0.02723594663853703
0.026945152576228964
0.05084699832585528
0.018337734443040123
0.0478951375169819
0.04347680464080738
0.018083038959344162
0.03114318776789695
0.04956648982401714
0.13243447776964334
0.03158765060501142
0.020197195551801234
1.216483756775885
0.05669954833933662
0.023862101060317442
0.024918293148339602
0.04307552019185621
0.028526740617154628
0.026585036701071638
0.0160671243042818
0.03337636709769777
0.04364012129109028
0.0355257954088434
0.02737334743309355
0.028422923799549197
0.03971415721757498
0.034775096951418755
0.07625206522203695
0.051449049026403154
0.032429097932686925
0.02927183537730922
0.03970688643958175
0.022142800148461324
0.03490073468558538
0.036902072063465685
0.03554961032638346
0.02735665198300835
0.023689042212786168
0.02226001295005723
0.02571232230695235
0.02861051851607068
0.02928912675020546
0.03427946803702725
0.03269514332641604
0.02506282614170686
0.02584536113885117
0.02574891425789248
0.06162846256455296
0.026673448805887123
0.026425807473945368
0.02677494460443228
0.04155747813404136
0.03548664238423229
0.06028514394202716
0.03461168702403727
0.11176509816992278
0.019905554490876384
0.02673490932467217
1.0989059906582026
0.0347627205816672
0.027619788383557786
0.03659370986369199
0.024709112470075248
0.022621659007920424
0.05706385723342174
1.0580366557341725
0.0320158341943004
0.04181301497796161
0.05364936438698727
0.047451640173025035
0.022821457195996903
0.03605030987873618
0.09729703025703412
0.024226100937909167
0.029062149080796684
0.045914143903130304
0.04308343501592793
0.025542454776142354
0.0380274967533467
0.033954566647471165
0.04203366728322886
0.02576895894265419
0.030255599405256052
0.02725010517154596
0.9945932066554819
0.043281990159896304
0.028367718624635274
1.183150169837865
0.028937204456612884
0.027373004338215382
0.038805430649044514
0.042135302702715385
0.03601710583556315
0.06644646492071264
0.041542187423218496
0.027963652609133527
0.025815147270896403
0.0316534451458173
0.028391601961766537
0.10068838253412322
0.0474110042111051
0.03561173379656363
0.03960956614134935
0.028001493704459802
0.022592544119441504
0.0225562571955868
0.032935344769253444
0.04095678931628263
1.085240299133942
0.03987712778694473
0.04040667758721244
0.038799846868556614
0.023290928611230534
0.04171389972852336
0.031048957803596535
0.03950969487415793
0.042892691653924106
0.024503661249813628
0.023718932537668606
0.9777702367731476
0.023980512626744065
0.20764400613916834
0.054800784897315484
0.020417400765671775
0.018680609784944055
0.013509555025160028
0.018028094387063313
0.031181514672072436
0.02779390388799802
0.026957311619746
0.028053718770234524
0.032985139138139545
0.5196278060100058
