1979.650660771466
1648.63472769055
1376.1507918805896
1148.8635850409225
959.3844663690566
803.8509008101936
676.1375335029284
571.075397750886
484.57965227102187
412.7940977958575
353.6625123647805
304.6811772329591
264.05586247692486
230.02184102232255
201.63535766563712
177.76233138613387
157.48510776127927
140.3377495829021
125.68019100920058
113.1452523738795
102.34286211811978
92.99685091141455
84.90190749232764
77.83916008592674
71.63768644694352
66.17005710239697
61.33809429436359
57.09701990986986
53.283575246181286
49.911564627531654
46.859067093271854
44.11746540699815
41.67065198659861
39.447919538098546
37.40745618878724
35.56388351960924
33.86886808712391
32.35963048364302
30.915833646863263
29.635399339845954
28.430049371313334
27.32776350986853
26.29823970022206
25.33237385406223
24.428987465825706
23.586624680481744
22.816062253324713
22.05992246353857
21.388825113148062
20.72168063299875
20.11876771144146
19.53068216075519
18.965770884930496
18.44324998888926
17.933991162256195
17.470484442606047
16.995968889079254
16.580863492479015
16.183305760673644
15.731954345615438
15.374343934668445
15.008472522924734
14.628927428703395
14.267364457498196
13.98975351030558
13.658878693686711
13.357791403212614
13.03646414023283
12.7312337007639
12.449433583566645
12.205134105844621
11.89109075989586
11.677543337942724
11.404933668071735
11.130393536297664
10.937564498105449
10.667235065040051
10.427824618725642
10.231475121509261
10.024588356527596
9.806507762589082
9.54012656286314
9.358722812959261
9.175170367837941
8.975857810870066
8.764339351739332
8.553252336474307
8.414128222074865
8.206406722082312
8.015712160092441
7.848738080273868
7.670280946558475
7.499278939336122
7.3366639880289855
7.197489866440307
7.041986272576736
6.834813553128979
6.711025856505168
6.513680873639308
6.422889176881251
6.229204903666921
6.106143072797727
5.97918510358241
5.812002350688275
5.6699564180695665
5.591718529421961
5.434769976470777
5.302216537960688
5.139666941471212
4.99955553574234
4.910481081821734
4.75750006347728
4.661594154114052
4.4801997588841305
4.416927013400145
4.302532717245724
4.196642291488806
4.056350714899108
3.9490752913836946
3.8528612541052993
3.735880825832121
3.641113417213857
3.4991356860087146
3.3954325826169156
3.289273925957622
3.2189582328373856
3.115920004650283
3.010125529910374
2.942653937273022
2.85668420219978
2.719811278756933
2.6443407727646324
2.4991864551562895
2.485338558469322
2.3668483088568326
2.2622050736625376
2.187731657280619
2.1018708038784752
2.0317202920038904
1.936620454492469
1.8819538970001262
1.7855226441714493
1.7187787509390167
1.5685336693523535
1.5330421646206789
1.497424374847935
1.3491660764371594
1.3031058870399317
1.1462261915377236
1.132024488523704
1.0084614377010162
0.9790997283274145
0.9449464116483622
0.8756209593025102
0.7857904067514434
0.6808426009308681
0.6529079075831831
0.5462916878288859
0.49560875928045944
0.46492939190612925
0.33563490444497407
0.29500501421516756
0.19426150115319693
0.2029754896672655
0.09382910799276073
0.08613106020808524
0.00291210240091786
-0.05722988363415693
-0.16389030876500918
-0.1560564669846424
-0.22747233458013671
-0.26865982211523437
-0.3500015849598861
-0.3707988068990285
-0.4606652666187577
-0.46429212125410485
-0.5867944165260964
-0.6539360016770401
-0.6415118530631244
-0.7210101670889298
-0.8085554554246507
-0.7865971989859054
-0.8598037423480556
-0.9758871681278134
-1.0346559414150307
-0.9691121466096313
-1.025383523104894
-1.1226585913188065
-1.0746115958982327
-1.1723066844439936
-1.2166673161689834
-1.358909600349232
-1.3759516370624099
-1.3894851661708962
-1.467863331071621
-1.4553682133270929
-1.5213581411145407
-1.5222997805060818
-1.552993841935125
-1.636694005182185
-1.668261267182324
-1.727407835541457
-1.8165419977910813
-1.7919185277493843
-1.8036120013989292
-1.8985846792573042
-1.9012207040957625
-1.9490458395633419
-2.036921487991199
-2.02583639860539
-2.0822936179975104
-2.0885888148162555
-2.1801653853327863
-2.1716710671635258
-2.1994658727940233
-2.215310235447706
-2.3161329815969935
-2.3490006649601614
-2.3527005933728704
-2.3738534425896423
-2.4957450194770843
-2.4307553954884487
-2.5050240070768606
-2.484894293748564
-2.602793300268541
-2.6187412609923784
-2.5991485713397946
-2.6545978844213005
-2.6362405379978533
-2.7198818988679996
-2.714686590507415
-2.825546665098443
-2.77268201156494
-2.8547563331179
-2.8397668608089415
-2.9048609248025272
-3.0098341209821875
-3.0046132026429704
-3.0653896992475747
-2.986195381861929
-3.114825655176066
-3.081538011422193
-3.0395549212248287
-3.06325408484774
-3.1619169313541833
-3.1987890092534883
-3.305522436959999
-3.25357437396894
-3.3110006260955935
-3.258601300815725
-3.295042356777949
-3.3845578613306557
-3.3835684203646097
-3.4232516141584592
-3.4160579972732865
-3.3963587068230923
-3.4685873912964
-3.479377925242223
-3.5302491957847355
-3.546662710943816
-3.6160660771745086
-3.601085147770681
-3.6223611753556186
-3.631204309931006
-3.7234890276292973
-3.666903021720376
-3.7348725447529803
-3.716204981420097
-3.77041688428359
-3.7907905443264376
-3.7625523292495013
-3.8317195678173075
-3.850690358293413
-3.805631035455524
-3.8383860690826213
-3.9418633011829414
-3.8821579892938836
-3.958467227726925
-3.9513955651738017
-4.017874040807647
-3.951522069138672
-4.022563805032877
-3.9974494805527963
-4.125143605235503
-4.0634952427479805
-4.092154861387635
-4.077921033132201
-4.135320999536153
-4.172380695497721
-4.157808521595375
-4.159000627954269
-4.275738028182987
-4.269326388965921
-4.234902811132905
-4.299377564695044
-4.254764308052893
-4.31103334098804
-4.3685437550474795
-4.299156393129859
-4.369377531069647
-4.366059964783595
-4.420386982970006
-4.443160981898813
-4.44185455506923
-4.426681501889425
-4.485381074709937
-4.428745906878038
-4.49432098328615
-4.526782473324187
-4.558716956136773
-4.525736802579496
-4.583051138967695
-4.6194254873074785
-4.622525919331889
-4.6049690406215
-4.672083091075042
-4.6937676036964096
-4.693944245285632
-4.658832315288414
-4.7127800102421835
-4.782380138488122
-4.7776151737406325
-4.764944684946497
-4.761913018463481
-4.706472744051559
-4.8016987527411406
-4.754616908338291
-4.7682945855661805
-4.86879005792542
-4.842329049833672
-4.898533648028613
-4.939863070757044
-4.981491143082218
-4.86208268343342
-4.915113313229117
-4.977535162437715
-4.971288803884467
-4.950050264265055
-4.929961426656369
-4.988814058969838
-5.016395969852923
-4.985658880377531
-5.036317651188872
-5.011150531079038
-5.043928763831796
-5.036028027197223
-5.095252908895831
-5.07152754003195
-5.028055485588902
-5.120730791163636
-5.1181499493118485
-5.177294193458436
-5.122801549639192
-5.183934642011397
-5.201176480113126
-5.246185266178823
-5.200259328370699
-5.2300908547073846
-5.266326411933727
-5.232855772578849
-5.234266079598666
-5.28660878182847
-5.275965809498064
-5.309114911896861
-5.271831617568597
-5.340782304307615
-5.305748769114064
-5.305391567794244
-5.345906587779574
-5.385980516260857
-5.328086035044543
-5.368088031443446
-5.383226649860575
-5.408964620777322
-5.408399387334871
-5.4210886597204135
-5.484320047545417
-5.38646711396892
-5.4328040411197875
-5.4405893987819445
-5.507077960289465
-5.44823890762656
-5.493204814776021
-5.445663913169239
-5.507998174983555
-5.6003586868289155
-5.512751209259908
-5.492661296840815
-5.539659343418446
-5.51312536649794
-5.506923434330379
-5.591792762324764
-5.566579539649058
-5.676810214007539
-5.654316837788276
-5.6417771694114265
-5.707386260259289
-5.630329328186343
-5.618854198141852
-5.710706447602321
-5.60497220509997
-5.659461792124873
-5.723121814258289
-5.687905753433083
-5.764704470713289
-5.716727942938059
-5.668030184003079
-5.691644864983537
-5.781344995383424
-5.7159382616937675
-5.834870851529754
-5.7914342520517605
-5.828199753185401
-5.861111661166823
-5.8518143693139635
-5.742716071141122
-5.739928284502506
-5.847440197235829
-5.829335977619836
-5.850816411632907
-5.909456105226645
-5.919823855108766
-5.8281870725274905
-5.869407197090847
-5.844988768202861
-5.868790252820809
-5.858525462334704
-5.892989285709251
-5.879737398363304
-5.931128408379057
-5.889113489542519
-5.9122888773324425
-5.924128213482498
-5.874681458920474
-5.975633524775613
-5.973962201439358
-5.97754682616644
-5.964953161304271
-5.992889072020246
-6.029574835084117
-6.073222145359517
-5.99629930798961
-5.98824134163886
-6.031638361123657
-6.067945255150006
-6.153912235704631
-6.025486634178278
-6.041355151314207
-6.041528059018093
-6.121427802357087
-6.013162542224885
-6.1537516689544525
-6.0531672174411115
-6.088528483212852
-6.07693770559305
-6.1041040195017535
-6.028240692053696
-6.161841285001377
-6.045715327195304
-6.117244617687627
-6.1274886069399495
-6.210986316615162
-6.230399738811101
-6.193271495517011
-6.166641149695626
-6.128819247752902
-6.149553521938911
-6.204799983088337
-6.285172433477925
-6.1778955169774985
-6.2114127104617225
-6.202442473076425
-6.173214380481365
-6.2962143437147375
-6.192394134504588
-6.319789056219635
-6.244676863852436
-6.259855409980851
-6.356581441420224
-6.238862928274576
-6.229227628357065
-6.32019811215172
-6.360796704041908
-6.360881849628264
-6.228901938608215
-6.345650716923657
-6.303437965321
-6.357429304329309
-6.306661935606567
-6.302664400427702
-6.285454561333519
-6.32917750146055
-6.354368946673713
-6.321328571423483
-6.383407846539816
-6.400131262631778
-6.387940543167489
-6.368987954935172
-6.447376799992288
-6.426236632316658
-6.4092521642101365
-6.466474527492917
-6.381855708904478
-6.435145431853048
-6.416066633982931
-6.39028343304384
-6.451834745708116
-6.456243798348722
-6.427963126841772
-6.451407325132905
-6.441431647935734
-6.416036012202802
-6.544929888952979
-6.439204747068506
-6.421725604515668
-6.557634341139421
-6.479865160117014
-6.524423276013592
-6.414329023375713
-6.498215434917957
-6.545111764053463
-6.532999492822137
-6.5096077043708425
-6.597177327036173
-6.487451074415886
-6.497437714419485
-6.579966893366166
-6.545016281526722
-6.517069964846994
-6.583964265058781
-6.546871505860257
-6.583485855753683
-6.560050023262121
-6.576533662585371
-6.571473670736584
-6.535737865969115
-6.718805575503687
-6.65631573604502
-6.5811384820871695
-6.647325412989957
-6.5484956494932405
-6.580381462476976
-6.635173171175893
-6.614205641995887
-6.65205551731731
-6.678446896604645
-6.6316772929991785
-6.679924989899618
-6.672404445212391
-6.710625814291756
-6.625043463074364
-6.667071362857439
-6.6527638923471235
-6.680030515402542
-6.702061493509937
-6.6383299262969135
-6.6695601845865955
-6.707467605233624
-6.7423324600948495
-6.721801754972066
-6.75248089562798
-6.717459122401372
-6.580789083599271
-6.717583601252851
-6.746654708053633
-6.642385495674573
-6.7686686025990515
-6.670057993348244
-6.75225016969028
-6.828623144236243
-6.7691930306451855
-6.814217589421098
-6.712627722153734
-6.757064832651297
-6.7057182914087665
-6.765399800763724
-6.810094013748331
-6.778731977323196
-6.7242071991710795
-6.772074486748493
-6.7995912160887215
-6.781957071850574
-6.793819914352248
-6.811300727121052
-6.7984537931943185
-6.833243659580119
-6.8695942634575164
-6.794189067845889
-6.809446277334948
-6.777168569516245
-6.7547228128131485
-6.83811486391775
-6.784930394528047
-6.813473371071156
-6.8560735174454015
-6.844729809108074
-6.853121068778879
-6.8813165146848805
-6.829999813906816
-6.844390498818118
-6.82091655599302
-6.835351916242274
-6.841778392372722
-6.8032525809484925
-6.960365823358996
-6.921655527144352
-6.880204793197298
-6.851925637601328
-6.920984777212883
-6.908904555509688
-6.8707699053336375
-6.972630958706606
-6.9126370427678445
-6.962774935352006
-6.895975445584226
-6.943399030041263
-6.988485667475725
-6.982841408196281
-6.871617369708801
-6.975123445756676
-6.871843048977706
-6.984986025328745
-6.9464137280379665
-6.946756774308405
-6.9273411915417
-6.979772520845168
-6.870895083352881
-7.046013504097374
-6.950694841045463
-7.077909917640695
-6.949475968189875
-7.004281160990684
-6.96390726552475
-7.024561250219055
-7.056716536344358
-6.9930625461552545
-6.997990221724644
-7.037219849704427
-7.060699782067899
-7.002698421460308
-7.076305261529296
-6.957829124301508
-7.032099295596047
-7.09139769395531
-7.005943622447639
-7.010044220856442
-7.018594008117606
-7.049759300789518
-6.972985771873535
-7.000519608927089
-7.046550835449688
-7.093383942179848
-7.000903502143444
-7.074768709570147
-7.147319735158476
-7.096474382637917
-7.059842966924219
-6.997426604035201
-7.108378259498408
-7.031282683503109
-7.100328715380323
-7.0407029489971755
-7.045234406863314
-7.0859564202959895
-7.1216957179177856
-7.185113137014992
-7.077792058942818
-7.13245651509882
-7.20761820594694
-7.121543092451188
-7.109923933639798
-7.177326913932042
-7.172205633569732
-7.128051274932789
-7.111280063311431
-7.150270766138021
-7.1494223797704635
-7.129755326864519
-7.127523831577874
-7.123235768485561
-7.137436162272937
-7.219160696366649
-7.210237793685248
-7.222772838859633
-7.1336774846821855
-7.191896563590354
-7.158885034660219
-7.208576065172156
-7.131437129052246
-7.095013105908996
-7.162470666504928
-7.240692777506553
-7.130069915268284
-7.121662193889501
-7.221504075534991
-7.174602116342344
-7.148115091843437
-7.192187743692566
-7.266414059265628
-7.194643896106443
-7.119765106047352
-7.159353025043936
-7.259998429075006
-7.100696025699893
-7.219289261888725
-7.197600096817012
-7.188696176912846
-7.211872391576619
-7.192853772696555
-7.232070725996138
-7.163826998544718
-7.247328478809402
-7.186356486319679
-7.233797630202213
-7.242166272120428
-7.308210666026284
-7.287558505866423
-7.231034579645969
-7.265730491319002
-7.331172248222993
-7.222292968960218
-7.290752379640638
-7.298532273475738
-7.223631879295346
-7.277575960629736
-7.2425454930373405
-7.293700531470705
-7.312343693748412
-7.229988851777833
-7.296646178758327
-7.292262668509472
-7.290410444481505
-7.296217148475863
-7.281679537379202
-7.289058219788217
-7.2543939997083555
-7.324451879194044
-7.338487210281713
-7.338710362016174
-7.255370397659289
-7.325745984254303
-7.310439016566005
-7.355496768276429
-7.297131575953815
-7.3067965893629765
-7.35617120260757
-7.36586731506452
-7.268520009517672
-7.334443654435258
-7.38211097529659
-7.329586487375439
-7.267423474151896
-7.235144401811747
-7.323815467375714
-7.451900313758907
-7.333666420434042
-7.392557867852813
-7.45124487630742
-7.354504902668605
-7.316767737184228
-7.352752492418339
-7.284002389549484
-7.270428260503853
-7.3987675012927285
-7.379457060459902
-7.350759151145708
-7.43944112415085
-7.39354153934759
-7.370546792952606
-7.456648331680533
-7.399779195410538
-7.36364088174857
-7.32103505924433
-7.34661307629369
-7.410902738325787
-7.446081790758827
-7.4810888517546195
-7.340482800991963
-7.346973777742504
-7.389520610188891
-7.388639070631988
-7.369782867742711
-7.462791786700041
-7.434210155101976
-7.434532442269895
-7.352050800807183
-7.361525111458604
-7.456561575869415
-7.440469159265638
-7.455681230377573
-7.405484678475606
-7.348364062366059
-7.460429296630022
-7.380094940235647
-7.408760991740526
-7.431113921662886
-7.516861191912321
-7.459236569113653
-7.416876668918102
-7.4649065073584815
-7.517252307068626
-7.458325025425508
-7.427369930977671
-7.501449122082622
-7.577645739192611
-7.364851013450181
-7.427630039780003
-7.529352068967313
-7.508472794589654
-7.4055643971823
-7.459641923458154
-7.447908698588309
-7.456308835024925
-7.421553932243684
-7.449719000232125
-7.523108292262073
-7.485152947083799
-7.460088246375058
-7.507286318032813
-7.479655776714866
-7.598236697875612
-7.477663071353328
-7.533925070229573
-7.440150542362982
-7.468022071286571
-7.469477148613257
-7.559137508839045
-7.431893613299434
-7.457902170803836
-7.514059187034675
-7.546502629981494
-7.535744643041674
-7.643825409643745
-7.600620682718805
-7.60740975486294
-7.537085610214922
-7.47059817568541
-7.552000189790732
-7.508443537769573
-7.512846281772181
-7.433254174572593
-7.453937862987248
-7.514926384515454
-7.521891994906795
-7.5125341505672045
-7.500613697775933
-7.525895155685915
-7.571788883479982
-7.55741487297814
-7.506383989593409
-7.557501004836093
-7.519235981551579
-7.538224259482028
-7.571575470681731
-7.528702858121156
-7.465083798988606
-7.537908738813366
-7.543409916537408
-7.5555023135726636
-7.615486510453201
-7.567641575225252
-7.5413226514807095
-7.572714885244287
-7.570130255190882
-7.543405131829225
-7.61613325852371
-7.594218111302929
-7.620473994397486
-7.542697385806804
-7.692343392159149
-7.610361994582522
-7.56489113351774
-7.567645734397482
-7.55950705559485
-7.690605341395844
-7.558249452931701
-7.531256416811347
-7.6489237033049085
-7.487321111964966
-7.5529584047647225
-7.566953499744571
-7.606096211947994
-7.6012919665961
-7.581608107703055
-7.712075653275296
-7.587833302688181
-7.631715390414179
-7.639249461718875
-7.606782284225837
-7.5587787271024345
-7.6294825251676714
-7.6558599855821505
-7.565562530609421
-7.675849453449968
-7.620426946414617
-7.594965788873286
-7.567561998825124
-7.56173648709548
-7.778633118963746
-7.692385248336828
-7.613279363092246
-7.719687295315601
-7.663065578707097
-7.638136270308753
-7.601187809285602
-7.681047943923232
-7.64906551638092
-7.63357409562513
-7.584526882741091
-7.687226873053788
-7.594740008227316
-7.667495489828339
-7.68039212511308
-7.668301550176794
-7.624597563659847
-7.5651368520335724
-7.621444196928512
-7.57098854116305
-7.660122998814469
-7.685407633222656
-7.7408666916563735
-7.628127424438431
-7.7301168392048005
-7.64733952699484
-7.71372599408942
-7.651199003983208
-7.736017078539259
-7.732773654436002
-7.655040415679237
-7.595957425684614
-7.703622966120102
-7.670563007950188
-7.659317872799869
-7.829866397694396
-7.6456024186817615
-7.745875604803764
-7.744001000820441
-7.692553926395812
-7.7562567053137
-7.755906643395273
-7.706774156117181
-7.649819149530742
-7.674135769588233
-7.746733819919372
-7.710924591955963
-7.74008519538547
-7.672068680553119
-7.753409468737359
-7.720218490506948
-7.759007255137042
-7.692961644972498
-7.761297074043232
-7.729319259204447
-7.687213095894167
-7.7816989023715255
-7.779478625497892
-7.757817738791147
-7.6924110439809175
-7.860016984736065
-7.759420270722941
-7.69371577692884
-7.715223361746927
-7.695214649856105
-7.835819876345235
-7.721898537413516
-7.753314453072564
-7.754330924865309
-7.704317307206833
-7.762314226407771
-7.656938184039342
-7.882847191641321
-7.750729337654949
-7.654753314983101
-7.70069744100647
-7.746420139915376
-7.703122419692751
-7.711175515548935
-7.726347926829414
-7.727060487885268
-7.812344402427008
-7.720583858371126
-7.67303444656373
-7.777978170511043
-7.693776694930712
-7.738191633632528
-7.835275334832938
-7.76761422009228
-7.767936147267668
-7.80456350872171
-7.825918639414261
-7.744684713803574
-7.68677143147962
-7.777563524255678
-7.863753635564487
-7.753016065329992
-7.863388438216096
-7.832392110105805
-7.769221690472114
-7.86063875998504
-7.855726900863683
-7.800623041387059
-7.738677265040976
-7.866571054850408
-7.8148761352760125
-7.726075805860623
-7.7556572154345975
-7.7375178387527415
-7.7684296596518925
-7.753408092001199
-7.811286255967945
-7.828206687416989
-7.818634844620745
-7.842213845517742
-7.706403930660845
-7.795983289680347
-7.795732145358307
-7.820169934175684
-7.805381989372146
-7.755267514404439
-7.818822056037966
-7.843505844926121
-7.957996817990097
-7.873404057808009
-7.881565152579012
-7.863894968250929
-7.871891585132045
-7.811799744182048
-7.808674987497428
-7.950081941701902
-7.727483957350433
-7.793612155476997
-7.913705786504936
-7.912002687400282
-7.813332499961668
-7.866890789841218
-7.810599907041006
-7.766282350086996
-7.8176452576449496
-7.845557302061909
-7.849887256754183
-7.882784641416314
-7.8565000717932465
-7.868917290003342
-7.780827182791285
-7.861392188862921
-7.790023479540932
-7.891696046962027
-7.842936840422353
-7.843195929272028
-7.856042317007153
-7.886821903646279
-7.851321585364966
-7.835092980852385
-7.876327854903554
-7.9033225155149935
-7.826068663439253
-7.886099025800781
-7.835408680622675
-7.870430938758472
-7.784607617850134
-7.778890740896569
-7.849103098368109
-7.879390341719644
-7.897240936640481
-7.834805642158361
-7.86400518325159
-7.836541624914594
-7.8596225703562475
-7.879033767236331
-7.882904016905648
-7.8521465287740755
-7.839143197271603
-7.877050224888726
-7.931975422618224
-7.8928654313560465
-7.883035931171387
-7.929436806030001
-7.938870987118057
-7.890668662721945
-7.891935408270609
-7.953626337352778
-7.960018137899991
-7.931453697806674
-7.954884914201975
-7.923128188572274
-7.909628402377814
-7.962787315417689
-7.950599843623192
-7.917223648418532
-7.89785847452152
-7.9628327599384425
-7.960998200209392
-7.929918381328465
-7.8511507929584
-7.855724412471452
-7.9781194684129195
-7.91279089157991
-7.836842433040371
-7.8683968979818975
-7.871712154365145
-7.916044603771704
-8.033777592756042
-7.892993911252505
-7.808294849474023
-7.953135495184643
-7.992526709316113
-7.958889982767641
-7.905478707283544
-7.85008152465897
-7.913819355745847
-7.912594104449301
-7.802840721287929
-7.891146133673607
-8.004312198377681
-7.863312061316041
-7.965888940020152
-7.963290974124774
-7.898897361313161
-7.846894541167828
-7.9649882739613105
-8.009446585709915
-7.905956149624301
-8.017829808032156
-7.971118494953245
-7.911254591949586
-7.934050313312042
-7.959316035566052
-7.965620958202395
-7.947827073737551
-7.983642012883663
-7.872451104868687
-7.909761801077192
-7.93232994552473
-7.9479009851520495
-7.980476415232568
-7.959220527820247
-8.015501088123429
-7.969755447969078
-7.947796287032692
-7.917120605459944
-7.985890361232224
-8.016036635698159
-7.931433422415636
-7.947312075310776
-7.9878190651473595
-7.976289706656008
-8.034569485961987
-7.9576273335111445
-7.940878038208833
-7.984661319054351
-8.088391926119936
-7.884662485206168
-8.043506368267606
-7.931504686164671
-8.04778944463614
-7.948809099780949
-7.9638893823132655
-7.921981297311962
-7.946519291265806
-8.057317842330715
-8.058998916213582
-7.956629110178908
-7.901824841604075
-8.05179347115157
-7.982562077949104
-7.963764135043757
-7.983366149731568
-8.063473730491221
-8.049526657693916
-8.080996759822359
-8.087905261362913
-8.051044065298115
-8.023375448435608
-8.073625924686366
-7.992103326975718
-8.006102185655937
-8.030928624650123
-7.943306215853198
-8.074446361235387
-8.006581834224725
-8.010161616360923
-7.991665660311054
-8.086934393392516
-7.97203224736828
-8.025172622088695
-8.022632838370242
-7.952409173779675
-8.035828253409496
-7.972648276993143
-8.044988452832234
-7.999781751583441
-8.109734534877449
-8.034828702044573
-8.050084885025322
-8.097876122943338
-8.054583519084371
-8.024563362310651
-7.906796887503359
-8.011459721402902
-8.08932872445674
-8.04539777214466
-7.970237065293356
-8.04720325267488
-7.978256701205691
-8.032684220346104
-8.162232059677228
-8.04934933592156
-8.079845035395042
-8.068833453120545
-8.02841387279573
-7.980994427278482
-8.047114917692094
-8.034369768812146
-8.053478346347452
-8.078400372875581
-8.066172295654557
-8.104894928307742
-8.036226582594878
-8.071057961618656
-8.101050621453272
-8.026539916583756
-8.113496951915883
-8.10211023728915
-7.973817220337236
-8.080190484918528
-8.087349085765203
-8.027790771308181
-8.093720246711719
-8.063657950783913
-8.082297421884313
-8.132105354514664
-8.122015701214954
-8.010161126665823
-8.107459120578929
-8.00777655148877
-7.97340570625812
-7.979978599512588
-8.08702424485085
-8.066267417543651
-8.052735492977625
-8.070711103611115
-7.998881092301274
-8.057597946022247
-8.150436676898414
-8.01225323438882
-8.154288329976383
-8.142989231953006
-8.0197069890143
-8.129095213350757
-8.10233609959063
-8.126033891997958
-8.049420047902094
-8.11948995371299
-8.024975082750238
-8.134968037474435
-8.061171570338944
-8.113926431678081
-8.123639175411157
-8.128711479501385
-8.09766055224206
-8.108612477167261
-8.143074538089484
-8.0786074093647
-8.097718750656819
-8.095436387950311
-8.104424636955157
-8.142466004230915
-8.14519728532122
-8.108267034356176
-8.175966411050217
-8.17570464566797
-8.173952271039026
-8.14997925927833
-8.122483702689628
-8.141004651676884
-8.100645772607168
-8.053771388843588
-8.173618802329116
-8.193858310738134
-8.214381271008692
-8.178275371283195
-8.222613127441377
-8.09927651374277
-8.082131083395712
-8.06953726376692
-8.105101672197494
-8.07159323291972
-8.150598320263809
-8.04337467115688
-8.18434872957781
-8.142061474481016
-8.11442165621321
-8.132439341412212
-8.22475374194414
-8.091725159827886
-8.089783222753082
-8.159759262583789
-8.051782586281892
-8.192394024194504
-8.150093069090202
-8.163989775187659
-8.23475019197756
-8.157685031114605
-8.196328062695434
-8.130749818659512
-8.193793525805429
-8.161801986961835
-8.121128720375411
-8.021813777749282
-8.063954436372786
-8.129393334316934
-8.142233654746025
-8.098846517097723
-8.187703932797541
-8.213640071860354
-8.077606784953893
-8.118574521871574
-8.133421594976092
-8.135822433448586
-8.169837839619355
-8.176997516339105
-8.160346655340657
-8.09931241965465
-8.289569072453718
-8.18099514677256
-8.22708286377021
-8.233918804171683
-8.223679068587586
-8.146423170721375
-8.200343532359666
-8.13466675558968
-8.046883695567224
-8.178340667984502
-8.258784225762037
-8.256461249464602
-8.164669095992426
-8.148630161590114
-8.116766053966574
-8.200914834327762
-8.08201560306519
-8.112306433480567
-8.122885745884062
-8.191760638251937
-8.131143525703804
-8.248461867996582
-8.240816178931139
-8.184248473214726
-8.136659975440848
-8.218488842535775
-8.244191455378813
-8.218970498872894
-8.253610308191488
-8.265431363504666
-8.18933897279948
-8.192136879986798
-8.119775890491715
-8.267960937574896
-8.182188317305906
-8.248763472997684
-8.241879686308227
-8.192294692057997
-8.232387633824723
-8.205973445385514
-8.207564401692819
-8.197312685624087
-8.248807733341692
-8.257924188390229
-8.15632665928426
-8.241761568029558
-8.241596601669743
-8.15238398389551
-8.167932342032666
-8.199693145531372
-8.239094904019682
-8.178753502569245
-8.270473340263274
-8.12020251707333
-8.287049233396562
-8.147277688591366
-8.181065486368107
-8.279650046252382
-8.233877603571147
-8.274295121000875
-8.17082286126994
-8.175037900187364
-8.330748654489282
-8.258211158331397
-8.159773420511442
-8.216127382929116
-8.240197352906554
-8.177223817932083
-8.102786762176839
-8.196824006136955
-8.198211389864204
-8.21643561867867
-8.246967221524171
-8.286786030400009
-8.296483232256746
-8.266114460879917
-8.18351639701655
-8.158964968729935
-8.28779711656259
-8.19099031632256
-8.207025704849526
-8.200652463608899
-8.230240439789352
-8.191261662658938
-8.223043858423091
-8.223570243765408
-8.2685279154241
-8.347197564657456
-8.250802352914931
-8.297354425049758
-8.31705950462421
-8.261094272524536
-8.248175180774302
-8.255483666591832
-8.240379331774935
-8.279808689244822
-8.142899639247494
-8.26905958277859
-8.300685948854527
-8.251171840333045
-8.285040942100492
-8.223640423158827
-8.276546918717763
-8.292081139573648
-8.315987780847179
-8.363161132133477
-8.291124169385276
-8.253215072670754
-8.249058986309091
-8.240626864028885
-8.198411348726466
-8.3598132968189
-8.287939874116983
-8.266587347718056
-8.213725290844014
-8.220670566110709
-8.195268091187781
-8.321578989085905
-8.232506101767415
-8.303990168180173
-8.331149141668497
-8.260008153954905
-8.314583557705625
-8.198034570300162
-8.28511867151426
-8.324411329289804
-8.343374286872482
-8.352332349854223
-8.25658691955953
-8.255712206397252
-8.321875970582836
-8.251191085292048
-8.336615465554441
-8.290537856042539
-8.311174960089202
-8.278093543335336
-8.30803125104002
-8.301499616510327
-8.30702783623728
-8.2966658821403
-8.3552789638504
-8.263317999296858
-8.322567479381302
-8.304608998544358
-8.327378862389974
-8.227503420440744
-8.215556191787154
-8.276169185468387
-8.224380022654023
-8.360570307376893
-8.307107980410072
-8.317098593013252
-8.351828678589493
-8.280728290861187
-8.33215710270923
-8.26946878652221
-8.299189652569629
-8.25012411821541
-8.253278532570453
-8.390636687405157
-8.265834961254678
-8.361764522516376
-8.263579017940208
-8.319464560433028
-8.256516635238416
-8.355493805205922
-8.398909900150178
-8.360931957263707
-8.299972868369961
-8.330862526991202
-8.413043013484923
-8.319712273735462
-8.32607915638293
-8.39492115851155
-8.214928023298194
-8.368353483749294
-8.345719973488036
-8.343653994101393
-8.31040986822295
-8.308317677592205
-8.338122227810501
-8.359724482876908
-8.3479370001899
-8.391489187258536
-8.29714305472503
-8.459230949739796
-8.378495136385105
-8.427982291367497
-8.396089440553316
-8.337016921703286
-8.32446978043494
-8.303255006964074
-8.292278770725687
-8.335862171125777
-8.336685043049092
-8.358292794074638
-8.463749600998723
-8.305815261573056
-8.310241193978833
-8.363047735255016
-8.279156584043966
-8.412583429066826
-8.375358627683783
-8.332850505072946
-8.312626041278543
-8.287855484245714
-8.38938634649791
-8.34720852788449
-8.380357253592441
-8.329808116608945
-8.391929501282444
-8.310256967345838
-8.26788602414367
-8.325392658688548
-8.450172324439562
-8.393594856511752
-8.381269248849014
-8.32185519404939
-8.431940603878669
-8.31642712303311
-8.363372063861508
-8.34958432161273
-8.388514413188576
-8.383489111243248
-8.341558003120848
-8.329090382336382
-8.320568188698221
-8.362134031472896
-8.34229101151447
-8.384270496513194
-8.302036590585793
-8.349021433419036
-8.34623179309845
-8.33502649832948
-8.306165587608788
-8.306196640576761
-8.457495938791553
-8.374636579308556
-8.418529924544771
-8.37136889155736
-8.321528108586646
-8.336459812940163
-8.384673960399066
-8.439179448374874
-8.361677261939688
-8.433340389861105
-8.402253921466016
-8.286334782974293
-8.351733783148998
-8.28771772984347
-8.491209526148713
-8.31550536891506
-8.369048833879916
-8.449437819781188
-8.416927338092647
-8.341962455693958
-8.352547472330928
-8.390705719497063
-8.378799801959744
-8.39103622044568
-8.389429703479136
-8.443649376602295
-8.387383020571862
-8.413954767120398
-8.343057295086044
-8.380013579376664
-8.431949978552938
-8.352050498851836
-8.384927863757595
-8.40916648788202
-8.401338935141291
-8.362954611149657
-8.33632756480527
-8.394626166306312
-8.466540707267553
-8.469845991832486
-8.420930520936954
-8.340714326168891
-8.488953156998493
-8.439275069775695
-8.440514526982296
-8.407048686520273
-8.408322614717411
-8.425852556941903
-8.397717981882472
-8.442254657526403
-8.355091285553527
-8.357084270272361
-8.367920429260819
-8.399350744167831
-8.37408050014563
-8.362204408812325
-8.415502261266267
-8.548114374517402
-8.425449795330767
-8.402184102803288
-8.400851993110194
-8.382528394035393
-8.406219869409247
-8.406433069734954
-8.391233570848206
-8.341250338198316
-8.378759470011916
-8.41923164235982
-8.408463317085305
-8.483123558699544
-8.423985309416423
-8.45658488462685
-8.519537731864135
-8.409456221553862
-8.422433466793226
-8.470108098016432
-8.581416387652814
-8.442112667904148
-8.450531404864714
-8.419098990752863
-8.452201172388131
-8.433788523411872
-8.48175482452747
-8.48115780165306
-8.446681709676398
-8.488752684512328
-8.355074442600662
-8.48831658599913
-8.443091452916889
-8.492956085258866
-8.462070518301443
-8.4189939765513
-8.486508706969238
-8.447582849193655
-8.450507326620423
-8.475780049419388
-8.436384644474318
-8.406211793039246
-8.42880005747772
-8.459711050747229
-8.398747350142763
-8.412180549414817
-8.478147427026077
-8.500335795392548
-8.329026853503422
-8.481419490630397
-8.471276656933243
-8.465824257372185
-8.40921016872771
-8.527221289066594
-8.505598941831824
-8.400125142006715
-8.41027680717957
-8.397472747572627
-8.480667866687353
-8.345668036736754
-8.547980324546915
-8.540985171451247
-8.446760009396886
-8.433907140348818
-8.51026206551319
-8.43254168236308
-8.517887045782203
-8.390377031191091
-8.418227400834532
-8.493446220340797
-8.416434740979787
-8.564284498584632
-8.42233494760189
-8.436295856108174
-8.448995418517104
-8.477980577655549
-8.41130361403817
-8.434812388140584
-8.439747646545408
-8.481253606579015
-8.448993205862262
-8.49321589154977
-8.411756504753583
-8.439109425458891
-8.429734855919557
-8.436601855744007
-8.452882247475557
-8.393331506365998
-8.404187261007456
-8.47861931449481
-8.513268776667065
-8.432951670164574
-8.504787545432972
-8.435684088357302
-8.492321345736409
-8.394933310113542
-8.49917066570543
-8.448892157417417
-8.441265820550134
-8.542500191124095
-8.502413798371231
-8.381877532110023
-8.414198847743945
-8.458536414173992
-8.482381629393885
-8.524846602513541
-8.551276233448993
-8.47100452414743
-8.511662519020778
-8.51594329161242
-8.48135109713766
-8.54737253998322
-8.499775552584556
-8.413067577325316
-8.512238934463905
-8.498567711246453
-8.568593467437806
-8.477428370555618
-8.475494679961619
-8.40825425491307
-8.44092854454113
-8.458397230245335
-8.526478791697349
-8.444344247489266
-8.561745777335782
-8.47111674311635
-8.445041818891431
-8.533401412293982
-8.451168221757419
-8.447206697701413
-8.487705458305701
-8.48297762624304
-8.560881384474937
-8.548706364550005
-8.513036139882187
-8.465309333612186
-8.494493161672303
-8.465892843238505
-8.51693552941103
-8.463137500613687
-8.494023957406126
-8.530885457708228
-8.434794233047354
-8.450421071876217
-8.466597661310724
-8.504670550164795
-8.47736749141247
-8.504665539229284
-8.48923764467557
-8.431104657004736
-8.521541289293628
-8.509191854254968
-8.555364251643246
-8.495842540911193
-8.498776646958168
-8.557678848799867
-8.622327034061847
-8.566342294107235
-8.4612914827354
-8.61540885327552
-8.566648809459819
-8.50669828913753
-8.573202921808976
-8.495719174426348
-8.443876093665267
-8.434469007170707
-8.535980088901832
-8.59731992623709
-8.616142879314593
-8.496646972127028
-8.591463573110156
-8.576373316146134
-8.531621924493258
-8.527304428237494
-8.511768048757514
-8.57818335114551
-8.627697158604809
-8.534698493054236
-8.530027065928074
-8.584747494738183
-8.603261667983853
-8.597110295682866
-8.452784214539232
-8.560460542462632
-8.523447806670516
-8.63907825330306
-8.537981338414623
-8.521353258108643
-8.58692100937208
-8.546752443388376
-8.493749543715664
-8.577783149150852
-8.518586646856198
-8.54744974226347
-8.460868086568093
-8.52249951133574
-8.514221034234962
-8.536181690372581
-8.57041053302799
-8.517729485031165
-8.54596369799323
-8.476173442667053
-8.562788605607604
-8.585501360430445
-8.586279052885564
-8.49287601719756
-8.593886605414198
-8.520942565631136
-8.56985562812343
-8.522654324161175
-8.605443591443661
-8.5180050068201
-8.6022027060338
-8.572986380868828
-8.488169994708096
-8.501264371502227
-8.473211819682012
-8.514416482723908
-8.624396275091746
-8.542934001295254
-8.555621879146031
-8.654547058022711
-8.49994186502972
-8.566685506269243
-8.491050371148146
-8.63779971778432
-8.475527903117365
-8.577594470467568
-8.496114840134897
-8.500405312853378
-8.567751839572074
-8.594506644703314
-8.579109252242292
-8.525506814753625
-8.498066578734898
-8.564625372762347
-8.516531330334082
-8.644145433546596
-8.594490241048744
-8.498983972900536
-8.592011718904944
-8.61617634857164
-8.604143635191342
-8.49648358772606
-8.626734672742025
-8.604870646135902
-8.519808133796108
-8.576016084704257
-8.540397721420911
-8.5527456411407
-8.58323648375201
-8.601554683149017
-8.623811741880724
-8.630903758955286
-8.640225459247132
-8.633706088528001
-8.57032528436717
-8.528603614758994
-8.485231026874839
-8.591153175277894
-8.521704858951463
-8.67433570337759
-8.641741197273276
-8.514829060623217
-8.58889948930996
-8.518163990040355
-8.568723843866008
-8.546833372004185
-8.548402948180675
-8.630106838200414
-8.505067242791558
-8.569199775767615
-8.557770479212769
-8.67068945226542
-8.591889093885664
-8.61859486538541
-8.55501825857336
-8.526393360232044
-8.583099666826605
-8.640782167697164
-8.593933718625296
-8.595183304114315
-8.53808270132083
-8.576709852258176
-8.639699754574718
-8.636599305467438
-8.51125355564322
-8.64932483857572
-8.562328849673161
-8.617827979699836
-8.53438976342009
-8.5584778540409
-8.55273141272839
-8.634721194966929
-8.533930361405286
-8.59672235330398
-8.579269325744027
-8.601270986426181
-8.561887447711213
-8.62066401048139
-8.60899312946046
-8.521483249966389
-8.708990575081552
-8.557945783294878
-8.589476266333737
-8.639093431586808
-8.604272080091759
-8.620465764319302
-8.702576369134412
-8.611027683788965
-8.57897077350361
-8.534305189441222
-8.613977852806398
-8.654883480632547
-8.634352162189503
-8.664802039508713
-8.553604878107732
-8.584031439367886
-8.539484014987089
-8.630126895269603
-8.619009870139337
-8.525394802246769
-8.576781320571177
-8.500494405611864
-8.623636758058868
-8.596485091017184
-8.637225582983033
-8.570984585817005
-8.61831280524719
-8.586960001599081
-8.572323645240187
-8.644732465145566
-8.619631646410438
-8.591173094704684
-8.63977644604708
-8.58213271720931
-8.578991951991702
-8.618100159913725
-8.709678376011226
-8.62829699665343
-8.568793611292193
-8.619492569442041
-8.63526245883251
-8.751908936780735
-8.62877560260347
-8.524847908670125
-8.654970068703328
-8.716645793949661
-8.66794214860173
-8.675718839466807
-8.613462686060272
-8.687128212826142
-8.632940757712545
-8.729728114038146
-8.645426423997199
-8.707509762287534
-8.642550705052178
-8.707177085568077
-8.602086848322186
-8.638509287486874
-8.628382704642595
-8.68240313277371
-8.619740133569932
-8.672997755259109
-8.619359667649139
-8.634657623715013
-8.610836091896735
-8.691336946679584
-8.658199356302182
-8.701715608687964
-8.688366833462418
-8.560290513292548
-8.580797390196123
-8.647786926940984
-8.611135630607416
-8.676921712541317
-8.644773282345904
-8.633792670256598
-8.670187290738637
-8.663308890539
-8.641976937074702
-8.564066910925709
-8.699880877820103
-8.643865313515095
-8.557566957709453
-8.577542554517223
-8.612135708284073
-8.680737606775713
-8.582711890036133
-8.682325687939471
-8.568026534934335
-8.672859389560353
-8.582063779551381
-8.624795934417817
-8.68757789916117
-8.58234518747131
-8.664327384760169
-8.517247763367674
-8.55656278682209
-8.651429290514079
-8.679151083474645
-8.633193616672477
-8.638778698962193
-8.679786949817148
-8.666370470085889
-8.746372010957911
-8.674684639689579
-8.621813437707958
-8.630192816989664
-8.628624962401657
-8.711012372613139
-8.752327088137163
-8.696451859517202
-8.683448721403167
-8.678681182922647
-8.625887650694274
-8.614064410134956
-8.67970503629769
-8.716414891959642
-8.64390585707669
-8.715215278969607
-8.630185959400338
-8.700967420737324
-8.683485720456629
-8.60646115935966
-8.653839873509304
-8.690994630831407
-8.739436440920423
-8.712603703926574
-8.685033093391544
-8.654276475826341
-8.682857093336102
-8.680309584193092
-8.69810812058914
-8.682759538655295
-8.648451202457576
-8.73421760808012
-8.667138016605627
-8.678468208380579
-8.704360324212109
-8.703806231872667
-8.661061133664433
-8.7271557063499
-8.74310481862959
-8.78264110008917
-8.650831872477182
-8.671766691767184
-8.660104971847927
-8.732400490096802
-8.658494465443137
-8.813177667186567
-8.699075809237804
-8.715046368255551
-8.677739438453079
-8.695689411793746
-8.64278753900444
-8.726629305120749
-8.646713284890257
-8.667909996232517
-8.640615862047758
-8.734870322868726
-8.69673183556286
-8.742947592265159
-8.623814691542815
-8.815794765232196
-8.765660629236288
-8.688517543458955
-8.711575817468203
-8.63061320961252
-8.648889974090245
-8.747813713816962
-8.615596495603539
-8.745835718293185
-8.616635534296709
-8.680889564096821
-8.78632107516044
-8.717862291048384
-8.78894740362009
-8.744111043601748
-8.726091646925084
-8.751817119587265
-8.731610364385403
-8.730507663157898
-8.668782570504645
-8.748064258928784
-8.647386724198489
-8.73287257844382
-8.753353470890517
-8.658510162854599
-8.662908693611298
-8.660801356516835
-8.735684932350471
-8.681886436246895
-8.742590177470985
-8.771456114686162
-8.736197490107205
-8.698701802962795
-8.777144167384009
-8.713934826036903
-8.758855886020676
-8.732663884794272
-8.645263234332791
-8.692907272936427
-8.700652227748343
-8.660268152839697
-8.743804075595435
-8.681074695249439
-8.797499816001455
-8.687137415781153
-8.772890565719102
-8.744544405266167
-8.784963682538146
-8.784723042840723
-8.751191272035788
-8.753643927652382
-8.725091509304013
-8.697678458647946
-8.689301366659798
-8.731794133363753
-8.70869328851266
-8.821820259000573
-8.765520131579924
-8.837026881398836
-8.770319035629393
-8.761081014943946
-8.73706799764024
-8.719506431250739
-8.738041926770054
-8.748304299828291
-8.63465420412182
-8.751119141856273
-8.766650657755997
-8.689569049857992
-8.720599909806884
-8.80667585306527
-8.749012123517447
-8.774399647914963
-8.72107721535737
-8.773159562461212
-8.713876976554852
-8.830727680160782
-8.774055359586987
-8.723412162863156
-8.712978091588809
-8.828630447473168
-8.697992917449275
-8.709215728324395
-8.748434420528703
-8.796051454960255
-8.666855095826968
-8.786445356307139
-8.76345112125983
-8.717154171349373
-8.714932265178284
-8.791879615565318
-8.781576236307753
-8.799365427881392
-8.728569184505737
-8.801983572310927
-8.774652693726603
-8.669051462123457
-8.758585546224737
-8.701421697706829
-8.80165951797177
-8.810148046232099
-8.784352291735152
-8.714020215510397
-8.746976181056425
-8.747254075326053
-8.827921114017528
-8.786984559006047
-8.883983404212886
-8.702926027148616
-8.734990896321468
-8.747150722741045
-8.764062535967685
-8.78067015649396
-8.802021953757446
-8.817248941897843
-8.732449326523234
-8.767763377823448
-8.764136341605537
-8.784659892692327
-8.80927594182437
-8.788897993357246
-8.789648813070269
-8.810498939820503
-8.824807813862972
-8.816117806819554
-8.787287294831817
-8.759036360735049
-8.76866748136561
-8.793349959273323
-8.874520378314713
-8.74236469775923
-8.823080072549542
-8.819769206506434
-8.779756174849158
-8.754086849130685
-8.836557433265494
-8.771718779078858
-8.775789167679603
-8.844603871137535
-8.74051931234632
-8.845038520598981
-8.866714884072527
-8.824542413585302
-8.876333349673892
-8.79996842697698
-8.790919775520548
-8.885831340705558
-8.82046637107762
-8.819937691650322
-8.724989671998314
-8.855050460794283
-8.781042302570768
-8.805212225436938
-8.809326761772992
-8.852938290227879
-8.81649325030258
-8.860518971022154
-8.825736675638817
-8.724719645984042
-8.79922292370449
-8.935420068363387
-8.816184946025604
-8.868959129019098
-8.72699243852552
-8.851709671544608
-8.877255223202623
-8.818713009632004
-8.805176617337613
-8.737725549554545
-8.817621064878983
-8.857579095493138
-8.762029245748337
-8.839668418404647
-8.82917817726498
-8.841017647074585
-8.80723563069918
-8.85633867202072
-8.866270845043159
-8.786034094742819
-8.717879858171614
-8.881563407731361
-8.89618855062273
-8.778313060016837
-8.823668517768096
-8.758124559655306
-8.920040411517865
-8.826464418951156
-8.82331572329481
-8.788149961276288
-8.821269400320613
-8.808109025722334
-8.768636873342425
-8.773901099320888
-8.839829522878915
-8.953510154050106
-8.746245152049203
-8.820271171364277
-8.895807432584368
-8.86132617327285
-8.766459992993225
-8.877211918781638
-8.863508695904553
-8.85341586417105
-8.814592326944277
-8.82141007376202
-8.859474214863862
-8.820939310262835
-8.832642551424858
-8.838270834582637
-8.812895599328215
-8.823279066959044
-8.852574758901017
-8.905251693843661
-8.823529125470996
-8.916063265884388
-8.851157396079044
-8.906445178918004
-8.847631340016392
-8.825676322796655
-8.94048173491535
-8.836323958202486
-8.82355106524193
-8.777309722490719
-8.827559283290125
-8.86343147953866
-8.946964683428563
-8.828261018675828
-8.734441933930867
-8.918795914588502
-8.914866022584059
-8.817734894948824
-8.77414624569264
-8.897330397504902
-8.87821939619546
-8.856392806661907
-8.835411008548798
-8.861041361816087
-8.851574495908606
-8.846062830606403
-8.873015633710489
-8.869228863385478
-8.894781174793144
-8.859174564628352
-8.859458359902314
-8.977210998900583
-8.909799594700358
-8.872838256346538
-8.86310360488042
-8.94843919505811
-8.82170889409031
-8.951530397306303
-8.867913297021179
-8.894659567097458
-8.870079502832345
-8.900237160807935
-8.909513793131234
-8.888101997125778
-8.889254762860679
-8.838898275573726
-8.841974604847875
-8.920765782683345
-8.87464771908875
-8.863933276473531
-8.881848246664541
-8.84243571860578
-8.95202453801574
-8.879399529480613
-8.77967775924524
-8.85459826316801
-8.892455360534138
-8.942741786278404
-8.730137572138963
-8.871157365082997
-8.96300921342378
-8.91643529019561
-8.851003813431142
-8.872682752421138
-8.861203482507475
-8.824316639910103
-8.877013619336699
-8.977258349114042
-8.885241740137918
-8.883917311291745
-8.852342887353835
-8.79954603255318
-8.884313551515396
-8.869360849117816
-8.847365712894627
-8.977978402130546
-8.944334680242054
-8.935340482379548
-8.853747414572581
-8.889293448912028
-8.866408495774257
-8.87054043740415
-8.828876833472021
-8.818714276652555
-8.834842136635952
-8.827604791717313
-8.880452754727427
-8.913743931344435
-8.92371052342739
-8.880647268841672
-8.922553422134905
-8.964815030902953
-8.944027142665991
-8.936610019718549
-8.847004206665133
-8.93573065606128
-8.869168118627725
-8.89103738049461
-8.847195606226016
-8.928068993677881
-8.924456311955076
-8.875087738591128
-8.97316693223601
-8.881697804282163
-8.885148919039592
-8.932000353191626
-8.907528636659228
-8.88139336068583
-8.831761199587323
-8.967816680750927
-8.87362041227397
-8.880650627704911
-8.935914204531889
-8.89017398916179
-8.957189373711769
-8.911936148865381
-8.987293782397904
-8.860407899383796
-8.92465034035444
-8.889976084275466
-8.821589196461032
-8.892462767776015
-8.877345376665073
-8.894983278531146
-8.946756290709258
-8.900939608537989
-8.818048797320953
-8.86436931282089
-8.956239757763848
-8.965484390259396
-8.955212321243252
-8.906675947463402
-8.903220080968731
-8.857613376159165
-8.921898120088184
-8.918431846598057
-8.89365021069776
-8.863463391124915
-8.95629993232508
-8.97231544492169
-8.944581734812193
-8.904138599297147
-8.96676899741923
-8.927144769195253
-8.8102948688261
-8.893992939311914
-8.97040125911776
-8.931482300672993
-8.967244381229655
-8.91592083696185
-8.93011032399606
-8.797159236075286
-8.96875865663121
-8.95490378845277
-8.906406565834676
-8.907126345673127
-9.028738618129927
-9.041587659982712
-8.974516874529511
-8.934748072500405
-8.90282376112286
-8.938364946961007
-8.905843626516798
-8.922101725756837
-8.925036409857361
-8.864447718563165
-8.929449818737003
-8.904740063354613
-8.950502579579567
-8.998700486958867
-8.901893281498756
-8.948727776019995
-8.893973217363731
-8.934031166942175
-8.922403471420363
-8.953210779422404
-8.981606620259077
-8.91334816698643
-8.91263869673
-8.974663655509564
-8.915215444926366
-8.897534463301502
-8.951773201278069
-8.972986128362521
-8.956271474758942
-8.949184485011262
-8.881019825451247
-8.903025585833134
-8.965087595957785
-8.944666749431102
-8.975648934829934
-8.935064365299702
-8.942723649014592
-8.973270938713911
-8.937629507397007
-8.911314971049867
-8.913893765251107
-8.912443986008881
-8.86571734010006
-9.026963535397202
-9.042044423540261
-8.982973279042199
-8.96973049410739
-8.923401771673992
-8.869062366587066
-9.015150020249072
-8.901104648210131
-8.997100370940286
-8.994438010989304
-8.957742147800221
-9.05856502467791
-9.031375795922052
-9.059211081497352
-8.956395761804103
-8.91992773462791
-8.969759358749432
-8.939105472534733
-8.947277669877456
-8.960667596853806
-8.925318497599989
-8.995056952498386
-8.993114560876434
-8.987390520956971
-8.991234457262243
-8.960267705711187
-8.861708635728712
-8.988652983910885
-8.90569937301737
-8.866466652274834
-8.871237055966803
-8.97717949724545
-8.966026900822698
-8.872216634462239
-9.019773130644769
-9.032701649508367
-8.933873192277446
-8.921807087767462
-8.95277795254916
-8.914295699797279
-8.92888262371418
-8.966656592657516
-8.849421126294194
-9.029339679601623
-9.00694884011493
-8.907125496824941
-8.945947208311656
-8.930444897532714
-8.979886456316372
-9.022580164618713
-8.927030614195832
-8.901631953702237
-8.99296368224585
-8.872973466059156
-8.944098907893382
-8.851643657059837
-8.902933670043607
-8.98685075600408
-8.924594021940525
-8.939424091816544
-8.90389293368223
-8.991911300207358
-8.911040652016064
-8.918051072504758
-8.918605751504444
-8.982403268710497
-8.873836280940862
-9.019997406155033
-8.979184688387344
-9.012681173260509
-9.01222660431603
-9.03770818018865
-9.035298371256456
-8.962295160174536
-8.998980819711155
-8.869960177306139
-9.025025058919534
-9.025490610399014
-9.065616824037871
-8.989487537805454
-8.979814753261216
-8.985406287858577
-8.951284155654488
-8.950766848544788
-8.976059859906014
-8.933856835533346
-9.091618598175279
-8.974988531961813
-8.98282627912314
-8.940146158739855
-9.060631902821667
-8.988478660281636
-8.99310771972947
-8.94168454386856
-9.021588121706317
-8.948145065280654
-9.035185721079968
-9.016510974280182
-8.99896360854675
-8.969510872875977
-8.982894469656062
-8.91546108742107
-8.972473627375376
-9.050716582010708
-8.930680560563228
-8.99110704116048
-8.927132980382154
-9.048111051460358
-8.906947352415742
-8.8544777744949
-9.06077365496036
-9.04242167988655
-8.896389696247537
-9.01009880970829
-9.004443356977026
-8.947497559727223
-9.002732891552295
-9.032256744286645
-8.943736850889904
-9.033940987747824
-9.025503219441838
-8.974047619223759
-9.02661056858883
-8.997283394299219
-8.982039482305707
-9.035896533116277
-9.032236103363418
-9.027054350751214
-8.966904404030657
-8.931149824140915
-9.049297770751089
-9.061885503683051
-8.969271934347974
-8.975279101109068
-8.99497205237242
-8.923144316931374
-8.958064953420644
-9.00464355154171
-9.014848726364193
-8.912712466121489
-8.949387326950744
-8.95865084678853
-8.989592261642306
-8.971022125988272
-8.95149921143342
-8.923476109435773
-9.026370133302828
-9.00608654807562
-9.029126199789138
-9.052712257371889
-8.985370787846099
-9.039292389012155
-9.110659908073954
-9.02501222220779
-8.987896362261043
-8.992418146223216
-8.949613940536812
-8.934479103303067
-9.00602083755747
-9.077112897783612
-9.026768742787505
-8.999156906344679
-8.972338839854421
-8.942590990591315
-9.002039924581968
-8.975454523777113
-9.047114972468245
-8.986930486040157
-9.006226739544834
-9.02744368837917
-8.88145359422258
-9.044329639737937
-9.001354938186843
-9.018688131185375
-9.089809098798577
-8.961349334692656
-9.059055548859556
-9.020094203611327
-9.022395887694305
-8.977889025762346
-9.033701127912233
-9.010029193737173
-8.925697806949414
-9.04134692885556
-8.991403543123225
-8.9011565121604
-8.992921762919316
-9.029715653265102
-9.068288828353532
-8.984136815926671
-9.080394490154285
-8.949096046170819
-9.027446184349554
-8.931274082645984
-9.05906680364732
-9.00747945713751
-8.991121210184577
-8.990164957999962
-8.885850383772036
-8.988413550063223
-9.033751140957248
-9.041457175430905
-9.108159426591294
-9.040077711342551
-8.989240527085355
-9.09890692524152
-9.07671568280439
-9.048893237574438
-9.104463165118906
-9.069976287373734
-9.007101428245317
-8.995701053919836
-9.026366920098608
-9.020648030758622
-9.009820555431027
-8.954452456176329
-9.089945287826046
-9.051827936661995
-8.97006954957424
-9.021575743660547
-9.035740038778334
-9.135062238606613
-9.063052483623444
-8.992525899092039
-9.024889628503223
-9.021756899990235
-9.024769079116073
-8.960598725429303
-8.91459241330296
-8.951548054766624
-9.068016929944816
-9.029280326772154
-8.981702141657609
-9.02383528684671
-9.001382763210357
-9.06906064368919
-9.10385879931425
-8.974622657056816
-9.02672978121783
-8.924853495787497
-8.961437995156473
-9.009999570192383
-9.058661134590833
-9.050353751523755
-9.025638982784123
-9.038409465817892
-9.060117528452052
-9.039154255743902
-8.952295014555807
-9.051645548650468
-9.018545320166497
-9.05081988552543
-9.020322385358513
-9.079683264118513
-9.011880621379706
-8.970714607881844
-9.003717838947246
-9.016443067810485
-9.083614372334225
-9.038973182733749
-8.981753869960887
-9.040763468397776
-9.09969445500095
-9.08833615118864
-9.025234301778204
-8.952161274751623
-8.98990772670955
-8.976970006301569
-8.993812494992264
-9.070262926373994
-8.930856473692428
-8.997151255889213
-9.02654045930448
-9.087838353902228
-8.948962075907223
-9.113180453400565
-8.98968910021934
-9.05397279457334
-9.003568271782243
-9.01024502858254
-9.121932426635466
-9.07618400285549
-9.018016342142499
-9.035915262567508
-9.063958324050567
-8.979691088402332
-8.990011985866323
-9.033143822384885
-8.962176522914499
-9.03884068112115
-9.030579330124397
-9.057966707523052
-9.074853251876396
-9.019619428780949
-9.007083509385971
-9.01815109386745
-9.006501807725554
-8.903583627637747
-9.003367056853584
-8.96178515441945
-8.955216641906814
-9.062035823277403
-9.010712977047188
-8.938242728636483
-9.00034741860258
-8.9913776479226
-9.044561023426102
-8.997177140473532
-9.06588695150924
-9.05377275128616
-9.162202380959696
-9.019790102213511
-9.069900451297098
-9.053879106730784
-9.142365029670621
-8.988612231521413
-8.962057160971868
-9.082046795102377
-8.992969566771997
-9.01872914586115
-9.007865772283322
-8.953730906841017
-8.970521339344652
-9.064650646750211
-9.050486120921494
-8.996946796220222
-9.102586631928077
-9.003228394718583
-9.01083420889402
-8.980697678648355
-8.965105995120053
-9.016933758236858
-9.045856110159319
-8.942089764328918
-8.9934577815982
-9.062619499033879
-9.046328174430611
-9.087245127839832
-9.055833805715698
-9.076099688791343
-9.071918376084655
-8.95836787478577
-9.035400588606793
-9.030815967457585
-9.003149731763953
-9.179003364658916
-9.079988851633773
-9.04620488521259
-9.050417749309835
-9.037539548086064
-9.06003010000039
-8.988873790222145
-9.068180942652692
-9.045076606418457
-9.030057686759585
-8.997833383070141
-8.994866249946773
-8.98538381285355
-9.023249719539422
-9.026982308919804
-9.028864299797304
-8.924912818695182
-9.009946084371004
-9.051043369948934
-9.016200604161163
-9.022033990267849
-9.04856572644026
-9.032042328305337
-9.022385593130194
-9.084576068316757
-9.005236903342926
-9.036817889975127
-9.049111511696271
-8.934923272562898
-9.04790636514003
-9.093474434146435
-8.98892213605463
-9.054301312204032
-9.039446482971668
-8.990340741032853
-9.046925261041357
-9.025779871367165
-9.043157628680156
-9.082298164721095
-9.069882963493393
-9.023056593208514
-9.068929253056401
-9.05157134820744
-9.035914151213008
-9.023104340623709
-9.027800241766819
-9.122732475591198
-9.00042317855176
-9.115596539205654
-9.038195993527532
-8.942411595797832
-9.052476316757737
-9.035060089962887
-8.989377293880839
-9.00815552309596
-8.992019128760047
-9.026881140776185
-9.066091831232596
-9.021136954932464
-9.026008272949385
-9.117735876493677
-9.034140046852661
-8.961072472519882
-9.038996802313308
-9.075088798850409
-9.010883346928324
-9.063782898523966
-9.146941967498533
-9.116062941257885
-9.091788248352165
-8.978996532463393
-9.081940997268866
-9.082915813812376
-9.056090856089128
-9.113701902609346
-9.076274647476211
-8.968700037462703
-8.928788452277812
-9.06238890937423
-9.010373264855884
-8.954571194142522
-9.042968921904908
-9.127463176654482
-9.022284889749958
-9.01537046511172
-9.082483907889827
-8.972286054893692
-9.063050890607567
-9.000241126125395
-9.06645602973908
-9.055568871246646
-9.088659216543427
-9.044704937211172
-8.995613833209893
-9.10476051383894
-9.047839161751472
-9.055076618932622
-9.098186409756648
-9.127556566710702
-8.991614597167098
-9.054987481213589
-9.05214547232861
-9.043433023453392
-9.115751385773327
-9.020735346247207
-9.104709058492418
-9.121022689597243
-9.051172049397845
-8.983828067094853
-9.106946872664322
-9.044902721390951
-9.111640492662897
-9.121588259773445
-9.055846037139839
-9.039810572089264
-9.12044129655704
-8.978522891675572
-9.030396520146867
-9.069032537094259
-9.113608625710347
-9.010167767136643
-9.039013920054783
-9.008141710376922
-9.067999840543754
-9.039523830107006
-9.055256486965261
-9.063555552211582
-9.148909934602244
-9.014085906430063
-9.074004044474584
-9.145878026216339
-9.097805696517822
-8.989540004419807
-9.138563407286508
-9.024092653830559
-8.987139109920463
-9.080225122046498
-9.03284257236665
-8.970997597644212
-9.053812479550352
-9.053340430693684
-9.11202812054076
-8.976236536155694
-9.099896697720636
-9.059529383620625
-9.127379486895803
-9.072936874943691
-9.031526514079449
-9.047786941932278
-9.005235038497847
-9.032885015826755
-9.057034875890835
-9.048965009805144
-9.098340294973948
-8.985964900818834
-9.13985342669355
-9.013524394349503
-8.991907002741476
-9.112232429690406
-9.042227216213286
-9.020347183357126
-9.096153827696625
-9.054081992809651
-8.997026266894471
-9.016231412834847
-9.067735561791855
-9.03770934675102
-9.041219567800038
-9.128678235859557
-8.948622214335934
-8.959799437220507
-9.090498351755889
-9.08271258049342
-9.031766617095888
-9.076142712521701
-9.047682413784907
-9.036924812021256
-9.04020333473698
-9.077833969402489
-9.027356302996877
-9.028703246601642
-8.996778394511919
-9.055007351842654
-9.050517773835292
-9.053874453425983
-9.04395394834265
-9.07011102101463
-9.114621308626786
-8.95572558652172
-9.049771109477105
-9.047119471345614
-9.012767564122743
-9.029803301978104
-9.041587960073505
-9.091664882329296
-9.162043316327791
-8.98380401597146
-8.951818327655515
-9.106129789235956
-9.001031621436217
-9.111869560597617
-9.01066016645962
-9.00361535783797
-9.054466283757106
-8.932421737777313
-9.013113928409705
-9.121690149169622
-9.06813151781085
-8.994098954753273
-9.022990930777455
-8.916538789085113
-9.012178270523975
-9.087728873103506
-9.010116506145954
-9.054614722459295
-9.11274229515505
-9.060067918501844
-9.013608915974656
-9.017905070282044
-9.047686473556915
-9.005717059629113
-9.06388793801486
-9.047143996872036
-9.126230233015331
-9.086759214507461
-9.033842259506498
-9.117054566509422
-9.035337701925705
-9.020128881765709
-9.13681892169786
-9.006853336333323
-9.204976767078959
-9.066342066315146
-9.108807027622587
-9.072621324233848
-9.118691888525573
-9.061313265372947
-9.124966236790035
-9.069288459984847
-9.044379388573947
-9.058425453004968
-9.083969971045297
-8.997059334517308
-9.146576989135417
-9.047017731638553
-9.046283773798937
-9.011153767636014
-9.013367321616842
-9.030341009797723
-9.115977671436523
-9.104874313899565
-9.129603529389621
-9.115968507232735
-9.050077085253044
-9.063043882100153
-9.067544684209098
-9.035376364349217
-9.09735135675453
-9.02550861058933
-9.077109153061041
-9.095378300674506
-9.078487795225138
-9.099320980913392
-9.00769007025076
-9.113595399006298
-9.09470691291024
-9.040794665303384
-8.969691411682872
-9.060492496379014
-8.944810802239585
-9.100561506394365
-9.042189620251836
-9.055694570319972
-9.052038983683792
-8.989492276715236
-9.063448767898029
-9.104076180748482
-9.106361799136517
-8.976803492451525
-9.050475652451293
-8.98389466366697
-9.110546799639407
-9.082136812540432
-9.03044517763321
-9.130146383037522
-9.032645337801943
-9.00099414745948
-8.973381202450515
-9.010256350785346
-9.085695193910457
-9.012293556676005
-9.099358847126743
-9.076630754236481
-9.181301374214357
-9.055390834098901
-9.061370843614823
-9.061525682072096
-9.010618669010626
-9.074961444900206
-9.0542018770226
-9.037439890126606
-9.087331677267123
-9.041446659896193
-8.959344235775857
-9.064871108577616
-9.008221191635156
-9.057690962674558
-9.076433249134343
-9.066363999133666
-9.057677843340954
-9.036890170960488
-9.001565761152495
-9.057109061223157
-9.043358627568926
-9.087391981216243
-9.048123651646137
-9.054559423125582
-9.057405391140026
-9.07574027598025
-9.125120932901465
-9.014738363903946
-8.997323254481898
-9.041604013035158
-9.082440266480381
-9.0385589347089
-9.062191484604268
-9.077175557612945
-9.073389554013307
-9.07178890101251
-9.064722538437868
-9.067863267709392
-9.056169742218628
-8.996176766193885
-9.11868499302423
-9.155854204452897
-9.08738089221711
-9.093507432731583
-8.989317881999053
-9.127721403855222
-9.136650769264426
-9.132133393445734
-9.143017599166736
-9.01821128734796
-9.053988664657235
-9.081269970565604
-9.05591781264813
-9.086675095551564
-9.055259315334677
-9.073523653565646
-9.019040076988272
-9.027154677734769
-9.024951946052685
-9.130485257918762
-9.10274644191188
-9.111446880147628
-9.150519880419884
-9.10655274756325
-9.060952185698946
-8.991751176960214
-9.063231020992456
-9.055402939365305
-9.11555004159744
-9.07962263726719
-9.113623511224628
-9.062906299778929
-9.081073446214717
-9.185942800695363
-9.267065910706567
-9.060555820873608
-9.066721689531589
-9.130305337846563
-9.090216496243086
-9.13903743163378
-9.128609359212298
-9.086593223899307
-9.100042372416084
-9.134476750420424
-9.05889449960022
-9.147471749653025
-9.061900378665436
-9.09455557237858
-9.050129484801108
-9.182901090299035
-9.003036978514764
-9.113539464047756
-9.191804389632944
-9.11912401294406
-9.101897523304167
-9.070287475148028
-9.111341041365971
-9.128576684230442
-9.113443985929468
-9.09343684976737
-9.120861713205521
-9.068029475890436
-9.112175867313757
-9.111057034605475
-9.04051075032214
-9.08257861232422
-9.07635958130759
-9.057990613703296
-9.092183456739976
-9.15965450923138
-9.068150443220555
-9.130693072967274
-9.10706655421191
-8.94927834865522
-9.033036078345646
-9.122728248894198
-9.035510177630993
-9.18467967241657
-9.079759115804409
-9.116466690160477
-9.107567871106943
-9.100269138901883
-9.16484055881636
-9.069938249183652
-9.131316073782177
-9.012772994256776
-9.069458455832436
-9.121821112548004
-9.083950830527437
-9.168627899685438
-9.110956099946305
-9.152377938880507
-9.136602359134608
-9.092983776018505
-9.073670749172546
-9.129730142151578
-9.118669305786602
-9.0401083153716
-9.129679050885212
-9.161911108381332
-9.061452010234706
-9.16399049455391
-9.104839235528093
-9.042732910796813
-9.10437206622608
-9.080893330110024
-9.148732313512836
-9.172243753243533
-9.05195606141669
-9.153684339347103
-9.069676041374539
-9.10142439758234
-9.041696219745923
-9.090326956973776
-9.107863210715479
-9.072904839167434
-9.058946461826434
-9.073735164706381
-9.125543472028463
-9.009038199571
-9.148474751976183
-9.141708590878373
-9.024982789565355
-9.115558293124499
-9.152765707494856
-9.071446165526572
-9.052427814358522
-9.115770088923995
-9.185997173406866
-8.964324082968462
-9.172340166704691
-9.119363879558934
-9.186873258680695
-9.155690273143144
-9.063576938831744
-9.214498978854486
-9.024345350244893
-9.108740305819785
-9.06603457758501
-9.134532327251748
-9.112732396045335
-9.107102981165863
-9.127541806872658
-9.07574978791785
-9.03759234551167
-9.057477467648186
-9.077819485590616
-9.167612630013798
-9.234934152236468
-9.191688836368632
-9.179081613366703
-9.08216786778
-9.06154183172296
-9.077483809318624
-9.067974800563018
-8.947358980427724
-9.09574950508196
-9.11405728717983
-9.11771125964033
-9.10228970412811
-9.065290748973176
-9.093252893553098
-9.172827290083047
-9.185369618392288
-9.092564528780763
-9.129617253427261
-9.123980681204461
-9.15950440016771
-9.207360531469693
-9.04742290144249
-9.165977063619215
-9.041881013048691
-9.002755127797466
-9.132788241447566
-9.149628767148513
-9.064907753406718
-9.163182199514301
-9.227135912252171
-9.084551826449857
-9.072390092132085
-9.17480606214991
-9.083884952336245
-9.112058908513456
-9.149307988578483
-9.070051948067546
-9.070197766171106
-9.09110048991689
-9.082273359317476
-9.043530765271328
-9.098042317349705
-9.05066172008188
-9.109073253398435
-9.181608806958563
-9.115079900106164
-9.069292778072482
-9.093083115988772
-9.01241310052034
-9.13289609862876
-9.060414963274155
-9.070828012401334
-9.093552190356634
-9.09809279306929
-9.099592911811332
-9.109907759720475
-9.066340438007435
-9.116576824970027
-9.081215435747207
-9.095208328149788
-9.061350864724643
-9.134743690788213
-9.017668585503987
-9.110610663648409
-9.069531035179528
-9.242531318998218
-9.043483131595893
-9.079662123678778
-9.061392239783997
-9.153483817653537
-9.184690156866814
-9.12800348113061
-9.095195947529222
-9.08660246384292
-9.135303867889675
-9.074490055819005
-9.14514489345929
-9.08083589604535
-9.084326726593842
-9.174303109788234
-9.060474604778726
-9.16887695201953
-9.113718694903824
-9.1122645436891
-9.173412240649558
-9.081872330235115
-9.127567638910763
-9.085185019749076
-9.026329987693332
-9.048905195530574
-9.142586196424736
-9.065024832924463
-9.058525241491626
-9.104949616661083
-9.165682631559612
-9.118594942337445
-9.116518926442426
-9.079149067462899
-9.158240807540794
-9.086182194030428
-9.049560601413761
-9.058930014643144
-9.12593009050817
-9.09169862445147
-9.048096140224466
-9.110300572345905
-9.20965630592193
-9.06588939806258
-9.11118933600889
-9.129955803899538
-9.128068396808734
-9.123853654937625
-9.141474302089426
-9.017241707099464
-9.15025927584853
-9.083736792730026
-9.075543306050092
-9.1828196579376
-9.070019391000217
-9.109727833473341
-9.086562926028057
-9.206199957493068
-9.112312401222603
-9.085300301216465
-9.08859121337486
-9.115693844755434
-9.165195258689346
-9.073733607197306
-9.061848674532547
-9.122920155173512
-9.077343400125406
-9.142768184739129
-9.133090837817699
-9.111569150068005
-9.065179825845167
-9.09686593157519
-9.20567656156952
-9.074284379161112
-9.082316089925019
-9.012814513470008
-9.07098699474684
-9.1069248405673
-9.127201149152478
-9.121161994005346
-9.106058594632783
-9.164507062499098
-9.089889025942
-9.205642161270477
-9.12408277971668
-9.101691290158785
-9.184612708538948
-9.116242123413915
-9.163580270413362
-9.17825606827557
-9.027785374025743
-9.10121562879745
-9.084709713704
-9.137561942229528
-9.157678171490815
-9.168779729966525
-8.981973434117068
-9.17368516381304
-9.136817756860125
-9.076988052484834
-9.142620523185148
-9.134562502427384
-9.072663379685682
-9.06790304573583
-9.079615625536182
-9.106074757593083
-9.122234268717326
-9.074294082241876
-9.081089366918398
-9.101138635545626
-9.052840737813181
-9.039288756464856
-9.095786747484071
-9.11774385414169
-9.093585686884122
-9.141039051363478
-9.15159922462714
-9.037525822420184
-9.126765245423096
-9.123799566613373
-9.161030634817342
-9.125525452634852
-9.001213429661872
-9.093123799662564
-9.090894453356084
-9.089687356756853
-9.07910457007515
-9.043589048924034
-9.133164957027128
-9.0571240527839
-9.108170332232254
-9.03525929130972
-9.116961998283166
-9.092836591122282
-9.120656774640487
-9.15430856924466
-9.154492257284232
-9.143168562714468
-9.054389485267103
-9.026104067715645
-9.03461483478665
-9.103060603824316
-9.22893232917851
-9.029527850896173
-9.164996905089778
-9.166832620649519
-9.041070532499038
-9.080066940058401
-9.161972578917014
-9.127949290402036
-9.156130179760181
-9.141054314890312
-9.07856101123237
-9.083638366092414
-9.137684455899253
-9.099478208544456
-9.108429712407123
-9.165452797246102
-9.137777638662854
-9.057105104209667
-9.098272247042766
-9.058697706468017
-9.079529976204695
-9.08964759250506
-9.156751522336572
-9.069668097834196
-9.092134009123184
-9.015182318760127
-9.096055722153869
-8.998813724794365
-9.142203807376886
-9.076252116483943
-9.168771876354226
-9.00277007506598
-9.183889864950181
-9.118630516624519
-9.13935381506745
-9.052831228888016
-9.094070292310679
-9.156364979145689
-9.052327640458408
-9.16204381750816
-9.088612526917364
-9.078096477552442
-9.205277830351896
-9.062986179050489
-9.092793327267238
-9.073372059601509
-9.103957677129621
-9.068008037406697
-9.146377986803406
-8.995605958525761
-9.158329986385256
-9.23803523321044
-9.075902361725623
-9.118231426030627
-9.120570924142042
-9.145171720793057
-9.113080934273599
-9.059851527939557
-9.068009025502034
-9.141882092068851
-9.143736786599602
-9.142153791225692
-9.213578232159747
-9.169919274866391
-9.083593818005978
-9.055577740087315
-9.09290707114954
-9.111874505303431
-9.137712941258872
-9.19868854953965
-9.096752626631549
-9.072297592899451
-9.091906537836765
-9.067137220175756
-9.210937276087916
-9.059874157970226
-9.126912588225748
-9.110275632370032
-9.079546689053004
-9.148634230324255
-9.094596897120466
-9.042266671639975
-9.120106642800756
-9.17902440999166
-9.19603996036803
-9.117924198225294
-9.097891611056893
-9.125166782045278
-9.140326615520486
-9.102271798797158
-9.148764562100173
-9.143586623056995
-9.092201364391865
-9.053481446226261
-9.125602561550146
-9.141206245186337
-9.156781419609642
-9.188541324361028
-9.115331783751552
-9.12203706927905
-9.249732485913142
-9.172730796382062
-9.105526717919236
-9.132505620020124
-9.213381983462014
-9.144644479045139
-9.163871547779399
-9.182677440519617
-9.208938643026867
-9.15164365717318
-9.1652005277285
-9.140334763903784
-9.064086584291926
-9.046232783612345
-9.240761465584274
-9.136941429850769
-9.128062391394486
-9.231841652328328
-9.169560470367733
-9.104606916465276
-9.161721875886755
-9.18926754792926
-9.190525258536276
-9.182314923267061
-9.08737907666944
-9.099242626633295
-9.165559117473231
-9.153781956998914
-9.178016105323097
-9.085836429688365
-9.137353931560458
-9.101932739338597
-9.14225817188475
-9.156795312597072
-9.116952489911133
-9.134700459631373
-9.083538471392258
-9.122560329417501
-9.078405841984925
-9.089968445819709
-9.14717601807689
-9.106442535999847
-9.211888725952958
-9.12127471289784
-9.141646090643539
-9.057696692240908
-9.187995424341059
-9.178511662679698
-9.060915639463028
-9.0366861020236
-9.137104896940572
-9.169229851620534
-9.100408011215402
-9.12620460525566
-9.169343793249622
-9.115048508777274
-9.077325125696571
-9.09181989017328
-9.11008472557785
-9.08853057056513
-9.128673640747719
-9.143211831558649
-9.060833081485699
-9.15603225898249
-9.148446527582585
-9.261146249414425
-9.185288940434786
-9.147565587794933
-9.179297149430367
-9.105090651035816
-9.216231173586705
-9.09400572600753
-9.094054582266407
-9.1028567748076
-9.109602578175995
-9.168105996863448
-9.121918068372358
-9.107954576864445
-9.104337135190072
-9.18998028379891
-9.16766283035467
-9.232219564917076
-9.208117205542017
-8.996825389308892
-9.239782390587035
-9.208895938702726
-9.224577786296166
-9.145476656541504
-9.118249119617085
-9.13387514503821
-9.117344632951493
-9.128929531528572
-9.098363920823209
-9.126631052278016
-9.099183640441248
-9.177819172320214
-9.064351183399483
-9.231351326783644
-9.152146205820324
-9.239504579458007
-9.074101557788731
-9.18887163384682
-9.168351091979362
-9.236386155017604
-9.130649135055268
-9.14331910681331
-9.183048934024809
-9.076371943252198
-9.137582139245664
-9.220588647210134
-9.148070719225256
-9.143301683467753
-9.216359353670143
-9.148878388762013
-9.08535947595465
-9.177820776670234
-9.198357842572454
-9.224991401449927
-9.201195724904926
-9.198478818651145
-9.217682395133513
-9.171856751477765
-9.248150378628427
-9.114348452466125
-9.194071313271118
-9.245982666725782
-9.173725342808345
-9.157816070031954
-9.174112325568446
-9.182461389084644
-9.109225739394514
-9.274206025050182
-9.164412659360767
-9.142808360075234
-9.15503605176213
-9.21460108651942
-9.129135621657815
-9.167311706654784
-9.123965327627081
-9.233689605233995
-9.196650358944593
-9.174561976611031
-9.144354644372573
-9.127863956280311
-9.069159149611343
-9.217448925472423
-9.149067631044659
-9.1774076573214
-9.244222625182095
-9.098153992087864
-9.178720406641713
-9.237689942961998
-9.102520580476822
-9.17182859852329
-9.103318898546368
-9.191930004185636
-9.222921180875078
-8.709306966664606
-7.96606072932952
-8.262935052588018
-8.456618516244488
-8.803656749122991
-8.900719483275672
-8.118433149651382
-9.182524965017505
-8.23654115760834
-9.16245649769502
-8.99887216820061
-8.415062463192145
-8.396987315871172
-8.520029866168375
-8.012254542791233
-8.815335589960421
-9.168019596139667
-9.066225184659444
-9.164310981593179
-9.081642484990102
-9.089420053316633
-8.778240881901217
-9.157025131363664
-8.78568098023779
-8.84332764656593
-9.0308560870563
-9.112980500119907
-8.936043022957495
-8.510162595146522
-8.309546324134265
-8.807568459460581
-8.32525317232769
-8.503485294010034
-9.13160061769554
-9.055678755561333
-9.000077337183702
-9.080113938882342
-8.720001813705789
-9.054511987659351
-9.118504819018645
-9.108597852753158
-9.208535098487197
-9.105597650017364
-9.207644891895475
-9.19024531303384
-9.1806180009954
-8.898135462663353
-9.16921252954897
-9.144098713193104
-9.201291016803841
-9.108881568627556
-9.131553770775822
-9.100988909975479
-9.069454516569083
-9.129407825732638
-9.17193345850396
-9.219676896559765
-9.152012522463336
-9.206899195072735
-9.151229936778398
-9.22657719522326
-9.062086305526682
-9.075456306904224
-9.081988648007272
-9.130627348953134
-9.115026291671555
-9.212728048535181
-9.074211864539823
-9.166825094734612
-9.106287087112424
-9.094525198348896
-9.173428466475412
-9.141292546455931
-9.133260792889988
-9.091391351716425
-9.091574747195775
-9.155122325699999
-9.158517278425109
-9.150242410824616
-9.204257438366866
-9.099018096639801
-9.076377270724949
-9.116309314123045
-9.115583547056984
-9.185206910400607
-9.189936818535083
-9.201963332094406
-9.141132435247007
-9.119910305426354
-9.161379366421736
-8.461542742272663
-8.203476282441962
-6.799892308200949
-5.626845748528716
-5.748340445505322
-5.530932617168432
-5.868103237756211
-5.51276453433768
-5.5099268869061815
-5.510380236030926
-5.509818247926965
-5.498109683691578
-5.510261386185105
-5.49099218174785
-5.490268231687353
-5.501920194414332
-5.491322441465034
-5.502797101721986
-5.478866223533653
-5.491478367668652
-5.489850438191595
-5.505779449613427
-5.496414232181599
-5.485920265750509
-5.4953936284407
-5.492988653483363
-5.480045509300568
-5.492536805684091
-5.487437787800147
-5.507281976679318
-5.4919264516163
-5.486084732367328
-5.488285167127998
-5.496935356989805
-5.492885549737746
-5.49669100047786
-5.4885181214146535
-5.487160883993088
-5.50546429886399
-5.499241887319536
-5.519494522584265
-5.4838823706652775
-5.479419110206732
-5.485576176373704
-5.477351858887312
-5.492272018996487
-5.486048743336511
-5.490484498839591
-5.484085102694936
-5.47692219640721
-5.49616015172661
-5.479222742792872
-5.488995117772784
-5.5043373674170555
-5.489688360214473
-5.4976875578041176
-5.494059836112246
-5.4983040981109115
-5.500539428845872
-5.5047440300937085
-5.494441137312424
-5.4863736604658015
-5.490318179891319
-5.507369546833229
-5.494303906024953
-5.486888760575756
-5.4767130620416955
-5.493002644267425
-5.493189746199878
-5.5050773769808
-5.505153870357479
-5.4836621511425285
-5.493004382235777
-5.491663252456259
-5.48917796036477
-5.4945290614220985
-5.4998559827437745
-5.490558496275924
-5.502660814421239
-5.4935027974593345
-5.489519996932586
-5.481269973343169
-5.500624287736205
-5.481546645488136
-5.502938117402817
-5.487824582676894
-5.4818254114922205
-5.485956139488195
-5.5013549015298295
-5.484105188388601
-5.5070376664477765
-5.486675499582989
-5.492423797161058
-5.497501974207967
-5.493519616033059
-5.483120614617975
-5.493360249427681
-5.484844262784254
-5.502859451567626
-5.493516880239808
-5.499310771567768
-5.502050829214582
-5.49294812364579
-5.5053679652623195
-5.50375011290532
-5.487987834742071
-5.504773805969822
-5.491292227361565
-5.483711934130354
-5.501966517496302
-5.4877454528588405
-5.5047243587445776
-5.482744375390454
-5.489488825435686
-5.482516793024747
-5.489172920065308
-5.483023975564881
-5.49058955546276
-5.487138090221216
-5.506773146019358
-5.493617024858081
-5.491684495264138
-5.499081250624235
-5.47958666779245
-5.490876596779491
-5.513710089417821
-5.4945374221657275
-5.486138891522809
-5.4890184404696605
-5.491832568116232
-5.513589603380249
-5.486687448439858
-5.49475024752117
-5.50005988402983
-5.486418657099357
-5.499015640309572
-5.494016702689592
-5.497083729125947
-5.497687612558409
-5.4828023086114275
-5.499640412928814
-5.485365838935159
-5.490251367232004
-5.490214097697276
-5.489287169148215
-5.498329542141541
-5.493348273820676
-5.500613912679534
-5.489563740410364
-5.495098012776196
-5.473646670778142
-5.501955618209102
-5.4849829972048045
-5.491579154811942
-5.500466510299574
-5.482935177532598
-5.487453269458744
-5.478929455927324
-5.495657741632115
-5.489450482342932
-5.5027321891881265
-5.487700480358419
-5.495311357941983
-5.489633691443894
-5.475693957897374
-5.5019136851219415
-5.495293743861236
-5.5025981245831765
-5.495399089748939
-5.487604338314774
-5.489447375563081
-5.488644756867175
-5.491725817992017
-5.500196470944225
-5.497597261658669
-5.499968103944584
-5.482947471000479
-5.473447951383539
-5.4997385538314365
-5.486548227669547
-5.499030917190415
-5.480417097081222
-5.508485864495261
-5.499228717708924
-5.497851703432555
-5.5005915062390365
-5.484029674158165
-5.4889824165984695
-5.490004324779978
-5.502616524612008
-5.490620366822347
-5.495835082782447
-5.499414884480564
-5.499950718271133
-5.4946698328353545
-5.485038832662969
-5.498560894807515
-5.489769962738681
-5.501102217452419
-5.515109686094059
-5.5029377916161915
-5.505355346977812
-5.501998615194572
-5.48709926776971
-5.506292810815042
-5.481632004865343
-5.490349313975198
-5.495790288101479
-5.50396715612716
-5.491922726943427
-5.487239183879321
-5.496197956639749
-5.48725675419693
-5.497620382092816
-5.480078285767032
-5.490252692910755
-5.486677980150461
-5.489979253171804
-5.4946365631351375
-5.488282254932943
-5.494887038023118
-5.502571383315583
-5.496850735864523
-5.485108715582524
-5.480836230304011
-5.485107142256851
-5.496920778554449
-5.498093508351793
-5.499843068745602
-5.5064821450313275
-5.48848336599609
-5.493044640324609
-5.4855089328006965
-5.501967942902326
-5.4889766823992225
-5.498247567730324
-5.493873334507077
-5.497221786013454
-5.509525527948025
-5.490990239959748
-5.484787267279273
-5.507651170636468
-5.480423058967203
-5.5120191081349565
-5.478370855094022
-5.499127354387524
-5.495177737769968
-5.500964712265126
-5.490553940881657
-5.504073104151777
-5.481029568418254
-5.495015235817689
-5.486455651779975
-5.496388026443063
-5.517924127863171
-5.489939297285833
-5.502711736296625
-5.4926487352723266
-5.478393674543357
-5.494865094629721
-5.47560615966054
-5.481642252616144
-5.501509451707075
-5.48765385391514
-5.5032846518375615
-5.505779703410102
-5.482072859165554
-5.490079776371566
-5.479548046141526
-5.494916026135183
-5.4848983951856765
-5.505770679100017
-5.50929531033229
-5.492464164689959
-5.496317189092219
-5.510749228222104
-5.497737158336586
-5.487351952913286
-5.485475153000897
-5.492743584438763
-5.494422336666711
-5.498593807868121
-5.493002231669451
-5.5071230460908005
-5.504166670634565
-5.50030947614445
-5.482739851061094
-5.503184288386612
-5.4922742738406205
-5.497798313283121
-5.474541806063025
-5.4932707343689104
-5.4878869557431
-5.504334623522612
-5.4914174242174845
-5.48466772927049
-5.506327611774592
-5.503290125678898
-5.491823949853971
-5.488526410226927
-5.5101131940133286
-5.505876134244615
-5.4997702514916345
-5.4987105365611475
-5.500490630244085
-5.498099436787789
-5.495543520706217
-5.485665779549068
-5.493609646371119
-5.492635174034794
-5.485377878252629
-5.498804910321572
-5.497672001248106
-5.49198471543936
-5.486902240908235
-5.503508613946558
-5.4820471423573665
-5.489321727254914
-5.497477838164773
-5.4886608567817055
-5.483482335373684
-5.4809583929021635
-5.477755265906652
-5.478610993999661
-5.501523303599032
-5.494632340858608
-5.497987149613042
-5.47306298631154
-5.511908441916088
-5.49026681840049
-5.4872240019833445
-5.506682215443429
-5.481646537017625
-5.498852282994847
-5.496496980372784
-5.503206115018924
-5.507321295388748
-5.49308841236941
-5.5164836527307335
-5.484704134686121
-5.512035746146306
-5.500050455573048
-5.486018864152713
-5.511834257456694
-5.498349971175003
-5.495598805818339
-5.500924214172
-5.501927049520074
-5.497847686468108
-5.485695584922253
-5.494122793725406
-5.500111231927645
-5.473476774000045
-5.481814285535677
-5.482369415763278
-5.498483460205302
-5.475461138235629
-5.500983283761775
-5.49142016926933
-5.497135269753429
-5.498609725231507
-5.508558900068356
-5.486759149815408
-5.492673172712602
-5.482905662153279
-5.512975567239451
-5.4975133163317444
-5.498380001768065
-5.489290811321285
-5.50598724094753
-5.49958045410898
-5.493473780489591
-5.4883284286289165
-5.512251175875265
-5.487968479050884
-5.482706970593564
-5.495966289939382
-5.504831703599105
-5.489404788181748
-5.491602356089086
-5.490310858069709
-5.488629747609039
-5.486179617752254
-5.500900451913103
-5.496091866827975
-5.509464372956409
-5.510594920898534
-5.51536261104212
-5.476072202040548
-5.498583293589125
-5.497747620487068
-5.504019675159075
-5.496706804713151
-5.491419169733144
-5.486733127584638
-5.50842138743058
-5.480721512426701
-5.503196601028138
-5.493044911770465
-5.500917042973332
-5.495540237010919
-5.499546223357992
-5.49485642467825
-5.492454934747957
-5.493182462784624
-5.499193018613395
-5.487800582924374
-5.498050523165926
-5.494523665745092
-5.5043189477587875
-5.50479071164972
-5.483251243220457
-5.490071955458622
-5.47767299339996
-5.501238499541349
-5.5041733853908115
-5.505733143337323
-5.487923444261071
-5.482977367926784
-5.484443996843678
-5.500480623267676
-5.499876028026353
-5.492264966199622
-5.4908461480411574
-5.50695400904662
-5.503159406148753
-5.502494534320493
-5.5088423676534735
-5.488591271226142
-5.48788898025944
-5.496496987386128
-5.489428696827208
-5.493166182031794
-5.499148543035986
-5.5146090074093586
-5.484712518758465
-5.495396563907956
-5.4950191361117895
-5.4979208417988294
-5.491272360464875
-5.497726538962648
-5.511896379198098
-5.500972561221691
-5.498506500433685
-5.499576244438083
-5.491124240265481
-5.518883249881143
-5.506613385542317
-5.487246737857503
-5.493645779659665
-5.496210444359934
-5.500394319410323
-5.49870037772677
-5.483916528644355
-5.496532982055605
-5.494453761174025
-5.479019875842449
-5.4997081874618905
-5.487742019163676
-5.487163172591353
-5.497911651372868
-5.489661792000222
-5.494587017880862
-5.4883631001875655
-5.481336503475857
-5.499222422794758
-5.47924893465585
-5.485571914743985
-5.4976773828672965
-5.501314143055168
-5.504330815991527
-5.48659422964311
-5.493617515320538
-5.486270089021839
-5.4960351052314875
-5.483669857396118
-5.4949294225333345
-5.5048946612292955
-5.502611373181812
-5.491475607607487
-5.496048533646704
-5.498118257589525
-5.507018025749012
-5.493019833320777
-5.483277738472182
-5.493953617509961
-5.501201574078216
-5.507083724056599
-5.504281960661575
-5.501708903604321
-5.489960022400673
-5.490809741032337
-5.485605139161367
-5.484001427059324
-5.4977888833654225
-5.498484083304091
-5.508946675870028
-5.493841640239783
-5.509621818830613
-5.497479840431042
-5.514100045371446
-5.489732155512035
-5.494462575806704
-5.492952590816312
-5.488461783183455
-5.494506340543783
-5.50055075344818
-5.5031328550049565
-5.493138659870721
-5.479806995879566
-5.493890281750113
-5.4794394219678315
-5.493131954962618
-5.504617945684171
-5.481584038896848
-5.494629412432181
-5.479905031427042
-5.489737651000329
-5.486821869816643
-5.488883230651573
-5.474649317221792
-5.478259797421644
-5.496356682263327
-5.495730022547678
-5.498021850756824
-5.492486258731854
-5.505315608543703
-5.4979881616024215
-5.488902059960954
-5.48730088023726
-5.5146748378971875
-5.48037369378785
-5.4979015045768485
-5.485626139702024
-5.513799529278583
-5.483096324907974
-5.50024106246325
-5.489978672852282
-5.493856871263521
-5.491890655576014
-5.513005785268863
-5.490293987368137
-5.500456422605943
-5.494364458346229
-5.497685197503071
-5.49018563533218
-5.497854082305071
-5.483973623656986
-5.5029151244276076
-5.489220495170564
-5.48953984405949
-5.498400130064873
-5.491351903458366
-5.514772272666503
-5.48985239864912
-5.494903511170303
-5.494895256909244
-5.49398706875933
-5.484585978760774
-5.494236913547486
-5.507085513401882
-5.504275440469878
-5.491329079693381
-5.492350862179365
-5.4963029090045765
-5.485369420593226
-5.51420723803169
-5.497766029010872
-5.481784492204763
-5.490347338360232
-5.495616906818629
-5.47987952920867
-5.492122162653944
-5.4910415348556425
-5.508919240919682
-5.487666050904068
-5.515057132054692
-5.508663933799019
-5.504956962942135
-5.489299888336056
-5.509540055130088
-5.482368879666059
-5.493733731032158
-5.492759347103693
-5.502630081501725
-5.498382665014616
-5.50441005856434
-5.494907870749927
-5.4959192519070115
-5.483256629456565
-5.49164918416668
-5.488604511736429
-5.493963132374894
-5.4891481061664935
-5.494252955064825
-5.487164736598214
-5.496432177109889
-5.483215344849605
-5.4861705210358265
-5.47841851471191
-5.487041360423116
-5.506173004526644
-5.494813746546978
-5.5060199558480045
-5.487270900226983
-5.494834481394118
-5.482499244519937
-5.500249239484523
-5.508775839510042
-5.504485703484176
-5.474494055324196
-5.488678961369181
-5.4731802209514555
-5.505027801420905
-5.489988574626051
-5.497312412427159
-5.4806424399487845
-5.491378781789596
-5.490251774819134
-5.481830155926342
-5.495331688273322
-5.487481478967234
-5.495124114561913
-5.4928490534581
-5.509756676762974
-5.50149836235186
-5.507987692967868
-5.4944656741953155
-5.485536869267239
-5.4991862208299525
-5.486716046101032
-5.4951122702271675
-5.512728627418155
-5.498268142919532
-5.479849566969263
-5.488098702044294
-5.497489186559256
-5.487033224521077
-5.486335954168833
-5.50170349385069
-5.4905300400981885
-5.488784757956444
-5.50258704317424
-5.509153415830486
-5.487369817755216
-5.5115871441325455
-5.488703287332605
-5.489486652001202
-5.498814173703024
-5.4944942234182825
-5.48388454568543
-5.492124105218675
-5.508556710491255
-5.503194598846608
-5.504540541109992
-5.495554133271358
-5.4972624818153495
-5.484324856217828
-5.501314747279707
-5.504230678259891
-5.480204333075578
-5.489220609791362
-5.500389850209334
-5.501460538366856
-5.493427128005088
-5.482350115685145
-5.507712502587796
-5.492115413202697
-5.50106510033611
-5.509079016909497
-5.500838633954067
-5.493544289381755
-5.500033620968382
-5.489892888701525
-5.510812978439731
-5.488262754113818
-5.501031742418186
-5.503935899929649
-5.492068828207028
-5.489549751852869
-5.499979959561182
-5.48959476822705
-5.4765321004502105
-5.495138322835121
-5.487191559604905
-5.5124049852266515
-5.510704473751574
-5.491163268789599
-5.492510629135451
-5.5073837365433285
-5.484592168154396
-5.487905671441381
-5.495043161874321
-5.496805857872279
-5.494831317178742
-5.4945302308107635
-5.477388384436927
-5.496142294802163
-5.477514252303121
-5.49090334596646
-5.4782698753114945
-5.481880265942078
-5.4758587661945555
-5.508281028771232
-5.499165839295268
-5.486681619882532
-5.503565068780708
-5.492219654384335
-5.493057759024891
-5.498837846440025
-5.475131001656084
-5.5154807244971344
-5.497560893494319
-5.504978912901854
-5.51032766060593
-5.488972869191098
-5.507276625774815
-5.504562264015094
-5.499000632031393
-5.494078370238026
-5.495523771746169
-5.503903911681643
-5.505029751889322
-5.505512291822092
-5.514519663994893
-5.481266689844883
-5.495638231721518
-5.498388579839604
-5.493975689372543
-5.4894714363383885
-5.509270002877945
-5.497816085570973
-5.497975403117032
-5.512571484493216
-5.496465334766852
-5.481316463599639
-5.518339920930526
-5.50064356738536
-5.489505811987283
-5.473550768360068
-5.508757938170369
-5.475340578737711
-5.497306030583031
-5.480667597380676
-5.503676855507987
-5.497405936247105
-5.497601825683543
-5.4893020194833975
-5.491227006496347
-5.4898158505164885
-5.509039956619943
-5.490268138795371
-5.495216191180964
-5.496747689942953
-5.480213640732417
-5.486941857649088
-5.495971586345455
-5.492015412894379
-5.499994929161918
-5.494700262633334
-5.506447435283847
-5.502224124097266
-5.496192154303876
-5.503685908690045
-5.493645848897003
-5.494941118831284
-5.486404707353443
-5.511911178680453
-5.484053351013195
-5.493425107761008
-5.494876490119515
-5.493227507700041
-5.516074672459603
-5.4753050959390315
-5.532766931333494
-5.502096132447797
-5.506553493937822
-5.502558896721229
-5.4924578562190804
-5.496723944942247
-5.4930302135801234
-5.49740571420264
-5.482159205520134
-5.5016735231930145
-5.507866500735133
-5.497766612922618
-5.497515574004524
-5.480794777774822
-5.49649136450786
-5.49573090780125
-5.4944095236415365
-5.495758817079256
-5.498921013955648
-5.485473598933969
-5.498459526651381
-5.514914662416743
-5.5049920145007745
-5.500440686353509
-5.496499870048823
-5.506248035297791
-5.4851293999905115
-5.485592706374949
-5.505057315255142
-5.492397988111006
-5.498373980492043
-5.4988011850510965
-5.484923573436792
-5.477801507257536
-5.49389365424693
-5.494403565871607
-5.48301599028613
-5.482437210804595
-5.49682472772708
-5.4932885324313565
-5.493607830976121
-5.465873222810016
-5.499602223270153
-5.49628580625793
-5.492068035001015
-5.5005392197786565
-5.500094375469215
-5.49632805347144
-5.498075057425103
-5.471062338792109
-5.491187103503117
-5.493569054828397
-5.499375219233595
-5.4916742326275685
-5.490709553009354
-5.50546148717356
-5.502047190906806
-5.497027754301661
-5.4962420132720995
-5.487309815985101
-5.522282719530724
-5.5167660629011
-5.494999130393366
-5.514801765869341
-5.50478158438537
-5.494314542628048
-5.49163570894901
-5.497831974158466
-5.519325445008535
-5.510560418888603
-5.4897145851758715
-5.491170886710286
-5.48572876031674
-5.510406887665316
-5.496434381212513
-5.492024931302957
-5.489254511600963
-5.494531532332165
-5.487887903776974
-5.4943445831962565
-5.502317642577636
-5.489763702528026
-5.48076905396239
-5.4997641990453445
-5.487269928971936
-5.502359555791223
-5.485686336593929
-5.498543621615031
-5.498073493222325
-5.488687255372438
-5.497477035165225
-5.508092803109662
-5.490346859403421
-5.498902428805683
-5.491705097740719
-5.487460071795161
-5.489331973176076
-5.481493705325167
-5.509300564661398
-5.491770432734708
-5.485120472343902
-5.49562736764457
-5.493121538957833
-5.475090620859545
-5.506742713282238
-5.495316928460557
-5.490603317442432
-5.475501326550177
-5.4794646997675045
-5.487246430860293
-5.472509237769529
-5.484493096978242
-5.488086623679053
-5.487449974526621
-5.483495547649888
