-7.007298314754966
-7.007319461116556
-7.00736110608134
-7.005621289543406
-7.007331111987115
-6.9981154551396045
-7.0072744432194405
-7.00725644969691
-7.007321442619629
-7.007291123526227
-7.006582486503324
-6.988183555996021
-7.007304521951209
-7.00733094748193
-7.007316236050227
-7.000327402098641
-7.0073411387846765
-7.007266014839335
-7.007359781125785
-7.007256792684927
-7.007294425840152
-7.007362465263021
-7.007388388151513
-6.995361937033646
-7.007296195432054
-7.003230593240291
-7.003643028190616
-7.0023582084903175
-7.007408220099361
-7.007362462860988
-7.004471736459848
-7.007316412337601
-7.007263927394101
-6.985423918911398
-7.007362269099672
-7.007294317444965
-7.0056013782952595
-7.007312097269327
-7.007378860596389
-7.0073280293682645
-6.999940174457098
-7.0072649438604815
-7.007365881910525
-7.007290050540394
-6.9978385780607315
-6.9943261851237954
-7.007334578033393
-6.9994156257999265
-7.00728610100459
-7.0072908155870195
-7.000690736415175
-6.992131554320101
-7.0071990414654
-7.007189769644812
-6.994062242291268
-7.007274075272611
-7.007299790193321
-7.007247421353196
-7.007233871111762
-7.007293531702408
-7.004887107623026
-7.007201257812172
-6.999683622960912
-7.000265720137012
-7.007256268081406
-6.998345791498505
-7.007313564064602
-7.006333715253075
-7.005611370518278
-7.007220760963246
-7.007138661988906
-6.991240211530469
-7.007245836371857
-6.951361306432492
-7.00476476105748
-7.002856669597698
-6.985837829278404
-6.918640955142904
-7.007268967218943
-6.9710671898530965
-7.001850024117047
-7.007201130179964
-6.971485267895557
-6.995789167378553
-7.00716950369766
-7.007234351199954
-6.997374531720066
-7.007263883770043
-7.004723339485394
-7.0072172662157515
-6.9966445204185606
-7.007295663372936
-7.007255210560508
-7.007271627276615
-7.007252444913066
-7.007224396523381
-6.967487635374406
-6.99566464211932
-6.971182977922237
-7.00605991739118
-7.0072467664278
-7.002561132232763
-7.002734751995253
-7.002616927148022
-6.976123266683868
-7.0072374452331765
-7.005155673895451
-7.0073394980349875
-7.007281377782991
-7.002215901434862
-7.007320330209997
-7.00472520844877
-7.004623584792966
-7.001866900599591
-7.007215198484552
-7.007350606493306
-7.004822815915758
-7.007293338619769
-7.002583811793482
-7.00727433725311
-7.0072316583792755
-6.987005171593047
-7.00727010734456
-7.005359209266562
-7.0033849622289726
-6.999442650300934
-7.007340324667415
-7.007208694050218
-7.007258596371438
-7.004780545497301
-6.9931392802703485
-7.007244444810779
-7.00735334306678
-7.00727672185106
-7.007210108033147
-7.005846555501463
-6.983716121598795
-7.007286650408116
-7.003865664074841
-7.007332013782641
-6.993972775132054
-7.006137789561386
-7.0073139280252805
-7.0049639983406
-7.007250207858238
-6.9968920983676846
-7.007181405232878
-6.98225402393588
-6.997826978591552
-7.007244714711418
-6.983285893431892
-7.003058992779867
-6.9052699673976505
-7.007335658926772
-7.007331113514429
-7.005633578233699
-7.0009662015323215
-7.001224031309343
-7.003741791191913
-7.007251085981344
-7.007240645826849
-7.002042200435489
-6.998718057385521
-7.0053391847954884
-7.002014701392392
-6.995140236819215
-6.9976274513771175
-7.00352041072171
-6.908314383178183
-6.996838538238165
-7.007165041907726
-7.0072890875763765
-6.935775476164146
-6.977845555825613
-7.005259174166522
-6.996792510067789
-7.007257079833311
-6.9986028982193975
-6.989199083180697
-6.9964222529622795
-6.990426662673619
-7.00728712678643
-6.976882292803143
-6.869552328250023
-6.99371848949517
-6.987469340593849
-6.91850495357586
-7.007261635974856
-6.993478104939237
-6.97640707695285
-6.977266766532354
-6.9568278820303995
-7.003968979271555
-7.007180812945632
-6.9875496342651395
-6.9978869947254045
-7.0072692111413915
-6.991021940615571
-6.969051975112653
-6.982129964338333
-6.997799364316556
-7.001971016394792
-6.969262160199453
-7.007277090136634
-7.004760630602057
-6.9111967966566965
-7.007223064870506
-7.001685983853256
-7.000777675749801
-7.005228376369499
-6.960109038437657
-6.9945393802047775
-6.994989585207233
-6.986180291587155
-7.001880647598523
-6.967067916069204
-6.992722694379147
-6.983482098822357
-6.98035456213819
-6.995297547157652
-6.997662846505117
-7.007330562927409
-7.004681287377847
-6.992782386530317
-6.993057492366599
-6.9872116667518585
-6.998366646710394
-6.998047333684219
-7.007210583190804
-7.007291525515041
-7.007270837806449
-6.988304154198229
-7.00178492847197
-7.007199214080311
-7.007284651831348
-7.007258442641692
-6.985891451660556
-6.980672501639138
-6.995943597448856
-6.984772723701572
-6.971137602021681
-6.96751462858464
-6.997329194474879
-7.007213606881179
-7.007212213425898
-6.998735655359529
-7.006483767250178
-7.0072777543737095
-6.991856280303797
-6.99250104706239
-7.007144598260928
-6.986461285964459
-6.971759403523847
-7.006028292988631
-7.00242398058792
-7.007306208270127
-6.986118149500313
-6.995961906774832
-7.00214649790664
-6.986259303614664
-6.973563161290335
-7.004328697965429
-6.991602212722393
-6.982811471273957
-7.00162405422319
-7.004783979068073
-6.992102178807314
-6.88032356952606
-6.991855248041318
-7.00726306113893
-7.0057216343803645
-7.002887235716035
-7.004481128987087
-7.0047819564709926
-6.986058461773161
-6.999244635138038
-6.997824081134181
-7.0035928646353405
-7.004464107634437
-6.997473204860104
-6.996978902612746
-7.007194259328436
-6.967446344217361
-6.984299437787891
-6.992768657116741
-6.975915841249865
-6.998411066485961
-6.9686216040668185
-6.982993784390711
-6.98556160114529
-6.99993934238977
-7.007266084209391
-6.992050929660173
-7.0012895213011905
-6.986879246268829
-7.004395608479161
-6.99269791247313
-7.003570851380903
-6.994254369897859
-6.931162425654931
-6.993187579484221
-7.007184619894142
-6.999310857598322
-7.007257937493036
-7.007261661206893
-7.007220187354026
-7.00188817908629
-7.007304334937263
-7.007273125216104
-6.996087556443543
-7.00733117211633
-6.832143249286109
-7.0072850918323795
-6.99475735685812
-6.998532539002018
-7.007355832148938
-6.996179077605091
-6.986978240246285
-6.994033042416857
-7.007308415133382
-7.0072851785575345
-6.9879519178305465
-6.999804488920361
-6.974707873946475
-6.904872172762954
-7.007284890221382
-6.999037565643306
-7.0060623462535325
-6.991081916120961
-7.0072239550134725
-7.000440410232784
-7.007316748305597
-6.988530096415949
-7.007280783892911
-7.003447840212695
-7.000268727032392
-7.007194248371779
-7.007280541319687
-7.001468385046586
-7.007234979816902
-6.974784446713011
-6.999791933220866
-7.0072932308102125
-6.996976230072274
-6.981799327566797
-6.990448547021147
-7.005419274100923
-7.007282232809711
-6.997210000150749
-7.000475317087638
-7.007257984711174
-6.996296208361952
-7.0021636686464035
-7.00562812422144
-6.957519025943565
-7.00323507458562
-7.007337349525493
-6.929810023127823
-7.007303684722887
-7.003935054751505
-6.879670006744918
-7.001716964136768
-6.98725724715585
-6.999887767223247
-7.001066759414472
-7.004847969894936
-6.995390974130281
-6.983118343243973
-7.007278052837579
-7.007239025372169
-7.007347490734766
-7.007345348926582
-7.007274453523322
-6.985931577515
-7.007293376138993
-6.989793225965889
-7.004641180347058
-7.003788280727267
-7.007219312828659
-7.00730116791085
-6.951132498113532
-7.000997397709175
-6.999775449671872
-7.007379550293557
-6.948220527990053
-7.004951209295219
-6.986170751734353
-7.007300872328753
-6.9867127112788125
-7.007266543488935
-7.0072947731860085
-7.007273945590088
-7.006294343893448
-7.004307336909825
-7.007187925470024
-7.000767081290802
-6.860222178776846
-7.0072573182525915
-7.005047089684766
-7.007264247462544
-6.924531580304152
-6.992036873900807
-7.007265122154505
-7.007232150106166
-7.007214776360856
-7.0062162124379315
-7.00452900154147
-6.9578699883449495
-7.007281342099318
-6.9784635647810935
-6.8973909564594535
-6.9895500064440315
-7.005792452527359
-6.884906815132024
-7.007211705233823
-7.007384617144225
-7.00032694914159
-7.004028966898956
-7.0045686747363565
-7.001164363862987
-7.00222351797597
-6.9793923124637605
-7.007348173659224
-7.007251369756365
-7.007425167806442
-7.00235019188724
-7.007279694915036
-6.987412996823439
-6.998366690833065
-7.007237545299829
-6.796091085534359
-7.007267829435974
-6.997697042142547
-7.006420343227444
-6.996437605644599
-6.993728228947798
-7.007260134195047
-7.000164595564577
-7.007346143392737
-7.000774862932397
-7.002807498557049
-6.990889985502948
-7.002141299066238
-7.005164887717754
-6.993994287415475
-7.0072530085910945
-7.002296482849651
-6.86079497052826
-6.988549725479608
-7.00726249110279
-6.849533675421441
-6.976545542719862
-6.945369210755567
-7.007306533419257
-6.99721114032503
-7.007258374599964
-7.003689980817308
-7.001351260537252
-7.007417976325967
-7.007283859387541
-7.00614362261026
-6.999535652300446
-6.991888661341361
-6.996172493583754
-7.007223344102704
-7.007237960844606
-7.005336675042115
-7.004698329138323
-6.9876737373243305
-6.899463316647351
-6.99115183994381
-7.007284836348439
-7.0072343054469375
-7.004718816281912
-7.007277751046381
-7.007248792148703
-7.000429885125282
-6.990551541127245
-7.007332154585047
-6.999362355057659
-7.000710125297124
-7.007245856402014
-7.000423140716477
-6.999837391938435
-6.990382714272352
-7.007274680120677
-7.001205306958102
-6.833265968248537
-6.944590601064644
-7.005716943052398
-6.997161885035737
-7.007284691425685
-6.986633179641167
-6.9981461616092835
-7.007445388281415
-6.872698234570058
-7.007200073098699
-7.0072877945805665
-7.007260334810024
-6.99028763574098
-7.007202412183907
-7.007254050957314
-7.00733906118225
-6.989640169151446
-7.007326469236841
-7.007193912640712
-6.98040949185417
-7.000230014812708
-6.999007869761876
-7.006002975245058
-7.007334551644535
-6.981445451023998
-7.007228170036939
-7.007237114597927
-7.007256366898748
-7.00450810597541
-6.988104420271668
-6.899092433760221
-7.001549145288663
-7.004534346476008
-7.007388203912218
-6.94245627936422
-6.999352651718502
-7.007279251526623
-7.007253389749784
-7.007198138173393
-6.9661985230268275
-7.007346040148082
-7.001822139724429
-7.0072199640831165
-7.007327694472472
-7.005864033562485
-7.005592480482261
-6.986785479405516
-6.99747613948827
-7.007283863359473
-6.983051210599914
-6.99896043974297
-7.007281951186167
-7.0053430012653015
-7.007279300327909
-7.000453573366868
-7.007149296932029
-6.860783681514571
-7.007235444024669
-6.997669884564715
-7.007305248529942
-7.007333916677547
-7.007268145656456
-6.991998368029446
-6.985284708568698
-7.003044078368351
-7.007263472231267
-6.7361939819350285
-7.007225292843174
-6.9901144179996155
-6.992442841226802
-7.004028255933941
-7.007212368804922
-7.0036707699056
-6.96228845933171
-7.007249849680483
-6.986049535409035
-6.9798489750865365
-6.841771515935282
-6.997379160709968
-6.9809608061720425
-6.991890651863578
-7.003119917224716
-7.007187466360408
-6.9803999249713105
-6.965413236078657
-6.98987905434204
-6.987623003802714
-7.0072708087128035
-6.983628538892799
-6.994312730523331
-7.00380697071348
-7.002349125802024
-6.992435475659462
-7.006107513248814
-7.003053601439361
-6.999327241574452
-7.007379354665632
-6.985384167483017
-6.999469936303083
-6.9564755496944475
-7.00721927732188
-6.995653741101297
-6.972280211992928
-6.951441252431036
-7.0072613537880075
-6.959906924994806
-6.985975076733441
-6.9869848000233
-7.00494095757934
-6.992285584112989
-7.007309636782586
-6.998759524103228
-6.990452840537249
-6.951430960614042
-6.983273058009832
-6.988789728766974
-6.972575219433283
-6.9906707905094425
-6.992473428602418
-7.007218372730766
-6.998499573583456
-6.988169579636106
-6.918561079854221
-6.961693841734299
-7.0028232151392205
-6.938877807533179
-6.890412126584852
-6.9850841678307525
-6.975257242107398
-7.007278109112988
-6.995815822938916
-7.007232148516611
-6.932020631317328
-6.971529102894921
-6.992425412147894
-6.987398469212511
-6.947351299993272
-6.969997185203162
-7.0072295654219365
-6.988592720168841
-6.952522491714841
-7.00726261718024
-7.003509960397555
-7.001585099869657
-7.007161991726898
-6.999042104548484
-6.978105956780084
-6.9988057593159825
-6.900432960117586
-6.96899258471848
-7.003744212763026
-7.006013401471695
-6.967105997501304
-6.916006550232078
-6.990422111279075
-6.875152612073953
-6.865581920192563
-6.998231461045016
-7.000997838807372
-6.971339987550795
-6.885799308601628
-6.989217828117974
-7.007273352596775
-6.888770242294611
-6.9488824057683125
-6.945218655144095
-6.977806532666077
-6.947407067901064
-6.987050459149137
-6.929072115401017
-6.9516230057399255
-6.814090056832834
-7.003037120070423
-7.004576857698261
-6.955982301218339
-6.964258120849597
-6.695510400675483
-6.991956701476335
-6.985395909043124
-6.999946395366234
-6.8934048604884355
-6.99710316429554
-7.007264995558817
-6.921861321780736
-6.954631153893555
-7.003838405069388
-6.958334326271611
-6.976592275845994
-6.796275542976218
-6.896721158476919
-6.863661900365796
-6.898987462742191
-6.970249120946789
-6.971239344800733
-6.821346540150518
-6.928125986863607
-7.004642737655773
-6.9881208000613615
-6.958426772246992
-6.969337692239148
-6.913682204805157
-6.992364858311257
-6.847663681283277
-6.890196489512971
-6.959222246173273
-7.007280362092421
-6.98753924610915
-6.985305264001731
-7.002602979786255
-6.932402870382169
-6.968739209231831
-6.926747954480532
-6.894116264248422
-6.966433135012924
-6.992543878613998
-6.974015700608658
-6.956126078100009
-6.961461084759012
-6.972192875563008
-6.98953120588412
-6.937757307587084
-6.951333350810479
-6.976889833756721
-6.864815226114785
-6.967876861925122
-6.981146233649783
-7.00722906048234
-6.842436058166064
-6.9421699186937635
-6.992100021615771
-7.003780946638535
-6.960058240025861
-6.969528891278483
-6.947241451208256
-6.893234874984657
-6.8254957165917
-6.839678578861406
-6.937484620630862
-6.976750103745158
-6.983663359849913
-7.005756237596038
-6.984768439565471
-7.007204514176159
-7.007265694890119
-6.827957982783802
-6.956041412179626
-6.989757175493873
-6.982509615623994
-6.980224042443715
-6.994023433590115
-6.890875801773397
-6.998993866818499
-6.97527657978542
-6.915541407661117
-6.998180724517704
-6.9666899578099155
-7.001719930516292
-6.949727254121495
-6.9651920528436255
-6.918714471300152
-6.98147435867479
-6.933301959718205
-6.84185631105772
-6.950512857398874
-6.9617645430111175
-7.001154257302367
-6.944275990554172
-6.986875582983217
-6.6705936785747815
-6.975551173083909
-6.992578217505013
-7.005305994444614
-6.940152844066114
-6.8427441719782935
-6.9066385767774285
-6.988741873893925
-6.963838797913262
-6.943972409320451
-7.002055169022241
-6.949844786260812
-6.940066090384928
-6.931203544414406
-6.851837950592096
-6.9333014645047655
-7.007272858260359
-6.850450379974561
-7.007286134696682
-6.99134976007506
-7.000974171928021
-6.915342159334614
-6.916887674196225
-7.003568883032786
-6.921716765164693
-6.846423837235427
-7.007200858198068
-6.915864182755087
-6.852939452455522
-6.952285111738487
-6.9660405669721746
-6.992390991083839
-6.9888072001607
-7.007237921258696
-6.839283113037864
-6.9906401466187695
-6.8885588774254245
-6.863983897540425
-7.004607868648725
-6.991097442698892
-6.994209742700377
-7.007414799176274
-6.985088381324413
-6.950931559526241
-6.790947942772135
-6.945694290082551
-6.855160708635779
-6.998505994140401
-6.914677599636381
-6.898227586172837
-6.97036489834092
-6.89456162942804
-6.908192837306294
-6.9808925743480685
-6.930592295966765
-6.995379430226851
-6.973320052549387
-6.872423418079865
-7.007243291840417
-6.995855805421058
-6.9400340910434934
-6.998709550748858
-6.889615360401447
-6.992036215674521
-6.814865167546746
-6.9713876458689175
-6.907133035674403
-6.939545717527562
-7.007233860274716
-7.007322272167599
-6.997794648139991
-6.992763832106802
-6.962728290260575
-6.9990063953148525
-7.007277606075992
-6.949448303439993
-7.001278335640404
-6.997887226525086
-6.910395233356782
-7.007228345169598
-6.847883064153177
-6.968113417635519
-7.007355108800358
-6.997224867558137
-7.007337454221416
-6.968001200447244
-6.982735422723636
-6.975765574941478
-6.912239858442759
-6.988936510976174
-7.0072643350388235
-6.932480682834982
-6.7714018968101675
-6.993298379378082
-7.004300403411661
-6.82565791590746
-6.989610158149972
-7.007262767556168
-6.911795042270369
-6.998718631029502
-7.004181135541581
-6.990391060828029
-6.972255450689939
-6.9729026020038605
-6.992262840590165
-6.973976932031793
-6.896476227270139
-7.003768373072183
-7.007354023511481
-6.9383227973706525
-6.982217098170911
-6.9907311139320285
-6.956448603054331
-7.002957450703069
-6.993002699990933
-7.001364590800448
-6.893655055857135
-6.89169084862361
-6.921738617894603
-6.998962999247863
-6.993185081453089
-7.007278870806186
-7.000857709162493
-6.8064556166730075
-6.998234402477249
-6.92672277765483
-6.943721539216371
-6.993513325675831
-6.990165172689195
-6.881793835706391
-6.9097443366560185
-6.856389067289228
-6.922024091507324
-6.9725950591570385
-6.926904081910429
-6.998403460557565
-6.76589820477178
-6.807840539196305
-6.996285315192562
-6.962432350385756
-6.962489799894214
-6.98904206655073
-6.6965918923070396
-7.007263942053673
-6.999205443281752
-6.960764900952199
-6.818969444121034
-6.767737048789247
-6.979544721212614
-7.00729022588567
-6.985702250104467
-7.007202573784449
-6.96035798944116
-7.007481929837086
-6.939167369151787
-6.952551110841975
-6.8749641256478675
-6.955807961175826
-7.0072751539872815
-6.971821248947835
-6.97872279000721
-6.949915071064253
-6.935585304897095
-6.980843422539488
-6.945436435658556
-6.942754327952414
-6.930634387201495
-7.00732436963554
-6.849655546843187
-6.989747445511056
-6.960608214556018
-6.821846645450525
-6.977630563518469
-6.95491024922565
-6.780416987637899
-7.007338262190629
-6.983721782549672
-6.9978434366312
-7.001793110115398
-6.962350116165005
-6.945598717292082
-6.898696695429358
-6.994917133530096
-6.912600550300197
-7.007341121101887
-7.007287997204938
-6.995084486390273
-6.996302695684275
-6.881237517342502
-6.916389721754547
-7.0036674695728856
-7.001740923087914
-6.964689665519201
-6.87209550425208
-6.874149321961645
-7.007347116700361
-7.00728923251709
-6.994465579493978
-7.007333922771233
-6.971439602559615
-6.9195417818854175
-7.002444538656933
-6.961481945102086
-6.9135984816492915
-6.968897927795145
-6.925977175653749
-6.9746022402417625
-7.007311098449652
-6.97833341095939
-6.9398575604042065
-6.988315537996495
-7.00734762876097
-6.831947385940918
-6.987147453753948
-6.923022007944517
-6.997593801039635
-6.982337320084053
-7.00731731761546
-6.993162940919245
-6.899407274031053
-6.896649914350388
-6.914996470908696
-6.912404003448322
-6.939465329473085
-6.972906450786933
-7.001119564533962
-6.940734657876419
-6.968784041266692
-6.993194774246421
-6.984097871897397
-6.999323775020378
-6.744579145678653
-7.003631630442519
-6.9843556756375635
-6.875559584625484
-6.86875066248784
-6.970218400241982
-6.972721919062228
-6.851488066999325
-7.007307028778458
-6.997222373536296
-6.934654178687378
-6.960659561000904
-7.003912639877846
-6.937684223240918
-6.966217894448528
-6.990302401857417
-6.799867162968461
-6.969912629549842
-6.987089273970203
-7.007290195709192
-6.9439635456003295
-6.883900036434795
-6.872847984755734
-6.977111749154486
-6.9881536880380315
-7.00727452092943
-6.995167512086359
-6.86839417100577
-6.987680530608589
-7.007246064160514
-6.999662812181625
-6.970380077232285
-6.988798618282676
-6.930046008492181
-6.940622532833153
-6.828612932481493
-6.807447028564269
-7.002269995494024
-6.971839826313493
-6.920164242697672
-6.869720361635352
-6.959654307729585
-6.888739612252937
-6.850439601234086
-6.85226438750337
-6.75566966000287
-6.970049653224194
-6.913377787419574
-6.945537009026409
-7.00274714301138
-6.962716706256538
-6.8996737508161745
-6.719531264842913
-6.974283868585179
-6.99715854970119
-6.752955666170438
-6.7911064194169315
-6.951819127367509
-6.788228195438001
-6.993746845712412
-6.934989637700873
-6.856888289775367
-6.925867631992252
-6.793598273342416
-6.947347730112617
-6.937074701793861
-6.878502576045584
-7.002721233771718
-6.823494981856446
-6.896785749912837
-6.933983878797415
-6.878885565352265
-6.97841349799524
-6.832331511437174
-6.987575383037887
-6.959289649893619
-7.0073402109995335
-6.979562656005254
-6.990997375005974
-6.964742015878265
-6.822766046648349
-6.9574738083167835
-6.947127497297854
-7.001579502264699
-7.003227919453292
-6.97941479200697
-6.973847313410234
-6.957173701579939
-6.9811885277249885
-6.992035925816748
-6.994271872351888
-6.98172764579675
-6.856229439825949
-6.989413235459917
-6.970447777286911
-6.977824344650997
-6.999890766442
-6.908260258093709
-6.817983735914914
-6.992851368281629
-6.840369565510328
-6.988026599966725
-6.96911214167472
-7.003408716045872
-6.8737231898536795
-6.84356260194093
-6.970729037640355
-6.982893602362778
-6.963096306269915
-6.943141005345881
-6.725089721221059
-6.975857437978487
-6.975354959480878
-6.9681702422537315
-6.9975544493460236
-6.948640057725523
-6.955027824041155
-6.9991216475746825
-7.00732291526508
-6.945408368525896
-6.993831020548829
-6.832371326275191
-6.996621000366261
-7.0073660527239205
-6.987152972058027
-7.00727271657879
-6.894702497209123
-6.891817090646359
-6.984186997388304
-6.908718501182889
-6.910745528755995
-6.873392654953604
-6.989489918844718
-7.002872616653216
-7.007240043488416
-6.783687360846329
-6.862990156853041
-7.005024078280609
-7.007256738100928
-6.790880764887281
-6.852358508815978
-6.84915794313271
-7.001518607470135
-6.945242325458267
-6.9958269156726764
-6.9976825711950115
-6.941281102763921
-6.881307550325831
-6.98007771162104
-6.982711332008691
-6.919490750915539
-6.886304443773749
-6.94228122006074
-6.890755792756078
-6.942329325740414
-6.911807975079461
-6.999768735936209
-6.956392828666958
-6.897726358654646
-6.993027280550615
-6.99139795514687
-6.9155148105112545
-6.866555171956378
-6.973281062246888
-6.940213435739793
-6.9701538324825965
-6.847309368259205
-6.862991728358306
-6.932022142101721
-6.9264016354696025
-6.9711139096824075
-7.00727995434346
-6.84441111455525
-6.969754449195941
-6.957142189904113
-6.95806686316372
-6.969498656748126
-6.970558925633146
-6.766142014549789
-7.007348670749884
-6.813081781747037
-6.857447544387568
-6.9334538686035145
-6.87298053786084
-7.004802280407709
-6.919767777308049
-6.992542681358818
-6.986580625997314
-7.007309888954102
-6.8473716669360165
-6.995559740268004
-6.882708989090014
-6.876522781241488
-6.719339067393212
-6.98057859691228
-6.797178339284803
-6.9947402005798756
-6.937860588263511
-6.792647714075958
-6.950224694789032
-6.986556516187779
-6.794966746282468
-6.98774945332536
-6.9983890822441275
-6.933282061342067
-6.970628101195157
-6.853746818929864
-6.841378711465282
-7.007379717288067
-6.927905697249695
-6.983235778367377
-6.892419814300386
-6.945501078960492
-6.869871638366719
-6.868427847772523
-6.849160459100036
-6.923939570202641
-6.990657120873106
-6.940600935224424
-6.745561661377561
-7.0016210645885835
-7.005884939680357
-6.915623154500732
-6.943785260716936
-6.855958638924069
-6.991780836808203
-6.925217908722485
-6.921644150593702
-6.989399513006463
-7.007251041923458
-6.931246098827305
-6.995093778149201
-7.004894742403547
-6.976671570232265
-6.969726076795294
-7.007314204831726
-7.007355264611495
-6.951127927657407
-6.918750378885658
-6.979290645175649
-6.968152379773608
-6.9306357337764055
-6.821929778988772
-6.886532721910985
-7.003642118443086
-6.975454907177698
-6.884550713898434
-6.909678623075897
-6.997778014879916
-6.982287714847105
-6.99303144874846
-6.9983458558252885
-6.868521322674784
-7.00637115004411
-6.857349947255206
-6.941400708281687
-6.911870356296983
-6.964663764518275
-6.978889363036227
-6.91934316450993
-6.976100316009199
-6.9283674271436615
-6.892742942707601
-6.967153467413792
-6.848653515906555
-7.002051574708519
-6.927343693417933
-7.0007216341863625
-7.00734123712043
-6.917138359707647
-6.991660132690481
-6.975248160398955
-6.999745298202341
-6.793338341609389
-6.990866691199585
-7.007255319378006
-6.92242586194609
-6.988555795622725
-6.988728164948654
-7.007226108269613
-7.007229148095445
-6.972034356871655
-6.963053200106522
-6.873171566545942
-6.776243849838827
-6.609456526006153
-6.925915341056648
-6.886130778039981
-6.980348348970402
-6.893875551890209
-6.94859130852199
-6.936521912123045
-7.007284426745212
-6.927502264299966
-6.9302157575384244
-6.835485741346836
-6.879319973153101
-6.9996290507012375
-6.957092532972232
-6.859578178091086
-6.9918008284273245
-6.996228029429047
-6.945243519815989
-6.956457245383817
-7.004382482001583
-6.995352069967552
-6.864488912645209
-6.947424052938054
-6.998318431654432
-6.782560246752687
-6.872949099896847
-7.001454611165778
-7.007308652031786
-6.9987326844472
-6.922942926669593
-6.971507580338924
-6.953121434217138
-6.8248858762458005
-6.888622203748956
-6.990226922058193
-6.901532735265895
-6.970096575553161
-6.782640767462116
-6.919081828311096
-6.783758948771814
-6.9806925535549516
-6.994550426094074
-6.949301607158145
-6.954474318155471
-7.0023273146266325
-7.007277767295459
-6.966027367051618
-7.003527976544736
-6.8397344305333965
-7.00383502195688
-6.995841397224836
-6.975259220999661
-6.830103219848226
-7.006063994492765
-7.002191501471367
-6.961845498056156
-6.95124206903697
-7.007232921002307
-6.906864696476297
-6.986733514352648
-6.986583483441696
-6.9971498645497325
-7.007204107802508
-6.88748325644314
-6.632371486415844
-6.985043479795124
-6.811837504478222
-6.979830060272687
-7.0071878848439795
-6.96907567195465
-6.952221887956705
-6.753200432136146
-6.884715318832182
-6.940592296083726
-6.74066349116624
-6.950493198003986
-6.977713231581423
-6.980150088284471
-6.765432846768109
-6.905079128750311
-7.007207139203629
-6.776987356055329
-6.783675687244278
-6.976167706753533
-6.972362057941012
-6.872983625686958
-6.894889868558742
-6.9629023446530915
-6.854441276517711
-6.940357220558347
-6.816171792039706
-6.990280469043459
-7.003589148597095
-6.95476530810792
-6.8431824953259826
-6.951136556330837
-6.9974200283186185
-6.971443133394193
-7.004010713381604
-6.970146279909767
-6.892275321787473
-6.9264138556566
-6.976398754316745
-7.007243138588712
-6.877870417100053
-6.994707961180467
-6.93798375217514
-6.976469073442759
-6.725934012320031
-7.002623769205463
-6.966183812008298
-6.821821375947003
-6.962522777770684
-7.007231459500933
-6.7967406949851314
-6.971932839959265
-7.004316778874129
-6.9798669149482295
-6.988061029989149
-6.850384693640567
-6.819756715404182
-7.006089938468543
-6.889876321405727
-6.9506434505529215
-7.006238051296965
-6.964657525483012
-6.835863201206866
-6.901454095164741
-7.00717155741195
-7.001147572404893
-6.946114673468388
-6.953880118522902
-6.948044815496591
-6.967343689392184
-6.938206158819563
-6.962005491244726
-6.937993218261181
-6.985792072104406
-6.966755118623169
-6.8941751758640795
-6.944069534252718
-6.850022029942588
-6.902265644993817
-6.964154044227486
-6.940698344327294
-6.968406245622376
-6.998301642975841
-6.880912780145789
-6.8333960667803755
-6.969782331752315
-6.952789249525039
-6.8879453036667515
-7.0005530374607705
-6.9598504374599575
-6.957478747631564
-6.969454403412247
-6.951636501715793
-6.875789168353973
-6.856788728456711
-6.9155212489385836
-6.943844385007402
-6.995919167577371
-6.9903593246786535
-6.988777608259278
-7.001134935191662
-6.957298303101443
-6.880125265951981
-6.838550901211737
-6.8430098292697625
-6.954103385428302
-6.906197044839134
-6.944822439666
-7.007321629880017
-6.957327468496627
-6.97754644165553
-6.9737910075175495
-6.90964587103876
-6.917714008202893
-6.751780851051459
-7.002969509093629
-7.007389804185377
-6.933597355962032
-6.835944059346923
-6.845886511378942
-6.96464820108791
-6.916750674010572
-6.871604284905965
-6.795636312530608
-6.99244998330704
-6.824304781022774
-6.940969112267739
-6.970618960208232
-6.913548740505355
-6.972767215463981
-6.979180336150455
-6.766469330468455
-7.005675685812623
-7.0073601793618625
-6.984462184496839
-6.907820767210845
-6.9797034433596625
-6.9786305154216555
-7.007251306294542
-6.834502473349812
-6.842576433893031
-6.840458943188404
-6.975753954120581
-6.951392335521444
-6.647867141492063
-6.855475000397246
-6.878472457863572
-6.902267455512351
-6.94571280787923
-6.970458213739295
-6.9036995622859285
-6.9962928280777295
-6.895805893473504
-6.98974307498753
-6.930119939510852
-6.9866781023195506
-6.976074951584476
-7.00067216866244
-6.865711362576028
-7.000075374333017
-6.915653969668445
-6.834699329993466
-7.007169531084404
-6.9825066120639425
-6.919443063420862
-7.005292175602975
-6.9369334981670265
-6.901982104790673
-6.9920724556555
-6.9990564654088265
-6.92781497326085
-6.9619487617558065
-6.905521384173496
-6.967956906408277
-6.922237707721021
-6.908476797248382
-6.897985898180732
-6.956207904391846
-7.0072920658410105
-6.8543782256345125
-6.988648399410867
-6.829576814155408
-6.904210064266405
-6.8722884777586195
-6.98059519949781
-7.005077184514362
-6.881687598465103
-6.82645460104221
-6.977896822309671
-6.988216161031552
-6.88987426959228
-6.999768779525083
-6.982270065964984
-6.938544932119314
-7.007358051505836
-6.9173923919711005
-6.970336032824935
-6.946147610834891
-6.882317455142161
-6.841161458654362
-6.874314081985365
-6.978724684271903
-6.83648236152787
-6.844763220769486
-6.974257958826972
-6.8437136239952485
-6.810810575067247
-6.795753653554723
-6.918985878794176
-7.004316647300773
-6.9641657295280766
-6.990910050827643
-6.8512691517185775
-6.994348952724071
-6.719250798170683
-6.80946080515796
-6.97140484440396
-6.926805371163694
-6.927357946211163
-6.996693182495993
-6.927279581176556
-6.982703998183405
-6.943504403599093
-7.004038779729424
-6.913866582819785
-6.966877083487166
-6.865925933199725
-6.96569472118773
-7.000872530528949
-6.994329652541484
-6.923824583844031
-7.007346651139457
-6.9735541624961135
-7.00323790741739
-6.979901997121425
-6.935691467653726
-6.9711683629388395
-6.826405316507416
-6.99145623806044
-6.740741780337958
-6.979131479650467
-7.007352799174942
-6.955484817205607
-7.001858344573009
-6.916044721829568
-7.000139536914024
-6.955577785166128
-6.9502206559024415
-6.948421889963855
-7.007368166612408
-7.007397671990599
-6.934038687572168
-6.980616493535042
-6.9830193138597565
-6.845918445874776
-6.968231191338015
-6.9699897632902434
-7.003397758512882
-6.910133517281911
-6.930440781207675
-6.853368571964549
-6.996929337485506
-6.882171778196879
-7.007267622325187
-6.9948636829805695
-7.007286840732251
-6.948543055245128
-6.921830308624014
-6.8473809396035215
-6.86075421511555
-6.990543870950749
-6.868776763333155
-6.857392919158034
-7.007338072674708
-6.97120000649744
-6.969524692383674
-6.9839603632186344
-6.833357729362071
-7.007324242785247
-6.996778425098161
-7.007313644434245
-6.937326478067627
-6.956474549302617
-7.007248386520949
-6.995028669441317
-7.0002553388367765
-6.973078417222327
-7.007283758972472
-6.92431222260894
-6.858557744279293
-6.868723032823585
-6.99526021573749
-6.873302422222766
-6.950802955612801
-6.956986264786903
-6.92286718417845
-6.990459396306355
-7.007239185056405
-6.83867583309724
-6.987437322875623
-6.896698603739025
-6.90447649053203
-6.893250719129594
-6.945609153280877
-7.007472996547017
-6.890553448070584
-6.976843906701693
-6.997277861804138
-6.757903387099609
-6.941671189586199
-7.007406044939197
-6.99703559639829
-6.95395663740836
-6.980682572332771
-6.991708060056735
-6.940793931934635
-6.86013548576485
-7.001907089896289
-6.960148417307188
-6.926618828156754
-6.7587610681826265
-7.007313844706961
-6.922948192033655
-6.8248583990642135
-6.952399641820526
-6.998994772645698
-7.007279916585286
-6.97555526656428
-6.970885130599034
-7.002393247379558
-6.867389841145625
-6.861556075649553
-7.003372323448183
-6.848182756573725
-6.9215547465863585
-6.862480558635543
-6.871100586471269
-7.007476382987398
-6.970558447936317
-6.983811894606266
-6.974887414055445
-6.990052023097094
-6.879112528111851
-6.987967864544017
-7.0053208851428
-6.982804248777552
-6.998202350101119
-7.007426189358418
-6.924456498144669
-7.0072803661040854
-6.966696626382128
-7.007455650320101
-6.916290705776277
-6.961880997617463
-6.845427663825418
-6.984680329950258
-6.970942644269522
-6.990169521940657
-7.007440426474372
-6.916389221294999
-7.0074973306962995
-6.924291870673726
-6.946650886148259
-6.996642648769051
-6.840740286039446
-6.983582211213879
-6.86316793404167
-6.987292714026399
-7.004986964095171
-7.007438551359077
-6.746822964475505
-7.007395319543504
-6.872059202062118
-6.94731791918938
-6.858386333933976
-6.998153299881167
-7.006460793492834
-6.917447065447963
-6.936358868925291
-6.897465904188962
-7.002833067516843
-6.850176734534341
-6.990222907867196
-6.98017193025391
-7.007385076569936
-7.005476383054301
-6.8386459620240005
-7.002957286975853
-6.993306263979523
-7.007426704251715
-6.972017942402573
-7.0064099005305955
-6.968506002623845
-6.886131999958214
-6.996962915665944
-6.976015150768895
-7.003328208630087
-6.873897349333615
-6.947538748484686
-6.998731196972243
-6.951760418109124
-7.00743598469886
-6.99798078196125
-6.995200715469394
-6.992011966264319
-6.999734382515374
-6.9920827478915015
-6.9357449523733
-7.007455198010831
-6.912463959393503
-6.9785701429084845
-6.988730890289434
-6.995067385874481
-6.97215514768532
-6.9440339707308
-6.9880921733756045
-6.8708186106825515
-7.007362300004354
-6.840424318540801
-6.987787117004659
-6.971807546759175
-6.917434029132568
-6.803613919424973
-7.00658302057086
-6.853699730774787
-7.007407771650515
-7.007512563558776
-6.998905441410476
-6.821573693961773
-7.007439348348284
-6.991107538025166
-6.989714379474982
-6.839302390600482
-6.913536124868957
-7.007378637195287
-6.943869492395409
-6.840592153426626
-6.999106511203692
-7.0075186448678295
-6.828606265031948
-6.95196845195899
-7.007362314930518
-7.007324046938777
-6.99968740848607
-7.0073000361036755
-6.9347011366442635
-6.837787490152836
-6.991123222712215
-6.988679449750435
-7.00747194269504
-6.758222393160344
-7.007332107104396
-6.955074348545661
-7.007439686577833
-6.834874226878916
-7.006548084481918
-6.983274447466859
-6.9499809971696624
-6.913301252769454
-6.858863561586585
-6.975206860214998
-7.007474081112488
-6.956783794127651
-6.968757959240739
-7.007569218914894
-6.833840288908803
-7.00735782647474
-6.992673578045352
-6.871395209056468
-6.8191934999361
-6.923044208066708
-6.989255329883531
-6.931164539114089
-7.0074844560250416
-7.0073775788745385
-7.001572646317932
-7.007483551686066
-6.942014834035729
-6.874947643969704
-7.007502860604442
-6.977663165450659
-6.998550708024715
-6.9627130722333135
-6.882118578131065
-7.0073607579305435
-7.007378050356381
-7.007422472569927
-6.772483913917469
-6.950191252361032
-6.78467349317196
-6.858522619606713
-6.998601403477005
-6.968017405161136
-6.960943302381072
-6.85978285455777
-7.0003827536278145
-7.005237948851357
-6.987312647026204
-7.007420149743787
-6.759175283206213
-7.00740575442821
-6.962902150278811
-6.834551760945385
-7.007442988519732
-6.9923922798693425
-6.926579378240543
-6.9555859396315345
-6.986822803297213
-6.87586728463799
-6.854475964530072
-6.963401863644075
-6.993729781192865
-6.987529191005959
-6.986306878690684
-6.956250982895032
-6.976725720109748
-7.007330366217831
-6.993493494884956
-6.998387904485945
-6.977306822255416
-7.007483085436326
-6.964704243950573
-7.00745881547737
-6.965350665016939
-6.861990843918754
-6.996140394834332
-6.987593688461395
-7.007423740389155
-6.884082437417132
-6.896230640249744
-6.968668765528775
-6.939657522944748
-6.995933287392248
-6.969250904772856
-6.9049386203335334
-7.007315188431132
-6.838862562726084
-6.955597061755715
-6.858854737457449
-7.006660805411828
-6.762497224427047
-6.859235392507249
-6.991876712694381
-6.777031745051445
-6.988186607718693
-6.865191915513212
-6.911101499308376
-6.8752805148392255
-7.007552244585131
-7.0074106664223805
-6.828091221065556
-7.005028094879015
-6.929348375392029
-6.85898906831723
-6.997287469461999
-6.996155160002465
-6.902737015624635
-6.984145793641094
-6.98592596661824
-6.857765026494116
-6.779534392313284
-7.0074863087688035
-6.860006761043403
-7.0074396675228545
-6.850181419212929
-6.86819649522711
-7.007399348516947
-6.984893447795423
-6.968025904576888
-6.996125516374611
-6.958212175643753
-7.007549476406976
-6.976340424063203
-7.007443477769295
-7.002009151658422
-6.8806615386985035
-7.007388202817812
-6.981238188654733
-6.965859891321796
-7.007413194091317
-7.0074924629423085
-7.0073614331554985
-7.004249481574426
-6.815590253157452
-6.995571539799927
-6.989027056619159
-6.967735151211757
-6.878730200147394
-7.00734884043351
-6.993759832092419
-6.952421314397205
-6.917291695029926
-6.953014282768027
-7.0074444685699495
-7.007491992627871
-7.004005126533821
-7.007420310547825
-6.958794633403776
-6.898534832213568
-7.002083603756834
-7.00747817929903
-6.8445299985086585
-6.9622238294334995
-7.007401661356281
-7.007411795301161
-6.957198009638713
-6.866307401443561
-6.987909659881116
-6.948095158567509
-6.8631068556319565
-6.824264224860497
-6.964212360200666
-7.0041096407155194
-6.9425249037464525
-7.007556300514544
-6.9768491477571075
-6.98855482859765
-6.948660681411375
-7.007423963776389
-6.940846321226527
-7.001792705828535
-7.007391877314011
-7.007294579405654
-7.007418233467466
-7.007429194097343
-6.965546454642655
-6.851683786715615
-6.744662153889654
-6.972038549870319
-6.86880834543251
-6.964100030984267
-6.991551158515219
-6.953455677979976
-6.842648209872625
-6.852147330729579
-6.985192442078511
-7.007429334367527
-6.9747877647755905
-7.007357644825219
-6.949315423098773
-6.833295038047474
-7.007460888274423
-7.007353420910113
-6.874208055952709
-7.000642295272525
-7.007363406314159
-7.0073700368030245
-7.007437399405081
-6.954135699194492
-7.007504904636327
-6.984078799376852
-6.991197296705664
-6.8484894070347195
-6.961236359157741
-6.809373428383356
-7.007319340002251
-6.971778176491288
-7.007457922859508
-6.9477020161545555
-6.999696201055698
-7.007402845599164
-6.93054134684289
-6.983167312764448
-7.007454176271293
-6.914985624810843
-6.932089496624261
-6.850300157217244
-6.835402055871744
-6.978098656359148
-6.965800983575356
-6.989377272616881
-6.996429979540942
-6.93340438037169
-6.801455231838097
-6.977079979493135
-6.988197996174617
-6.867929791669031
-6.939364321322309
-6.899813781320289
-6.970480664961489
-6.978448232602471
-6.984710153573096
-6.941280522007846
-7.0074883232735266
-6.921120163525609
-6.91993695101708
-6.979735261255133
-7.001127461124516
-6.9946822751607245
-6.999464703338373
-6.709956536662019
-6.961619397760869
-6.874714876486914
-7.007447513588132
-6.999188553379942
-6.993840090632668
-6.862567974504735
-7.004933318519831
-6.96279438227637
-7.007499560687359
-6.8580390076213185
-6.943802762013508
-7.007344573927286
-6.97997719950149
-6.969400664267209
-6.694780654740969
-7.001345692077895
-6.9627613212955115
-6.8952991868651985
-6.961040986676891
-6.719104000436527
-7.007425232160735
-7.00738477019603
-6.9822845532715405
-7.001786092738275
-7.005263782012207
-6.97346751445728
-6.987202405648631
-7.001294380649046
-6.962440888095738
-6.993065727125567
-6.998705653576376
-6.817878464100876
-7.007524459740522
-7.007379950898931
-7.0074219444234025
-6.853084877765465
-6.93905884722519
-6.989737666716941
-6.981918538131301
-6.90339830786348
-6.828457097953067
-6.883167298380764
-7.007317956947137
-6.9850409272114895
-6.979729438758735
-6.850651126409787
-6.9645826814649645
