-7.298314754964057
-7.319461116556214
-7.361106081338834
-7.307631067506676
-7.331111987115815
-7.282574555679168
-7.274443219439572
-7.256449696910069
-7.321442619628584
-7.291123526226244
-7.3681557292636715
-7.3131661690329794
-7.304521951207423
-7.330947481930737
-7.3162360502268164
-7.188969448873561
-7.341138784676328
-7.266014839332866
-7.359781125785408
-7.2567926849271345
-7.294425840152261
-7.3624652630181435
-7.388388151513638
-7.228853110510028
-7.2961954320529605
-7.2989925840648615
-7.1931865962827075
-7.286860980212812
-7.408220099359889
-7.362462860988474
-7.219608509657387
-7.316412337599889
-7.263927394100957
-7.2584865477568
-7.362269099671529
-7.294317444965471
-7.288918589335333
-7.312097269327854
-7.3788605963877885
-7.328029368264353
-7.281032289696033
-7.264943860482224
-7.365881910524045
-7.2900505403930556
-7.192464199112739
-7.255707886562189
-7.334578033393612
-7.192441718470133
-7.286101004589632
-7.290815587019155
-7.256075300636517
-7.195406034608284
-7.199041465399699
-7.189769644810266
-7.178667682126626
-7.274075272610019
-7.299790193320354
-7.247421353196703
-7.233871111760604
-7.293531702406914
-7.289860215679818
-7.201257812171015
-7.186672446542605
-7.279045215429457
-7.256268081406073
-7.25356001833176
-7.313564064601114
-7.132996690279568
-7.218566188945289
-7.220760963246026
-7.138661988904693
-7.191341781659272
-7.245836371856396
-7.103945231236306
-7.201013564029258
-7.284511403464645
-7.174868212627508
-7.128882217276406
-7.268967218942547
-7.2076428623896085
-7.2228038103700705
-7.201130179963903
-7.184225770523958
-7.288837365716258
-7.169503697658718
-7.234351199953662
-7.205861086760283
-7.2638837700429795
-7.2788607631511955
-7.217266215751298
-7.2412886648827515
-7.295663372936881
-7.255210560509003
-7.271627276614556
-7.252444913066217
-7.224396523380512
-7.245533605112785
-7.230977916578429
-7.1218157793952175
-7.230816433371588
-7.246766427800617
-7.2112615866192336
-7.316476671430443
-7.173299621834848
-7.231774855151011
-7.2374452331744425
-7.2481678338711735
-7.339498034987729
-7.281377782991285
-7.215180854424517
-7.3203302099969125
-7.327961370881782
-7.249797029805446
-7.201919312412194
-7.215198484551625
-7.350606493305121
-7.271553473711274
-7.293338619767282
-7.212684577096269
-7.2743372531093815
-7.231658379275635
-7.146512481145533
-7.270107344559351
-7.2460345315769334
-7.171368499977749
-7.230152042924534
-7.340324667415496
-7.208694050218732
-7.25859637143705
-7.221652679346423
-7.258612960249426
-7.244444810778181
-7.353343066779482
-7.2767218510586495
-7.21010803314661
-7.31098447739968
-7.184653958571362
-7.28665040811614
-7.212102269962042
-7.332013782640459
-7.282668435274072
-7.333359365587338
-7.313928025279175
-7.298841460091211
-7.250207858236905
-7.213029690788194
-7.181405232877836
-7.308356830833931
-7.142913966913868
-7.244714711418499
-7.2562953051675905
-7.258775727873431
-7.166486480523038
-7.335658926772763
-7.331113514427184
-7.218677237403082
-7.262745188878691
-7.227054010461146
-7.252214190196802
-7.251085981344253
-7.240645826849793
-7.24141386346592
-7.239315058651974
-7.2104700469094825
-7.138594668778262
-7.131556794245127
-7.270038364760312
-7.203242171429395
-7.127314833996848
-7.2852816493388834
-7.16504190772608
-7.289087576376878
-7.087616520407848
-7.195458453795748
-7.209946757638929
-7.27953664188499
-7.257079833311768
-7.147485831437102
-7.189512124351431
-7.230483298722577
-7.148387743178713
-7.287126786430548
-7.245837660524008
-7.018108589588552
-7.118528719836455
-7.270989922806061
-7.064984030638813
-7.261635974855761
-7.159393536331482
-7.2151168677531
-7.182154221457741
-7.11773036726368
-7.267556701535648
-7.180812945630766
-7.14152876714034
-7.215422141556733
-7.269211141390312
-7.286411094718689
-7.136260816242515
-7.14284553817598
-7.191219372181594
-7.169776118351173
-7.172429362915231
-7.27709013663339
-7.358839477824141
-6.997923420056676
-7.223064870504958
-7.133719660104195
-7.229712449531739
-7.252344293812911
-7.051347460915142
-7.236035517595735
-7.185891831048091
-7.2185681596088545
-7.145316427991339
-7.210531204368045
-7.200250946705528
-7.208057814959111
-7.106668211093302
-7.254463112653231
-7.235002667215119
-7.33056292741035
-7.212254077821749
-7.125387104278373
-7.194687195105323
-7.22275131041366
-7.075705678783786
-7.225304804723327
-7.210583190802857
-7.291525515041037
-7.270837806448855
-7.244565067776707
-7.306506791229236
-7.199214080310928
-7.284651831347978
-7.258442641692807
-7.198476383367302
-7.146507224208252
-7.171065466890744
-7.23766721457409
-7.082664494995616
-7.2107815953182115
-7.182787404868676
-7.213606881177985
-7.212213425897668
-7.173657547659303
-7.187437145598533
-7.277754373710152
-7.147940390972234
-7.156654879032425
-7.144598260927814
-7.154764529096406
-7.18575384930312
-7.251165018280671
-7.265399070910705
-7.306208270127057
-7.161978567869567
-7.2155194810582435
-7.21680519959146
-7.173313191667425
-7.129317896546706
-7.266529039169192
-7.256788047449461
-7.144847514313428
-7.234642781389214
-7.291913366018872
-7.285822273082032
-7.102656325693059
-7.125526327691609
-7.263061138930109
-7.247282854435355
-7.206567654678558
-7.325996408507414
-7.174445759020791
-7.129057533301752
-7.146162209066038
-7.261952388990662
-7.31038472617728
-7.325166560931805
-7.2963717052804
-7.320684978679665
-7.194259328435421
-7.117366547274765
-7.191215696183206
-7.154784640665497
-7.164790761251524
-7.251976921526444
-7.17747186160557
-7.155168279626075
-7.177303692887236
-7.312226604981079
-7.266084209390995
-7.153194426075564
-7.225326204502368
-7.250686868413688
-7.195997049935911
-7.161064117326527
-7.306611035902755
-7.164820091986204
-7.04691301774119
-7.270490632846311
-7.1846198941409085
-7.26509797010749
-7.257937493035851
-7.261661206893386
-7.220187354026021
-7.293027234753495
-7.3043349372614905
-7.273125216103328
-7.226505322987238
-7.3311721163287435
-6.948821642665668
-7.2850918323793055
-7.143189459983401
-7.262413598227136
-7.355832148937663
-7.231747350310359
-7.235825965416803
-7.338807423152154
-7.308415133381044
-7.285178557533557
-7.185508909586479
-7.254755600510285
-7.21322496468754
-7.0592127698224205
-7.284890221382039
-7.32477372993245
-7.201641098620823
-7.190280522925578
-7.223955013472213
-7.313432537923539
-7.316748305596917
-7.183112995809667
-7.280783892910556
-7.209452396364478
-7.218905953051648
-7.194248371777519
-7.280541319685139
-7.2286944851080595
-7.2349798169019115
-7.224832472977809
-7.2548140109823
-7.293230810211788
-7.239866409015171
-7.162102778017936
-7.183314287094934
-7.2926604411037905
-7.282232809709797
-7.271696443787871
-7.2528960238854765
-7.25798471117394
-7.2132859930982365
-7.288375112327192
-7.334987704463895
-7.128119576379993
-7.160853507655357
-7.337349525492944
-7.124984502203778
-7.303684722886118
-7.289505959336802
-7.084413336886856
-7.254717941439819
-7.176319011327806
-7.318663196764895
-7.298898026935636
-7.2468100652904655
-7.19171014188638
-7.212757897606679
-7.2780528375799225
-7.23902537216828
-7.3474907347661444
-7.3453489265812415
-7.274453523320749
-7.335734191512548
-7.293376138991102
-7.154041620668206
-7.276427154809621
-7.268370446999261
-7.219312828659675
-7.301167910850168
-7.185792747782507
-7.269618500884741
-7.222540232531483
-7.37955029355628
-7.110303642659665
-7.253083877177395
-7.174519656159411
-7.300872328754034
-7.176293432466167
-7.266543488934565
-7.294773186006598
-7.273945590086129
-7.268310012016556
-7.241896496261735
-7.18792547002342
-7.27630390249074
-7.040768838085154
-7.25731825259029
-7.289193259517285
-7.264247462544748
-7.141348272213325
-7.2364944041665344
-7.265122154505203
-7.232150106164141
-7.214776360854936
-7.255731660960281
-7.187835010268789
-7.197944490954403
-7.281342099318104
-7.204369587392652
-7.067870050363855
-7.205242633185458
-7.330864023617669
-7.131193251026831
-7.2117052338220535
-7.384617144223694
-7.257572553955353
-7.27291750375514
-7.251342618950639
-7.1927669788844915
-7.321250057711367
-7.223160524390373
-7.348173659224031
-7.251369756365197
-7.425167806441201
-7.294229505881839
-7.279694915036195
-7.207691160125808
-7.24826882921348
-7.237545299828537
-6.964228833199108
-7.26782943597359
-7.289843780794968
-7.2166180471482875
-7.250400497641067
-7.187313822939666
-7.260134195046553
-7.275661653854094
-7.3461433927355815
-7.220209313881821
-7.134311703007126
-7.248001539553383
-7.240740915317187
-7.265898154875746
-7.2388209344344006
-7.253008591093499
-7.164515503206094
-7.03132497937762
-7.193306609974858
-7.262491102789859
-7.0465575601933015
-7.164259569886055
-7.118809535413106
-7.3065334192558105
-7.2844596844803355
-7.258374599963841
-7.238483758833583
-7.223966753351234
-7.417976325966584
-7.283859387540288
-7.236727179879712
-7.316213219513504
-7.142644160046659
-7.205639591258519
-7.223344102703578
-7.237960844606062
-7.234615290406545
-7.2735700389938565
-7.334321956158283
-7.15505895701576
-7.2535528805011955
-7.284836348437189
-7.234305446936407
-7.12086144484568
-7.277751046380899
-7.248792148701561
-7.254456322406735
-7.224451194184771
-7.332154585047093
-7.205395917356525
-7.223113845689401
-7.245856402013658
-7.31165407587654
-7.21736025680109
-7.193043479415133
-7.274680120675284
-7.250234830110775
-7.011485730213953
-7.1372951380729805
-7.271975571527786
-7.192805891026534
-7.284691425684236
-7.235405944873844
-7.279952755869292
-7.445388281413525
-7.053094568500367
-7.200073098699185
-7.287794580566224
-7.260334810024131
-7.210993643803221
-7.202412183906282
-7.254050957313294
-7.339061182248685
-7.289997554736288
-7.326469236841004
-7.193912640712128
-7.125660626871223
-7.2230804523379195
-7.284029569978677
-7.209013598331646
-7.334551644533038
-7.187256986912622
-7.2281700369385
-7.237114597926004
-7.256366898747432
-7.319983382463107
-7.152821451740859
-7.094249760614476
-7.36557104366804
-7.272919681468571
-7.388203912218109
-7.144571985562999
-7.188596603525872
-7.279251526623526
-7.25338974978364
-7.198138173392384
-7.173816525987438
-7.346040148080878
-7.263489207246109
-7.219964083114952
-7.327694472472032
-7.180083463761948
-7.269700814620852
-7.276772418412519
-7.3230066427033735
-7.283863359472618
-7.147855431213038
-7.2404584131935685
-7.281951186166454
-7.280748049129729
-7.279300327907305
-7.290302365698259
-7.149296932028278
-7.097114356039514
-7.235444024667344
-7.159285160441019
-7.305248529941718
-7.333916677547119
-7.268145656455115
-7.25166123763411
-7.236272512864611
-7.325594415259913
-7.263472231267755
-6.922722844477002
-7.225292843174569
-7.265396599644385
-7.250315390930878
-7.341189085264991
-7.212368804921542
-7.372692632123125
-7.16243469459674
-7.249849680482274
-7.178083767365684
-7.215392500268867
-7.061922497209976
-7.27985910266477
-7.158859516853944
-7.206464090422966
-7.13434027602129
-7.187466360406912
-7.229826019552329
-7.152842205188191
-7.137054141278383
-7.145640798781169
-7.270808712803919
-7.198383212314346
-7.2737209828759255
-7.23015951819016
-7.1414719506318525
-7.1501299545009775
-7.38463949371853
-7.139809480403023
-7.241403896662696
-7.379354665631427
-7.22272421668125
-7.284150972679223
-7.1114705987567595
-7.219277321881186
-7.163493987183983
-7.290909501664423
-7.077464079627148
-7.261353788008066
-7.102036412596506
-7.188951046783469
-7.139820902981594
-7.173264513627166
-7.145951861128975
-7.3096367825860815
-7.132244818490396
-7.184940288031402
-7.10713642711623
-7.21991339765704
-7.265919741451334
-7.188236370419531
-7.106712705253603
-7.179211032223937
-7.218372730766015
-7.260738135087589
-7.176191350143703
-7.070170264270658
-7.2413670959545815
-7.21850406559901
-7.153462856443408
-6.999498510881899
-7.14464378006355
-7.2043489034954895
-7.2781091129884885
-7.217436699746601
-7.232148516609785
-7.0848046874247075
-7.167971317869505
-7.214213317341775
-7.2070952049410595
-7.14232710712433
-7.188559372110042
-7.22956542193559
-7.176611209383473
-7.067088155782547
-7.262617180240264
-7.193781488920411
-7.218902174310182
-7.161991726898006
-7.117638070517987
-7.1075392400277995
-7.249953639851339
-7.063420121375483
-7.054042171447752
-7.247853563103715
-7.24955573578443
-7.117546638115077
-7.079452686622344
-7.196354006759306
-7.069398102074096
-6.957074586774475
-7.210565069532315
-7.173760467992122
-7.133089017223632
-7.020463908236322
-7.225920711388259
-7.273352596775715
-7.099740721335895
-7.133431074366143
-7.005491427571716
-7.195184249886509
-7.068268124682311
-7.190957192029185
-7.086823914522919
-7.15345492749033
-6.964038532934175
-7.2197598303987265
-7.254233288029127
-7.110130967519034
-7.153258051219527
-6.807850533404403
-7.259113347927837
-7.21345282767361
-7.175533512284378
-7.122643598696513
-7.262085091887221
-7.2649955588153095
-7.08308839180674
-7.1141567865483255
-7.266631551205538
-7.100095340924984
-7.17196885815575
-6.960500864247921
-7.022889512021976
-6.953558154801657
-7.113731801530051
-7.1598087438028815
-7.223841916052287
-6.943828734767855
-7.115188865886902
-7.214140760502488
-7.0973475640099455
-7.085188946095899
-7.1490813305011605
-7.103233789756597
-7.1442007700277435
-7.086812099230589
-6.998681662281088
-7.160008315491727
-7.280362092421176
-7.120662397215977
-7.139385725443507
-7.272971619660692
-7.011251368732878
-7.104720763380588
-7.080566427848223
-7.1219663990921065
-7.039858694646181
-7.117786208310315
-7.29212446473495
-7.058531734054696
-7.143011741675668
-7.1081449739287
-7.133950948644894
-7.101591722232491
-7.10457754560164
-7.053113422588957
-7.132403883987529
-7.095712704828097
-7.125620025771116
-7.229060482339401
-6.993361444233639
-7.095216500696804
-7.200269847193174
-7.208483299937527
-7.1566162463814935
-7.069944614457997
-7.050105739692653
-6.978006464051633
-6.906218294041674
-6.9951734871073645
-7.125325661085241
-7.137781998642469
-7.221191200157924
-7.196211839279378
-7.252486655783503
-7.204514176158899
-7.26569489011783
-7.035579324993207
-7.098698452975126
-7.174018994869257
-7.206107215065955
-7.160695325855821
-7.166748910629258
-7.05484293265053
-7.244933470464691
-7.227468783120296
-7.060114245798371
-7.215861967584608
-7.083859310495028
-7.247796616580075
-7.100311829430062
-7.05178853377787
-7.167069569967106
-7.199588256117116
-7.113385002778202
-7.0127326005159505
-7.086038948377025
-7.271219260385334
-7.161828031164254
-7.10228959910577
-7.145318366590033
-6.810445312891936
-7.106328479112813
-7.118402930472569
-7.204041686954871
-7.031646082717751
-7.039955893602938
-7.040943283874634
-7.175545769043554
-7.124962232582703
-7.142900344062929
-7.235303491028922
-7.131322983801342
-7.0246574092888565
-7.1045344187437385
-6.970960939982224
-7.0575621770542245
-7.272858260359041
-7.00281558085517
-7.286134696681294
-7.211411911865331
-7.188251398293376
-6.999336029556483
-7.083334096329918
-7.318165312231274
-7.041256999496068
-6.975701176943895
-7.200858198068078
-6.97347766859039
-7.030892257502561
-7.094573806560398
-7.189913275387257
-7.263602322342959
-7.197824200104101
-7.23792125869546
-6.981739503835868
-7.197256922120587
-7.132017736220475
-7.094153024257749
-7.272746120097222
-7.143518130485596
-7.142590777519577
-7.414799176276202
-7.308416679509776
-7.134146748297107
-6.954902468199818
-7.119012172521032
-7.078056268438615
-7.201575114273201
-7.3136523327565275
-7.031627512098209
-7.277262491059556
-7.133150031782273
-7.1637551189878765
-7.293736788561214
-7.167413487218501
-7.301062449671519
-7.223645435922904
-7.127153107122699
-7.243291840416521
-7.215650323770591
-7.119606125833258
-7.293080414801878
-7.203371584428599
-7.204935206578694
-6.911956044490482
-7.353830703926807
-7.228968064175042
-7.139153338041942
-7.233860274715504
-7.322272167599042
-7.296726000804353
-7.253469115121328
-7.114968382080104
-7.190686476236002
-7.2776060759928285
-7.255126311199007
-7.258802690392828
-7.159314191445773
-7.1870346318105165
-7.22834516959877
-6.934832161274425
-7.136617483299567
-7.355108800356312
-7.229406242343107
-7.337454221414953
-7.128067903577798
-7.139243092539677
-7.228651400037157
-7.1931521120904085
-7.3039190018855455
-7.264335038822786
-7.20134258736792
-6.8523595924422995
-7.2018557532669725
-7.272463927734349
-7.0237643437666835
-7.288575370734555
-7.262767556168646
-7.11959626621739
-7.1875049479062785
-7.407865407677794
-7.121918078014656
-7.2035053712236135
-7.264898310732608
-7.126413064444387
-7.23597913364647
-7.030570296982638
-7.155066222084464
-7.354023511479941
-7.170644074351107
-7.257994918349015
-7.212822127769171
-7.175822889386662
-7.251114012428477
-7.298679828354672
-7.249670948600022
-7.080746887799568
-7.132556403899189
-7.1214546429835
-7.182333877306364
-7.167768229541618
-7.278870806184152
-7.393983310597064
-6.967026623333711
-7.2614430329685025
-7.155024876210864
-7.0564397755806105
-7.188579560909116
-7.2000412141727965
-7.184101256369683
-7.117599920803143
-6.9501780720327675
-7.271457945694383
-7.26104750183192
-7.1490151290917625
-7.309711175598692
-7.000960030921256
-7.019249293071261
-7.311635290159081
-7.14577563628092
-7.2034851356262255
-7.148439582463787
-6.969871014204731
-7.26394205367306
-7.31483009540103
-7.296412597187589
-7.07874353653927
-7.0749842605316235
-7.220421491983671
-7.290225885669308
-7.387892694652852
-7.202573784448069
-7.164754091992105
-7.4819298370853335
-7.065902319518563
-7.144243438666642
-7.135320515652875
-7.2672990194201
-7.2751539872808655
-7.194347249635164
-7.2977544519921995
-7.166889019645819
-7.1670645295942625
-7.16752352336924
-7.1678676695494845
-7.149101218447196
-7.168225768124019
-7.324369635539338
-7.0247049707970355
-7.316928767297653
-7.2163233929797315
-7.005591648287171
-7.208685040160271
-7.050214854469357
-7.075507692924866
-7.338262190628274
-7.2828308549411815
-7.197988337470561
-7.250810457916271
-7.07012867452348
-7.141470710588199
-7.164344423626372
-7.215356907762686
-7.206898066400879
-7.341121101887288
-7.287997204936561
-7.205624621659597
-7.202099656593814
-7.0694959963939725
-7.063392938357442
-7.323425745424142
-7.232117190069086
-7.292145303044338
-7.0968341035267235
-6.984609729087229
-7.347116700359807
-7.289232517089921
-7.336527411168553
-7.333922771232449
-7.2304941399525475
-7.055809100036008
-7.1666638956383455
-7.1825178431612615
-7.076644599117263
-7.108191166301182
-7.115415472397557
-7.2811242966838705
-7.311098449650126
-7.136033824659215
-7.1799097484369
-7.219412943849081
-7.347628760969141
-7.087621358195793
-7.209917558900881
-7.109198076255288
-7.274720769450564
-7.262175669016806
-7.317317615459903
-7.283019715345095
-7.2289432338353015
-7.139390007051237
-7.063145231095084
-7.046439749302043
-7.2605219785542605
-7.190455861747781
-7.3092293526051195
-7.172720839564076
-7.200716118932494
-7.14338843254655
-7.2929169258658595
-7.261608466237671
-6.890820830353643
-7.188615392803759
-7.280895936607364
-7.102933336798822
-7.06029064878556
-7.1074718721180865
-7.149531709199843
-7.004996655032276
-7.307028778457085
-7.201824414545188
-7.135980878728569
-7.193322358943331
-7.191830082712959
-7.160068316150836
-7.201804927027756
-7.136269874052387
-6.933485568695382
-7.114555678470528
-7.239800288918399
-7.290195709191723
-7.079733870129239
-7.051903166309221
-7.092921496618981
-7.199469131781654
-7.144597136422786
-7.274520929429311
-7.244792790930081
-7.000659135216906
-7.1537117505408006
-7.246064160512832
-7.313238612337532
-7.153859782763703
-7.221322127948972
-7.03359995245155
-7.131180155351825
-7.054645730338854
-7.032155965301598
-7.209704319616761
-7.187758573687251
-7.123991056261954
-6.9910885919729076
-7.141565278820099
-7.09759812535246
-7.020696162623556
-6.998333873804725
-7.024532935187558
-7.1784580705418435
-7.108301376847549
-7.0793360392165745
-7.214008138425853
-7.215573045812149
-7.0605202719782785
-6.948084589297429
-7.262870744942027
-7.207765316805112
-6.992760922944871
-7.029509566830858
-7.174198349164373
-6.933685473058245
-7.17137773042494
-7.049767949928437
-7.127928902177499
-7.084964629187728
-6.985227724664155
-7.113976902835181
-7.188344971133628
-7.022261606289168
-7.221844291522472
-6.994767459198517
-7.073004948297932
-7.3336342947808
-7.054972104577238
-7.162512406482005
-7.049740935884059
-7.268718380144548
-7.110937532642956
-7.3402109995323235
-7.146382184368843
-7.188217991453327
-7.126025925639874
-6.988502615247488
-7.187923466339348
-7.0918669876923985
-7.215264290837119
-7.1762045760040465
-7.17976674612126
-7.142967966129326
-7.1282110397263345
-7.144301872841725
-7.179349162318545
-7.250635731834341
-7.185045078947114
-7.053929073780679
-7.197808657004008
-7.21469808494592
-7.239220409551443
-7.15034140406674
-7.083808871185119
-7.019427004173984
-7.169963825982106
-7.009206591913747
-7.178676224853317
-7.142089339748617
-7.23337888391579
-7.114625725712523
-7.054280534803656
-7.133169190110791
-7.1790439067620655
-7.235314520784609
-7.136550061112075
-6.859667356768736
-7.151131694578666
-7.232010327968439
-7.122652788250459
-7.138326567610786
-7.095242330514421
-7.142564339423797
-7.284132751275336
-7.322915265079702
-7.131547469428657
-7.148882719128288
-7.028437198044468
-7.19570853250238
-7.366052723920124
-7.191730998266902
-7.272716578789479
-7.066191334678644
-7.0223789874435285
-7.20128639958754
-7.0695918089752325
-7.155960238782341
-6.972292449902309
-7.216049974644029
-7.160189526056364
-7.240043488416081
-6.930816706557119
-7.103631011356552
-7.23081404219455
-7.256738100928451
-6.935014362522124
-7.0290323279936535
-6.955542261221559
-7.195890780694301
-7.160408322508481
-7.161165196410663
-7.202087209807677
-7.067488323140096
-7.111186661100999
-7.1303554949130294
-7.250638378008445
-7.026087652084247
-7.059304570469992
-7.120160047918599
-7.060987124913523
-7.160316253151255
-7.07971428589908
-7.244630392516431
-7.157690830292575
-7.133291968104901
-7.225198196458251
-7.242806995801063
-7.2534785326000195
-6.922360845320012
-7.150577106487219
-7.21676054770716
-7.199421281990716
-7.036997409787856
-7.133970665649233
-7.076351608778983
-7.173094447845776
-7.135155532164368
-7.279954343460671
-6.941218952544658
-7.145317154314092
-7.132689369474756
-7.114971401542386
-7.193261133763435
-7.252740893350207
-6.96891576827106
-7.348670749884587
-6.951308723218492
-7.001457189411811
-7.0759618489449885
-7.11888395854605
-7.234335023897962
-7.210518883066786
-7.153599162698054
-7.102997979730908
-7.309888954100355
-7.020092005951881
-7.175351946557709
-7.160978645617113
-7.071623218691389
-6.878683324064392
-7.137076421954326
-7.023213640825564
-7.122683963592251
-7.095376929154579
-6.878770523626603
-7.122372055536744
-7.251169165436915
-6.986331064208987
-7.2362739413513
-7.186058896498584
-7.069982161736071
-7.135594110377321
-6.991349068511621
-6.914644516924358
-7.379717288068072
-7.077573875077761
-7.241195031506418
-7.086857802941123
-7.135951461648829
-7.059115249810704
-7.024002492732307
-7.11947209963404
-7.102787797928158
-7.180623764835528
-7.179368457368371
-6.870807330907659
-7.164411281815283
-7.184726447031423
-7.078498889872067
-7.146789824269016
-7.043289037070091
-7.272035540731498
-7.163917989133982
-7.141553638501396
-7.26694624281432
-7.2510419234568495
-7.127235388377054
-7.168813466500147
-7.154392691044615
-7.161792009399519
-7.081587987661621
-7.314204831725248
-7.35526461149518
-7.168749565742157
-7.086739754705431
-7.208277360151957
-7.181725729169289
-7.0350427871696075
-6.963360613155577
-7.043146680290483
-7.225204874626858
-7.224298722707836
-7.125325869745983
-7.057324063419177
-7.235988970957239
-7.258312523900414
-7.162559863029699
-7.246095358651079
-7.089345698181505
-7.285747404177943
-6.937192383445295
-7.107157053399442
-7.030108327116366
-7.095199203463041
-7.157750621834978
-7.0790098133252
-7.205735902273853
-7.1947177179117565
-7.119790323968927
-7.121531149887743
-6.949998610405527
-7.268985930891846
-7.104615218853872
-7.230805658285377
-7.341237120428847
-7.069534706161932
-7.2635888657178285
-7.192955132779263
-7.300714343974242
-7.048217498842253
-7.183395760102664
-7.255319378005417
-7.130517326437072
-7.231288635115348
-7.2182442695624065
-7.226108269613494
-7.229148095445324
-7.120746412239327
-7.1619995892556565
-7.054275105541655
-6.867696356464696
-6.707985188841075
-7.010507359855332
-7.089109592633846
-7.235795252027483
-7.086619735969712
-7.154892784934289
-7.155355929745274
-7.28442674521118
-7.029090865096048
-7.139393294644434
-7.063861085369009
-7.009435252355337
-7.218329567599582
-7.060523403660898
-7.055421233209813
-7.178923810979658
-7.096765766083809
-7.222630070077769
-7.116833497953568
-7.2779105596250435
-7.236360671669182
-7.152266071349195
-7.139533091078777
-7.192405960667422
-6.92250382865356
-7.011904495139901
-7.258951079148943
-7.308652031784624
-7.260813126181723
-7.154669069993311
-7.131272386945136
-7.214952186205266
-6.923818857418725
-7.047761639195153
-7.085287733412089
-7.086106494297184
-7.075954362680962
-6.919907156338491
-7.113765017798123
-6.973045591992996
-7.227044954342829
-7.1487824565056926
-7.058506993146067
-7.2178175509955045
-7.302080676463494
-7.2777672954591655
-7.236324706586216
-7.206953292595337
-7.021561652686379
-7.303464506444607
-7.174906698147336
-7.282457108655358
-7.04817420955337
-7.253413364998321
-7.281590277328322
-7.1154438685494625
-7.148293665522312
-7.232921002306835
-7.0476106173941675
-7.1705824800705
-7.103014477408845
-7.20249751113207
-7.204107802508009
-7.124552793967331
-6.724282346984444
-7.151136970776077
-6.96828099160088
-7.153031458128048
-7.187884843979096
-7.138764268276671
-7.18616586313256
-6.941235589069487
-7.047817653435981
-7.130832853130954
-6.945827885123376
-7.0654967836871165
-7.093394525687929
-7.213500994885951
-6.880971631025556
-6.978929907727881
-7.2071392036287625
-6.951454595003153
-6.976475112274769
-7.2275230780527
-7.151362462437183
-7.10530904605093
-7.112720055285104
-7.081130749076002
-7.036753921573409
-7.2024627731253545
-6.978463410700241
-7.177298369008927
-7.284822571345616
-7.145687724478478
-6.978312543947702
-7.102986771319981
-7.128220022488185
-7.170794283476358
-7.202274769367628
-7.167718122451132
-6.9711656212942605
-7.1519156258356835
-7.189434804003236
-7.243138588711338
-6.92661810709356
-7.164751105683209
-7.185723177201111
-7.077982648501742
-6.796246317675453
-7.184590128645538
-7.101168217924699
-6.9584018602256705
-7.226005200882302
-7.2314595009324805
-6.865604411019949
-7.159950199113521
-7.26723938885356
-7.132461293745504
-7.203329742719624
-6.973662262443826
-6.919923440983559
-7.183786565257747
-6.948949096936193
-7.1562760016397435
-7.31745030700656
-7.219926965392272
-6.976868850986318
-7.068335472460898
-7.171557411949159
-7.219743532501259
-7.056545515487376
-7.134989796696067
-7.147555360324962
-7.175983806438838
-7.074845873149845
-7.107981938387624
-7.098703095234618
-7.1955255703107355
-7.143050815897357
-7.009247210730064
-7.1135875938687265
-6.993922901091558
-7.056343564427653
-7.08185858491413
-7.08909431676525
-7.186953682849278
-7.20696250003726
-7.125264930502894
-6.969378213124443
-7.180662990299744
-7.014849953101873
-7.0430341945279
-7.268959924276989
-7.184961847492767
-7.177694181497384
-7.157451882909172
-7.172880260291691
-7.084407102937679
-7.103237856860867
-7.080175765489627
-7.141855997748997
-7.278050270560782
-7.189506292396803
-7.153215123078953
-7.194279202633282
-7.145608155044491
-7.085848796154588
-7.062463168584653
-7.04643853335294
-7.214608461591052
-7.060246777096039
-7.150545339774293
-7.321629880016719
-7.040940318588959
-7.105036139180448
-7.190447788923376
-7.057732507699004
-7.070791752992401
-6.895863513402711
-7.229027437192925
-7.389804185376628
-7.050885692246458
-7.0271696734973546
-7.023029353447398
-7.223150224995113
-7.087654717131293
-7.001916985449835
-6.962309659604074
-7.1205949041676195
-6.973213800610711
-7.235024022862733
-7.113101942696367
-7.030239120231309
-7.22003475308508
-7.186191513753473
-6.908045678948405
-7.138221077508025
-7.360179361861753
-7.085405506322215
-7.055901602063004
-7.127167012708421
-7.162489869433756
-7.251306294541876
-6.988260913704368
-7.008032235039356
-6.950033357821306
-7.203368480972656
-7.145137848053499
-6.872484013402098
-7.165465687648055
-7.046907634603077
-7.161777048874177
-7.075710993041274
-7.111926591315683
-7.09192675248369
-7.190861892454703
-6.986943773541481
-7.156604308912403
-7.132931711084791
-7.109108851172578
-7.173348252863507
-7.174370333067957
-7.006735592304299
-7.147127045496221
-6.975518831759108
-6.950358319175537
-7.169531084403123
-7.131369773179028
-7.106683511980222
-7.301253986202255
-7.018204117952539
-7.082751651283026
-7.2175723378089565
-7.233621060029224
-7.193378260077272
-7.196120227269221
-7.204724232435648
-7.138368784627852
-7.0588874761966895
-7.123550500450353
-6.994983137088771
-7.112798032583732
-7.292065841010696
-7.049497235545525
-7.271980063959851
-7.02477347791224
-7.035471391270774
-7.023676329164781
-7.311737473404405
-7.144612460387883
-7.101841567078013
-7.012281283078789
-7.121196669596355
-7.245874431025974
-7.163022475590804
-7.285820879887263
-7.244939521130523
-7.105168430996443
-7.358051505835299
-6.996944344515885
-7.087536537718143
-7.148009637814491
-7.122100890103346
-7.0489496388871205
-7.044104854115514
-7.214195182066877
-7.027668258262991
-6.9770857702407545
-7.310477273954307
-7.064156042035899
-7.013169561064226
-7.005603936187569
-7.137481934328377
-7.27056777903261
-7.072465771841339
-7.2374968180203965
-7.001192171078344
-7.151148725897693
-6.883926614737347
-6.916986469718508
-7.171745982950748
-7.1204084973929005
-7.064974427373729
-7.291726574316219
-7.178278614956543
-7.113894868187154
-7.235184622445129
-7.300799532217692
-7.112238111612308
-7.181272917458625
-7.0753707453472146
-7.275122205382584
-7.176210323967867
-7.265352645349281
-7.061785303936006
-7.34665113945707
-7.121526692229158
-7.2153949887489395
-7.225332524532243
-7.196281673816397
-7.171686304334824
-7.006213934844325
-7.241726550090468
-7.08822395282691
-7.252926520056885
-7.352799174940923
-7.138783604624191
-7.189262558583133
-7.103006966840323
-7.390443005472092
-7.263453664916334
-7.208075687874047
-7.09346132946648
-7.368166612406788
-7.3976719905986945
-7.097937444191061
-7.2638599495679586
-7.211790967697603
-7.074532768249914
-7.320351821415395
-7.101676680626557
-7.233928365271478
-7.05347284382396
-7.164235579850862
-7.050887160275948
-7.356519554165025
-7.147724223780178
-7.26762232518659
-7.256693414582528
-7.28684073225051
-7.238668259204897
-7.116527121254726
-7.0196873105767015
-7.130481361474063
-7.168498553672362
-7.113479055062498
-7.079337220975852
-7.3380726747079095
-7.323734861994609
-7.146025784326603
-7.182983813022331
-7.1401445956338865
-7.324242785247361
-7.24390349072933
-7.313644434245255
-7.199868311425701
-7.1275686819841075
-7.248386520949982
-7.303534747792426
-7.213476576097775
-7.177268382613423
-7.283758972471201
-7.096030528664109
-7.091262522313248
-7.13998945676342
-7.210577356075658
-7.123340077508478
-7.1994999014573455
-7.198350727185648
-7.1526101626299665
-7.283291413907809
-7.239185056403675
-7.025611264536693
-7.2109682551720615
-7.147944955406842
-7.039114229922443
-7.040457957509642
-7.09751835937417
-7.472996547015723
-7.057123362112694
-7.189532297689755
-7.242950845024161
-7.0787795513448515
-7.255738430649135
-7.406044939196207
-7.379549666994534
-7.20213142214016
-7.323838680483721
-7.333230579831643
-7.130899454628376
-7.022345287530105
-7.270104754434493
-7.255619947023944
-7.06008296669948
-7.037144428024357
-7.313844706960793
-7.139061795122313
-7.155073713310031
-7.310237655875259
-7.254384240933617
-7.279916585285374
-7.28661714043537
-7.382441118378307
-7.26754757635373
-7.186282335270889
-7.249298712077437
-7.417269853520317
-7.131877269901818
-7.1763780072449554
-7.217200371298752
-7.215820335650626
-7.476382987398733
-7.181283439257003
-7.235193904340631
-7.397075064980445
-7.292615261603948
-7.211346729455453
-7.225361358718152
-7.312229019031642
-7.314214698179026
-7.3870278340335265
-7.426189358418677
-7.391282640023864
-7.280366104084971
-7.301215021586167
-7.455650320099799
-7.169960580728319
-7.258666238783967
-7.165215300783483
-7.306878081442562
-7.2529391379333745
-7.385138370822033
-7.440426474371107
-7.217282792335823
-7.497330696298583
-7.279451591062406
-7.137427740057387
-7.457535145370105
-7.236768803131923
-7.3587314220655236
-7.2807701278455115
-7.423136097896791
-7.37475498554118
-7.438551359076698
-7.059979824093178
-7.395319543503892
-7.185125459027893
-7.431974767754031
-7.110576912803407
-7.426086966541743
-7.382315438198018
-7.290152087649533
-7.308825685279439
-7.386223322964536
-7.3651307181221926
-7.159668570490587
-7.358232326824325
-7.461109727939588
-7.385076569935665
-7.378704773095091
-7.148434749382865
-7.4447113776734115
-7.230948847690222
-7.426704251714492
-7.371191661947478
-7.365278167597592
-7.3122440696997675
-7.267238614053079
-7.354111607273224
-7.480197110787258
-7.5244361528165316
-7.202348709741713
-7.249233044521529
-7.283011691685172
-7.387780750004751
-7.435984698860621
-7.264023742812431
-7.345725912397225
-7.29662022721461
-7.446024680013939
-7.280615169402559
-7.169782941679793
-7.455198010831598
-7.283290201593193
-7.39348128802904
-7.26456409465726
-7.398512678250427
-7.348896273065262
-7.232761217459639
-7.371420722578129
-7.150450005211816
-7.362300004354163
-7.04581591278166
-7.459896347115816
-7.306853211741153
-7.248874962688095
-7.164111288824202
-7.332286701893783
-7.167979395461974
-7.4077716505147935
-7.512563558774786
-7.239504102683661
-7.2099591751398995
-7.439348348283861
-7.3707312093981905
-7.370397266749645
-7.110895951793421
-7.228708490546179
-7.37863719528602
-7.440230263640515
-7.098284403453826
-7.4642495020596975
-7.518644867830163
-6.958087339846502
-7.24828796863801
-7.362314930517285
-7.324046938776417
-7.392949973739327
-7.30003610367607
-7.272024500221301
-7.13950259953338
-7.431457875137138
-7.3350816715324605
-7.471942695039191
-7.103609769840485
-7.332107104396933
-7.302339936396726
-7.43968657783297
-7.105214881727862
-7.294914321541775
-7.428339661583235
-7.258792744163242
-7.317080024873319
-7.118598379687524
-7.416635027309908
-7.474081112486828
-7.390941719171939
-7.406807826316289
-7.569218914893388
-7.1659486613061265
-7.357826474739653
-7.352218369636742
-7.235121782767902
-7.205065453855375
-7.3262992746752715
-7.2940880756784185
-7.2040898043771096
-7.484456025039847
-7.377578874537962
-7.2958782440485095
-7.483551686065865
-7.518444806633112
-7.340865268669169
-7.502860604441594
-7.312969653388535
-7.342562389447405
-7.309796512362093
-7.2338906196522235
-7.360757930542828
-7.378050356380519
-7.4224725699278356
-7.098419607614485
-7.348699801516742
-7.031487313917222
-7.136352524662122
-7.43271518177215
-7.291043305256635
-7.31808642778685
-7.118943438544392
-7.391759121998757
-7.398722533157427
-7.349062932734427
-7.420149743786574
-7.148040567755858
-7.405754428210092
-7.4002925496952345
-7.076184936235605
-7.442988519731547
-7.361063259863416
-7.2313819034380415
-7.404423134238576
-7.300332809062528
-7.1623599366438455
-7.318375331904647
-7.222171803483352
-7.300089002680178
-7.448108941742635
-7.309263973746929
-7.2722213613785165
-7.345903283487435
-7.330366217831024
-7.257279171733986
-7.347961392470918
-7.330192186323095
-7.483085436326234
-7.345696647958682
-7.45881547736816
-7.398901592365426
-7.234103031715666
-7.329972983148929
-7.480891093451189
-7.423740389154367
-7.162998174563794
-7.230070968024809
-7.24320602285676
-7.309356209096551
-7.375128507227643
-7.258405683455502
-7.227826873993287
-7.315188431131759
-7.128640530854281
-7.267750158613629
-7.241294283655946
-7.468235266193561
-7.03300264019901
-7.22156567270796
-7.413259593057866
-7.008654523461074
-7.554541270365542
-7.122806948390201
-7.21313737710435
-7.2430346890171
-7.55224458512987
-7.410666422379674
-7.186875966100444
-7.300854332434894
-7.219508280552617
-7.254684694445079
-7.318645546166678
-7.303531836961646
-7.151106452230647
-7.33295263199381
-7.197211738342782
-7.177977089597404
-7.137624804018785
-7.486308768802471
-7.30335822212865
-7.4396675228537035
-7.3306304382215295
-7.193647389310624
-7.399348516946386
-7.373699006321608
-7.383348691733236
-7.308861014174806
-7.2268655248698055
-7.549476406975906
-7.367588429229636
-7.4434777692955905
-7.432278835883631
-7.121276778127212
-7.3882028178111
-7.46133817408197
-7.29034615048374
-7.413194091317092
-7.492462942308669
-7.361433155497496
-7.440190763131762
-7.032809679130636
-7.343101376861568
-7.316068680031144
-7.336992602297103
-7.167498616791133
-7.3488404335105235
-7.274002564828668
-7.226265949115488
-7.303812948686773
-7.2030246593308185
-7.4444685699491515
-7.491992627869536
-7.424721210645813
-7.420310547825422
-7.154467927690664
-7.235574406155982
-7.402070973058215
-7.4781792990292875
-7.083932328354357
-7.240515979497324
-7.401661356280414
-7.411795301159292
-7.338973115869706
-7.196928795225846
-7.338792089705177
-7.207685912527467
-7.320897335659002
-7.122704426418912
-7.297597893241026
-7.439090200152916
-7.2511114264350685
-7.556300514544521
-7.4304085363570636
-7.420394633916186
-7.2859064473552495
-7.4239637763882005
-7.187246004386708
-7.400007571090597
-7.391877314009787
-7.294579405654187
-7.418233467466049
-7.4291940973427195
-7.317063658328128
-7.14536681517469
-7.025046312617995
-7.27555686588013
-7.2266572014204264
-7.2323066812412
-7.484633809371849
-7.286271867423206
-7.150689713801874
-7.342204656758852
-7.317079007534872
-7.42933436752735
-7.354289359757914
-7.357644825217105
-7.198580582324901
-7.094063537298085
-7.460888274422993
-7.353420910111499
-7.225630516817735
-7.306594983265912
-7.363406314158718
-7.370036803024989
-7.437399405079247
-7.313223870060847
-7.504904636325732
-7.314279388421602
-7.241642520223516
-7.14201440282252
-7.350423083585401
-7.102808330118238
-7.319340002249703
-7.404822414970056
-7.457922859508267
-7.263361451878912
-7.428284024298408
-7.402845599163846
-7.2040449231986265
-7.2676525924045965
-7.454176271292464
-7.1580443618922125
-7.282351061178641
-7.149955913877875
-7.026224882041163
-7.386204160404138
-7.348361205849887
-7.195846236667626
-7.38805297238622
-7.27179064353186
-7.028596222003869
-7.342289753206696
-7.383622143501156
-7.207770565186222
-7.381225109654334
-7.244123039846702
-7.284155273914357
-7.2628604429238415
-7.410317662226692
-7.222993063330545
-7.488323273525649
-7.144132613088932
-7.286693227309282
-7.250282483441353
-7.42270876974026
-7.292288981564223
-7.357719910557321
-6.950078238126789
-7.4374991500163095
-7.180384892119858
-7.44751358813099
-7.340394778814314
-7.305754905061311
-7.2516511701064905
-7.408582638134765
-7.270534681791377
-7.499560687357597
-7.134468635718156
-7.228935059401582
-7.34457392728459
-7.243183732118424
-7.294470076309989
-6.865870741565164
-7.477727047390042
-7.250205544522906
-7.155845237569661
-7.222263649691702
-7.027301163433437
-7.425232160734538
-7.38477019602841
-7.202647616221469
-7.337294490316886
-7.333685615643167
-7.240905714812804
-7.223831286156912
-7.3389210613848395
-7.3577842296455005
-7.227624470135229
-7.273728616381831
-7.124337036680986
-7.524459740522001
-7.379950898931725
-7.4219444234007685
-7.170738371628232
-7.19596278311589
-7.362468913156196
-7.306736535465522
-7.1966872279447465
-7.1548207085341335
-7.229589732674841
-7.317956947136874
-7.297550520355391
-7.31916696626038
-7.201644292726062
-7.298005810848689
