-3.747234426752174
-3.761079502051687
-3.7386627965864268
-3.7621513105726665
-3.778654239716741
-3.7931774273546814
-3.783087467177177
-3.7789160092215535
-3.7668822967274913
-3.7903136521795164
-3.766775527913541
-3.7803972841529316
-3.751968027695715
-3.7948356772230114
-3.8038958621892704
-3.7828899368241657
-3.801905569419865
-3.773674416815942
-3.76213657919749
-3.787427574138918
-3.7958211837111344
-3.7490966365210117
-3.773409726710508
-3.7559697265232765
-3.8110734826091672
-3.787109606624684
-3.839891477255649
-3.7938547429850495
-3.774221920172973
-3.792089677090359
-3.791503319660428
-3.8218177681658845
-3.8652178635458614
-3.7992910625790977
-3.78266015605618
-3.7877575598095463
-3.8029372655295095
-3.796548116153394
-3.7643010332814293
-3.805594677468561
-3.7935945620933738
-3.80862229953666
-3.7861645302691906
-3.814822430485839
-3.8220345086610026
-3.804811648848459
-3.833561111717775
-3.7928696704388756
-3.8307945060472406
-3.7939169285113787
-3.8281726312221935
-3.8751977724913127
-3.8669966075885185
-3.8662534729610307
-3.843953678025045
-3.8685008785780273
-3.839088197953629
-3.8755699978340084
-3.85687602230857
-3.8374116399826037
-3.8140634496222336
-3.851556572062442
-3.849055770419694
-3.8036602138110127
-3.898971255023962
-3.8209683920481474
-3.904968973438786
-3.870241726041046
-3.8740603583564694
-3.874268468092676
-3.8545688565724676
-3.795421895951347
-3.8489423127039992
-3.8076323028874217
-3.8351917400618123
-3.8122407763693134
-3.8817143471299644
-3.814799866667192
-3.842521682024248
-3.8335871853574606
-3.8862748641495117
-3.8729059319613257
-3.8453729398206207
-3.8863171031419093
-3.9030781489541972
-3.91004374616957
-3.82921425869044
-3.81174046348999
-3.8749962479030375
-3.871838031902894
-3.8603790648049063
-3.8567049502499824
-3.835865244456693
-3.859569662454067
-3.873952180606049
-3.903521107047781
-3.850607658449188
-3.83868181289122
-3.8547369446998077
-3.902111066435297
-3.9117359172568906
-3.8778109141990975
-3.837380497219925
-3.931235035541263
-3.794910435080661
-3.890113709525661
-3.871678834388189
-3.864528526451077
-3.8245382307530025
-3.8898962590746593
-3.836911150746941
-3.918351528345648
-3.931897495157557
-3.873964208453857
-3.883769078673236
-3.8240651127623146
-3.87021146240205
-3.824048660724589
-3.8843893829710012
-3.814905417155323
-3.92751746052647
-3.8595637051872944
-3.9052740151169254
-3.8521604553741904
-3.9150271440491844
-3.8497487153671557
-3.826878813278934
-3.8742224337758375
-3.8733385166994383
-3.855080790516981
-3.858361232678344
-3.8212645498448867
-3.8575605956855434
-3.8197110675776056
-3.8688460683930943
-3.8730536982110375
-3.84650631225084
-3.8356283107162583
-3.8585763921160026
-3.8659406255894013
-3.881212546922951
-3.87294352547097
-3.920594571022816
-3.865356676691334
-3.8637962453983223
-3.887266752209695
-3.8783253513792673
-3.8625490456229863
-3.875788124436506
-3.8771131422952383
-3.8892188814886888
-3.8422874429683738
-3.8502736484319855
-3.902141587001509
-3.8478773894565492
-3.920813988226931
-3.8760547947487503
-3.8314494398069394
-3.8642172927437644
-3.8472638088782776
-3.861205541451794
-3.880454706108038
-3.8784127620341176
-3.814330181604892
-3.8576975090010444
-3.8672826171274113
-3.836176924007277
-3.861880010770067
-3.8066218943314745
-3.822623845916561
-3.846697626559026
-3.8643160786396784
-3.848745342410373
-3.888724465950478
-3.8583348913799997
-3.9161057256121197
-3.869848442537743
-3.8573187589774642
-3.8443169159134807
-3.881815283449223
-3.899592140600448
-3.9367221232442513
-3.9137223355522006
-3.9225334820804365
-3.8939015409059774
-3.906789926436801
-3.7838580266042947
-3.8503436101318744
-3.845759608836052
-3.829993767110402
-3.8201831709563923
-3.851397364770425
-3.8204554417628565
-3.8911404745411957
-3.8776972820774995
-3.8776754467229497
-3.8592816274883606
-3.841496180920406
-3.8285144461563023
-3.865699600840067
-3.8308572384832313
-3.869231330603425
-3.879241894690088
-3.874711964306397
-3.8397258854537615
-3.8848390232302314
-3.8896941204957303
-3.9187418034711836
-3.830969569862314
-3.839075205516059
-3.850102008959305
-3.9138566204153467
-3.868104777532456
-3.846186655517508
-3.9396066797572886
-3.9204824288065954
-3.8632822650531162
-3.8367810516209278
-3.8160137695351626
-3.881243832251018
-3.9204700288122503
-3.9356614810983235
-3.88379458248842
-3.8979050053738185
-3.8828636647550763
-3.86952115701082
-3.861322347067587
-3.912374658306206
-3.900854975065453
-3.8647153148967544
-3.838093873026649
-3.8274640473049817
-3.8781671235980846
-3.8611013242614547
-3.8964502646044994
-3.8890334803860003
-3.844229886660778
-3.8377396325643476
-3.898245723590121
-3.8354442942382327
-3.90164715742503
-3.85304871540447
-3.8690870199042795
-3.8246126079666043
-3.8737283426671976
-3.8663611846371015
-3.8554308905093295
-3.924560071021312
-3.8484061136025782
-3.8799386729574787
-3.8968705011637628
-3.8930479696094134
-3.837109085455939
-3.900659842968301
-3.9217212627025955
-3.889717230735783
-3.8302392571718276
-3.8572202611444384
-3.88316805162846
-3.886253504737838
-3.842695401118745
-3.85626069199175
-3.9060219614079097
-3.9227060280118446
-3.909751251331406
-3.928045121314773
-3.889283751973534
-3.934697902851452
-3.86345548446934
-3.816417175020928
-3.844491604498042
-3.876575874784747
-3.8891069444249413
-3.9104187612898778
-3.9010870010172933
-3.9231451059625337
-3.8499392470147122
-3.8694584742463185
-3.907364423940053
-3.879517808364866
-3.870961696770016
-3.9307214656222507
-3.87249336740899
-3.840366248877579
-3.820669835428249
-3.8800757085526865
-3.8990773136688257
-3.8551131072826035
-3.8617580648691714
-3.843188773443538
-3.862492529559644
-3.909272257036628
-3.8594365701595326
-3.858891691094508
-3.8988956909036023
-3.9045938507744666
-3.9550498163188674
-3.8267773611987432
-3.8774305092570858
-3.811010860902873
-3.8960039042070083
-3.8489412056593992
-3.8805381956999954
-3.898213912497841
-3.887215860264555
-3.888754189462027
-3.849315795678953
-3.9139114215942707
-3.897652085299177
-3.8794586137778313
-3.8659893874107385
-3.850171909749351
-3.8839426771745376
-3.8822320641770585
-3.9030880941886736
-3.881340044238591
-3.870620312939466
-3.843920090337717
-3.901641485122165
-3.8965073646627233
-3.8629719501545368
-3.9175895586219642
-3.8482658152779177
-3.906381915610765
-3.7901034450539237
-3.8409144168955134
-3.889835245153801
-3.8839975002580505
-3.8866263891820845
-3.8870362676704633
-3.8512134697865457
-3.855890354834648
-3.859867732091217
-3.9397772176221446
-3.9263667185682376
-3.8592279152231144
-3.8521320248866866
-3.8892629238527605
-3.8715546869942665
-3.859174442394784
-3.8158201459613665
-3.892123608541627
-3.834755086708873
-3.879425422922792
-3.931802299849084
-3.886616289281026
-3.856699846783873
-3.872527499618036
-3.8968739684373883
-3.945988009698762
-3.861432443678474
-3.8817592022671707
-3.8788742411722796
-3.9057913331288554
-3.902168421785287
-3.8642933076823027
-3.925473181622069
-3.8664099784377033
-3.878413490934914
-3.8855344138677044
-3.8379032145292316
-3.9071436330980833
-3.91979388267532
-3.853505524609983
-3.893150952107813
-3.8895854025354497
-3.8697898456679454
-3.8834485870929827
-3.895577980771949
-3.829087258028623
-3.873634793803065
-3.918160478064376
-3.9134262869139556
-3.900231132379208
-3.918904831155687
-3.8581944154565018
-3.895463052519819
-3.8910035543221086
-3.949001884191931
-3.947376483495805
-3.7983448364722316
-3.859866644069998
-3.9011595230171814
-3.8911959026028584
-3.879926076670429
-3.9113902760698376
-3.8583529024032823
-3.893274318197412
-3.8949358602559947
-3.884252504377726
-3.8600204685994273
-3.8846702053082924
-3.869532082942106
-3.8901712770031973
-3.8804851933403826
-3.90307541986558
-3.9192897546061207
-3.9118234032420647
-3.93245621554981
-3.8954848604289136
-3.9051394602747873
-3.854503433716824
-3.8687769680976576
-3.845695939378906
-3.8497534923571033
-3.9423144356627717
-3.8871742961380296
-3.8456556144488645
-3.857934875659811
-3.915278064758182
-3.8069494996945736
-3.887337171199169
-3.9012566063975522
-3.8419056771887505
-3.886950011336061
-3.897670707896646
-3.878569544188773
-3.887928673141143
-3.872674500708715
-3.9510368506810245
-3.863309089073571
-3.8578448950077666
-3.918955014164842
-3.933946290604318
-3.8745968243044326
-3.9459220329555893
-3.886191082187054
-3.9018282327511673
-3.907997381941348
-3.9040634555651113
-3.8357234237371958
-3.9402734514123843
-3.9162204597186987
-3.8473516969600903
-3.9012884078356596
-3.887339074874545
-3.879503604184111
-3.900793596202602
-3.898055663945686
-3.880401815521878
-3.9067908674640344
-3.9083085310386645
-3.936176904858063
-3.9036075498052862
-3.9028063668006747
-3.9221849537119975
-3.8826074733767757
-3.750604993525589
-3.9358453689091926
-3.861258931266711
-3.9504052164550383
-3.8804380548205737
-3.9251684647711147
-3.913536508498927
-3.926180750479575
-3.8784926462865297
-3.860131094353587
-3.8892559701110416
-3.854029356012598
-3.9003730968616233
-3.867282432776903
-3.9274355894914756
-3.927000256621156
-3.936408101565002
-3.8830270856988194
-3.878053718542681
-3.8892428437646402
-3.9116361461008453
-3.878810121722461
-3.821258832307747
-3.85864605377121
-3.844274198465143
-3.841975859949669
-3.9309171757232657
-3.85482932128227
-3.9193736255702394
-3.9164145308602083
-3.851932534467789
-3.8842534447043455
-3.8978846509114513
-3.9251392436847254
-3.8836258702884736
-3.8205645444121146
-3.9158103021426145
-3.860883311480808
-3.898294993419981
-3.8748762487851263
-3.7613141552013367
-3.788236869789988
-3.8598521825463004
-3.9197005991905627
-3.867062336010333
-3.8879283800474695
-3.8428529962686575
-3.88567150173095
-3.8902029052052622
-3.9335585686817987
-3.95469877668393
-3.901379034276871
-3.868655372094011
-3.9010758588597407
-3.9054717732332076
-3.8837028497037664
-3.882650342531293
-3.896312441701376
-3.8701426498248246
-3.8582719123833096
-3.8859530629844574
-3.877964853284864
-3.918856892149815
-3.928283551177697
-3.9228061930704023
-3.9022724805470945
-3.9052755373815433
-3.9231373788581423
-3.8987810602309283
-3.8736838725960254
-3.8217318261016953
-3.9076454157290708
-3.8940637589728513
-3.892211038410079
-3.8504576063601372
-3.854568838520181
-3.9005278771391683
-3.9349330136599088
-3.8770587052191945
-3.8334238147017454
-3.8680607803595315
-3.833649881214712
-3.903765044464904
-3.9213390587433516
-3.928881044606014
-3.9165745132642606
-3.9013829386099177
-3.9158249351367815
-3.8486395592454885
-3.8752512041334946
-3.9643199551350627
-3.9416009758085147
-3.880634289585798
-3.868954524724762
-3.922681412918397
-3.876051682540841
-3.853470856019573
-3.8764984486630674
-3.8859717077590625
-3.9284804216267357
-3.872247569596551
-3.9189277854466975
-3.921736485753322
-3.8628500010055333
-3.911340651982938
-3.9382733451807996
-3.9691194359569284
-3.934714868431953
-3.857874770997335
-3.8560712973501796
-3.9313147999552545
-3.918478363816111
-3.895072891960873
-3.866860532308456
-3.8853223623365363
-3.931860713244212
-3.8642550013777015
-3.914591601745481
-3.8852136129624917
-3.930577251977561
-3.9090305740620352
-3.9229902929104856
-3.9121242465833683
-3.848316211865338
-3.938964154074013
-3.975232656786144
-3.904368784862885
-3.8352027242262205
-3.895880528514991
-3.8589956435453674
-3.8960045627971676
-3.913536951600046
-3.9443730200343405
-3.884531049552947
-3.917781531036331
-3.8750269412377634
-3.9152493855127206
-3.9222741036983155
-3.9502142924082038
-3.905485698701388
-3.9201510040677108
-3.931121783004752
-3.9121407765143723
-3.9026007791973494
-3.964104822477254
-3.9203740895116677
-3.9191590319120984
-4.001250473253667
-3.9491262643964506
-4.014033561780741
-3.9176057360345045
-3.9276414073111696
-3.920159768225911
-3.840101915186121
-3.97973154622464
-3.907928690909918
-3.9314499848179425
-3.9775172835460504
-3.9437399675465397
-3.937528079975106
-3.943938476493901
-3.933612011582659
-3.90841429533019
-3.91695173907107
-3.9387048275607053
-3.9329016372316645
-3.849131716778345
-3.957565035668171
-3.9702314219620214
-3.941725908608487
-3.961347876261847
-3.9590234061624416
-3.9330912134204983
-3.931882916461121
-3.9759449990552755
-3.9074872586413685
-3.8783879956703284
-3.9424160347815773
-4.013134615656357
-3.9978179492982058
-3.9568835272044325
-3.932812960231377
-3.9733866364717785
-3.9267837162953088
-3.9511738076742504
-3.984122211495197
-3.949640137585503
-3.9342513238388443
-3.962802190437183
-4.020247358024919
-3.9067219441525456
-3.946487024387753
-3.9913598535707053
-3.955082955383384
-3.9555192974828888
-3.91395006133652
-4.018745449907919
-4.0233203495465455
-3.9939990675545305
-3.9879671175948226
-3.954743905203806
-4.025003397318292
-4.002943958929799
-3.9794932048715186
-3.99507591980871
-4.0386679313935705
-4.017114602776533
-3.9903284444167038
-3.9942722252891087
-4.019861247499794
-4.000451329164663
-4.039738337268142
-4.00146945148981
-4.029958689987974
-3.995170140210575
-4.1399352476888795
-4.1079571090985345
-4.018349590399007
-4.116339682720691
-4.1330889657404954
-3.9844779959684042
-4.118171324083472
-4.11649772454951
-3.9709696579451754
-4.143064130624297
-4.123534650121767
-4.099958597142044
-4.078815785920106
-4.0315069715284535
-4.11635213545443
-4.1568489298050455
-4.081428242612929
-4.199974138282833
-4.092223595759886
-4.067441699058633
-4.15830045536186
-4.14788689882913
-4.199166693785933
-4.231430671801131
-4.206992290103303
-4.186629383286189
-4.148624793489363
-4.4091629287164045
-4.178528177197087
-4.210381275234929
-4.19860766910202
-4.259559978113841
-4.296307931152867
-4.23537758768235
-4.302087205335679
-4.3713237946419925
-4.29196053915971
-4.2059296987451225
-4.366263454837951
-4.345342664033424
-4.226781323107421
-4.385788057004876
-4.330235940759567
-4.312433996087178
-4.35073991482053
-4.28275981321386
-4.30802612014921
-4.357707198495109
-4.301448203506808
-4.37133447363348
-4.403343250827293
-4.266727444922224
-4.28223175323993
-4.346710273611454
-4.373270639291995
-4.393897196416169
-4.380404441106562
-4.283207884213865
-4.348442656312129
-4.302611637149083
-4.3557458820488355
-4.381415374434071
-4.331788134792477
-4.361596047487477
-4.374174657101434
-4.384998769672449
-4.334439356397843
-4.464142022651859
-4.326570178298373
-4.156041019886406
-4.356595548291832
-4.361205311702209
-4.309420857952134
-4.354767158770143
-4.335145181096166
-4.301854788122659
-4.378868036101046
-4.263851703160465
-4.3439746691588725
-4.401854081466612
-4.362828417499179
-4.335953947666688
-4.32964120073331
-4.298374734946967
-4.322320237076127
-4.336161458056922
-4.3181416623757825
-4.269115507966954
-4.300359252855459
-4.312244118845281
-4.424516578984094
-4.363484473319327
-4.417631000096405
-4.41030283629924
-4.367550090007408
-4.367072864906883
-4.402358110504324
-4.394754189365483
-4.29705544085726
-4.3643676644700795
-4.324608796792157
-4.325946423944426
-4.386515507618456
-4.350744619407773
-4.376345660528878
-4.379015686910092
-4.259844921519053
-4.410878797082502
-4.363826308407524
-4.432948022918342
-4.3952589700997455
-4.375882226105434
-4.402690074501749
-4.401515848657406
-4.377945061494784
-4.377495354734515
-4.38123443608827
-4.33551550390716
-4.4390950137903005
-4.407083773768366
-4.365870825420669
-4.407073035856764
-4.394027883166148
-4.307728803518233
-4.2878731592776385
-4.388752854660254
-4.437290392715333
-4.301747827212648
-4.403910980807696
-4.377029548573744
-4.320063056562235
-4.389808173052184
-4.403270751047664
-4.379546503947128
-4.321274745392556
-4.378870971537689
-4.376311424809873
-4.393432236299425
-4.42038950076082
-4.40909227677259
-4.4639695611252135
-4.319918286714179
-4.397535419366052
-4.3042088138359045
-4.426514287735783
-4.337956831742427
-4.341109177848932
-4.373892229266328
-4.355935917569515
-4.3882192674835085
-4.368820600205501
-4.384885005387417
-4.42541988933227
-4.376832314945296
-4.395971805886581
-4.393934163104459
-4.368766809530567
-4.286155782608203
-4.389963140231407
-4.361864200161323
-4.3820612431395345
-4.361883812142915
-4.376630086797426
-4.3870983317728065
-4.442200243985692
-4.422710787647886
-4.386731652118373
-4.324233195023159
-4.403965364520173
-4.375047285502279
-4.437907390410125
-4.325429960934329
-4.411811519362643
-4.4087106742861835
-4.3526402205682135
-4.394824064888393
-4.410191422413341
-4.338832591966194
-4.401605424892627
-4.435956428484089
-4.362004968410834
-4.350442464914455
-4.421666405188814
-4.423630420643614
-4.358539626985747
-4.2872086813171135
-4.406562908928265
-4.41045005050459
-4.347200737456364
-4.369050545355413
-4.399654722303376
-4.387426539459962
-4.36220964380816
-4.344841694214956
-4.408116052722528
-4.404660058634589
-4.402003802048216
-4.4164314500010295
-4.4231305451927865
-4.368527700220868
-4.4201158574189625
-4.390127771026026
-4.323374786157819
-4.417681776145017
-4.445851450629278
-4.405597430780354
-4.446623823866509
-4.398028560678395
-4.444733986279247
-4.38051700830756
-4.32406812783062
-4.417473719552078
-4.3909537651462145
-4.376275890073219
-4.407879287629135
-4.401235755387698
-4.422938352622802
-4.360170359095198
-4.347960609078598
-4.3280207647775315
-4.25089508953426
-4.417490102555584
-4.361702079098824
-4.405722398063861
-4.3445447963390595
-4.339195458909174
-4.3683344160041395
-4.339039668795363
-4.438919853331364
-4.333448182702516
-4.300543930133368
-4.39406595977277
-4.356246262835302
-4.385185167622395
-4.390776473082816
-4.545046916136761
-4.405946577628225
-4.36077847011497
-4.414334749733458
-4.420426244148151
-4.40194924195236
-4.422486642752299
-4.44194277247249
-4.405203205241096
-4.349431694736867
-4.358957767351704
-4.328062128291722
-4.350185452366339
-4.389502559172896
-4.367348402538602
-4.425401313779699
-4.394706041761554
-4.377647813439014
-4.320232181888714
-4.4405559205588485
-4.384395215877295
-4.413637927863667
-4.430007388563112
-4.380523836859072
-4.387153770190227
-4.348271053627132
-4.440619777706447
-4.243582447854379
-4.439196299096349
-4.44604992921548
-4.38820687768006
-4.398050282358627
-4.216338340754655
-4.427748067621601
-4.347168614720135
-4.358304587762579
-4.415053555020646
-4.399879463598135
-4.40586928758941
-4.363562268566243
-4.405277712243366
-4.323135045136627
-4.444212110318478
-4.397212637357598
-4.404628352041733
-4.3768109841054
-4.371998737970418
-4.357407731879497
-4.408839937152817
-4.3905073932653655
-4.339814040307099
-4.382789561728592
-4.376367417923846
-4.415855608600829
-4.396850499827473
-4.411285063873284
-4.45455059572277
-4.390840566764462
-4.399402650715427
-4.352061869649335
-4.434019402902326
-4.425202522269089
-4.433420170531437
-4.387095390454009
-4.358605638776788
-4.410237763177441
-4.381821543193995
-4.332488757422964
-4.434891304272634
-4.4279630042917715
-4.4515516527338574
-4.447126519929891
-4.35684684024583
-4.398711235388325
-4.396324500576942
-4.448405918812791
-4.457857817526838
-4.420894960184829
-4.401450942633951
-4.405693692161127
-4.380932851959156
-4.385484278935054
-4.433264266870153
-4.369922652940259
-4.385645029317087
-4.418751730738382
-4.462181889250952
-4.376516323830296
-4.432773873912762
-4.322492787485002
-4.418942926291501
-4.402475003178319
-4.2952131018443565
-4.3772055162799735
-4.3603534294865405
-4.395279651009573
-4.426457364700157
-4.442617623083209
-4.4122731636463985
-4.341058561387167
-4.438107302680086
-4.411384396116872
-4.389281794124174
-4.357595910931868
-4.462803663586633
-4.45449430773321
-4.408938097835028
-4.412582569310627
-4.449393595311346
-4.426226352719004
-4.390164647161079
-4.426634645199583
-4.403335953602804
-4.4099433284751575
-4.413557960583172
-4.426285930514083
-4.363078639778848
-4.385443269808868
-4.43095082627404
-4.438204205932192
-4.43020987535948
-4.408927636305498
-4.382093733421548
-4.300482818274173
-4.288187740373224
-4.348233974328819
-4.4522147961004475
-4.422476066620103
-4.394900275557323
-4.351502024260575
-4.425110948592379
-4.369461402601391
-4.299450677459695
-4.348756070359115
-4.293797205349159
-4.403112764229102
-4.373035953074182
-4.373219191696836
-4.42059027319892
-4.366118106872853
-4.400899060553591
-4.246811128567716
-4.417922621513162
-4.392293881407585
-4.263608920763566
-4.380405803374449
-4.378062994816564
-4.306803263321266
-4.430292657931774
-4.410221887423729
-4.44857761221577
-4.35138421911325
-4.303087357323593
-4.3729352356441815
-4.386896304643383
-4.342847127949251
-4.434640618205595
-4.474658728759706
-4.375037265689698
-4.298392586878463
-4.344409097992347
-4.375317429890858
-4.3497245933637405
-4.3600394468959704
-4.387522193707671
-4.428631872773038
-4.347625469217695
-4.4505352805385385
-4.375040756535862
-4.316209028591246
-4.413218683403089
-4.42432859064279
-4.370686878552152
-4.448847075053128
-4.3855808723167184
-4.461382108203399
-4.416574976040969
-4.457970233044541
-4.406361695607436
-4.419137334021699
-4.379029641551232
-4.337331150078442
-4.2938324730047555
-4.356694343744951
-4.4108269615147675
-4.440381014088712
-4.339400431282259
-4.429207452602479
-4.406101125191578
-4.435285377708365
-4.452867362210131
-4.39445025785266
-4.417460447506467
-4.3657244740986805
-4.4371749595282814
-4.435941807944036
-4.372789981527762
-4.3102312340097955
-4.406294670520776
-4.318230034471648
-4.4440915551300035
-4.393318608783856
-4.403706423602947
-4.479573312574035
-4.332510884147673
-4.397027876456117
-4.42621782959301
-4.411468065299571
-4.356533350943053
-4.371788433457096
-4.321450573996636
-4.424953341700925
-4.3892971341078235
-4.430930882351602
-4.441814751072263
-4.374572817183775
-4.371249568666173
-4.405942865494406
-4.36430125081035
-4.338792555563478
-4.341958622075018
-4.403888277217592
-4.448415682911387
-4.433083644189892
-4.40561030732366
-4.462981069163319
-4.419362113239552
-4.399710495761822
-4.30807510529988
-4.460813287887103
-4.358078952184495
-4.416631973976498
-4.377957699757077
-4.421791850921653
-4.442605162526976
-4.438276294872163
-4.336671474457286
-4.427156012060184
-4.4370598743988126
-4.4037092448831245
-4.296292433152631
-4.436660672028225
-4.335007197507099
-4.403987605793121
-4.376812789804774
-4.456357989926855
-4.32757999201007
-4.383758269440917
-4.399450844184126
-4.444971595822652
-4.345594866373598
-4.366166683415301
-4.413306499881124
-4.356431204230237
-4.419189925748923
-4.312288317812781
-4.32645876392224
-4.399511777336279
-4.408081773292017
-4.365360322010015
-4.403600728937993
-4.519578373789654
-4.428169842938688
-4.3310417991262735
-4.3747943313026125
-4.39778896557321
-4.27356669892648
-4.209339759225566
-4.450570358690251
-4.461806787791865
-4.297338984319661
-4.370880506940946
-4.2456956862850115
-4.3703724975457865
-4.344075137060037
-4.448202423646401
-4.47354772910538
-4.441062863227709
-4.5280692572604435
-4.43347925108771
-4.285531258522955
-4.389746105522447
-4.424678273297358
-4.424319558858821
-4.357564433965256
-4.471498052256573
-4.391992540522993
-4.35721397171568
-4.463572778308782
-4.393463802598207
-4.408389849831002
-4.4141087734394295
-4.426666631768118
-4.400716483121331
-4.430549659194108
-4.3799950336840885
-4.329447884300709
-4.43989440786804
-4.408194625954223
-4.319245380455883
-4.356025361718575
-4.388161509629221
-4.305579184954854
-4.356738156959593
-4.490897003723128
-4.39900930279132
-4.439870549152625
-4.279943191576999
-4.471452478092296
-4.418600282498467
-4.420363095093009
-4.405000917796817
-4.401177015540693
-4.3885800241562745
-4.426966080304633
-4.384363128164546
-4.377370687840287
-4.396129015142541
-4.404244021958398
-4.395535140222983
-4.450128505150758
-4.439946104820904
-4.367630542655711
-4.423046414747513
-4.425807914235074
-4.374957163416761
-4.327752660354854
-4.402615796171728
-4.441180557782133
-4.40439669054042
-4.356532627068991
-4.30615751995034
-4.395042294569648
-4.435568131465961
-4.403413273509061
-4.42005416591914
-4.393744798812014
-4.437528652946741
-4.402738152814685
-4.429341775648528
-4.362698519320047
-4.373939085070599
-4.4329388329034485
-4.3943979938476785
-4.444808777183022
-4.387709875891506
-4.416922686818259
-4.438395464981558
-4.40001459713166
-4.400289713000116
-4.355051360874044
-4.322795504199589
-4.489470170826549
-4.327544705285439
-4.446741468204219
-4.404267829425133
-4.450496621933621
-4.345382168696438
-4.3645619693797215
-4.406168776200125
-4.40758526990724
-4.412883699249349
-4.41628941249294
-4.385147398780589
-4.416863395321978
-4.376041498162453
-4.435942602593554
-4.445685614042605
-4.437391823217875
-4.357959529457285
-4.4001914812135245
-4.398871409895602
-4.362990880706854
-4.313887879127329
-4.4619392859210345
-4.421447420560237
-4.330264035184441
-4.384202101949863
-4.3972257682374565
-4.418854795260397
-4.3961999801081895
-4.444341308439016
-4.4404719918725375
-4.356704324457069
-4.2872618699988045
-4.371545885904662
-4.433959541347919
-4.42801921533627
-4.5025713440860455
-4.4560082233895875
-4.43722672126154
-4.358667882608615
-4.417889077161298
-4.375616326071866
-4.464537358688935
-4.292537717576877
-4.3975203954696696
-4.405878434778757
-4.418938079737993
-4.359449334351773
-4.415464028768989
-4.430637866705554
-4.430529330404693
-4.3740532729920325
-4.394163617408529
-4.404652919589817
-4.351391932481778
-4.351983533490972
-4.443906988168044
-4.419227916265046
-4.432267305882153
-4.450362651818871
-4.371857465274317
-4.443900571236308
-4.406471477795937
-4.446534387694299
-4.404517087688723
-4.377930298470787
-4.380500023060092
-4.4327261171170145
-4.408744045136622
-4.4600272775591305
-4.42247639986499
-4.390048113787095
-4.452124374756003
-4.411524655046359
-4.3339424747444495
-4.451428361068029
-4.347786751481913
-4.378274512416033
-4.409111742385097
-4.457393133548697
-4.372595678115855
-4.456226278047452
-4.375403134261467
-4.420206487252225
-4.416475735930428
-4.399178140601655
-4.447226105497883
-4.426121395642705
-4.269183033053827
-4.394945020025036
-4.474602949507374
-4.394791298934814
-4.359842201880137
-4.42446685009791
-4.390540673474996
-4.370215709073913
-4.300626168742306
-4.377125694786235
-4.420355249450174
-4.401901152966062
-4.3891218385885935
-4.410093997329197
-4.399068675631546
-4.293506239390736
-4.423341858536124
-4.439786030754325
-4.397856509840359
-4.420467583058481
-4.384745286684846
-4.434736893139875
-4.34210725445441
-4.394265760440485
-4.290997538447483
-4.445306211390063
-4.450601571032864
-4.4248257989508595
-4.377780022314207
-4.395943736622818
-4.473343639127586
-4.460140201336652
-4.458453351349565
-4.4580481067721065
-4.403404139082653
-4.381094890610055
-4.428864417844642
-4.419077017570241
-4.371561282346214
-4.4403918063954935
-4.369284790845721
-4.478794486994525
-4.450657798678555
-4.439787091732014
-4.407277158809051
-4.395052720242785
-4.408852836112794
-4.3490407348942774
-4.3249836527735805
-4.413720047951059
-4.418104404450495
-4.40254971194101
-4.41133693946892
-4.33892302541871
-4.443199672643483
-4.459646390083128
-4.352882552448119
-4.400291006689916
-4.428080924527764
-4.366543658223173
-4.317216277209073
-4.384107957422685
-4.467146968447151
-4.451726681615881
-4.386477238703127
-4.393839731296747
-4.3464017180314185
-4.347625718656028
-4.415863885189544
-4.460692817620095
-4.408910606510419
-4.424155497936012
-4.419280790300302
-4.345695936487499
-4.425092455179124
-4.365943511423295
-4.378327211080762
-4.426939762837926
-4.416353623826757
-4.352920522619887
-4.412234878385199
-4.3820099855615435
-4.4880650698160505
-4.447652710557106
-4.379635644670744
-4.356448926315732
-4.402783241805872
-4.40825499881572
-4.393045401698564
-4.311664280105588
-4.386691397927705
-4.400775251657939
-4.283596378898718
-4.383238038382511
-4.409309240301439
-4.388187473385762
-4.4248407849493185
-4.480193845399582
-4.438038634951504
-4.3974049671745465
-4.416655627619877
-4.424654139696965
-4.501913980246779
-4.4040322744224545
-4.424929220883979
-4.360128944046427
-4.412995247030525
-4.436577116257777
-4.458237307268755
-4.384070955644364
-4.403003431885916
-4.362918469525434
-4.506795040298498
-4.419480533296789
-4.384648718759903
-4.3708657362519485
-4.351625202428724
-4.362424725406211
-4.424629549678942
-4.409228335796567
-4.370575885541469
-4.273172729174288
-4.452188037271038
-4.369097281406168
-4.43021492458518
-4.436673100430414
-4.400075439247488
-4.412950349380141
-4.421569229752321
-4.347295815980107
-4.445230977066998
-4.373528524854204
-4.43338457554213
-4.3641641508572535
-4.424876972966932
-4.405005720664582
-4.410971064551503
-4.470289271899329
-4.521793333427346
-4.3862758358608795
-4.42715662512288
-4.403848985296417
-4.399982694325444
-4.488281747937443
-4.333481023853556
-4.375195379850253
-4.421982832758889
-4.452761265550047
-4.337941215953827
-4.45037831004182
-4.367059025549927
-4.473572721500001
-4.369828215689743
-4.493956147023659
-4.436524818637301
-4.468498331755213
-4.450237484243735
-4.473974730580754
-4.405953222972633
-4.465592830771091
-4.439072530079984
-4.46678807967817
-4.384682378295034
-4.402480755873053
-4.39254547271922
-4.3647837835682575
-4.429525843563259
-4.38057782933898
-4.366063577212057
-4.415112423076876
-4.377126703314874
-4.438939758872743
-4.4400248034199095
-4.41153564727201
-4.395930170179382
-4.474267744813815
-4.431177265781265
-4.485400821972572
-4.414995947504385
-4.4196960720791045
-4.379057289441945
-4.435455047262909
-4.349272505760448
-4.463705449988595
-4.43034046898031
-4.446969141927048
-4.4186430217693
-4.422504972778163
-4.379569298245174
-4.422374290822051
-4.4441860684192624
-4.444179650361163
-4.435857575506541
-4.447444778138625
-4.466581260480746
-4.368180890541033
-4.391023288910764
-4.444893857217954
-4.534522086493714
-4.34412262940077
-4.409529903386626
-4.4102312561176396
-4.377713017619916
-4.53265155198915
-4.405232005512811
-4.39553179753221
-4.35064054924361
-4.412950275528255
-4.418733973118628
-4.4403663062530025
-4.406302692635003
-4.427319508434407
-4.341886905860443
-4.449710153001214
-4.430701709116109
-4.414120004348291
-4.3854373123636945
-4.409629019162778
-4.335691065683316
-4.448629093466977
-4.365051679447291
-4.430232809229223
-4.471159378762858
-4.4202660507924065
-4.492729940792265
-4.429616601166198
-4.419014774222025
-4.44509026329977
-4.387309479136786
-4.441176866551802
-4.420487845751447
-4.420715231876604
-4.422823185405118
-4.428532451323718
-4.437768932750906
-4.460332578517944
-4.45294065825692
-4.328621955071735
-4.41189402518986
-4.4465640642269895
-4.410993480344995
-4.407720382507323
-4.426297673323464
-4.421052659933638
-4.373737010231966
-4.375929495249697
-4.3663542632091925
-4.436740338100347
-4.419402221093573
-4.407132421621153
-4.441689385641475
-4.422044194869499
-4.474520800551561
-4.385413528090531
-4.420361944189844
-4.436624117993361
-4.418129461830185
-4.4105073187646315
-4.367950273151347
-4.400183888377385
-4.3273114903736065
-4.469213885204323
-4.460675232528037
-4.421539694442868
-4.376927479897531
-4.4099974336243015
-4.384386923430241
-4.430276881604629
-4.429428596091536
-4.387176170286263
-4.450656346521271
-4.429665646352164
-4.41087363815594
-4.422960116374863
-4.441963440610189
-4.374631149484348
-4.410293552556091
-4.434566174795617
-4.427945786296031
-4.4013686681215995
-4.423266797884103
-4.415010971686617
-4.452340459160911
-4.4596514754390375
-4.4008855968952485
-4.416326313600673
-4.329903366692534
-4.326487808925132
-4.429324351705865
-4.4595640127480305
-4.366315366043335
-4.402505528134324
-4.41999040846656
-4.383713536221238
-4.372015441096244
-4.434967956014624
-4.3707430894949475
-4.389175264107273
-4.38927446852983
-4.4026114690533245
-4.416237998856293
-4.375386920186879
-4.476342583564028
-4.35901557138962
-4.462824356872726
-4.4367734499431215
-4.428411686113847
-4.4235654181793205
-4.432923953051885
-4.359453305878971
-4.366060775512439
-4.412965458735165
-4.405656858361077
-4.408609089980604
-4.484463446152932
-4.418706117819711
-4.427415778088716
-4.470476128747115
-4.4498157317062255
-4.438440294668513
-4.43960550931055
-4.359473209157957
-4.472701966436783
-4.44143146307357
-4.44845652073811
-4.440628857246308
-4.417439111721798
-4.411535002264894
-4.358361521721132
-4.446750220680026
-4.4164703148324636
-4.352077366125296
-4.403558105149725
-4.482883844018931
-4.366739781812664
-4.414158378768351
-4.425720403675508
-4.4257098415622975
-4.421823691083917
-4.419743555493304
-4.364872174139572
-4.424110032559118
-4.368907936471538
-4.411752073235124
-4.412100264882535
-4.396773042540765
-4.36841402322906
-4.36818356443933
-4.43347491713721
-4.415057527985082
-4.359656863316937
-4.431206514886335
-4.405115357547379
-4.43252946362785
-4.409421919442019
-4.42018596718096
-4.425167433769187
-4.395640096526933
-4.356628169170425
-4.361434062218451
-4.393338620624338
-4.398159069414593
-4.433213672609801
-4.388792234850716
-4.414473788320212
-4.327477685098489
-4.424720924457377
-4.362245555464837
-4.396109923337532
-4.41361560977366
-4.330343752390273
-4.366962667615655
-4.462951170043502
-4.421912001851574
-4.429431907513401
-4.390379723971537
-4.3426271697105
-4.384189608826086
-4.4254545603006745
-4.385256361613841
-4.436489609772063
-4.399806564697395
-4.439496283159241
-4.428311518533262
-4.474651410741886
-4.285832160094724
-4.3860767495886845
-4.447319070007306
-4.383222595526218
-4.43941131299998
-4.235832564219914
-4.398130372548081
-4.40623409030708
-4.378135516274588
-4.427735750906973
-4.348004888813693
-4.326412682859533
-4.408419530234048
-4.414336592459977
-4.41576221342858
-4.438770487184555
-4.4048388940842464
-4.423051507342095
-4.421472102049411
-4.427273135813269
-4.439353827235673
-4.400910353687059
-4.378929210959018
-4.315443321745638
-4.404076983966078
-4.424211924963046
-4.37995845141182
-4.369009049303701
-4.428200970357009
-4.4697632935372855
-4.433374089400625
-4.403651078959171
-4.43611411810476
-4.391229977086242
-4.345606254363139
-4.475628266928455
-4.4042886781236765
-4.4961038013436925
-4.4211803891989785
-4.38954711450167
-4.398296143990801
-4.349204069978838
-4.45176672502665
-4.422730908911865
-4.405469223705249
-4.360613716888979
-4.415611930131845
-4.422342182766111
-4.418453724249545
-4.489502189130891
-4.390847604242537
-4.40502136702518
-4.470199592706525
-4.400957940250537
-4.404202819031787
-4.4563148493771845
-4.334753779078186
-4.408989347744701
-4.3579862807014855
-4.444007644575186
-4.397298732557391
-4.427184935691186
-4.372894629038621
-4.390915916341139
-4.451762283902478
-4.38616037969027
-4.407045692066075
-4.308204500611374
-4.415464205465905
-4.387626267317362
-4.380851303838569
-4.350496683480657
-4.529651411678535
-4.320985424722953
-4.43067353383346
-4.354692185448156
-4.395596796606043
-4.412289714452484
-4.411767374879239
-4.395902231289933
-4.431048868133611
-4.401510488721545
-4.414475439974567
-4.401135130831897
-4.4310610902310605
-4.424652717509206
-4.4338127079864185
-4.401177540264662
-4.429741405577664
-4.424965376448797
-4.4049989717061235
-4.386638574385613
-4.379216277301832
-4.3857388862669735
-4.41992879066224
-4.380820285989343
-4.417367784524775
-4.413551020822192
-4.409028890743417
-4.396087590377302
-4.377865073000105
-4.442482982274284
-4.439328699954486
-4.454577298409635
-4.449498674190281
-4.463603399786177
-4.380870755202035
-4.439702652063537
-4.388824419633923
-4.4214587649191746
-4.422010648362094
-4.40653488275696
-4.379267759549406
-4.41009441743238
-4.408485882994472
-4.424081094109839
-4.447137255822183
-4.313232929216379
-4.37751886884301
-4.426635027322672
-4.4591766908012245
-4.434358406083708
-4.4910010598838515
-4.393639654151165
-4.393829360021984
-4.405029626696925
-4.423182104627739
-4.420894328042983
-4.414734403872617
-4.441589485583246
-4.411992656187439
-4.3815325460181995
-4.39042313170083
-4.422564968649364
-4.373402625478309
-4.430590611403926
-4.376451455176881
-4.337808537892131
-4.450382151232026
-4.343373982778021
-4.457284301279837
-4.375193633310885
-4.425595519354652
-4.350092702567426
-4.411399783107116
-4.373568660453941
-4.412951009304294
-4.383761478334651
-4.417221688400189
-4.472507440615992
-4.374052295032963
-4.379113829620714
-4.381139948344282
-4.400362693140986
-4.4537372398922015
-4.428104958145711
-4.3751312340789
-4.388101188426478
-4.351585343806477
-4.377479253188205
-4.335622345297768
-4.428467915890038
-4.398629009034795
-4.410927024125031
-4.405298662795859
-4.379724842142703
-4.420173969970422
-4.430017674171406
-4.423418606801465
-4.3859517797789165
-4.429782829759605
-4.414864432283146
-4.499876145706127
-4.273227075804852
-4.403511281202636
-4.405505018932025
-4.448374243826456
-4.425253203126089
-4.506216720135348
-4.427962249285495
-4.4284208280586395
-4.415866220265029
-4.434648453394681
-4.407154310150356
-4.40564156573779
-4.379924749921002
-4.411823641525497
-4.426586698570501
-4.396259190758649
-4.428384571440612
-4.441703307453362
-4.4553818621633985
-4.433216678725727
-4.441299230117891
-4.421632934250186
-4.400958572753269
-4.434493303370074
-4.40901933562692
-4.423119280163838
-4.454494427247801
-4.317465614558294
-4.423567323883115
-4.410128722001849
-4.41253800315
-4.405078996327341
-4.456826383005885
-4.431597307103101
-4.414898755774905
-4.416004754810229
-4.410168609378078
-4.423971469080651
-4.3515104839154555
-4.439744549269488
-4.3692875794975485
-4.348317441902144
-4.436905763743057
-4.428416506136085
-4.457429939141302
-4.403685444433341
-4.496164109423202
-4.399008539871115
-4.382664880009084
-4.436585302832062
-4.407754975071678
-4.408162177798869
-4.422479591141882
-4.3883033332610415
-4.388719025125712
-4.417762821790663
-4.43869725787233
-4.4000858291224985
-4.385763634469747
-4.43522912274004
-4.414713693402481
-4.407568390649816
-4.461275062808025
-4.427347047130608
-4.431557390071421
-4.3949574878105215
-4.48005015743962
-4.472648669886953
-4.424439516289529
-4.3679361996514405
-4.347700239092087
-4.409815374603969
-4.428819437056563
-4.360312477168577
-4.467655879153567
-4.397450443593128
-4.444667680821418
-4.422373537324335
-4.41842428103591
-4.426622362227545
-4.47012468376026
-4.4113043019737495
-4.3998855548785825
-4.367332452608997
-4.414914275129099
-4.414978441024596
-4.41398808192124
-4.403833021748428
-4.41983519653715
-4.4041635998329225
-4.454297298250942
-4.438548367870214
-4.394804687727965
-4.4021741916915405
-4.413887293143875
-4.4151170180042945
-4.389381475543002
-4.438803361264937
-4.389666325011314
-4.445082059003577
-4.395545816976574
-4.408502185773901
-4.410070432145458
-4.42227807877822
-4.40626753899933
-4.42447972498542
-4.410097574876153
-4.335844305506004
-4.449127316511644
-4.41066850922705
-4.447631377788228
-4.378086672092105
-4.39885504598293
-4.447997800027898
-4.412762928078417
-4.414986048907701
-4.348315523569514
-4.428700040140767
-4.366918418737838
-4.407221613574194
-4.490191436103363
-4.432726287756651
-4.434414467017318
-4.455406842362091
-4.485901850979673
-4.428374837255009
-4.425412683935414
-4.44378694595347
-4.429419169679043
-4.404662484265451
-4.540243175006483
-4.470947268057458
-4.42209610320458
-4.432483741170457
-4.412942409365992
-4.409933515180747
-4.439419838275674
-4.4174196263172325
-4.421882336374298
-4.4214170756327205
-4.279959211382274
-4.3988670335991635
-4.422971681388814
-4.401260844016907
-4.413357443171002
-4.420405888551676
-4.4439715916088245
-4.433554169706901
-4.3914001999511925
-4.401012349283452
-4.457015598850062
-4.40686111787357
-4.442741390799288
-4.453204400368933
-4.422703512252271
-4.4133554935994175
-4.424225837254058
-4.400351929265223
-4.420855859164796
-4.3753526324255345
-4.475118123846151
-4.429362320410286
-4.3789181013463265
-4.419433480298838
-4.444918156521379
-4.407637364060324
-4.377561283648892
-4.396486087480861
-4.4124199076869175
-4.397496034961078
-4.385870559777015
-4.329018172146788
-4.417877309888232
-4.45541078518873
-4.401830659577558
-4.405692810522152
-4.4767869931548026
-4.4165660257982156
