3.2283300315693744
3.214506102631453
3.236964453061498
3.2117361225373244
3.1969430158369594
3.1732041713515073
3.1924531196088477
3.196606584041941
3.208705289458722
3.185243614913295
3.2080731021563667
3.1760524154096745
3.2236026378220775
3.1807614138255036
3.171686517427541
3.185703608841059
3.1737017129313965
3.201857741589975
3.2134893454948803
3.1880953621125934
3.179739385695602
3.226531972308591
3.2022448050075902
3.2076583540769534
3.16448885638947
3.184387130182191
3.1320176945015517
3.176769609071851
3.2014524434929705
3.1835389293372147
3.181234560366006
3.1537647877382997
3.1103122074148226
3.154398999898884
3.1929682566100768
3.187802901202004
3.1709302563323347
3.1790301246825186
3.2113439708815434
3.169999495466288
3.174611755930308
3.1669087878904074
3.189467495207918
3.1607337636211383
3.1440702129663127
3.15778067984192
3.142039609882202
3.1748120989276356
3.144757738523934
3.1816400306422246
3.1407842487595654
3.0851999253953735
3.1084685774434657
3.109202440250364
3.1183747078328072
3.1070393402611676
3.1364777358062765
3.0999435670857722
3.118623992369775
3.1381480352863877
3.159089801567376
3.123910829316314
3.1188939961078015
3.164871649892584
3.076551156624029
3.1456435430169414
3.070610734192401
3.1043581327786125
3.0998171557283936
3.1012184364371542
3.1208359489830215
3.164084459145706
3.126569667234442
3.111995147111653
3.137839164562252
3.158882036794971
3.0723896257150223
3.0721072320422964
3.133013428761279
3.105746148062221
3.0838413035341206
3.102561341785222
3.0943784716415212
3.077738207803227
3.072357498310047
3.0654567485969695
3.136426416596208
3.163789563846638
3.09799323514894
3.103645377879442
3.1045315991802394
3.1188568566895394
3.139656109670401
3.1159681083891315
3.101566407873602
3.0719694330421836
3.0851461204918023
3.125248972794685
3.0847121767890116
3.0722149945224677
3.0637769927374947
3.093016361600252
3.1336203983419137
3.0396480351733426
3.1494789751697914
3.0853898792740972
3.101742983073847
3.1110771151504952
3.1510092905965736
3.0805857859267873
3.1386753230296405
3.0546398236697043
3.0409922332019925
3.096168835712319
3.0917122633779
3.1515516372975756
3.1028774970802924
3.151510821461762
3.0864605723890657
3.1606350636643703
3.0479803414193896
3.0957076099723384
3.0702622357942193
3.1214648974589565
3.0566239617463733
3.1179600785003614
3.148727654955066
3.1012524038409657
3.1021862232385837
3.1179658985469056
3.103044191158589
3.154246038532477
3.118058890947821
3.155831797840038
3.106630183206637
3.1010590008570103
3.105475952914539
3.1399244832584428
3.113555415525422
3.109657531759824
3.0810263717756863
3.101460407657
3.0549855005690474
3.1078734652158504
3.1117201060264987
3.0778914897245735
3.0971221974201955
3.0879711218794776
3.0903049977216304
3.098397715982765
3.0623331555097875
3.129037693378077
3.0232624625322497
3.0734602154918482
3.127719867624462
3.0530857335733517
3.093177550350156
3.138040735068988
3.10779064201473
3.128253420669651
3.1143012479416408
3.0898536378940356
3.088571438917989
3.159275146757181
3.1125833359579325
3.0961237632583885
3.129716670936425
3.109906543518226
3.069958632413293
3.142480835888188
3.1287335589152847
3.1112391525032823
3.0552962773203585
3.0573872334417183
3.115190426353106
3.0489529280222545
3.105674780862153
3.1095502828085175
3.1131483108338
3.0828731130796396
3.0591006656397557
3.0388311471087635
3.0314261008175265
2.91528498973617
3.068083092155776
3.0489455577236324
3.1029130705381496
3.1251841694095654
3.115984639669769
3.114679453409032
3.1253497391425453
3.0736966608265575
3.1517796810752823
3.084306481971019
3.078118495754225
3.08847769156904
3.1162537272196156
3.117791903261749
3.108803672522936
3.084696507064851
3.13520826939991
3.101005829357952
3.058286409075949
3.100831269396821
3.1333008887148797
2.9946239169930493
3.0857950879413596
3.0512103239486583
3.138074249454071
3.134419314420023
3.078273173044936
3.0489489033560138
3.0951509512413615
3.108259779636232
3.0305401114078196
3.014851630829192
3.097706572892615
3.114967190768014
3.1326069361696116
3.0823198584732205
3.045458961259449
3.039935225395672
3.089152848456011
3.0631435247230825
3.0784599711781073
3.0859566533076235
3.105310443209392
3.0539388189445966
3.0746217516919345
3.110842354184872
3.137443108346384
3.1291062504598313
3.0918839484404703
3.1143640333854408
3.0791005307934345
3.086491105822277
3.109927708566363
3.111199012641375
3.06596401742532
3.1175945730299244
3.0377565881632345
3.082732056746754
3.0965083181371864
3.1508671424811587
3.101750014325285
3.1006406142890115
3.1193190203074317
3.0509838269189826
3.1117163102678034
3.0808285176714967
3.0785402406637496
3.0616794599216286
3.1029164616344924
3.073634593586915
3.04896886145191
3.085855121100929
3.1241450358950704
3.107007789196979
3.087244589844765
3.0682719424434106
3.0991339037381738
3.116334149540263
3.053846394881067
3.028371586828696
3.0601389464583697
3.0450050013198835
3.071084570400364
2.9138918102411924
3.0966659071385627
3.1591120296845876
3.1294961734489064
3.0945775044978725
3.083640328128729
3.062629338747701
3.0532376043224514
3.0443656727420882
3.116150977686053
3.102400533955607
3.0653658272609667
3.0862215400618234
3.094283349409314
3.04473893727277
3.0632191203749546
3.1121993324768966
3.1403649652550776
3.0641062762637628
3.0675998963837183
3.0817746403507997
3.0895018630881244
3.110638971268335
3.105712956396711
3.066259970739348
3.100880503067225
3.1106639737732675
3.056249698931811
3.0680679012712773
3.0059142397208456
3.145059633748744
3.0850900042073577
3.088417708318642
3.065449818843798
3.1265095578013256
3.0870388054649105
3.077310168561779
3.0883119445089235
3.0867321414585835
3.1208385269739196
3.061659056909575
3.07788718348351
3.084895086232297
3.1096079282721756
2.9502374831033427
3.091608558224426
3.0807914362476447
3.063710588379929
3.0942819314769316
3.093824908232209
3.111324293475153
3.0606577008612765
3.079067194037242
3.112579371969581
3.0386285027751674
3.1198048172090287
3.0365921019022952
3.0830348712756144
3.134636616892453
3.077468464056088
3.090330989562066
3.07272167050546
3.088453830909594
3.1174930840128217
3.1196925370375332
3.0969285078913167
3.0357697098373504
3.0453472652110425
3.109306955375861
3.123328367051675
3.0862837610335094
3.098179841618904
3.1163266809887027
3.1272304443182284
3.0759344682458236
3.1408042876679225
3.085816950716068
3.0182631712842967
3.072098401306704
3.1169855708836347
3.103020876758258
3.0686021752799437
3.022753450955459
3.114091684599284
3.082803149661366
3.09155557104071
3.068102934659169
3.023616747724862
3.107207910469903
3.0501303114700082
3.0316661882567044
3.097156337354556
3.086666784450385
3.010032935782272
3.0628394746052687
3.0357295080471145
3.114648386179848
3.076181950873245
3.08352871092607
3.0938672720289184
3.0679358997175736
3.0799662156322154
3.14641791091013
3.1019788404982855
3.057451014428789
3.0621143101759496
3.053966588702376
3.056654688549888
3.0998649540759713
3.0774442713938233
3.0810508699717425
3.0264835722033134
3.0281908279816303
3.1210538052078856
3.1093968972057606
3.0668820702212742
3.0844497912572826
3.0365605948862084
3.0618270767919658
3.096083992897656
3.0822926976979272
3.0600429945894017
3.091280182677793
3.1155404481531637
3.090869883848378
3.105028404517927
3.082402203473213
3.0949688756962246
3.065957804991807
2.9091985677373104
3.06370005857711
3.04085701770154
3.0800455306002164
2.987658263595949
3.1057995837505676
3.1067542976234335
3.1298023542938425
3.125727427570337
3.0321679203417444
3.0856208489700236
3.080480517462668
3.1176126100060912
3.031451643589495
3.0587076003314655
3.0704789788114484
3.0728019896963925
3.0112672815098565
3.088527837464346
3.077980052814162
3.0900235485194005
3.084366437324397
3.1001603175942267
3.0183936567485454
3.1071805724689847
3.0898135610225785
3.0566593030609663
3.0415712227186313
3.1010944870685937
3.0246943024982356
3.0893547562945667
3.053850907638856
3.0586354524583026
3.071440233301302
2.928633805363745
3.0352605215901733
3.049742725990432
3.127334789833937
3.063415341375523
3.074655297639837
3.0960226735775205
3.067637142928559
3.077556623013634
3.0886391909771036
3.0642827746595978
3.050847598030868
3.034230537774759
3.0698234814790535
3.059454064181386
3.0533341984456808
3.087955153039459
3.078456120569254
3.0209705001370004
3.1142697034026634
2.867394602532987
3.064373631465873
2.9884668895510362
3.0620361684869133
3.03929653341204
3.097031871880019
3.111825030030304
3.080361433992794
3.121654763879953
3.0751769060925014
3.1071273333999425
3.040366206375554
3.033154548286789
3.0280305355853345
3.0924624019704687
3.0974503858685107
3.0843599748440584
3.061328326604063
3.0771297591684545
3.0464706279061886
3.100771929739184
3.131276781449879
3.133524589063852
3.0420677841252304
3.1207145733306954
3.056141310145047
3.052281497831658
3.10688515022604
3.0913448534472856
3.069743847712792
3.0438370251789824
3.091886129680124
3.148124739870946
3.0522932333624047
3.0977655463581275
3.0772458302672794
3.0945952017395597
3.0402179566137866
3.1246198748412417
3.1141309040726823
3.04572742941176
3.1084884989819366
3.066970943160281
3.12355930890721
3.0900400301170485
2.9507614729313794
3.041907647983486
3.0208551614632206
3.0741474440997374
3.089898407213553
3.0743926968907505
3.070048421290691
3.0919023550450664
3.075255970186737
3.0792801711020497
3.1053174063824716
3.0904037230374435
3.0825430953948345
3.0893091600435967
3.055412226661826
3.047317144033421
3.026905401520178
3.0732218330564285
3.0702277207829685
3.0523851316071897
3.0739931893110657
3.0826866912422273
3.045626751225111
3.0621698731261766
3.078736731069742
3.083443309068723
3.060264816570667
3.113049956764905
3.0750175179540395
3.0405865196564594
3.0984055765207827
3.1010408518916663
3.1075514033551332
3.136438402076301
3.071721063184795
3.0542547792957038
3.045249132523056
3.057284110784586
3.053668684362182
3.049917347918071
3.1269104476805687
3.0760661500330024
3.0029066281744914
3.0339471189442357
3.0929748552460867
3.1065909191697294
3.0460383040150543
3.099363757957771
2.975578969061582
3.0990031389281842
3.0799643203722358
3.0470909704697906
3.1033524906475805
3.056606503776342
3.038528025842707
3.090700851129748
3.0599695699519955
3.037256270617053
2.7353406895446835
3.0407765679778067
3.1005057905688638
3.1046376874432062
3.0409795995452704
3.0570001485553955
3.076864021511312
3.063694070589839
3.0901936309105307
3.0224549657314075
3.083860117275419
2.895446057756384
3.0804316913140593
3.018649697761065
3.051126221368127
3.048395767880816
3.063329363343623
3.1003498566725565
2.9947152255712277
2.982912541122481
3.0515203625064125
3.140334228053169
3.0560141539443926
3.1035832305445483
3.0760685514828965
3.0570783177685623
3.0163285991917075
3.089842607262451
3.053538213969614
3.092566443903273
3.060396112719495
3.0313762073512858
3.017521787461464
3.0192559945596438
3.055334416820754
3.032798101663128
3.028405579045138
3.017106616800272
3.0114226748773385
3.007798979049723
3.0350821883879266
2.954000470336217
3.024080836749473
2.946518165898832
3.057970044314666
3.0393842603586436
3.038559215877923
3.0795951889945052
2.971807655351776
3.049127181423641
3.009391378181925
2.9814196505299755
3.0169996046224625
3.0379564363222444
3.02282724065614
3.0228237116200307
2.9784129280906164
3.0130082462298127
3.0323845311451003
2.9742423138680985
3.00954655337309
2.9957852757291663
2.9732919637119615
3.033818344071085
3.0027340902436537
3.0164748859207537
2.9671955614634156
3.0079123300003836
2.984746556659202
3.0481773541377275
3.037229447889528
2.995847293988169
2.962361093332163
2.9590409144372183
2.9639051080769914
3.0427158005154475
2.998389467492359
3.0430675271409324
3.024254327619232
2.9831860366198715
2.996731962761165
3.032820579043722
2.905896913246988
2.917011370260144
3.065288412177064
3.027792520650527
2.9440122874971846
2.9291897384152783
3.0031689573627705
2.9294686943040174
2.815102613851227
2.9431772550650535
2.975264914819425
2.951639013522557
2.8993215469644076
2.932480574366268
2.9725955372335617
2.8775431809896777
2.922072629526186
2.87481686731711
2.9289580734561285
2.9253447670509445
2.9610443774266137
2.877477011467809
2.9194378201418467
2.7426178631312745
2.9698338121471974
2.942884311276871
2.9290783045743494
2.792589016727302
2.5558194351435324
2.9418732546439124
2.8373223698890175
2.8351235731923237
2.8771930080866177
2.8471979837786523
2.8590334145758898
2.919157807402146
2.7798331668358416
2.848569898514202
2.8266418726961526
2.8660426334924702
2.7330347150143517
2.7486351665890734
2.6750791141273345
2.785825363695847
2.7385411262305412
2.8472818926074304
2.7221709846584683
2.738091675068331
2.8250219823932277
2.757220249842012
2.6952622440124454
2.7306115457024296
2.6953189650855514
2.8120062083884783
2.406766896133457
2.6799344558824676
2.7171071145049277
2.7769388365569863
2.6962454115618937
2.657263476415446
2.735491535670489
2.5985818086130745
2.565681558156422
2.6030535588874057
2.6564527090698853
2.5684358237415568
2.615467358147159
2.71550052106782
2.5386041646617166
2.59949128756603
2.628025023042414
2.6070574346301743
2.623263637939809
2.6115733742278553
2.5874487788281986
2.53163316617456
2.564808531858227
2.546069126389076
2.7087677591267014
2.528470448492719
2.563725788648893
2.5870955258903603
2.578149893788952
2.547919942485883
2.654587150631203
2.567064938462711
2.55888938140216
2.4380159781094477
2.4265293479939185
2.57396262940497
2.583420199824268
2.5777548463150635
2.589023611490173
2.6185952267342127
2.5113286350908837
2.6489616601583297
2.64018310646398
2.5677120074543773
2.596818007358248
2.641354901238445
2.5937230272401557
2.627144396060534
2.5572871572173215
2.588391974284037
2.6796910201915396
2.5398328820688287
2.564592786617675
2.5721276838773206
2.634032126416189
2.588352196954769
2.6350834614632426
2.564660377790609
2.6135790441844513
2.5834264409090064
2.54100694665735
2.618419748110001
2.617786567732419
2.544903821884857
2.5490576608014295
2.537510726453398
2.2285569858421237
2.576267226643084
2.593771496164715
2.571214027506875
2.5136647982672145
2.5139548746876175
2.5105370558739337
2.6323992206683524
2.606158517535419
2.5257230452685797
2.6195766931810534
2.5417652692985184
2.5293165470414194
2.6396247664619374
2.40922529707618
2.5377412996638267
2.5425909789086028
2.423457553441401
2.599670052157833
2.556925829139896
2.5677244668371983
2.505663241406415
2.507658463028294
2.5906005905111
2.55446740482412
2.3755949670117116
2.5683832279962875
2.5182595009010016
2.414132560165343
2.526523372138923
2.6265779070205246
2.6727839753727842
2.5683204890670304
2.538213672109946
2.5058014293918007
2.5549953093776576
2.4797954724182656
2.512186984544774
2.5830658391631247
2.5560928352178123
2.5829293823198336
2.654406197350305
2.574483553353309
2.542886278282952
2.3657818500392946
2.4935709328883164
2.4143345754297734
2.502802576581774
2.5630254564887855
2.4689583103733703
2.634422228071599
2.4363134852588426
2.5385021491304505
2.6080495400657213
2.524966210267019
2.6077096562239186
2.553366928632462
2.4718689614409484
2.590624430019583
2.5387020596553707
2.531467919664783
2.5710038884288626
2.463947340863575
2.5915355497105383
2.496975528505128
2.5496906492040954
2.5135349790796653
2.5257506179546114
2.6136161916983847
2.598958328936758
2.5789624599337686
2.5188297316876938
2.508283646179274
2.580540886763063
2.6513105546194193
2.513749082486405
2.5944971937047074
2.528245979681544
2.5532314159890372
2.5636829693735397
2.407438533433577
2.5837393406338904
2.5807971874785474
2.55529958871138
2.6367710058218052
2.5346619191211985
2.5150451378061316
2.582026750097228
2.530063537094888
2.5355362493539446
2.5519000579617934
2.5422071994158193
2.4524593590596373
2.555001614016401
2.562116496473655
2.4467233220176787
2.5888257563611443
2.5758741888193772
2.4926346463769904
2.6047751307879254
2.6276055848932094
2.550541151672083
2.5358615356219345
2.539164943522228
2.544097534155721
2.5191125304055912
2.4962146706158563
2.5519186592198047
2.5854923960520395
2.5832141547794194
2.5328014655924784
2.513145806869334
2.519117315840562
2.5245997704031446
2.5632402828791214
2.5248967480877855
2.4814041911161584
2.5358888643595727
2.4725310419091104
2.5762753776682326
2.5851753349464555
2.567665726743634
2.567888097341379
2.3517834076167885
2.6063301869486355
2.5470283121428157
2.5839669180054248
2.7108843797081557
2.5409412137001945
2.488357900174153
2.472288082158743
2.4801104145167527
2.5510947761647333
2.572526786719484
2.5561305566816532
2.527749750792785
2.400716165635851
2.4755627526295223
2.570485498986376
2.5744522311170384
2.545570775838403
2.566531737034498
2.1198111197368634
2.5695835079920326
2.6066931167333665
2.5146962947853257
2.366809343539466
2.3340539504034736
2.5253242220269003
2.533613596979764
2.5487651884299547
2.626037022614165
2.56966636565604
2.6476859451119483
2.5572480603520336
2.531314695235663
2.47588186667585
2.4986727909627113
2.580835255792311
2.5624395790754044
2.6267567516850807
2.47762529407199
2.519456232586384
2.535471638242405
2.4836951906620275
2.5304966346599267
2.5117467605778536
2.627319459574993
2.377301912703325
2.714431141223262
2.489678059026253
2.344062859801631
2.5576898294049926
2.525126110433608
2.532344790449829
2.5478563381356123
2.6048193113961227
2.607804992435206
2.5550056986613354
2.5307367961334553
2.5079955732692554
2.503400570429699
2.5579055648533147
2.5577316487301562
2.531395154349994
2.5783415034139225
2.5587222779151233
2.5877578551454583
2.4775049229386688
2.527248133441635
2.563093675986652
2.5794996733891344
2.593141768778687
2.457572086090072
2.466048047604384
2.559757651666115
2.578704876256201
2.551446659187278
2.521049470615048
2.548865179361737
2.4884052747365732
2.618648812574181
2.4957286857663465
2.4566621029467868
2.5037439008302926
2.507147928766324
2.5842627450315603
2.565339478838794
2.564778011331978
2.5756349465478277
2.5216903772904455
2.547650768035782
2.348661876773645
2.508287077390641
2.5344413112652706
2.567148709217895
2.5542789630736955
2.5271775423692535
2.5035712669589927
2.4467784574128095
2.463465115283021
2.4775689223141533
2.4997372950557497
2.522247194104615
2.5079083274833653
2.5994630551602858
2.5233557721259174
2.518298454094893
2.499279028562054
2.575847691633686
2.5348160446742005
2.3903525017602343
2.552954847717603
2.5501468160258285
2.548612626347712
2.459811289774451
2.578131114322026
2.5457084116192386
2.393296845865751
2.532955549261832
2.553215353456483
2.5618617608667935
2.4908184018874024
2.5607943873275603
2.5166685726833276
2.576888127083244
2.4957648818373688
2.3136389988018364
2.5292406752813976
2.5427728482261625
2.5261627439644307
2.486003336447909
2.462001532840299
2.4144794831227374
2.5420419391182656
2.5464765031294583
2.5619827039128418
2.53714772513886
2.4735816747935058
2.5705034043663053
2.544561381453058
2.5297247498160154
2.5084363454393905
2.5481371255437626
2.5162184186372176
2.608405858125565
2.5086913356748535
2.4274791978020347
2.5183213429601627
2.517629903259975
2.4935301107069314
2.486484480941362
2.5028095027037907
2.487544353218129
2.5192550673409757
2.4717744607108387
2.4301385982202968
2.535203032561676
2.5086079779119754
2.5405839608961576
2.5504230133790444
2.5648647429502685
2.467040833829168
2.440986279841782
2.5246273906386
2.573130811860191
2.457612888973454
2.3789667596090656
2.542022276117529
2.4496910756833192
2.5317203313472207
2.493033893843729
2.376576821126181
2.542749556445586
2.4587770595854064
2.54267863803502
2.5184445407170637
2.503921591662919
2.536346759132705
2.3171023966633237
2.4900146277897233
2.6038574354855353
2.502742610926502
2.5713622116709667
2.450873061640018
2.5958020797085006
2.540033599752532
2.5469744817930806
2.6002033303541445
2.50872823803402
2.5579674029089885
2.4748231616236858
2.512521268480279
2.4910650502216476
2.599158767279131
2.5226469879667484
2.5621000632568363
2.480731348773419
2.5088648691055537
2.4914844382470305
2.5539403737758963
2.5434006818967734
2.570964147812102
2.4871644333140908
2.6638469060217433
2.582019577108544
2.5352635267028125
2.5277758959198726
2.5371259703780353
2.3570424268790173
2.555016386656636
2.373350331368546
2.5034253813231775
2.5429280273886445
2.554214412105989
2.4762648593215832
2.3746537859792314
2.503053373262904
2.5783697644016
2.6211312158267055
2.5051124783916894
2.3751258303159966
2.5000320264150675
2.550302494263606
2.5327299622173682
2.4862472803385733
2.5843953171444336
2.526266091151621
2.5411699615482566
2.5641209935320934
2.5571411611494272
2.5903087306583186
2.4791868958451406
2.53993380223192
2.5863350621826817
2.52448823327301
2.5337241090731117
2.4883958235919317
2.4888336655467698
2.5465102754604816
2.5126833939391258
2.5402191167591006
2.4997001764451707
2.5538677851937113
2.5227230773084135
2.5424225428651086
2.346343197089254
2.368275231256306
2.5539281086076393
2.575812385905692
2.4510718031539867
2.3598113644954584
2.4593451345147983
2.5531527770602214
2.5355507692677746
2.5423012083176073
2.523343552234621
2.4712709514583415
2.5129022194351296
2.5211878431274406
2.5139176011764626
2.484047649598998
2.5582781541877013
2.473886691599099
2.5240147388155645
2.5066078635138784
2.503261328841269
2.511676889575938
2.5970789802234737
2.4822342327803137
2.561842579933072
2.5146925028908016
2.538186087704241
2.4686546321076612
2.5282407059323493
2.55204837507614
2.519230050300259
2.5032871940130104
2.504799108002649
2.5007765083320272
2.486586005744169
2.574019731238976
2.571945368972052
2.293098884332181
2.509850749823837
2.594366534344422
2.55153867542769
2.5399758347414982
2.66525837027325
2.5250683988908076
2.525044455626219
2.3195411375217563
2.5283747036344906
2.530839505229153
2.595550995142413
2.602695926428507
2.543958783814597
2.512606401279002
2.4812990404585173
2.534513169292976
2.287568553242156
2.5303466327468804
2.5654438741336443
2.4550428192856253
2.262926937662439
2.5245251816200422
2.4078800488861307
2.4915082918898857
2.514134191307104
2.403699885926862
2.4549180600468334
2.561358857156156
2.3548430400180504
2.541906823452515
2.5399885940425935
2.500831721787321
2.508344585567633
2.442017928812359
2.4801969707311575
2.535751452986613
2.4879772148620574
2.632256541478078
2.5046605961483945
2.5256057128978533
2.5325585969784505
2.4799558343795143
2.326529598943491
2.4931964109779043
2.519052715287064
2.628923887214009
2.2423753268518487
2.5512869256567012
2.553787988153932
2.478888380270501
2.510874388742828
2.435644758334379
2.5330809000701513
2.509120924124524
2.512539606319997
2.5615366414305067
2.571273163531643
2.5039771021709054
2.5132314165650245
2.5332147811492276
2.5773071711431386
2.5149458056143654
2.5497724341632364
2.600664244761319
2.591641410869139
2.484400726280515
2.5063762309600985
2.532021832799772
2.5423692502739987
2.484038402605016
2.459756570907921
2.5363401305437088
2.5403077772352196
2.432762691545878
2.4841999678304667
2.52851550549976
2.5478157055990027
2.531955816666517
2.603913480071826
2.462848381170769
2.5416984607072455
2.4312180969741126
2.464858074665249
2.4924266239720603
2.5160072212666007
2.5087600416212545
2.4875947109448537
2.5440767465756675
2.5415822098362018
2.5382135820745955
2.445949440153826
2.489374954187701
2.523576250070885
2.4913420075593855
2.5184911558193255
2.630225211990574
2.5208425338945113
2.55375750005694
2.5359290340583014
2.5551277425195758
2.3453150726830327
2.57398543598558
2.558658067622613
2.5146505073502214
2.520879336595755
2.511308694472633
2.538100428618323
2.617535762204744
2.540109019224714
2.532447933777503
2.478446829405673
2.4306221142780817
2.115783383651703
2.4727340640629953
2.524132886422125
2.5644123905871243
2.464915927219336
2.4980026568281763
2.5085880755814394
2.53120926187278
2.455296415994014
2.541777576647941
2.516490014914615
2.476040230815022
2.5339356529199026
2.4973394612025466
2.3252729775716254
2.504058748604322
2.527267451734091
2.554841780773958
2.5068343117891025
2.5970322994963007
2.499080854845202
2.5402173386349167
2.518169801034969
2.560706140442259
2.331888310581278
2.481765909111659
2.5542567259633744
2.544936928892815
2.5364694976090925
2.5171557972441447
2.5456101064969796
2.5167346581939065
2.4417600873306062
2.504904813824568
2.514586077456734
2.4505709625674323
2.5060954132375928
2.3005442592098286
2.515490506603362
2.3081245211020893
2.5424872193256
2.516282181966359
2.5130506630360077
2.5448101632512685
2.590093435133124
2.54281779374503
2.5255494654815815
2.511766842552191
2.38552417423499
2.582053051736371
2.5119831660354164
2.5320007095198847
2.4644268886703604
2.522901776991321
2.622670893556039
2.5518371292067066
2.510396470218457
2.5181059310201954
2.5025351619270264
2.4987733798717784
2.5794464927468126
2.545209520864092
2.558994515438665
2.456571259408071
2.153411524484545
2.527188227719004
2.5109206149909795
2.553151183814236
2.5008510789031884
2.54255051658642
2.5606458296431533
2.2969997256048194
2.462440788923769
2.538642730576397
2.4083034659905187
2.5416336467843355
2.5256241256978322
2.546515078884994
2.3445771517460994
2.4632512749876994
2.576404607138668
2.451747260231178
2.3285999722747386
2.5046478195657915
2.5427716916672374
2.420782186195063
2.478410725440481
2.496431595079799
2.4806001656298866
2.514357603684447
2.493440397158807
2.5132404012199796
2.5212537211308153
2.4982056527236436
2.433668616578359
2.5234589632746056
2.492342532757617
2.4795690756241267
2.5138235055986238
2.480364316704244
2.4571373262714036
2.5135851086131282
2.5158004800386857
2.556432264585055
2.4745752783204216
2.5225822983515567
2.536965104896003
2.465940730014818
2.2435423572080597
2.5311028210400313
2.527172796765831
2.3950347992708028
2.5219360852244748
2.626456868173239
2.440023185778136
2.5264789355747888
2.55447851799022
2.5455833465738045
2.5449902340868125
2.4797278117884414
2.3448231863272837
2.5147096919519996
2.5052599125241914
2.51861858742959
2.5464232703357847
2.5663800108264216
2.4869130675643762
2.4856122813086388
2.508290732531383
2.517687034355596
2.5279035783318458
2.5283065307927384
2.569909241031755
2.58798411430274
2.4906084171966048
2.4695788171912167
2.497348755317347
2.5299027177349784
2.515740471889451
2.5167453829431654
2.4872432226401795
2.4523446620858773
2.4922045774796393
2.5054804249561444
2.492610864067121
2.583751866569072
2.5543329081572264
2.467168938150829
2.313597140530909
2.490395764761794
2.5414197484208794
2.499762520917603
2.566035939221484
2.519861582210822
2.5326994894995836
2.626056266873245
2.5332112473546733
2.4432800602626177
2.541458493124576
2.500549354122656
2.5028012882725483
2.575997837758194
2.5337846832959197
2.4768499064262803
2.531362443806742
2.52815947949348
2.4317357818986878
2.3821629050813553
2.3093619925895674
2.518337254572432
2.449533967521738
2.5529596391861564
2.562592526416075
2.4890164958054335
2.4875752779533595
2.5579861954397694
2.4749085827194284
2.523061682244043
2.2132519543195444
2.551755119363425
2.591007228992058
2.5309977632766674
2.4525850004847825
2.4517279295393144
2.508284794975552
2.475788481780589
2.46929454293108
2.490729726922903
2.508528089602587
2.423473643183192
2.479020331249143
2.502212003344402
2.4817394448244516
2.528083009650425
2.5258772499647195
2.387439658054931
2.5287108523122086
2.602097798074242
2.5193437525212934
2.511922759920175
2.5230926139593137
2.541890938323656
2.5645463853096233
2.332479345017066
2.2890492440322703
2.422449250894107
2.516863472564285
2.5158094937916093
2.2161505907332026
2.3354593960263874
2.5132575775766015
2.4953382192286795
2.491996118686924
2.485963091755833
2.5340244898986857
2.5141806616024933
2.497013011490162
2.484436497054114
2.528557867387694
2.460988098862476
2.5078162765137586
2.5004399804738116
2.3837400218988756
2.4943667873188473
2.4779668902623957
2.3373726427889587
2.5363631445710038
2.4839846759523563
2.5030268286924127
2.571077563296507
2.512654169014391
2.505464464789001
2.5308127556588245
2.5867447796364296
2.5300175396153777
2.5151024822455152
2.496660824425204
2.497283291102119
2.4504790478676948
2.4652072935429574
2.470321871567935
2.4502063031446153
2.5443809436263307
2.3372435472285247
2.5419185954730645
2.378146885642888
2.4934189183910442
2.405099574062294
2.5995888373039477
2.509637878092352
2.419613273051377
2.3477516026817455
2.527519944106956
2.533977331819973
2.478571114913689
2.545660632269616
2.5063501411123057
2.462631425324736
2.5397666195658797
2.43821375739906
2.4720209159107718
2.546232863860443
2.459560309797981
2.364533745002993
2.3080581390582355
2.602868198437717
2.3952186017078274
2.4027981082184304
2.5648110847736403
2.2793282155726824
2.3738447131210183
2.3684879995890973
2.5366114731171514
2.5596325153391035
2.513697899976033
2.518809888141226
2.4132326026501594
2.535295587856247
2.345630035876823
2.32801679572333
2.508969278854434
2.480951510381987
2.5101867774140514
2.5553303068998
2.559854659059824
2.5023410482830126
2.546718867718387
2.542072114066784
2.4109733476235107
2.5148771762613427
2.3414621359740453
2.5043442635881163
2.5501238998735083
2.5175055328082987
2.50478124827383
2.534435928154239
2.5213324603112492
2.5507888191073693
2.5253449552828915
2.4754251598965933
2.5016655737545173
2.334338881556057
2.5067817233701035
2.3803859688328073
2.5355035980271907
2.529054878514536
2.5127574804271955
2.5624041056322713
2.45801319207269
2.5473530205469714
2.550106918500747
2.542557304219329
2.550333770321247
2.5388939720786445
2.556261594463612
2.495172409517598
2.5071932514601505
2.529241262556841
2.339663788889799
2.5510838068140664
2.5178939626669843
2.535039784086106
2.460270199018311
2.488199606009628
2.453684442379787
2.565011592674704
2.5231264313898554
2.506319880687448
2.5024545940191167
2.554013289855968
2.5398817189141827
2.480099018566297
2.431260159739865
2.398743477077504
2.5293814184257966
2.4498667366134765
2.3750027162033462
2.5459385698891293
2.5285925119080854
2.514830719575396
2.51026306617503
2.4269927234443056
2.5652968337957414
2.5304783938691293
2.547634001704798
2.504223953512613
2.501473894985097
2.5605035584009173
2.5109543538469907
2.508870006964324
2.5404589638936628
2.5592235889383828
2.56267499948299
2.5003360789207445
2.4076648246843044
2.503962346556044
2.4752531997460143
2.5165635710450616
2.505261999886927
2.5074197915237977
2.586710098776696
2.540537372608364
2.4361988871688767
2.566528202334935
2.4756902787757777
2.4701311650452884
2.445278863839884
2.5384883766605815
2.4993965565495726
2.4998040202475487
2.482285693395549
2.5287705554276005
2.297757844552347
2.486371914973462
2.542748235453896
2.6058484340859027
2.5561620054625034
2.5359832571641903
2.554317345262242
2.500450985520615
2.3439381831785018
2.5514671156431614
2.5009987827850577
2.424408842976225
2.277211480042984
2.5371396936050323
2.451608826289688
2.43365133347284
2.4479638189503277
2.5258294531387118
2.5270895394137596
2.5031925528845576
2.521712162443821
2.5591243886812505
2.4772944629910802
2.38307199853611
2.555168152182303
2.464371534015013
2.486262785003218
2.347862858183195
2.4726269482251895
2.5615841477856316
2.513104187827393
2.5263681966105516
2.5213298665381125
2.538574611170374
2.482506497538863
2.5321239755514826
2.6046790922378467
2.5393183191090145
2.5543682287851674
2.5789192903842375
2.5243086184821935
2.607362945231339
2.501487852811504
2.560664265901602
2.524899986025923
2.498940626297714
2.408578449844623
2.520417009888994
2.529786868394088
2.5382496983262812
2.5505391362717673
2.48901526833465
2.619135305092458
2.5311239520218587
2.521578409090506
2.5667497229210423
2.375792756996229
2.5630561199297475
2.416960289288042
2.6280811724944937
2.5485321832043804
2.6134591394608244
2.3189791847045576
2.5620458533364285
2.50998159323843
2.5486213951403083
2.363701307457057
2.544507441596178
2.5452950295460166
2.495333485043009
2.561997842781376
2.481542438929461
2.5456446507827537
2.433186516487085
2.5219994416617157
2.548631509123098
2.5361549369772796
2.5454310080876237
2.3322606948486997
2.6853912704477114
2.575495657957422
2.5283737778109927
2.5570614904429405
2.5352647310971985
2.700939581970516
2.456267770976716
2.558994968925449
2.566145778060891
2.5438586012896987
2.494158604086504
2.5893922091917387
2.5585778103047807
2.505689969215732
2.559939914836866
2.5274764383432786
2.558627964951731
2.5372266024888073
2.5465284240325468
2.533075755644817
2.46465726870421
2.5748109878903573
2.5018008920010697
2.6313929647294305
2.5529200498899396
2.539121604478019
2.560462839840082
2.5432910649936833
2.5281573465851785
2.36932146071185
2.542254354170313
2.405039383148214
2.5199391424664848
2.5488437132395183
2.5400939183360123
2.2962517960631024
2.570560486013768
2.3258620729976798
2.5544935260181205
2.586231592623689
2.56887544098626
2.4406357675495207
2.523938766888218
2.5366427726798855
2.5525112993363184
2.4469548172780877
2.4661903383036967
2.5533025979957595
2.4936819117124474
2.319356107862318
2.5765250505277404
2.5707634214092345
2.3266728158920076
2.5192766552750374
2.571425639465314
2.5192753411281767
2.633199772974469
2.5665768319255595
2.5449809995093626
2.362045989144233
2.5620906337214073
2.529760657625834
2.6028434572230035
2.3355726203857894
2.523835966768504
2.5371801124219755
2.568660138078343
2.4949358698341264
2.5593500225825974
2.563914323716082
2.537395836897678
2.531070712855381
2.2974782934746325
2.622487579058628
2.545066690845611
2.570357752246079
2.5414273062012804
2.5635456480289927
2.3903390575961483
2.5797217387513913
2.529890853478324
2.438150863901508
2.3729842035281172
2.490175220801394
2.5264603832190553
2.4747779651714676
2.541937891605206
2.5744661821764607
2.540097384306853
2.550784318803854
2.5052820058961904
2.4565752131506753
2.5965527268691946
2.5601904227502694
2.54688806092906
2.5501589298105554
2.4330169371728734
2.5620758806749366
2.5666153031795482
2.5796010257592092
2.362884984483948
2.4759744136533315
2.3136109367840576
2.3722114647636596
2.517368872853309
2.4726801489415444
2.548338690745622
2.388346346060818
2.5798244775604737
2.552045327498767
2.5335681422306937
2.5691514105534115
2.3481736672233917
2.565577480562414
2.522682410850924
2.3787368104021325
2.5285718762641345
2.6474254942195476
2.5173266529641167
2.497217055875446
2.495912256062573
2.4097750221208667
2.331741048212805
2.538028353059494
2.568166564737465
2.5507657078756187
2.5313909176295297
2.503622798418634
2.530257459803716
2.5340070242011703
2.5497669822641016
2.5851215020343297
2.55514983412117
2.5531842603535475
2.559567762038848
2.5451343476400266
2.557165353406642
2.4924484495932075
2.514024387168889
2.6124858492499574
2.518405582675901
2.4771549476728314
2.4389012644616765
2.5868422065279324
2.496523883404216
2.5906307705048914
2.5245660390351463
2.4894432855654673
2.5583596435975275
2.334621265676675
2.5498109102893376
2.4480070514033194
2.59378700063413
2.330400674852645
2.3737642961816308
2.532037898115256
2.3701666545391276
2.5683515628587985
2.4818727152733198
2.501888389686755
2.5079243131080418
2.5473504722616767
2.577047800954169
2.385430340507109
2.5679955756497392
2.51788967681591
2.4070812419133922
2.535535938857177
2.5410026967675847
2.485051379412304
2.522629107448073
2.539327677901679
2.326155024354574
2.4745734600750176
2.5722411711327506
2.4227678856779624
2.527331567262982
2.393194359653425
2.330245918658347
2.5477032427980353
2.524738763303368
2.520425827878444
2.529743206546515
2.519324009059982
2.570174054235771
2.5646818177087845
2.563885979810383
2.5436885966545044
2.452668491506439
2.5472697749437843
2.5078010247679545
2.478744172724982
2.542462658932174
2.5344593763910024
2.5539946424718964
2.5715570523877433
2.349363093353961
2.554818347739593
2.534173920021905
2.4815068675305394
2.529530729155684
2.55204766011698
2.5518972536571543
2.5081494548137897
2.480478842269169
2.464454043328727
2.544113305033433
2.5608593804195494
2.556266515290177
2.5655178447363314
2.503089307889708
2.5152904918646977
2.53060519805393
2.6064567433680645
2.4644787001730983
2.4935842092570266
2.5472512987867795
2.5182479997264418
2.5217787087719548
2.338409435586944
2.557167263576586
2.5336964221250087
2.3947876963664783
2.3847753933554023
2.5243163259683805
2.5498961931402215
2.522487714051996
2.587103418955416
2.52735246953303
2.518123714291903
2.51684099585546
2.589926472873225
2.4738833420530715
2.5553451559926383
2.5680896302307783
2.514285660164214
2.548337329903443
2.544137947592505
2.5388551103987163
2.3398997728425774
2.240279627569285
2.515865177147375
2.4691382893476552
2.5846659354587653
2.550001927477833
2.492902384489998
2.450601876270631
2.3527575951425965
2.5560081420519687
2.531027797112694
2.520680371017839
2.557199507355891
2.4909592044378126
2.3314364978537987
2.564422729867258
2.575734009598113
2.4751417469102965
2.553994163710011
2.560651108856147
2.5616480984483694
2.5718705212232362
2.502566646223925
2.5716074483699867
2.4980476446924946
2.5209150724020355
2.4219508628733393
2.5273283110327855
2.363752278806064
2.5604684655645396
2.5506628445148722
2.536920705161156
2.526301834709826
2.522880285618703
2.5801231721891758
2.490305304635573
2.541363024185574
2.5534422410596562
2.476984229378095
2.4758759152054237
2.4084687259076762
2.4678238939323225
2.497237483414087
2.523398617914891
2.5100120383952382
2.586609451015421
2.5028154779553446
2.321723575376782
2.532583194981304
2.5414780908335
2.4878804116661004
2.4789304247481265
2.5011615061490353
2.5315251949538777
2.456522940065692
2.520250009383029
2.475132198557112
2.520347624478019
2.4034844561125213
2.459828257328656
2.5225887208863025
2.5256066587376296
2.533529249048267
2.5630683626395063
2.1379795052221193
2.458938273269995
2.4208849168489195
2.543229915984258
2.5545122875805344
2.5521727190185057
2.391414279795647
2.555779835769184
2.5091781894686562
2.5543486286212214
2.5463459398056294
2.5132018719809266
2.5526390361050546
2.546982499051167
2.524309364662791
2.2426409097558775
2.525640244035655
2.4974732951551943
2.4721651304805903
2.5282947809600227
2.2303545451530478
2.568830257853749
2.5329095229633247
2.497346296469191
2.5473487240525885
2.560174431979373
2.517507820769805
2.555116619949992
2.548704665050834
2.555354399236787
2.4862137468459986
2.537609476732675
2.407226506321133
2.5563571230082696
2.5307279379441368
2.568050723929661
2.443789737683158
2.510838903310912
2.545583902596608
2.552688646736807
2.4857938916530484
2.467705069372864
2.4335561320591177
2.520173315324992
2.5514764112005146
2.5423027718031674
2.342130276821569
2.5162827992333314
