308.4270718097687
317.0033583641052
13.979764938354492
13.971968173980713
15.847022294998169
13.955307722091675
13.955408096313477
15.827126502990723
13.906847715377808
13.975489854812622
15.80553913116455
14.003180503845215
13.925364017486572
15.803930044174194
13.96513819694519
13.9400155544281
15.818503379821777
13.944643259048462
13.928179264068604
15.845104455947876
13.94350790977478
13.966235399246216
15.829875469207764
13.963431358337402
13.91670560836792
15.871137380599976
13.945077896118164
13.916917562484741
15.883175134658813
13.92982006072998
13.904561996459961
15.886154174804688
13.910442113876343
13.888689041137695
15.88631272315979
13.896646738052368
13.882212400436401
15.867921590805054
13.886993408203125
13.908942461013794
15.85375428199768
13.906165599822998
13.945270299911499
15.88230299949646
13.903501272201538
13.908162593841553
15.849483489990234
13.92959475517273
13.903853178024292
15.811670064926147
13.920708179473877
13.965644359588623
16.177881956100464
14.006721258163452
13.95646047592163
16.20443081855774
13.973782300949097
13.959738731384277
16.172825574874878
13.908039569854736
13.882600784301758
15.913664817810059
13.898465633392334
13.919955253601074
15.846216440200806
13.899517297744751
13.922306776046753
16.149380207061768
13.951573371887207
14.008751153945923
16.184235095977783
14.039401054382324
13.971474647521973
16.177606344223022
14.003543138504028
13.964378118515015
16.186498641967773
14.034350633621216
13.952438354492188
16.19432759284973
14.001312732696533
13.987957954406738
16.254820108413696
13.9609694480896
13.94946575164795
14.002700805664062
16.147691249847412
13.950006484985352
16.200729370117188
13.956894159317017
13.944137811660767
14.051316738128662
16.14000654220581
14.009403705596924
13.963846921920776
13.98606276512146
14.00449514389038
16.198759078979492
13.960295915603638
13.981504917144775
13.94794249534607
16.216306686401367
13.938492059707642
13.98937726020813
16.17209529876709
13.946268320083618
13.960865259170532
16.151658058166504
13.937938213348389
13.965975761413574
16.144195556640625
13.967646837234497
13.94960355758667
16.140918970108032
13.950619459152222
13.9518404006958
16.1167094707489
13.960325956344604
13.939531326293945
16.130558490753174
13.950995445251465
13.97465991973877
16.10567283630371
13.98091197013855
13.918005228042603
16.12892198562622
13.960127115249634
13.918017864227295
16.138631582260132
13.977020025253296
13.911640167236328
16.17866086959839
13.910285472869873
13.917447566986084
16.158112049102783
13.917487859725952
13.909682035446167
16.161935806274414
13.90551471710205
13.91527771949768
16.169283390045166
13.949625730514526
13.946859359741211
16.150400638580322
13.914477825164795
13.95049524307251
16.123310089111328
13.91166639328003
13.95730710029602
16.134989500045776
13.912031173706055
14.002704620361328
16.127756357192993
13.918992757797241
13.959954738616943
16.125612020492554
13.913120746612549
13.976392269134521
16.163177967071533
13.918728113174438
13.96811056137085
16.183059215545654
13.986698627471924
13.907843351364136
16.16529631614685
13.970507621765137
13.898882865905762
13.91397476196289
16.185152769088745
13.909316062927246
13.909223794937134
16.204633474349976
13.909135341644287
13.943603038787842
16.142452239990234
13.90997314453125
13.933294296264648
16.160434007644653
13.898733377456665
13.940712690353394
16.152163982391357
13.92906379699707
13.971164226531982
16.156736135482788
13.903412342071533
13.98097825050354
16.13857865333557
13.913512706756592
13.966377258300781
16.171480655670166
13.900850057601929
13.965747833251953
16.154834747314453
13.99018144607544
13.905860900878906
16.18057918548584
13.970733404159546
13.908363103866577
16.17620539665222
13.971945762634277
13.901154279708862
13.964691162109375
16.172221660614014
13.899442195892334
13.948415994644165
16.180364847183228
13.895779132843018
13.945159196853638
16.185619115829468
13.912759780883789
13.93950343132019
16.207937002182007
13.912131547927856
13.976399183273315
16.175652742385864
13.906226634979248
13.958822250366211
16.18270230293274
13.904475450515747
13.988252878189087
16.19257354736328
14.001945972442627
13.900793075561523
13.89735746383667
16.204965114593506
13.896488189697266
13.892156839370728
16.177467823028564
13.898740768432617
13.907148599624634
16.150155544281006
13.935987710952759
13.92585015296936
16.14056396484375
13.89095163345337
13.920118570327759
16.186039447784424
13.894804000854492
13.901745319366455
16.221633195877075
13.898420333862305
13.987441539764404
16.161556005477905
13.899696588516235
13.965741634368896
13.90529179573059
16.126569032669067
13.988734006881714
13.898907899856567
16.126916885375977
13.961247682571411
13.92235803604126
16.202287673950195
13.897757768630981
13.888894319534302
16.170114755630493
13.907355546951294
13.901764869689941
16.216793060302734
13.909196615219116
13.88522481918335
16.245224952697754
13.904682874679565
13.919329643249512
13.966248512268066
16.137834548950195
13.907772064208984
13.970902681350708
16.1188645362854
13.914674282073975
13.959662199020386
16.178442001342773
13.9753897190094
13.91657042503357
16.17780303955078
13.97964859008789
13.902161836624146
16.15693736076355
13.970757246017456
13.911688089370728
16.183916807174683
13.999581575393677
13.905155181884766
13.947298049926758
16.19130825996399
13.915300130844116
13.948399543762207
16.194857358932495
13.911646842956543
13.925524234771729
16.220791578292847
13.933323621749878
13.967846870422363
16.17593812942505
13.907021760940552
13.996050596237183
16.16522526741028
13.910196304321289
13.990691423416138
13.913174390792847
16.151777744293213
14.005005121231079
13.92908501625061
16.19053030014038
13.93596339225769
13.936042785644531
16.17774510383606
13.932017803192139
13.921416521072388
16.182913780212402
13.935078144073486
14.013324975967407
16.159383535385132
13.936453342437744
13.974976778030396
16.15743398666382
13.911353588104248
13.955056190490723
16.16740894317627
13.91593885421753
13.95140290260315
13.989920854568481
16.092368125915527
14.022661685943604
13.919442176818848
16.102827787399292
14.003771781921387
13.914742231369019
16.09554672241211
13.989032745361328
13.9198157787323
16.179584741592407
13.922754049301147
13.922735452651978
16.188804388046265
13.925403833389282
13.924267530441284
16.22454285621643
13.940919399261475
13.928966760635376
16.197362184524536
13.9700186252594
13.969688653945923
16.165727376937866
13.935572624206543
13.959714889526367
13.970129251480103
16.12063694000244
13.960536003112793
13.971910953521729
16.11272382736206
14.029271125793457
13.922755241394043
16.112476587295532
14.025375843048096
13.940345048904419
16.114661931991577
14.011025667190552
13.934776544570923
16.11891484260559
14.004458665847778
13.965881109237671
16.23944592475891
13.939324617385864
13.93439269065857
16.20282483100891
13.932002305984497
13.935878276824951
16.218816995620728
13.929702997207642
13.923092365264893
14.029767274856567
16.11915421485901
13.952311754226685
13.965530395507812
16.127976894378662
13.9804105758667
13.95046067237854
16.113325119018555
13.984729290008545
13.918878316879272
16.164997339248657
13.943561792373657
13.930306196212769
16.194032669067383
13.937897443771362
13.919320821762085
16.221787452697754
13.92235016822815
13.902260303497314
16.206485748291016
13.960273742675781
13.956622123718262
16.17764139175415
13.92451000213623
13.963923454284668
13.93949842453003
16.11429262161255
14.006452083587646
13.940037727355957
16.130691289901733
14.02661418914795
13.923704624176025
16.194482564926147
13.932100534439087
13.916853666305542
16.17037534713745
13.944442510604858
13.918411016464233
16.190106868743896
13.940408945083618
13.930291652679443
16.230817556381226
13.915389776229858
13.918905019760132
14.010145664215088
16.145996570587158
13.929247379302979
14.00990104675293
16.14736557006836
13.913946390151978
14.010700941085815
16.154542446136475
13.971254825592041
13.927764654159546
16.1562716960907
13.965020895004272
13.950724124908447
16.171250581741333
13.952505350112915
13.937383890151978
16.167219638824463
13.976490497589111
13.913547992706299
13.914719343185425
13.928730964660645
13.911975145339966
13.918405055999756
16.20295000076294
13.913843393325806
13.91138482093811
16.206814765930176
13.918593168258667
13.969397068023682
16.174635648727417
13.91511607170105
13.95374059677124
16.20069193840027
13.906097173690796
13.949289798736572
16.220319271087646
13.940276861190796
13.994032382965088
13.918498039245605
16.162105560302734
14.004681587219238
13.923563003540039
16.17590570449829
13.98712706565857
13.91541075706482
16.161274433135986
14.0070641040802
13.927022457122803
16.281984567642212
13.92432975769043
13.930392742156982
16.24168610572815
13.92152452468872
13.916263580322266
13.952495336532593
16.197497606277466
13.9513258934021
13.980289936065674
16.178359508514404
13.917625904083252
13.980438709259033
16.192216396331787
13.923851013183594
13.987821102142334
16.19708228111267
13.916576385498047
14.000977516174316
13.91412353515625
16.21857213973999
13.915963411331177
13.916571378707886
16.202726125717163
13.911400556564331
13.90078330039978
16.25275158882141
13.903185367584229
14.003629684448242
16.19505548477173
13.913837909698486
13.970980882644653
16.178468704223633
13.909165859222412
13.994653940200806
13.903664112091064
16.164736032485962
13.995779037475586
13.930301904678345
16.240804195404053
13.925837516784668
13.910425901412964
16.27220106124878
13.908252000808716
13.908397674560547
16.264066696166992
13.906238317489624
13.907074451446533
16.295541048049927
13.904070138931274
13.943538665771484
13.93350601196289
16.193806171417236
13.945681810379028
13.950426816940308
16.17895793914795
13.925488710403442
13.970962047576904
16.230195999145508
13.990805625915527
13.907716035842896
16.199786901474
13.97312307357788
13.903424263000488
13.909017324447632
16.29897427558899
13.918280363082886
13.891159057617188
16.064523696899414
13.875495910644531
13.882091760635376
16.044163942337036
13.877409934997559
13.866238832473755
16.035701274871826
13.862028360366821
13.87265133857727
13.936611890792847
15.956963062286377
13.91434359550476
13.900738000869751
15.945104360580444
13.905627012252808
13.899848937988281
15.981872081756592
13.90153980255127
13.907009601593018
15.98407530784607
13.962555885314941
13.86360764503479
13.876187801361084
16.025193214416504
13.87407922744751
13.86534333229065
16.032490730285645
13.872433185577393
13.878771305084229
16.01333975791931
13.911073207855225
13.870956659317017
16.0710666179657
13.864778518676758
13.874197721481323
13.938480138778687
15.97843885421753
13.885567665100098
13.935717821121216
15.983052968978882
13.934878826141357
13.898056745529175
15.984982967376709
13.900567293167114
13.91019606590271
16.00015950202942
13.899154663085938
13.900936365127563
13.86471676826477
16.00560736656189
13.938993453979492
13.869512796401978
16.048640489578247
13.863698482513428
13.879771947860718
16.06119155883789
13.869022369384766
13.866262435913086
16.0939884185791
13.863154172897339
13.942790269851685
13.883912324905396
15.979940176010132
13.921188354492188
13.884676694869995
16.021332025527954
13.915925741195679
13.871597528457642
16.00818943977356
13.91483473777771
13.9164879322052
13.876028776168823
16.06389331817627
13.864182710647583
13.879252195358276
16.061035871505737
13.882281303405762
13.876975297927856
16.089031457901
13.864031076431274
13.955814599990845
13.866219520568848
15.986423254013062
13.927998542785645
13.869817733764648
16.00610876083374
13.951014518737793
13.87838077545166
16.0318386554718
13.956527709960938
13.89088487625122
16.083459854125977
13.904099225997925
13.868261098861694
13.881903171539307
16.06750726699829
13.877115964889526
13.875431299209595
16.108156204223633
13.879356622695923
13.956830501556396
16.036609411239624
13.885216236114502
13.925139665603638
13.908429384231567
16.030742406845093
13.915945768356323
13.895411729812622
16.027212858200073
13.867340803146362
13.962280750274658
16.030561685562134
13.93302607536316
13.860214471817017
13.867331981658936
16.112884521484375
13.878096103668213
13.86898136138916
16.053446292877197
13.88987112045288
13.91002893447876
16.117825269699097
13.8795485496521
13.875455856323242
13.947627067565918
16.036850452423096
13.881216526031494
13.941427230834961
16.082159280776978
13.876226425170898
13.972567319869995
13.8857262134552
16.066237211227417
13.936317920684814
13.872095346450806
16.0428946018219
13.935688734054565
13.865606546401978
16.07762861251831
13.944822311401367
13.900107622146606
13.902220487594604
16.109851837158203
13.87702202796936
13.887192010879517
16.11702060699463
13.885862350463867
13.87532901763916
16.121511459350586
13.877512454986572
13.979716777801514
16.07325053215027
13.894700288772583
13.94037938117981
13.894243001937866
16.06512427330017
13.926652431488037
13.909157037734985
16.06749677658081
13.9171884059906
13.951199531555176
16.06052541732788
13.951356410980225
13.884645223617554
13.888679265975952
16.105149269104004
13.889413595199585
13.882244348526001
16.109395742416382
13.891375303268433
13.911238431930542
13.943430423736572
16.052303075790405
13.885197639465332
13.953774690628052
16.05699872970581
13.889725685119629
13.947803020477295
16.07487440109253
13.889887571334839
13.97166132926941
13.88239049911499
16.084964752197266
13.916496515274048
13.888526678085327
16.044801473617554
13.947701454162598
13.878844022750854
16.0696222782135
13.94370985031128
13.909524202346802
13.932816743850708
16.073360443115234
13.881718158721924
13.917722940444946
16.06759238243103
13.882880687713623
13.910166025161743
16.10199236869812
13.87619400024414
13.974799156188965
13.876545190811157
16.050981998443604
13.937447547912598
13.88679814338684
16.049228191375732
13.943302631378174
13.887411832809448
16.07883095741272
13.915093898773193
13.929828405380249
13.883309602737427
16.10384225845337
13.87015700340271
13.878840923309326
16.094249486923218
13.874717712402344
13.878732919692993
16.112260341644287
13.873296022415161
13.935544967651367
16.092104196548462
13.874757766723633
13.876518249511719
13.939931869506836
16.038480281829834
13.881948947906494
13.938415050506592
16.05246138572693
13.869898796081543
13.968975305557251
16.079181432724
13.90986156463623
13.891212463378906
13.85375189781189
16.094302892684937
13.901423931121826
13.85185956954956
16.081037759780884
13.914507865905762
13.91493010520935
13.941245079040527
16.043755531311035
13.875235557556152
13.918842077255249
16.05594277381897
13.886281967163086
13.920719623565674
16.133193016052246
13.880764722824097
13.978439807891846
16.04554009437561
13.87393832206726
13.942653179168701
13.872413873672485
16.071022510528564
13.942210912704468
13.860089540481567
16.05773663520813
13.931567430496216
13.914523124694824
16.125132083892822
13.917592287063599
13.87817096710205
13.884395360946655
16.089056968688965
13.881666898727417
13.878527879714966
16.140280961990356
13.873223304748535
13.930644512176514
13.905132055282593
16.033777713775635
13.904909133911133
13.919787883758545
16.039817094802856
13.890883684158325
13.939201593399048
16.081371068954468
13.88020396232605
13.973815441131592
13.877285718917847
16.147149562835693
13.87785005569458
13.88326621055603
16.081011295318604
13.902418851852417
13.872364521026611
16.105339527130127
13.911717176437378
13.899471044540405
13.944119691848755
16.04106092453003
13.88107419013977
13.953299760818481
16.0705509185791
13.88697361946106
13.936280965805054
16.099733591079712
13.87422800064087
13.956390380859375
13.869529485702515
16.082541704177856
13.936321020126343
13.87238621711731
16.06593370437622
13.938762664794922
13.871926307678223
13.87561559677124
16.13503646850586
13.906734228134155
13.90345287322998
16.099642753601074
13.861401081085205
13.872005462646484
16.11102557182312
13.869235277175903
13.871277809143066
13.938089847564697
16.02677273750305
13.958808660507202
13.893775224685669
16.061180114746094
13.911212921142578
13.906997919082642
16.08704710006714
13.897998571395874
13.89897108078003
13.865630388259888
16.044861793518066
13.970423460006714
13.879765033721924
16.10399293899536
13.872619390487671
13.874536514282227
16.14045262336731
13.882615566253662
13.872031211853027
13.902391910552979
16.096285104751587
13.914602756500244
13.942341566085815
16.07203984260559
13.88393259048462
13.96050763130188
16.09424090385437
13.884159326553345
13.944714069366455
13.880016326904297
16.049632787704468
13.957367658615112
13.876348733901978
16.081222534179688
13.936145067214966
13.877556324005127
16.08202862739563
13.945196866989136
13.853325843811035
13.86288833618164
16.11798119544983
13.89982795715332
13.913617134094238
16.087636709213257
13.873444557189941
13.91107988357544
16.099351167678833
13.877000570297241
13.868529796600342
13.92606496810913
16.02277684211731
13.962684869766235
13.880159616470337
16.065462350845337
13.928302764892578
13.891362190246582
13.855855941772461
16.064889669418335
13.89677119255066
13.882427215576172
16.053207397460938
13.943363904953003
13.881568670272827
16.14446258544922
13.878979682922363
13.882157564163208
16.10277509689331
13.87971568107605
13.877108097076416
13.939469814300537
16.06803870201111
13.920061588287354
13.937658548355103
16.08837580680847
13.879125833511353
13.952670097351074
13.87757658958435
16.043637990951538
13.947175025939941
13.880986452102661
16.022908926010132
13.9788076877594
13.87941837310791
16.08528757095337
13.914357662200928
13.88731598854065
13.88528561592102
16.096916675567627
13.890477657318115
13.896260738372803
16.100839138031006
13.892951965332031
13.934934616088867
16.052979230880737
13.871098756790161
13.910002946853638
13.900938510894775
16.01711082458496
13.882912635803223
13.897149801254272
15.994087934494019
13.96877932548523
13.874018907546997
16.048797845840454
13.931729793548584
13.876059532165527
13.867882490158081
16.101163864135742
13.87222409248352
13.855657815933228
16.0427565574646
13.921860456466675
13.8827486038208
16.11413550376892
13.873049974441528
13.879489183425903
13.937728881835938
16.03563928604126
13.875791788101196
13.942298650741577
16.024736166000366
13.924193143844604
13.916701078414917
16.039130449295044
13.86450457572937
13.928805828094482
13.873239278793335
16.018858671188354
13.933941125869751
13.87644362449646
16.01799750328064
13.95052456855774
13.870259046554565
16.068500995635986
13.903485536575317
13.874701499938965
13.878609657287598
16.077730178833008
13.869705438613892
13.881478786468506
16.07301616668701
13.894612789154053
13.93958044052124
16.053452491760254
13.873917818069458
13.93372392654419
13.898526906967163
16.032901287078857
13.911211490631104
13.911425828933716
16.038265705108643
13.971017360687256
13.869465112686157
13.874197721481323
16.072664499282837
13.8745858669281
13.877180576324463
16.09493327140808
13.879578590393066
13.870383024215698
16.085065364837646
13.915708541870117
13.879773139953613
13.947350263595581
16.018287420272827
13.87836480140686
13.93076753616333
16.03051233291626
13.883704662322998
13.939560890197754
16.031656503677368
13.929752826690674
13.910643815994263
13.868122100830078
16.027522563934326
13.933277606964111
13.87012243270874
16.058608293533325
13.936449527740479
13.877409219741821
13.86682415008545
16.07804226875305
13.878949165344238
13.91641879081726
16.0685875415802
13.877298831939697
13.898794174194336
16.082361459732056
13.87963056564331
13.884378910064697
16.11341118812561
13.904191732406616
13.972676753997803
13.885477781295776
16.024321794509888
13.938061237335205
13.879575729370117
16.086551189422607
13.919350385665894
13.900009155273438
16.04615616798401
13.968347787857056
13.873685121536255
13.882104873657227
16.09541392326355
13.875236749649048
13.872506618499756
16.10677433013916
13.878558158874512
13.876340627670288
13.913249015808105
16.04660201072693
13.879753351211548
13.935478687286377
16.044117212295532
13.877816200256348
13.931241512298584
16.043734073638916
13.876786708831787
13.94977879524231
13.874207258224487
16.055784702301025
13.904248476028442
13.878788948059082
16.070213794708252
13.918951272964478
13.877520322799683
16.07575750350952
13.923967599868774
13.88455319404602
13.879625082015991
16.080703496932983
13.879273176193237
13.93501329421997
16.052934169769287
13.884516477584839
13.919124603271484
13.913155317306519
16.000227212905884
13.908117055892944
13.925620794296265
16.027238845825195
13.94027853012085
13.87496304512024
16.053068161010742
13.943232536315918
13.886306047439575
13.881330490112305
16.095036506652832
13.892420768737793
13.877804279327393
16.112807035446167
13.878212690353394
13.886608839035034
16.122070789337158
13.881157636642456
13.880575895309448
13.943127632141113
16.016432762145996
13.882494926452637
13.94972276687622
16.047479391098022
13.903091192245483
13.927663087844849
16.045358896255493
13.888522624969482
13.940337657928467
13.87882375717163
16.01213765144348
13.940632820129395
13.877259969711304
16.11374282836914
13.888121843338013
13.880300283432007
16.05786633491516
13.91033935546875
13.876010417938232
13.87934398651123
16.097543239593506
13.877923965454102
13.87576699256897
16.15600895881653
13.877298593521118
13.948256969451904
13.882317304611206
16.043359994888306
13.929151773452759
13.898566484451294
16.012133836746216
13.917157173156738
13.913344860076904
16.066476106643677
13.941682815551758
13.883627891540527
13.876816511154175
16.098936796188354
13.88086462020874
13.880231142044067
16.1233172416687
13.87715768814087
13.854352712631226
16.130474090576172
13.87285852432251
13.879309892654419
13.92897629737854
16.043474912643433
13.880647897720337
13.946882247924805
16.05120086669922
13.881412029266357
13.927965879440308
13.910088539123535
16.058810710906982
13.92138147354126
13.876457929611206
16.05413007736206
13.909929513931274
13.875590085983276
16.048380851745605
13.918418407440186
13.853709697723389
13.957306623458862
16.028958797454834
13.876987218856812
13.906799793243408
16.06994366645813
13.874837636947632
13.896297693252563
16.09405255317688
13.876450777053833
13.874420881271362
13.95516061782837
16.0310640335083
13.954959869384766
13.882302522659302
16.05194926261902
13.939076900482178
13.895512580871582
16.06834387779236
13.925130605697632
13.902921915054321
13.914717674255371
16.080663442611694
13.881316900253296
13.881178140640259
16.13027286529541
13.87560224533081
13.881751537322998
13.942982912063599
16.039199352264404
13.879696130752563
13.968891620635986
16.05047369003296
13.884782075881958
13.944874286651611
16.0754497051239
13.875886917114258
13.943458080291748
13.876034498214722
16.0388503074646
13.938366413116455
13.90011715888977
16.07153034210205
13.90973687171936
13.879412412643433
16.068474292755127
13.915367603302002
13.878299236297607
13.875922441482544
16.12063455581665
13.875970125198364
13.964956521987915
16.050710439682007
13.881547212600708
13.936311721801758
16.086182355880737
13.88109564781189
13.919875383377075
13.908498287200928
16.020732164382935
13.899435043334961
13.949343919754028
16.034602880477905
13.945073366165161
13.878793478012085
16.04872441291809
13.938589096069336
13.889412879943848
13.874511957168579
16.12254548072815
13.888800144195557
13.894143342971802
16.086105585098267
13.884879350662231
13.874737024307251
16.132339477539062
13.874102592468262
13.881730794906616
13.937438488006592
16.033737659454346
13.87648630142212
13.965602159500122
16.02226972579956
13.90876841545105
13.930970907211304
16.06909728050232
13.876202583312988
13.951318979263306
13.875317573547363
16.05618929862976
13.95467233657837
13.889044284820557
16.111770153045654
13.893603563308716
13.871200561523438
13.90903091430664
16.073464393615723
13.881372690200806
13.880781173706055
16.093382120132446
13.879594802856445
13.96706771850586
16.10401201248169
13.880026817321777
13.94243049621582
13.8894784450531
16.018532037734985
13.931884765625
13.894757509231567
16.054249048233032
13.910754203796387
13.940949440002441
16.05351185798645
13.94995379447937
13.879754066467285
13.882899522781372
16.069663524627686
13.88652229309082
13.87720799446106
16.09019708633423
13.879661083221436
13.892307758331299
16.12195348739624
13.885154485702515
13.878087997436523
13.95273494720459
16.028568744659424
13.884152173995972
13.93926739692688
16.04656982421875
13.881685018539429
13.972046136856079
16.037081956863403
13.948748588562012
13.88110637664795
13.8868248462677
16.112757205963135
13.885886430740356
13.87850022315979
16.111465454101562
13.880017518997192
13.929816246032715
16.123303651809692
13.885428667068481
13.88772988319397
13.919419288635254
16.002161026000977
13.886641263961792
13.925020217895508
16.07343053817749
13.87526559829712
13.951704740524292
13.878036737442017
16.10305142402649
13.885270357131958
13.871726512908936
16.113000631332397
13.892266035079956
13.880613088607788
16.163216590881348
13.875126361846924
13.94346833229065
13.920441627502441
16.02757716178894
13.906502723693848
13.93224287033081
16.06048011779785
13.914226770401001
13.915627717971802
16.068475008010864
13.905510187149048
13.954631805419922
13.882920980453491
16.10854983329773
13.873990058898926
13.864625215530396
16.116729021072388
13.87465238571167
13.865744352340698
16.14613389968872
13.885629653930664
13.949067831039429
13.90371060371399
16.067593574523926
13.918323993682861
13.918379068374634
16.084551095962524
13.920430183410645
13.904228448867798
13.885178327560425
16.136659860610962
13.955502986907959
13.880971431732178
16.12762212753296
13.884601354598999
13.886847972869873
16.13970136642456
13.905478954315186
13.879591941833496
16.123493909835815
13.88320517539978
13.976287603378296
13.90768027305603
16.03825092315674
13.941181898117065
13.897357940673828
16.066781997680664
13.940167903900146
13.899646043777466
13.875043153762817
16.111796855926514
13.923521757125854
13.886896848678589
16.125300884246826
13.881285905838013
13.889389276504517
16.139121770858765
13.884145736694336
13.88416314125061
13.948621273040771
16.032564163208008
13.97500467300415
13.884338855743408
16.063602685928345
13.940527439117432
13.881259679794312
16.085530281066895
13.931573629379272
13.86632513999939
13.871865272521973
16.12273669242859
13.900867462158203
13.904033660888672
16.120925426483154
13.882123231887817
13.886571645736694
13.922981262207031
16.030669450759888
13.882985591888428
13.949644088745117
16.056760787963867
13.971489429473877
13.881187200546265
16.12262749671936
13.937186002731323
13.888239860534668
13.861090183258057
16.117304801940918
13.88638186454773
13.87850832939148
16.102067708969116
13.908101797103882
13.906590223312378
16.114028215408325
13.881227016448975
13.90403127670288
13.92148494720459
16.033562898635864
13.90593147277832
13.92022156715393
16.071489810943604
13.968942165374756
13.871240139007568
16.088448762893677
13.945257186889648
13.883457899093628
16.04557490348816
13.945704221725464
13.863848209381104
13.867982387542725
16.11108946800232
13.885816812515259
13.907744884490967
16.095726251602173
13.87985897064209
13.920243740081787
13.914751768112183
16.05722689628601
13.918442726135254
13.917118787765503
16.0404851436615
13.973904371261597
13.874991655349731
16.06681752204895
13.939695358276367
13.885664224624634
13.874761581420898
16.08458113670349
13.853677749633789
13.861809253692627
16.100620985031128
13.892831563949585
13.927252769470215
16.102251291275024
13.860934019088745
13.910391807556152
13.873533248901367
16.075711488723755
13.907296895980835
13.895347118377686
16.035327911376953
13.955225944519043
13.861216068267822
16.055109977722168
13.928334951400757
13.868709802627563
13.869295120239258
16.128326654434204
13.872705221176147
13.872781038284302
16.118899822235107
13.88331413269043
13.941987752914429
16.096824645996094
13.87801194190979
13.92830753326416
13.871407985687256
16.0678391456604
13.922292232513428
13.88965654373169
16.072457551956177
13.957345008850098
13.868082284927368
13.870030403137207
16.092790603637695
13.877758026123047
13.874843120574951
16.116868495941162
13.869290351867676
13.874805927276611
16.160538911819458
13.909635305404663
13.943546056747437
13.883077383041382
16.06450057029724
13.945453643798828
13.884182691574097
16.060417652130127
13.958361148834229
13.88459587097168
13.87860655784607
16.097825288772583
13.882846355438232
13.884687423706055
16.113723754882812
13.888163805007935
13.876514911651611
16.13412857055664
13.880449533462524
13.892298460006714
13.93808889389038
16.075403451919556
13.939178466796875
13.886307954788208
16.062673807144165
13.949925661087036
13.882256746292114
16.105690717697144
13.944391250610352
13.88418197631836
13.863804340362549
16.10445761680603
13.879125595092773
13.904982089996338
16.13634705543518
13.88491702079773
13.904141187667847
13.929709434509277
16.043941497802734
13.902509212493896
13.921323776245117
16.037971258163452
13.939754724502563
13.874618768692017
16.077268600463867
13.941474199295044
13.873754262924194
13.863407373428345
16.11026644706726
13.886558294296265
13.88124966621399
16.12531614303589
13.872836351394653
13.916080474853516
16.13181710243225
13.877716541290283
13.905901432037354
13.923100233078003
16.057469606399536
13.902202367782593
13.928627490997314
16.05917263031006
13.941461563110352
13.883676052093506
16.082355499267578
13.943774223327637
13.865431308746338
13.874611616134644
16.12611174583435
13.873807430267334
13.86514949798584
16.14689540863037
13.874822854995728
13.927514791488647
16.107141733169556
13.866899251937866
13.914916515350342
13.902781963348389
16.03092074394226
13.920326471328735
13.901379346847534
16.069888591766357
13.93898606300354
13.879316091537476
16.06905770301819
13.944127798080444
13.875484466552734
13.884311199188232
16.137589693069458
13.883927583694458
13.878929138183594
16.131778478622437
13.8762526512146
13.93756628036499
13.884469747543335
16.06233286857605
13.929394960403442
13.895813226699829
16.054829835891724
13.934810161590576
13.890169143676758
16.107274532318115
13.915393590927124
13.875581979751587
13.86604356765747
16.11043906211853
13.877360820770264
13.88491678237915
16.130345582962036
13.881783246994019
13.87722134590149
13.970216751098633
16.02726721763611
13.946959972381592
13.88135814666748
16.049314975738525
13.924721479415894
13.881926774978638
16.071748971939087
13.937755346298218
13.880178689956665
13.931488275527954
16.086501836776733
13.878110408782959
13.890954494476318
16.110597610473633
13.875524997711182
13.873177289962769
16.133467435836792
13.877284526824951
13.866119861602783
13.957874298095703
16.044601440429688
13.944633722305298
13.878535032272339
16.090051889419556
13.940180778503418
13.88716459274292
13.884323358535767
16.137008905410767
13.880604028701782
13.929794788360596
16.092625379562378
13.889119148254395
13.901692390441895
16.14374041557312
13.880504369735718
13.905585527420044
13.927668333053589
16.060587882995605
13.905671119689941
13.954097986221313
16.07984447479248
13.951428174972534
13.879891157150269
16.092003345489502
13.93775200843811
13.88412094116211
13.878978490829468
16.122305870056152
13.88987398147583
13.930171489715576
16.116293907165527
13.88209843635559
13.915068864822388
16.10668420791626
13.881469011306763
13.921121835708618
13.910124778747559
16.062549829483032
13.91794204711914
13.941374778747559
16.057234048843384
13.950937271118164
13.879663705825806
13.886940240859985
16.09879231452942
13.872106552124023
13.869446516036987
16.117491483688354
13.873079061508179
13.959168195724487
16.139246463775635
13.872787714004517
13.932949542999268
13.894968271255493
16.07024598121643
13.937009572982788
13.893985748291016
16.047544240951538
13.936350584030151
13.90138554573059
16.124770402908325
13.934119939804077
13.88076639175415
13.88570499420166
16.110867738723755
13.884426593780518
13.878886699676514
16.11389970779419
13.877113819122314
13.969797611236572
16.09451985359192
13.883510828018188
13.938935995101929
13.887036561965942
16.035876512527466
13.957127809524536
13.870845556259155
16.05396294593811
13.942524671554565
13.903818368911743
16.1140718460083
13.915404081344604
13.880090951919556
13.882303237915039
16.105599403381348
13.883388757705688
13.882698774337769
16.15235686302185
13.876219511032104
13.962798595428467
13.866922378540039
16.069339275360107
13.93251633644104
13.868737936019897
16.05477023124695
13.943451642990112
13.875098466873169
16.077608585357666
13.933842897415161
13.910879850387573
13.8998703956604
16.08457899093628
13.872493267059326
13.899132251739502
16.10310435295105
13.875347137451172
13.895580530166626
16.131634950637817
13.87973690032959
13.97407841682434
13.880671739578247
16.07916522026062
13.941853523254395
13.877882242202759
16.080845594406128
13.94394588470459
13.874129295349121
16.08406400680542
13.9456627368927
13.901828527450562
13.917457342147827
16.11026382446289
13.88070273399353
13.921977043151855
16.12349009513855
13.886645078659058
13.915818691253662
13.920109272003174
16.05010724067688
13.967258930206299
13.880663394927979
16.07859754562378
13.94551706314087
13.884414434432983
16.094459533691406
13.952778577804565
13.876232624053955
13.87987494468689
16.108402967453003
13.913286685943604
13.931022644042969
16.11604142189026
13.882775068283081
13.936615705490112
16.113618850708008
13.884937286376953
13.929335832595825
13.896910429000854
16.05875825881958
13.98076605796814
13.880947351455688
16.148584604263306
13.93587589263916
13.891097068786621
13.897881984710693
16.114129304885864
13.875192165374756
13.887784242630005
16.146923780441284
13.901165246963501
13.94565463066101
16.10564398765564
13.878643274307251
13.949162483215332
13.883297681808472
16.040297985076904
13.942640542984009
13.890151500701904
16.083404541015625
13.97335696220398
13.879334449768066
16.138559103012085
13.902565479278564
13.884219646453857
13.881563901901245
16.14109206199646
13.881857633590698
13.886813163757324
16.14813542366028
13.904908418655396
13.947917222976685
16.08115291595459
13.883446216583252
13.950449466705322
13.885000467300415
16.07294726371765
13.943370342254639
13.887678623199463
16.085227251052856
13.977811098098755
13.87827444076538
13.912965059280396
16.097190141677856
13.879579067230225
13.90025782585144
16.110179901123047
13.887972593307495
13.905273675918579
16.14650273323059
13.91408371925354
13.947880506515503
13.88449501991272
16.09181499481201
13.947229385375977
13.885964393615723
16.07770323753357
13.945561170578003
13.883575439453125
16.077682733535767
13.958521127700806
13.876931190490723
13.926905870437622
16.101678371429443
13.883975505828857
13.915304183959961
16.117488861083984
13.880358457565308
13.919373273849487
13.912622690200806
16.061506748199463
13.94975757598877
13.884759426116943
16.06375551223755
13.949098825454712
13.87970781326294
16.095722675323486
13.939847707748413
13.888186693191528
13.879790544509888
16.147706270217896
13.879453897476196
13.945020198822021
16.097795724868774
13.886984825134277
13.929068088531494
13.90268611907959
16.059128046035767
13.933323383331299
13.907885074615479
16.10844111442566
13.931804418563843
13.885895252227783
16.116756677627563
13.930708169937134
13.882248163223267
13.88965892791748
16.114429235458374
13.884848356246948
13.878967523574829
16.144143104553223
13.878451347351074
13.951134443283081
16.106436252593994
13.884779214859009
13.949725151062012
13.888779401779175
16.07284712791443
13.94802975654602
13.87969446182251
16.159207820892334
13.905933141708374
13.882572650909424
13.902742385864258
16.113970041275024
13.8798189163208
13.896228313446045
16.131718397140503
13.880608081817627
13.874837160110474
16.164324522018433
13.879989385604858
13.9486403465271
13.879418849945068
16.08315110206604
13.951446056365967
13.882546186447144
16.08221459388733
13.946736335754395
13.882519483566284
16.143100261688232
13.899048566818237
13.8789701461792
13.904043674468994
16.104767560958862
13.880310773849487
13.889174938201904
16.119131088256836
13.881555795669556
13.892906904220581
13.955097198486328
16.046007871627808
13.953789234161377
13.879808187484741
16.07614254951477
13.94454050064087
13.88547158241272
16.09395122528076
13.95375657081604
13.87818956375122
13.9416184425354
16.09360694885254
13.884982347488403
13.919913291931152
16.131733179092407
13.879464864730835
13.923009157180786
13.908246040344238
16.075056791305542
13.918058395385742
13.936825513839722
16.064239978790283
13.944855213165283
13.87791633605957
16.088563203811646
13.948865413665771
13.886712312698364
16.078399658203125
13.942380666732788
13.873272895812988
13.970842361450195
16.082322120666504
13.880791902542114
13.932589530944824
16.101741075515747
13.877917528152466
13.916037321090698
13.88771390914917
16.05617332458496
13.915308952331543
13.920421361923218
16.105753421783447
13.927880764007568
13.878795385360718
16.13413643836975
13.922310590744019
13.881717205047607
13.876152276992798
16.138793230056763
13.875017166137695
13.956191062927246
16.09664535522461
13.887242078781128
13.942782402038574
13.879777669906616
16.066211223602295
13.9500093460083
13.87870717048645
16.075180530548096
13.946830034255981
13.906646013259888
16.139485836029053
13.914818048477173
13.874774694442749
13.898932456970215
16.103456020355225
13.880241870880127
13.877921342849731
16.126240491867065
13.876239538192749
13.959971904754639
16.092750072479248
13.885218381881714
13.943739891052246
13.886258125305176
16.05903720855713
13.949010610580444
13.880125045776367
16.13781189918518
13.940438270568848
13.905716180801392
13.912854433059692
16.121299743652344
13.877682209014893
13.897676229476929
16.120464324951172
13.885151624679565
13.891937732696533
16.152045488357544
13.878535747528076
13.966188907623291
13.88356876373291
16.075773239135742
13.943014144897461
13.88510537147522
16.092873334884644
13.949639558792114
13.881450891494751
13.884231805801392
16.13160514831543
13.902636289596558
13.920701026916504
16.092843055725098
13.878044128417969
13.918712139129639
16.137723922729492
13.885382175445557
13.921533584594727
13.913010597229004
16.069090366363525
13.965752124786377
13.880257844924927
16.08228588104248
13.950884819030762
13.88822865486145
16.099411964416504
13.943849325180054
13.889455795288086
13.88621211051941
16.11328673362732
13.900920391082764
13.9375319480896
16.121367692947388
13.881664752960205
13.931700468063354
13.903015375137329
16.079833984375
13.933574914932251
13.901605129241943
16.08016800880432
13.960603713989258
13.884882926940918
16.126327753067017
13.934967041015625
13.883744955062866
13.884103298187256
16.135552883148193
13.87978196144104
13.883846521377563
16.14169192314148
13.893210172653198
13.947668313980103
13.882845163345337
16.059305429458618
13.940821647644043
13.876788139343262
16.077018976211548
13.944839715957642
13.886598110198975
16.101850748062134
13.9623122215271
13.882789134979248
