1980.1251219918338
1649.2286256322573
1374.5171734438106
1153.9211908269485
979.7896722254615
838.7437459552787
723.4857755659361
628.3731366228303
549.1444384610033
482.9628415955908
427.2681586576906
380.05649701611037
339.80829359956465
305.31857653534433
275.6999516971918
250.17464125777713
227.92229050890512
208.59280091697443
191.65593972970635
176.7708737109675
163.68684469500414
152.03110353876238
141.72161711885812
132.52584485199287
124.29083087485138
116.8991445367994
110.25945709869384
104.26062790756237
98.82328228727927
93.8894952485903
89.3851964957185
85.25680125481841
81.50133598758318
78.04537968613353
74.87469469986388
71.92973427247703
69.21825956192924
66.6979191692009
64.351717259355
62.178462556212175
60.14390969059155
58.23454101417316
56.45393032981297
54.782168437595914
53.21142576212813
51.721446067581795
50.302725005027206
48.999808255247984
47.738667969946164
46.487619059437286
45.38033149307568
44.29842941594499
43.2814192606142
42.26166953405139
41.331214292053744
40.43395331000792
39.54644495293402
38.723549138546964
37.91085796030618
37.119636563603784
36.35920452928707
35.65427428853034
34.971746448043184
34.28689728387541
33.62232554703667
32.99184778543274
32.37606068650891
31.776559577306188
31.18038947798064
30.63525579998086
30.098731252699867
29.56083210785033
29.043136791038872
28.553757545470297
28.037368934093337
27.539824974603455
27.0960552027077
26.63625490788852
26.215307221976925
25.74896398059393
25.34583304147716
24.929906437621323
24.484840295305244
24.08687556108261
23.71154314776125
23.281984657457727
22.959917149460168
22.609049901922255
22.19626394624582
21.818748040010835
21.496496209542563
21.145897268163253
20.830917524137078
20.482871389797324
20.185139707056493
19.856326852940118
19.540938028513978
19.237082873965186
18.929502115924056
18.675672146291447
18.37896101555715
18.09930006117791
17.782706262660046
17.521796208312747
17.265590032216807
16.993696353584653
16.7533695181689
16.46529147696998
16.25555259281295
15.993447037293306
15.730191524787262
15.488432546734671
15.280470576567275
15.023863175145095
14.768609383677173
14.575254032330518
14.320864349531476
14.13881478282083
13.937168637821527
13.729195521173843
13.49723330904924
13.289177957087972
13.090591517100496
12.91081903928638
12.693256543591541
12.513159802455366
12.267407050179054
12.12006950347591
11.946939844120944
11.746923731778807
11.577955578771887
11.368087632574069
11.208347113039261
11.038969044071534
10.906113086630075
10.730703382548981
10.550303567053094
10.385437437220075
10.240527800629893
10.059034239996093
9.896388814321892
9.736372426603403
9.606007952523726
9.433667068446836
9.282790464180415
9.122390098322859
8.967439585903445
8.850060276192364
8.724372116062872
8.551526652994673
8.487952704597182
8.302818885753718
8.207312811791121
8.078315383063162
7.950733894666143
7.752510339808961
7.658392774334279
7.546876133358509
7.434215444261963
7.338294486518933
7.206070790067355
7.051869303763958
6.958680035445183
6.830042375334329
6.7754444233080084
6.634610092474176
6.499442087105203
6.359125027194898
6.2498230529590515
6.160944806185473
6.078772978182293
6.011986719556481
5.859345439905572
5.766828869891572
5.6666133447213545
5.537011246463929
5.4275384237633295
5.382260935705947
5.259283922509186
5.098598262779255
5.069778463350846
4.980277329610757
4.855280722564563
4.78519433943831
4.697723123645281
4.518939995634521
4.537023402131637
4.4302935504153345
4.333965822497116
4.271098349729744
4.181540510403109
4.1301625806408
4.063078596741723
3.9039881476623273
3.9000859303796824
3.7822920565259626
3.6990998791127305
3.613509109648163
3.5129604343561014
3.3957592854397243
3.328786023293053
3.2759059528556165
3.2251557329059133
3.13565815681031
3.140975919081274
3.0042152736187835
2.885629202322887
2.875965638615022
2.8535587619895253
2.7180082963149452
2.691013479701426
2.629434763204591
2.5307784555912036
2.4841541669550278
2.3793273516247386
2.3117414252463284
2.2325634078635477
2.206629647126975
2.1518769416522274
2.0683065901636346
2.053042891446097
1.9124617338511893
1.9356986780668652
1.7924268413187308
1.7519712562240082
1.722089198966372
1.673792517609944
1.5489651666544781
1.572185155831793
1.4266386296065117
1.4381896293011367
1.400400217720767
1.3301694212797537
1.2842200798211978
1.2319553825816634
1.1765807324525834
1.1337902879042145
1.07261380372869
1.021007210970861
0.9679745531174796
0.9303058776016009
0.8351957222179991
0.8285540175953291
0.7088003757450467
0.7206717292867396
0.5997572477767799
0.5414879970375855
0.5559852417079614
0.5205975415999936
0.44597386744500567
0.37977396631960625
0.35879887525282694
0.3309859620560997
0.2423576439538742
0.24029130985245362
0.1921564157742237
0.122916423995113
0.07877357557482415
0.116085327765658
0.03037824819587609
0.01292370903853808
-0.04941178708986982
-0.17579510240692323
-0.24513335866987243
-0.1794535743818888
-0.22671400320770696
-0.34124608588940597
-0.35103121919138514
-0.315622169782066
-0.40548050047755163
-0.4069892656200123
-0.4983853377170486
-0.5410431500195259
-0.6147665453659346
-0.5878691008777949
-0.6286244450565042
-0.6622712203050208
-0.6925403802519536
-0.8483130890252488
-0.773531502656755
-0.829865323242051
-0.8617646175282729
-0.8449780389371409
-0.8956872221334905
-0.9578582888753696
-0.9791058942350086
-0.9836191518122921
-1.0650038841809568
-1.152486613946094
-1.1274691848278469
-1.14982660545391
-1.1691382571245292
-1.2623144292743487
-1.2757010116472438
-1.3084299093183898
-1.412561213408002
-1.344221486309082
-1.4208357609938074
-1.4596708897182038
-1.4544584411338566
-1.4559776422465658
-1.5472338169438669
-1.5730356054811858
-1.5939335684542282
-1.5739942496176322
-1.6247802227882162
-1.7212424949937828
-1.6930196193938807
-1.7137854454891206
-1.7917815424568795
-1.8079144349772864
-1.8255045083223316
-1.832926740402047
-1.896786167455332
-1.9128225897011184
-1.9020228085407582
-1.926184305632069
-2.009796198823268
-1.9754452576739745
-2.055135088184309
-2.0745773615477043
-2.1001749338000835
-2.1506315487491525
-2.1288387558750776
-2.173287872846103
-2.277159109039381
-2.2867642023168915
-2.243235626149818
-2.293465776891615
-2.303249586990698
-2.333907073081056
-2.367311681119161
-2.409279906939101
-2.3332412656529775
-2.4603101542110957
-2.452833816869368
-2.4754696274077626
-2.4755654222880827
-2.5705074180131966
-2.524476438639129
-2.579434209016471
-2.6128137618519647
-2.6203895382629367
-2.691238389074545
-2.642572373315632
-2.7359736790041893
-2.713942553857619
-2.745419752854406
-2.7739768804101774
-2.764984812677767
-2.8998444417401807
-2.8412333844760305
-2.872299366040044
-2.856158374219646
-2.9632213255130293
-2.9078983080278102
-2.94910597163819
-2.954992225648999
-2.9557147003274737
-2.9471576842785865
-2.995302974054756
-3.0383971577253654
-3.0036697676267785
-3.097784453629694
-3.126981739789355
-3.1115747931574003
-3.180221099061207
-3.1546144248154193
-3.2257137546637
-3.2285336868039476
-3.2129613052496895
-3.2567303610248914
-3.2620002478059185
-3.3247227312559637
-3.372465538634196
-3.335872683137708
-3.3861270168975937
-3.4214627719113424
-3.340246072025602
-3.3802975586926034
-3.4169833375449934
-3.529212355643231
-3.4539688248506537
-3.4562659765915202
-3.5713730685550256
-3.5357340745720474
-3.541338146552327
-3.5726836348737914
-3.5072328106262107
-3.62969358585973
-3.591074606786395
-3.6642651837484985
-3.623103111491586
-3.6298760265013663
-3.6233943505828194
-3.6340617670999076
-3.708056770969117
-3.7292584338767085
-3.776940562254511
-3.7077084175538326
-3.8075641129179645
-3.802756559122237
-3.82673023592527
-3.8965161585497246
-3.8453643306051286
-3.817950534967343
-3.893107651091707
-3.864320120918144
-3.904570128539275
-3.8864005036097526
-3.970900118801435
-3.9179136910564347
-3.984915637309813
-3.982620032172235
-3.932974064797825
-4.0263137865088625
-3.9686431792368015
-4.049681221289066
-4.024445790509211
-4.04172527476964
-4.03983005147813
-4.108848366295682
-4.146042406904457
-4.150725715719868
-4.110476788367232
-4.126624015394654
-4.1838749796259735
-4.193259769316696
-4.172648155333515
-4.218896866449843
-4.221199873056725
-4.225677377372674
-4.224428623093675
-4.265282835163569
-4.2739860425527345
-4.235335231986917
-4.259506410892234
-4.405025737229855
-4.353599675914265
-4.3459449269492945
-4.383524507665697
-4.388002646907158
-4.367962089947321
-4.422626012174181
-4.3401668969706515
-4.402726460340286
-4.453854108799823
-4.415861598984047
-4.535902818400364
-4.459982340595889
-4.5890228369058645
-4.437785512541654
-4.541597834333292
-4.428524532648466
-4.60431992596439
-4.505100406155968
-4.534806389234159
-4.480531970575053
-4.586045119611762
-4.611016389567921
-4.6491898397727205
-4.610846133470057
-4.626121090464641
-4.609670997375074
-4.626562636225697
-4.637720789996087
-4.6387327568462835
-4.652356635425089
-4.637697511747928
-4.7096672335606184
-4.731170105345572
-4.707920626535738
-4.7125912781140125
-4.75329642214147
-4.811783865395076
-4.757072400560792
-4.850244068481474
-4.751847300842447
-4.747780822508383
-4.86880558528118
-4.810958247428529
-4.915797886766683
-4.809848191685802
-4.864550449194871
-4.914146407008764
-4.8362758021840495
-4.946837923801858
-4.877114206522153
-4.920175264157681
-4.897247795563883
-4.887774866643922
-4.998526183891326
-4.946087660824279
-5.005182940020823
-5.031870790016898
-4.9671722222961145
-4.879785083510285
-5.04644411330443
-5.042207768240052
-4.975472655588641
-5.05940808932965
-4.989075816494271
-5.077123046396593
-5.04958941145908
-5.05335849399735
-5.069062245966943
-5.0612376469392295
-5.053344687877769
-5.052774635852325
-5.126679988376309
-5.058775156784665
-5.083689146469998
-5.068690118176125
-5.181744889355951
-5.141631065317014
-5.221773923333973
-5.206686660209411
-5.222093530449441
-5.164732111862315
-5.17685483697684
-5.1748115341967535
-5.192668379505463
-5.219415842241854
-5.269041109168329
-5.207843814306479
-5.311467864696924
-5.243037659719862
-5.207423800555788
-5.288225285069585
-5.243220527652213
-5.326064119663531
-5.268446328186868
-5.331352255958476
-5.325684398696143
-5.3851468624594
-5.351792915836862
-5.415507707722447
-5.314730550259687
-5.322078285781449
-5.397913694804451
-5.360904470672274
-5.42949130705711
-5.357122374742495
-5.394138721718896
-5.4575321019133405
-5.377866584309057
-5.411072106150321
-5.458673737976652
-5.453866494620257
-5.380120198980136
-5.481701995719999
-5.514226018759366
-5.511809581189178
-5.541642160125136
-5.466228997126496
-5.512339515760729
-5.549351024926193
-5.516961235392256
-5.478697036537432
-5.581653400324087
-5.483542733097469
-5.543051536366292
-5.578851542556829
-5.443546884204129
-5.606576083916611
-5.54068404288093
-5.599431217353861
-5.5797024947725
-5.546373221539385
-5.553886962115293
-5.592109150103216
-5.641335451749326
-5.6086915405281275
-5.653490087952616
-5.705919752364456
-5.66674682063546
-5.6547129009141255
-5.624869104612683
-5.647441618494211
-5.718823058421183
-5.67702524014923
-5.650193358260245
-5.632269371342922
-5.643111437870913
-5.72473465362119
-5.7968116485726595
-5.693578413995157
-5.651264610955038
-5.8039674393761
-5.733618745250418
-5.736388749381508
-5.746412131415646
-5.69570562643421
-5.7381429151844054
-5.766039174346637
-5.725343836954066
-5.774226654704086
-5.766433548560734
-5.789825891016491
-5.842955216490672
-5.8940256972325535
-5.758221103874963
-5.795320298709897
-5.798021935102424
-5.928294458983772
-5.865657540322142
-5.830121943690381
-5.85382990758927
-5.871469247238135
-5.943053469241389
-5.860241276054496
-5.906955354368417
-5.850938173185276
-5.890040435118673
-5.9096877855032774
-5.882649548771442
-5.889645519766716
-5.945589569365859
-5.963487930883915
-5.963318411847495
-5.879491396270659
-5.920740100039429
-6.006443833475735
-5.908424037704796
-5.939668697735261
-6.026676332664561
-5.934208710064071
-6.0002357186002
-6.004720880776553
-5.954020184136813
-5.945076639342826
-5.958622939918241
-5.997313464262824
-6.002467524892214
-6.0386996059100895
-5.932565848677915
-5.971690137364074
-6.057898988286865
-5.9796671468147515
-6.015346833711934
-6.10326626764986
-6.074614347266256
-6.065516697742183
-6.068668422118708
-6.040866955004767
-6.044754859951337
-6.080817604847531
-6.054181252137784
-6.020417227616913
-6.126157979625826
-6.0361059529722825
-6.108890262986258
-6.072000301112107
-6.0870031442450525
-6.1440304583528516
-6.1092346268355895
-6.114389652943149
-6.141873590013769
-6.1829836647589165
-6.101572548778478
-6.206377784877561
-6.138449660940626
-6.125626790561326
-6.166412153412812
-6.170546379120035
-6.187433660750982
-6.1404256133029875
-6.135573071023046
-6.1980100314719335
-6.125780081920822
-6.262481770747738
-6.16433303191255
-6.1774328430261445
-6.198086326021174
-6.151561746601243
-6.259350704641396
-6.243700254660191
-6.241968353103291
-6.274422131936049
-6.2452208176134825
-6.329304065059549
-6.236080984558133
-6.239199465770255
-6.365424972899425
-6.3032626433553025
-6.262321627284265
-6.208414090135626
-6.286865326773688
-6.301284144376475
-6.2481902255989885
-6.253957500896682
-6.263971643832406
-6.287351045029794
-6.321963600132431
-6.3219652276898755
-6.337610327670272
-6.369011105874044
-6.280783088089075
-6.390905932540536
-6.388281391376937
-6.34025982280297
-6.365737665673033
-6.360106083196431
-6.39299969644477
-6.339239928748532
-6.3447092620431516
-6.440552665008056
-6.39796288832931
-6.375506904896658
-6.412571200952678
-6.423321184565069
-6.416287135361109
-6.455634002375518
-6.394416397698669
-6.41619590778044
-6.388329654985206
-6.437071246663237
-6.405363392435277
-6.495202420014337
-6.415347572025954
-6.437386749342892
-6.464895455021675
-6.434372269546128
-6.412852030904091
-6.468745942581681
-6.410581710104397
-6.4321819191671015
-6.504334390167256
-6.377457916271008
-6.489178868361947
-6.540515474731153
-6.431033355181784
-6.453846811968635
-6.5392453472397865
-6.5238269228101196
-6.507885618103231
-6.4506127023384074
-6.570928852650569
-6.420772205081538
-6.498447560536885
-6.519924594595892
-6.456095301281926
-6.539609101038834
-6.540486701610629
-6.5308680118040385
-6.492756653509812
-6.570468475645399
-6.5129610502356385
-6.524248771890981
-6.493934762336298
-6.542196719678731
-6.553564804942752
-6.584128604295984
-6.598885489687525
-6.60536505895884
-6.498193785704959
-6.501411182315249
-6.598118423764138
-6.630941438440111
-6.563985314131511
-6.600528798616345
-6.611258672545524
-6.61280768612545
-6.614253416291977
-6.610926445435955
-6.629717287321026
-6.5802796986718635
-6.637946855267939
-6.6290270595020395
-6.640716844829543
-6.543262507641301
-6.663969916255823
-6.582478448670362
-6.595705828940344
-6.627791974865902
-6.789390859089481
-6.601392939775801
-6.70553061566892
-6.731125759733977
-6.680991265236189
-6.701185393226905
-6.73198378884448
-6.648058579054535
-6.670098548890033
-6.731740588977978
-6.647893610642353
-6.735936326775906
-6.718018769765435
-6.717474159377433
-6.801204267538994
-6.745527180299909
-6.621705306385663
-6.707961604716792
-6.739427098090698
-6.718555401223097
-6.658411926222758
-6.688759227379379
-6.7598680344942
-6.758034045391326
-6.786874230367761
-6.713037933769674
-6.76345981373152
-6.753107824056833
-6.736755284113909
-6.664112363296585
-6.759426914151546
-6.706222773693779
-6.722411341007774
-6.709902218072161
-6.7304575884748274
-6.736725321641079
-6.794132500880373
-6.740803458924161
-6.773364304170039
-6.659654777938518
-6.724881454444857
-6.788723452544854
-6.7471147430597345
-6.756603717189951
-6.749434970198104
-6.778206217394517
-6.743046789384666
-6.762549646526404
-6.78284627428273
-6.811254497207077
-6.778177015963235
-6.849004992077801
-6.865105439193595
-6.836931924026008
-6.783760470399303
-6.853769073317645
-6.8798860339753265
-6.827742723277651
-6.766521372335553
-6.796655223033257
-6.832460576391539
-6.842501347549187
-6.838232636497089
-6.854663263290798
-6.75872323912084
-6.8667360290734765
-6.754017474651938
-6.863170787103538
-6.858235521088725
-6.911343542804715
-6.835042237386465
-6.940776923433254
-6.888971816672207
-6.850260396150564
-7.011890593320425
-6.876036095181544
-6.950096289775512
-6.891677003173955
-6.828238342680146
-6.910572216537211
-6.912388896627687
-6.8363398306786225
-6.8382557428667115
-6.948636140460415
-6.871806374818078
-6.971185275147137
-6.839441838913183
-6.992521054752124
-6.863251964528726
-6.964087447168629
-6.918551336478075
-6.976111364256386
-6.899085081313896
-6.891984858663026
-6.91710324303415
-6.9177356292328716
-6.983119880759467
-6.870186462903472
-6.958506495803064
-6.913080050164502
-6.948008737771059
-6.978031855829491
-6.938620350765063
-6.987580723570321
-6.9801764786419795
-6.9416209864762894
-6.884272572176234
-6.9712237614618635
-6.951704314077124
-6.979196597578339
-6.979918621725372
-6.957870161215024
-6.965548976229425
-6.991410478846628
-6.940097275990245
-6.874107620491206
-6.959864353029755
-6.905566743372766
-6.962827729707034
-6.9835272311315215
-6.986612510769229
-6.991634863622392
-6.950655399742749
-7.084283424522571
-7.113500270779309
-7.052405975630421
-7.067086190955067
-6.996417717609976
-7.015633747062911
-6.99336291179154
-6.993173177412368
-7.032763116715248
-7.099559170435433
-7.042453896135766
-7.064797739556143
-6.944751845233933
-7.121058378529596
-7.0770991465039845
-7.0691547435619375
-6.962394984143124
-7.0562494793575965
-6.998564292241539
-7.121965766575491
-7.092375960005326
-7.130146748360139
-6.98519201899056
-7.126458884994216
-7.073174434721499
-7.057846128917152
-7.063700067709873
-7.039196089695702
-7.161689013055966
-7.084832226001493
-7.049483656949708
-7.0960455671551514
-7.104928734870379
-7.017896991049522
-7.087981717329635
-7.100788052526103
-7.080450567942176
-7.101693253332228
-7.064647779635877
-7.15102777989513
-7.055614073914348
-7.1515214322028005
-7.081643617203823
-7.084614610896477
-7.121218275268067
-7.161556972243455
-7.105152218250446
-7.135244431914848
-7.087745857071588
-7.133219828802655
-7.098397455067389
-7.148719115935247
-7.103959371280495
-7.147668776079572
-7.114456516226447
-7.157347338517233
-7.228950645127998
-7.087007534359286
-7.0843807221715664
-7.139244683817946
-7.1195975541032
-7.157421417459244
-7.133579369639168
-7.170185783311379
-7.1913747581215395
-7.08232656492282
-7.097766421764463
-7.219473589813339
-7.1242146457960365
-7.123857500083665
-7.180357602028774
-7.181123576158931
-7.204510508006182
-7.135765352310492
-7.192330800937663
-7.147197347270164
-7.2229822074743275
-7.120070736608032
-7.145585123192418
-7.1279807639787
-7.221484178325453
-7.207498373039162
-7.2041057285582895
-7.222560203400659
-7.125627900939756
-7.1609874218671825
-7.148266885844013
-7.179513886431469
-7.196489754821272
-7.194177482697782
-7.154283428622588
-7.2747499026236415
-7.215931315396393
-7.240026685096485
-7.263115585675326
-7.187043875797172
-7.177988113465642
-7.205175566081808
-7.257292072693459
-7.203625911051192
-7.252675282665219
-7.164139440309706
-7.199022651605597
-7.226478571688111
-7.2708065541843725
-7.2527201786289694
-7.223413240163565
-7.226739801569476
-7.245505151188157
-7.2938032998376165
-7.251985380014048
-7.22037334312359
-7.1940367889607835
-7.239568492584053
-7.294429128943837
-7.238923179754912
-7.300117653654759
-7.200221871314856
-7.270881693913245
-7.283258455834506
-7.335508881646042
-7.185123982071719
-7.316355506445904
-7.301517306470449
-7.227181931674584
-7.298283155923404
-7.236503487856919
-7.259304688586387
-7.307538996912962
-7.225630890175854
-7.302327708281672
-7.286044889743188
-7.290157564906568
-7.232841000035586
-7.250297292983794
-7.3730558133465465
-7.318892772519526
-7.330114603661388
-7.295788821292007
-7.301195421990556
-7.311858500570387
-7.313543940260569
-7.255788338322927
-7.319822408073968
-7.305029623895412
-7.320040579007539
-7.265459903334637
-7.325756918784916
-7.301460944485391
-7.334730053553258
-7.341011492163277
-7.275237946728706
-7.264981538317198
-7.407159861014344
-7.263534604340726
-7.332717691565861
-7.277823259263781
-7.382249957023828
-7.4374258853679045
-7.391165956665671
-7.322316583572022
-7.3295982133858875
-7.332310483316838
-7.286027946558794
-7.3307181898107645
-7.340506171642879
-7.363537875843746
-7.322156392805848
-7.457114129683463
-7.310916839692152
-7.348028922877858
-7.285864089364407
-7.265993385424891
-7.36270365922355
-7.37132835405194
-7.465052528329707
-7.3474522869755905
-7.323823470294541
-7.371730967144213
-7.390434828393357
-7.336842532360857
-7.356649078902426
-7.368020100569602
-7.3398819797068136
-7.34355118686656
-7.41323043484855
-7.443069953748398
-7.324478144452875
-7.342368231798978
-7.416047008650645
-7.374728976801329
-7.418786953277255
-7.388584225622719
-7.353950312587944
-7.402302337134884
-7.386494190654606
-7.411942615899533
-7.342926144995939
-7.412440915736941
-7.406403452890446
-7.409062443134044
-7.444509602532069
-7.374923939669521
-7.44718915630532
-7.403042815861032
-7.39713720452033
-7.445747194280344
-7.37729801531083
-7.428129721517341
-7.462384417724173
-7.3814212346201264
-7.451842197693607
-7.435307110963937
-7.3605221376997125
-7.425392286737541
-7.488344145311827
-7.445114462947602
-7.307197449198596
-7.443197136169246
-7.482378039151775
-7.338453753407279
-7.438597653251039
-7.39115881875841
-7.48194688490754
-7.412564187015523
-7.522324787711338
-7.469285854932757
-7.499064485080973
-7.474275814777538
-7.406887326159938
-7.498733337757668
-7.505905333972938
-7.453118630321578
-7.444289061885432
-7.4576643725505285
-7.510107366819344
-7.460192828441224
-7.465946482032272
-7.461280755736134
-7.446992357675872
-7.501776123309842
-7.4392559704619465
-7.5412907312134285
-7.464247951147565
-7.5284765700799525
-7.445999495151224
-7.476403702361288
-7.511401535358212
-7.530538834943826
-7.456988483285177
-7.429036967275163
-7.415816994331457
-7.52882329072818
-7.5463194736661965
-7.447609304794688
-7.466898015070239
-7.4616480768334075
-7.614337963499018
-7.521433287037496
-7.420664839164769
-7.422537051936678
-7.505234800948729
-7.463180196789182
-7.507836501095212
-7.442486746576076
-7.45319524085355
-7.557898062332708
-7.532393866497405
-7.610648856804558
-7.482708188888896
-7.508875557768125
-7.466742788645149
-7.442458016936792
-7.57709042368669
-7.519047027102559
-7.55931222930618
-7.54227717075106
-7.44425957215516
-7.4463217830909585
-7.474400295980065
-7.492056037421776
-7.591746696897103
-7.4849789415878725
-7.5892565258865545
-7.488249847228108
-7.533481344986619
-7.495342681686513
-7.49914947833605
-7.5841592713316714
-7.549814517068082
-7.560362383569549
-7.550246977287952
-7.554002628561425
-7.507393256411271
-7.464154913585826
-7.537417562618676
-7.487748925438851
-7.509429057598172
-7.53197396299167
-7.705841372274039
-7.569023571752935
-7.505808026509694
-7.4746498741021234
-7.470281388778088
-7.592630445003356
-7.640044416973044
-7.476921319272137
-7.648221108522543
-7.499185174198427
-7.6918643333615195
-7.52290695931156
-7.509715888212506
-7.536870065961236
-7.532318185851979
-7.60651738657846
-7.556131105574065
-7.589118240203682
-7.592771162054078
-7.578483536867395
-7.510127644648076
-7.599285397630441
-7.609378293458828
-7.699875257511382
-7.5306020738756025
-7.620780224953638
-7.554342622079912
-7.51708009737033
-7.626337815313647
-7.632808386670611
-7.560921105462718
-7.603613588651754
-7.567086381178796
-7.67083862933574
-7.646518652902568
-7.563039339455203
-7.612605387206357
-7.6066091682179495
-7.675387180286489
-7.567545342660472
-7.576390527515928
-7.6204560782374875
-7.543034915253506
-7.543995414779136
-7.64998897540983
-7.658663558457592
-7.592627798822784
-7.645666674207708
-7.576020349535537
-7.6101984759122505
-7.621283391845937
-7.578506458836893
-7.636979946724896
-7.7529939058803725
-7.65533405764687
-7.604201474580091
-7.628806010480168
-7.73281066435062
-7.580253652876556
-7.641231101275136
-7.641725427071347
-7.624631813023162
-7.631513681119654
-7.623816244640899
-7.627114335645842
-7.602139001577583
-7.6499752636940315
-7.650040028882093
-7.691593535775275
-7.563065329996326
-7.644318947790282
-7.6133153344047
-7.579079772427399
-7.671088289066195
-7.618001796073862
-7.6762461395060235
-7.642621312268339
-7.699854722009341
-7.650862758505662
-7.630853279263443
-7.622051985134968
-7.757870809804067
-7.725577977538399
-7.573281013636167
-7.693177667463607
-7.712398264921159
-7.588811929287349
-7.71860908243084
-7.642374542611461
-7.620879084072661
-7.642036989786668
-7.6315176104366005
-7.687387188741406
-7.702302310198623
-7.662655376405659
-7.58663447537066
-7.63279888750444
-7.661545723154894
-7.583551840063198
-7.7270212066551
-7.611391248900418
-7.6675029706705535
-7.709550589876926
-7.650054641516291
-7.703229643458821
-7.711885056031483
-7.730504867166006
-7.68589883649251
-7.64660691816923
-7.658248169514337
-7.677781734630279
-7.721661481479034
-7.699237300052193
-7.711018839897267
-7.699684945586288
-7.7111664140805845
-7.735140627417208
-7.663938119743263
-7.741243637615096
-7.7636348479409625
-7.8153652004712715
-7.714240104690809
-7.759335528399641
-7.623144001167893
-7.756460542013709
-7.753300361318388
-7.70339828371139
-7.707506213858
-7.663065360162728
-7.831411204896
-7.813126544522127
-7.721724193266519
-7.710820423617531
-7.795742601750473
-7.727916658970706
-7.781481066862302
-7.7143264841084775
-7.701834325751264
-7.726546174893781
-7.717897427511783
-7.776075137461202
-7.685926369141028
-7.721890325820374
-7.728280375606065
-7.807703998731161
-7.663417669882929
-7.734053889769571
-7.75774399791913
-7.628403471116605
-7.742928566632769
-7.764079154398295
-7.785923301737402
-7.723956395370478
-7.79740168223714
-7.714544066817604
-7.757638719624666
-7.7795505868299415
-7.709472660429544
-7.704755424637887
-7.7881318850940495
-7.6940328132485085
-7.804076802877714
-7.6889260491245786
-7.768948707978203
-7.682450179610658
-7.772719916064256
-7.742154882606723
-7.770380877494941
-7.759524731660921
-7.703773005286241
-7.776552958906051
-7.740522181900044
-7.733644182447174
-7.8162798348617
-7.785332592927668
-7.7940840707986325
-7.753856606084203
-7.771131831159891
-7.772780312036423
-7.745618063439704
-7.76971530828545
-7.6892565525796135
-7.846539019918587
-7.817842581023715
-7.742792462866082
-7.753237002969491
-7.7567992092257345
-7.730246230402547
-7.746692167218081
-7.850948387760226
-7.734556582065557
-7.819677345520763
-7.818822429368602
-7.7379977669393405
-7.720141616912088
-7.696096231176347
-7.742714856267785
-7.808451531660669
-7.8233233912742595
-7.738018129299608
-7.7690645623223125
-7.728227220692284
-7.732564676696362
-7.878574069433501
-7.701878131122242
-7.791032137056985
-7.828741219091386
-7.827418477746893
-7.883461819517715
-7.819861960360909
-7.789698958639628
-7.809270179577222
-7.810847898173988
-7.902993257988055
-7.835866308684079
-7.869243959744344
-7.7390885896348935
-7.813710513171623
-7.826086459192573
-7.79440021495593
-7.742187183814214
-7.799941727408452
-7.855269643751128
-7.759838648852995
-7.865657756310357
-7.763134502151086
-7.910055368128413
-7.908502558488926
-7.886601645563949
-7.905371520396253
-7.957176893807939
-7.864911111299119
-7.863074421423781
-7.802070119397065
-7.862996272113908
-7.735999373500339
-7.824902006248319
-7.79203741129825
-7.809209873379342
-7.81579117025557
-7.813550459825898
-7.8461206333107825
-7.836590630934349
-7.90091311277244
-7.837392464665155
-7.7744949762610664
-7.893409274659402
-7.727561334779818
-7.781623131971672
-7.8180721044097226
-7.844580930522998
-7.867694184354739
-7.860888476697631
-7.882089908075371
-7.798458782241686
-7.907236189360879
-7.779727213605388
-7.899067316078476
-7.871133893003223
-7.800110037331352
-7.849855107454097
-7.941183294160594
-7.928753226680694
-7.8459753566539225
-7.89801819336557
-7.83576255317223
-7.806645161553883
-7.9159304632436465
-7.856111569827006
-7.914105062926793
-7.798283416711394
-7.894270754763615
-7.850548441535297
-7.873513251305141
-7.970998533679733
-7.826304074342876
-7.871123992564013
-7.853869681192584
-7.835529017787562
-7.872726127148721
-7.911667544092857
-7.908823368228409
-7.868962199175718
-7.8251912231961676
-7.898701825284004
-7.927947633910256
-7.8782300177379945
-7.96567574659073
-7.9142553983512105
-7.991777634318959
-7.849550171665864
-7.948088284292561
-7.881206166522386
-7.865970213997869
-7.9169327914563326
-7.873590208144503
-7.923459679456837
-7.939261920884625
-7.872377371931903
-7.8648513712462735
-7.923080452825508
-7.9108186854753475
-7.940414559749884
-8.01904430776102
-7.894303323728194
-7.871280573026086
-7.926825104724526
-7.955890270771871
-7.91487936496074
-7.932787657263773
-7.919545489521252
-7.954971815028265
-7.8883428700297475
-8.008986115078361
-7.969199249833929
-7.93966101537362
-7.90507205333428
-7.947639500680855
-7.9158378975488635
-7.890346028931571
-7.859835642822913
-7.905000730767227
-7.9276290649667125
-7.9769611560632585
-7.846580962177474
-7.868107332755639
-7.945341133140063
-7.983746135235698
-7.9728744888919225
-7.919422145021001
-7.983915191790974
-7.920293373536487
-7.943409782923922
-7.910388843126386
-7.837329935911467
-7.898200004937049
-7.875994420107922
-7.992270682816631
-7.838563786750502
-7.902440869193218
-7.924075999452299
-8.030251371389909
-7.872636354154817
-7.940919852356572
-7.860144396161494
-7.956912443052038
-7.949862231500273
-7.878309207583214
-7.986384070943993
-7.966432194845575
-7.858894880200582
-7.928582254868907
-7.905378468886356
-7.951695017506015
-8.000075610714712
-7.901316935490046
-8.001596094521892
-7.9996180013772475
-7.9513696552052835
-7.923121471436294
-7.917131859199772
-7.9764062446565775
-7.982620057164059
-7.914481532516262
-7.9552507635214305
-8.022164246446838
-7.955854520177953
-7.959060076057611
-7.974002237487345
-8.00955667718363
-7.945630852652389
-8.019167902055473
-7.910734012681676
-7.879033083194386
-7.967402145606442
-7.999603331332448
-7.874169969382016
-7.968111621748361
-7.899891728375572
-7.992031555497603
-8.030924609985021
-7.955187772737531
-7.881229284734953
-8.024844516973683
-8.015754761236016
-7.938455956035336
-7.97004158755661
-7.9869922500584085
-7.980011275981534
-7.969491095877098
-8.015211283168206
-7.954522677898303
-8.029949192017948
-8.001524059864924
-7.930538484604835
-7.866750498072941
-8.002298779911918
-7.923438065374168
-7.986270392692919
-7.998974084692074
-7.890867784176328
-7.973445100684312
-7.9903487205538895
-7.977582866438745
-7.956177316388793
-8.041083297726408
-8.03205052003358
-7.995724772103268
-7.953313744349415
-7.913297656055583
-7.9905658298341145
-8.01080394803518
-8.162360237722222
-7.864451313680615
-7.986940046523256
-7.990012383378833
-7.985302457230187
-7.995234073094811
-8.01663692345536
-7.993241449402371
-8.008820997195532
-8.016859830564199
-7.987363058531962
-8.019625763363115
-8.143811797213674
-7.978949923375748
-8.007450389140947
-8.054705830585212
-8.049344132653177
-8.073803506818555
-8.075291689965598
-8.004620060464765
-8.056457533012049
-7.932409494363114
-7.973818259848719
-7.960321858467279
-8.015912444616117
-7.932368566706391
-8.059128449724865
-7.945107337115758
-7.997578039016649
-8.01462357168019
-8.039653112951399
-8.050196007960043
-8.039632304724279
-7.953350298541334
-8.066441964411933
-8.017245233484811
-7.9867920888721216
-7.938406632044253
-8.008877700638905
-7.995060254765516
-7.974836150642076
-7.976531170711067
-8.07639674842534
-8.011212912281632
-8.130614329161531
-7.908517826917839
-7.999237903371148
-8.115460645424852
-7.9886041286741545
-8.093027600321873
-8.095236060617754
-8.005398872116364
-8.018439911266274
-8.034832377264859
-8.06944247857011
-7.984916081434697
-8.056869415006929
-8.100476105154156
-8.013948232062004
-8.145817142022334
-8.03751220348922
-8.079731418744018
-8.10577076857014
-8.033300079237124
-8.043763436074276
-8.049638895274462
-8.022324800451244
-8.013546198100448
-8.04813264113939
-7.965507849540024
-8.035460445987338
-8.113343407042018
-8.093255338236787
-8.10159120619319
-8.092566008303216
-8.052118467359868
-8.073943698588867
-7.942802128884503
-8.10216707726394
-8.023305900820098
-7.992278922426268
-8.086502611265946
-8.080625125918912
-8.014015063646736
-8.068932779456468
-8.041744184743095
-8.092152538673863
-8.062829719691456
-8.044885313986411
-8.130894801902722
-7.977633036433616
-8.05890422321818
-8.037880817265696
-8.148184677294216
-8.0947542115752
-7.963031832448585
-8.141987097436928
-8.178071946125097
-8.125879558758939
-8.067596235889592
-8.0801864746593
-8.097554516668755
-8.13621832783421
-8.041008439459286
-8.015695976348368
-8.154881913868989
-8.04708423340293
-8.03259665269609
-8.116643320786025
-8.155479351818759
-8.151005073331586
-8.128365804793738
-8.113024444205747
-8.135673833278416
-8.146849298181717
-8.03191997901183
-8.043850622698413
-8.099259307982948
-8.117059305566643
-8.03197482616538
-8.04536852259008
-8.041409657412915
-8.065153196198729
-8.096582673406001
-8.095130471539958
-8.068539430867082
-8.075610849884434
-8.138370357755482
-8.024701990917547
-8.112266594694962
-8.117040524897233
-8.12501854093777
-8.044765259206676
-8.200604982070312
-8.129374401931745
-8.195732480117288
-8.098471032819058
-8.051352249314538
-8.02707417566934
-8.069951672840622
-8.101893529491692
-8.191516045951778
-8.119670864854243
-8.077575872232769
-8.12713481700444
-8.109133137371684
-8.201073048933228
-7.950160668150293
-8.174148248018268
-8.132241816458682
-8.210842290055137
-8.18009761390214
-8.096265789689344
-8.13964923031919
-8.1169549523647
-8.038445489572064
-8.204698767243881
-8.0815698040501
-8.173112830037065
-8.056663680016182
-8.106283880674946
-8.121132892815655
-8.150409584293998
-8.02475461977851
-8.170756338668408
-8.077458739869293
-8.085673053773744
-8.096256547811874
-8.071960790805395
-8.133756982213532
-8.178801167848013
-8.138562278977105
-8.076288487049185
-8.1714655108595
-8.180072697264418
-8.16236334751475
-8.195444622687333
-8.084890916847609
-8.114687339887636
-8.137470849410336
-8.214011960569868
-8.103367708808447
-8.135876970442954
-8.20841393730072
-8.142111021589423
-8.237060583709512
-8.16456912289058
-8.17600593634862
-8.111279094094062
-8.15395366957151
-8.183260522458367
-8.201719803847963
-8.19039663051129
-8.227319933569175
-8.127316271370772
-8.25622495231726
-8.218812968693971
-8.097289521333385
-8.142105316649113
-8.173753415519476
-8.177448750366565
-8.140508723778357
-8.143432113379104
-8.126898669280012
-8.04840876682822
-8.1626731831032
-8.14495422775657
-8.21039973967572
-8.176578786420947
-8.182537105822453
-8.095354461757651
-8.055930847071416
-8.206706936926713
-8.171775525482209
-8.184198135112636
-8.153600202346544
-8.20396916250363
-8.10837615314374
-8.155406645262381
-8.156689075717464
-8.106463703056892
-8.141706617122997
-8.190587055810973
-8.164873848245577
-8.16216437560603
-8.123082215252436
-8.237977774758809
-8.14100623674005
-8.21666081081497
-8.246176146326018
-8.250249230437547
-8.142848446387086
-8.245415128116468
-8.212935751648374
-8.108866003160047
-8.167257332917996
-8.152508761934689
-8.17692527026647
-8.110216852626651
-8.244083410066043
-8.188645711844107
-8.209940744024383
-8.224499769116223
-8.195967350029717
-8.248966999350692
-8.18321721855042
-8.147059261208765
-8.264429245330422
-8.270506973427038
-8.16946661037017
-8.112351689953684
-8.325922390913659
-8.131830319453218
-8.273468096905956
-8.246301023780077
-8.250343706532972
-8.1050090946964
-8.18707046083858
-8.25432193805615
-8.178143298871886
-8.187371275672566
-8.163531058291925
-8.231454837470704
-8.193796898051572
-8.2537693924734
-8.238144896742943
-8.319923411698445
-8.15070830366901
-8.280886267519229
-8.163440027768832
-8.251317857057124
-8.200559517498936
-8.253180446707875
-8.137369080217782
-8.256161259340223
-8.232710838187176
-8.187780537463603
-8.27047736014671
-8.202682772467197
-8.205522824023486
-8.17680421388323
-8.179355362522736
-8.163679763356493
-8.160164658461943
-8.244237314998806
-8.265738125844958
-8.248662235571867
-8.135818506934251
-8.325711879368997
-8.213756916024343
-8.177986674270649
-8.211610761122317
-8.214662325494022
-8.241086578857143
-8.191642667529926
-8.29621483268601
-8.28596447846923
-8.247323365212974
-8.246886376547137
-8.279513010050891
-8.193857183402757
-8.29899830993698
-8.267501343314875
-8.281356752083354
-8.274123004034767
-8.298121388748326
-8.23138802280133
-8.165527689105195
-8.192506199355396
-8.250007708369685
-8.215829973869772
-8.310207046936792
-8.233739374775348
-8.175429149324083
-8.179107172257863
-8.258101186648757
-8.256876203306865
-8.200490590269254
-8.268091713646546
-8.199429466960494
-8.328040234395546
-8.217579242539923
-8.223436219273117
-8.208166558599904
-8.311524410357519
-8.276220979850434
-8.270397949340106
-8.218978139471517
-8.232815894889441
-8.243153357796423
-8.29738971674804
-8.147343539658204
-8.256442526650899
-8.17696855136294
-8.27782373060912
-8.200237876784005
-8.280277234423826
-8.237479220650952
-8.311922996627846
-8.247513882747711
-8.384420335673378
-8.202576359048006
-8.163594209390853
-8.275893118908268
-8.364412727286846
-8.231755533783918
-8.279110250691135
-8.240165206672128
-8.246385729722858
-8.356963745832369
-8.182067328705235
-8.332214521682891
-8.283101542775029
-8.201116056341315
-8.283144329245202
-8.221369406231924
-8.224601366539051
-8.19911975314815
-8.242887417968584
-8.306735697836721
-8.258683346784855
-8.273065481549981
-8.243877206144576
-8.213277914800694
-8.20580330440234
-8.286100936149081
-8.168437709154574
-8.325542428554758
-8.247218362805189
-8.329122450743377
-8.276373523991385
-8.254011865758853
-8.305810536815972
-8.258294803191145
-8.314501664116012
-8.25408722751875
-8.28492220684045
-8.303507702422506
-8.206869909499938
-8.254191411310533
-8.339779840930943
-8.299211866111184
-8.220172820368386
-8.314878488692452
-8.353872042633672
-8.31344604305053
-8.289270695994624
-8.321218496580252
-8.288251053001181
-8.28215058812069
-8.304037970577943
-8.23771598354966
-8.337939014425828
-8.312863877160291
-8.228759825780873
-8.298814457990542
-8.309750630567994
-8.27207975526262
-8.338013385377996
-8.275867466079026
-8.236374709201428
-8.236877015014654
-8.217494566909549
-8.203547757182145
-8.325995119902776
-8.337765678537183
-8.30917836134582
-8.308287195206033
-8.327986030227963
-8.226313907686885
-8.331291439381696
-8.2963509341244
-8.229327614423475
-8.350768274935943
-8.369474021324455
-8.338774340389937
-8.291591542578706
-8.367718141116882
-8.395330607719945
-8.2807862247425
-8.332535418027943
-8.20745136451249
-8.277881220358148
-8.292985591292549
-8.33257848828329
-8.252447840325472
-8.25912184552694
-8.269726659625569
-8.291253970274893
-8.317562145852111
-8.308319798492041
-8.405689756937134
-8.208235491346562
-8.356706279515384
-8.226734895661664
-8.31841704762579
-8.279856150937198
-8.28385153047892
-8.312920281239133
-8.302176921555057
-8.337929470943303
-8.299012306299574
-8.308332997633135
-8.253457519478332
-8.283019881747787
-8.333000253611534
-8.272702019103233
-8.20026274899656
-8.266827444802276
-8.19377108587796
-8.279578176569634
-8.246739291838818
-8.297140016964175
-8.41379300939554
-8.279254661517689
-8.31275618677496
-8.290836631084856
-8.376216792632185
-8.260013212542075
-8.220199847882254
-8.242295144649832
-8.315397660519157
-8.36162520062173
-8.203055785212308
-8.329520157994608
-8.275850945876144
-8.288152330228508
-8.234203337635508
-8.310436741597867
-8.265327494746765
-8.319353700341027
-8.295053056328115
-8.23296440440223
-8.207799068067862
-8.293129898117225
-8.35873397954252
-8.327153785588512
-8.387084556440138
-8.334735551226968
-8.352073246270306
-8.326402769349087
-8.337541319050702
-8.344443813793195
-8.370400341597747
-8.329922613435036
-8.35463856277601
-8.265575747090333
-8.310228543486152
-8.36410891922245
-8.307268811719068
-8.305313043462586
-8.235145101987495
-8.332737358339411
-8.280119320804461
-8.366198081060292
-8.317347438739569
-8.204925317800106
-8.373879818623925
-8.303268058057329
-8.27960006973163
-8.408141866338582
-8.350114361142314
-8.313901123298479
-8.291376202392563
-8.256831463151235
-8.365795623401631
-8.377914293394147
-8.34185381351343
-8.376250808930548
-8.173812192940556
-8.45599354692004
-8.305358918443629
-8.274677061688486
-8.27625962016104
-8.268722742783671
-8.297747090530867
-8.344220058578522
-8.327722970617813
-8.36543185368146
-8.256556060740227
-8.32351814147589
-8.317783284024037
-8.26125243448194
-8.380413360351715
-8.296652846193899
-8.295649102813043
-8.277774968673299
-8.427513843028626
-8.29596656243155
-8.324395818265096
-8.320684625281975
-8.365616014742352
-8.255294343551626
-8.24235990680005
-8.236826025625096
-8.314675961445095
-8.39840274654775
-8.312207905188355
-8.284138530949589
-8.288557459178142
-8.305884284418552
-8.351818523376688
-8.374422996492513
-8.292373164280727
-8.338259045271657
-8.325745870353112
-8.411974665400885
-8.341398176383507
-8.37494340208208
-8.345852491614707
-8.296938165350864
-8.341361231255418
-8.303097025519389
-8.269040778457844
-8.392457553895555
-8.364540502421722
-8.381498878685129
-8.304714021892304
-8.189946735408208
-8.315822759203277
-8.335201428248459
-8.404900312920551
-8.331361119610966
-8.40600376257939
-8.411540466203848
-8.436487840535367
-8.389066071280954
-8.340688808830286
-8.39313736639397
-8.425031407011145
-8.39986582061551
-8.403006148242175
-8.381239896413106
-8.356593141621477
-8.504167936529752
-8.302252183025807
-8.327861214646472
-8.373939754612847
-8.33491482353022
-8.389251639459404
-8.381303772425863
-8.333181052428676
-8.299617473666087
-8.372802428426073
-8.372110987678864
-8.32722750611965
-8.510286798957116
-8.360106660527254
-8.325720769299833
-8.331330224754824
-8.428854007099721
-8.481696023134862
-8.300791254072482
-8.428727927790948
-8.437651797253892
-8.362992936205165
-8.336183098852509
-8.297453486235414
-8.35314628996645
-8.290440886176766
-8.301125906235006
-8.355495856357388
-8.346260989205982
-8.447920907436218
-8.382147957236999
-8.421343968728108
-8.501313867524795
-8.40482462188918
-8.316807426971705
-8.31127433608672
-8.353349006476474
-8.357525843851546
-8.408040132265677
-8.374505401758226
-8.39721100190271
-8.247055882378808
-8.304389430374107
-8.4575739091549
-8.350245730048838
-8.429058528091886
-8.355502781579805
-8.377706663038953
-8.337411132967953
-8.406004387358037
-8.349058739908724
-8.447843953725966
-8.336578252983859
-8.377519734843114
-8.355112404594037
-8.348360321535859
-8.377387645352945
-8.420872265222272
-8.318642981348935
-8.39789263829867
-8.325002560837746
-8.317970132729586
-8.412201484559846
-8.303464856921526
-8.369477614615331
-8.479642114651034
-8.39129484103427
-8.367088796675043
-8.48078961055604
-8.368503718705332
-8.345550999862912
-8.400551738093238
-8.388078374067007
-8.41597098889162
-8.450716244737952
-8.441465671982114
-8.405427159082938
-8.437799847617113
-8.435627561372849
-8.402738268870669
-8.365095427560043
-8.47028935971183
-8.39740721146202
-8.449858437784918
-8.423671689132028
-8.448303079650467
-8.292646326105283
-8.425991113690808
-8.340234988924937
-8.457450087348635
-8.462130074921895
-8.529080056640774
-8.364607093522975
-8.452762085036175
-8.46079424402507
-8.324517430727905
-8.38552591086461
-8.382258280199109
-8.480776027221804
-8.40790132334919
-8.495419324565285
-8.373896839947001
-8.470622253980386
-8.33686514456719
-8.391700679082211
-8.41867079875567
-8.395539826663791
-8.401749898809387
-8.499771796655791
-8.365991730933384
-8.37139058347638
-8.409590563995403
-8.448631376037193
-8.394925863730412
-8.323358522620607
-8.367116740590468
-8.43432590904869
-8.456888503897046
-8.333839786009019
-8.458497324325476
-8.399894811647696
-8.365289015016982
-8.389545716105012
-8.473616766038674
-8.462008063820727
-8.406349000139553
-8.392174818267646
-8.421939582019991
-8.331209211105934
-8.400251051738932
-8.407865844295856
-8.508796974892116
-8.415671911025397
-8.461714105604354
-8.388496918488642
-8.332509807875423
-8.430743464698496
-8.41624256343383
-8.429116896312534
-8.37886266795398
-8.457551380459062
-8.435422819508842
-8.540303085355037
-8.455198122084928
-8.360441161408215
-8.33640440093856
-8.460209185626278
-8.503538105372419
-8.408822037618432
-8.556733119683214
-8.4681428131083
-8.427493240849088
-8.363152020393157
-8.498049899058158
-8.449563471781758
-8.402640439242452
-8.507978097782539
-8.409505967431917
-8.431319687453332
-8.484290586175502
-8.47790692084519
-8.341418898580917
-8.391635272371337
-8.525546411369541
-8.401406311825196
-8.41383857930033
-8.522778455229838
-8.417057524050799
-8.382930321309841
-8.424046251592022
-8.45015366531295
-8.494419614915232
-8.380427075746933
-8.456716896944926
-8.355039941591066
-8.572500068210239
-8.471497273226829
-8.379164835266714
-8.403556627454979
-8.414102859619984
-8.441428413063964
-8.303747049318565
-8.448025653713158
-8.514105598016803
-8.527711069380393
-8.426763921787396
-8.44243142535633
-8.351681205994295
-8.469183369750153
-8.41753978173
-8.471062755680837
-8.468672067014877
-8.469980813309432
-8.438367824501402
-8.476358961463825
-8.378281295984317
-8.440832967170577
-8.579514764750153
-8.367174712440562
-8.485013074332775
-8.405049106330141
-8.3775179488552
-8.43166768833645
-8.46807948051665
-8.53442669535032
-8.377278741410919
-8.341094845438143
-8.405079345080734
-8.497725726208309
-8.432038457319559
-8.462622947024775
-8.450318112417298
-8.416748286091211
-8.43415301849082
-8.519249046308545
-8.463838904024035
-8.392194061342135
-8.462501608977629
-8.517571954198893
-8.427417756798324
-8.452963753973807
-8.46469797997843
-8.370730105819927
-8.446037885274459
-8.395400392661236
-8.374181632349945
-8.38529038107878
-8.381594187722714
-8.430484460519924
-8.486829374425524
-8.470157352722646
-8.44373847184199
-8.474243776835724
-8.561805668475264
-8.556989535142177
-8.42896259414395
-8.455446603248687
-8.462705411524942
-8.392755059245257
-8.396806191938717
-8.41261420641756
-8.462627417362095
-8.523260400374161
-8.382146442775513
-8.364019098346192
-8.426125010016497
-8.43281846884467
-8.423080782214862
-8.518164616562933
-8.520570252763473
-8.437447120038362
-8.455765545902077
-8.489364339085016
-8.366274992579445
-8.463507784269899
-8.50318209874175
-8.433607788643448
-8.50198428713946
-8.43955756231384
-8.376714629002246
-8.553377399666026
-8.542869593971588
-8.51374500823985
-8.36992713424652
-8.422770515865695
-8.460211732750047
-8.43584561081885
-8.461507723053584
-8.41603033130952
-8.467486584098868
-8.46544416481295
-8.527153441871569
-8.45358112144511
-8.506328973481178
-8.531370953809015
-8.414452041700418
-8.409676564573392
-8.411926132412503
-8.497164978235938
-8.472035766552278
-8.502702221547557
-8.39037475396602
-8.434891024761672
-8.503295400718818
-8.518315769199116
-8.389049384075298
-8.484273286929623
-8.446840686260755
-8.546134638359584
-8.49661273663289
-8.433192146255566
-8.47396890889911
-8.403149290428495
-8.529575312137403
-8.566587212872333
-8.505261101012266
-8.386659653223541
-8.489309582390526
-8.461736116384074
-8.521388913162701
-8.561730812035751
-8.56794585889632
-8.45857378390003
-8.431774792536487
-8.544962016897156
-8.519786605537707
-8.423128044632668
-8.464253663733965
-8.535671733495027
-8.533655531092878
-8.48400136926607
-8.399940147633018
-8.574450836502313
-8.450814194608698
-8.469299141666294
-8.408831412794218
-8.538384722738419
-8.472126676812092
-8.412441694142329
-8.505999853934226
-8.452781157280297
-8.452071301828223
-8.461267277121921
-8.440712807259976
-8.552482153547762
-8.511837940099259
-8.495072075430356
-8.504260916226277
-8.436586481362522
-8.520466487831971
-8.54641323345685
-8.44636688690319
-8.542362223064098
-8.435067738299193
-8.471554150319328
-8.52653175646501
-8.570129424804435
-8.591500557520972
-8.517020680408969
-8.550074853498876
-8.557279227788724
-8.407292407770203
-8.474515252602183
-8.449772216787538
-8.540427829007333
-8.507289182618107
-8.490693163138948
-8.491600623117842
-8.463179961992283
-8.469018512253008
-8.449565040393196
-8.44245932470539
-8.502030857553965
-8.609291280940289
-8.511655077984527
-8.543355958789526
-8.480760066589935
-8.522276987123307
-8.590255192629026
-8.537342292212784
-8.49350594941888
-8.56674448969592
-8.479595722854276
-8.50340237492839
-8.486590309474975
-8.48510848191446
-8.574624760738246
-8.507531172880578
-8.4807633366713
-8.560191163586254
-8.551276116582383
-8.416199169097224
-8.447211445312458
-8.481564042373627
-8.487678237073075
-8.607978994899861
-8.561009254393673
-8.408364871679419
-8.52848186279346
-8.501512490215655
-8.524815537825047
-8.497389557986798
-8.50432703908252
-8.420691755429973
-8.518795980179087
-8.590346925969905
-8.530897506268131
-8.582340412767627
-8.475425166641498
-8.508035467245653
-8.449584978768959
-8.476231168450266
-8.472031291537972
-8.543212352449846
-8.506832117147919
-8.418164105161573
-8.549536726963515
-8.539644763909978
-8.579761677305257
-8.51567675193128
-8.485096744521298
-8.61073430148933
-8.535262481844661
-8.45976342985516
-8.484659381810227
-8.50422281654564
-8.467659427446499
-8.59590336569415
-8.48577052675673
-8.461771079308448
-8.60712103509084
-8.475557378386547
-8.490384135626352
-8.526566062977546
-8.446343092319813
-8.434867438207478
-8.599854033864897
-8.594802891728428
-8.575996351244688
-8.5199904942883
-8.524350708997133
-8.512734068894037
-8.606975111136887
-8.489770027223948
-8.567531350016772
-8.504675350418117
-8.59627086693519
-8.487559882179227
-8.491006989311055
-8.532224650240988
-8.581949486784133
-8.595197700158712
-8.49907948625065
-8.530101231361904
-8.540966123868538
-8.603007267168847
-8.481584057777033
-8.462013020178421
-8.563520526009409
-8.568668744715664
-8.581194779537645
-8.555529721456544
-8.505970263122832
-8.496759613947235
-8.599972834526413
-8.488841619992268
-8.520047614093562
-8.507939605147293
-8.55781389924529
-8.612866096298506
-8.542925672553174
-8.448968044543275
-8.521028008329687
-8.519251232267576
-8.603121962820257
-8.586986691289267
-8.467888843847382
-8.47071951526784
-8.42470614710059
-8.420060444554775
-8.484910880059894
-8.56521239418471
-8.551844043506756
-8.530537913297005
-8.55805620212387
-8.559397167062128
-8.419163649042238
-8.556310645036874
-8.485071194126858
-8.496022971187925
-8.592412206220152
-8.503436905984207
-8.536258049288596
-8.506105617324343
-8.550447205091404
-8.57775666235213
-8.548900544923985
-8.673513049927575
-8.517229645386967
-8.592826069666136
-8.536709876057126
-8.55243057192647
-8.531571839121794
-8.584362418958639
-8.49127748735599
-8.587567598829791
-8.49433958703443
-8.507379242384125
-8.57908525933452
-8.538360258284362
-8.597491502962995
-8.59154026408579
-8.589574172576986
-8.609507673463163
-8.458208714982328
-8.57929987649123
-8.635993984236633
-8.49855300725079
-8.487045395648952
-8.674449754330174
-8.672940026588895
-8.50038601681626
-8.52190072758541
-8.60869422757369
-8.554716691272228
-8.483065697333194
-8.578744254519718
-8.567326659130035
-8.579827658271464
-8.540916788320674
-8.587463158411774
-8.510964367678836
-8.548821145756289
-8.574805680320557
-8.521967255016246
-8.48465528642823
-8.59129932667643
-8.561402614094549
-8.539503889630096
-8.521248770781904
-8.6170479367965
-8.509664588987844
-8.520660307151077
-8.53589718044469
-8.568021139145513
-8.556484241895474
-8.482455205583845
-8.572425783063794
-8.52822007825699
-8.468529354214539
-8.567148826665933
-8.55264247405014
-8.507555914599918
-8.456591444834006
-8.591739336682513
-8.434328817278752
-8.499199580822419
-8.54447481131227
-8.545234466215128
-8.590714134203903
-8.63151002643269
-8.584077478248537
-8.584446131473987
-8.526250899323108
-8.515669363471037
-8.565067476512187
-8.531022882520032
-8.570098510809563
-8.471383911393326
-8.486239320629517
-8.604437354109697
-8.56622017195595
-8.501825188916916
-8.652635786441943
-8.531959873349571
-8.559029122518416
-8.626931726082166
-8.51109669263281
-8.663281728646103
-8.544394178405947
-8.62152377787121
-8.509364849669677
-8.532161474117627
-8.527126288004943
-8.608119010977921
-8.572288101012056
-8.596330016095934
-8.574125256918869
-8.538829765300727
-8.539744830970355
-8.60723630654273
-8.583361811920353
-8.553402420333821
-8.554050525382289
-8.57959234419851
-8.44390889147955
-8.50848911065572
-8.630707114529242
-8.62698532486954
-8.58173866274832
-8.601416997172024
-8.583555196589485
-8.545988376548598
-8.565824787178977
-8.45261571312778
-8.493119157795848
-8.450836553107326
-8.56442788279577
-8.636567501458229
-8.547228531037387
-8.535635102235087
-8.596866713275443
-8.539803593148605
-8.563423869314216
-8.672280743095802
-8.537102931606652
-8.564642411509457
-8.559337877776725
-8.48131392190354
-8.537217593794702
-8.57019357525377
-8.518870126218934
-8.567810524185207
-8.588550111885077
-8.577263857879364
-8.517144972233154
-8.540754390636208
-8.605482436749824
-8.612606655072872
-8.539245727625373
-8.628401787960243
-8.573051850280837
-8.603489466511377
-8.582979670406582
-8.51516259122612
-8.604125847129195
-8.574004471074044
-8.590174468978871
-8.601280662542953
-8.635567688985075
-8.57668708654782
-8.57590901947964
-8.523676415148598
-8.607378872854001
-8.603479390846875
-8.608095327019846
-8.521629883032645
-8.612437037057267
-8.57707963315937
-8.630407230189318
-8.567294364299192
-8.539451170581247
-8.579000051633146
-8.699116420511483
-8.527542945375535
-8.59776349044231
-8.52652066936138
-8.625069103215328
-8.636652904113836
-8.60672251764774
-8.521863528456626
-8.590367814309603
-8.604788078652291
-8.642138795311665
-8.594939362028901
-8.60437885918938
-8.493239299768844
-8.62596952733121
-8.600145990861185
-8.571976248980617
-8.657603753603281
-8.578376802757708
-8.587435415078739
-8.609171995726985
-8.571681169415712
-8.686773164843954
-8.530946903980873
-8.637890600085166
-8.555007545635755
-8.522076702500891
-8.641517830233225
-8.580060007739853
-8.626263611157878
-8.623815882243816
-8.586892200896045
-8.525765042289345
-8.654851297895062
-8.661433604640457
-8.58850636969727
-8.570557981666019
-8.566890474295162
-8.507699957523862
-8.607554067467033
-8.542510361519511
-8.523139570883325
-8.596383284013873
-8.56754005690806
-8.636068317834958
-8.565794557615732
-8.525147075814104
-8.674327792869068
-8.674765821237328
-8.599074960627807
-8.64213254495798
-8.633180540734434
-8.611273420380089
-8.604450964672415
-8.602526107771293
-8.506852175751243
-8.59387856814619
-8.616815739895106
-8.62718106533033
-8.770715030451319
-8.70418847598082
-8.651936117381739
-8.599585907942384
-8.66362400865661
-8.568976524671227
-8.589878416105241
-8.627768313564113
-8.69309711642615
-8.68000939180335
-8.614708152486502
-8.540728159454234
-8.596945163397626
-8.640055483146222
-8.63586632251195
-8.68000459919977
-8.703986733569794
-8.639071531238043
-8.71859878001474
-8.657993925319376
-8.628143558451574
-8.669301584853699
-8.602582024007852
-8.725970160046367
-8.56636900713907
-8.593299853565759
-8.604090351900117
-8.610996033369444
-8.618045788508672
-8.585755050704847
-8.7006603016395
-8.67646111152138
-8.620405828987623
-8.663770999516899
-8.713466913853912
-8.595341297912213
-8.63794329896736
-8.547606986012736
-8.647065540048034
-8.587793495541606
-8.579123718082046
-8.69887288649421
-8.642780248310606
-8.559577867273289
-8.645433910398388
-8.574473133009375
-8.674317520246419
-8.619775478611443
-8.673009733189845
-8.600886348939174
-8.567393808372426
-8.702482957292911
-8.63652714836466
-8.694770469891353
-8.590941014342176
-8.579422924375647
-8.584489806401516
-8.764135150638749
-8.616910457574853
-8.660664828618001
-8.599768493830576
-8.696242743973576
-8.70601086597519
-8.739121528415124
-8.653098662179817
-8.565848444341412
-8.613140147811865
-8.596515614073029
-8.57954548960211
-8.718553950268472
-8.564198854656857
-8.595327791262992
-8.668891159627604
-8.523916953061981
-8.548583424197428
-8.644707551686135
-8.632875383262235
-8.586008847545482
-8.611347916714799
-8.685496883020633
-8.537245243233496
-8.579301191243571
-8.655393574878403
-8.67519755561848
-8.715289203936319
-8.624769562583364
-8.678490116822148
-8.655663091457777
-8.645641480333722
-8.619361637724555
-8.59787362936864
-8.672023182688738
-8.66692341026652
-8.649594324399684
-8.622392125316166
-8.67905215307043
-8.69761428532673
-8.651800983355825
-8.676537348513639
-8.68300358113589
-8.689247134762201
-8.600623992968364
-8.720145838265843
-8.679542588781226
-8.58967264297719
-8.630983320261512
-8.68854396110806
-8.574730322798894
-8.591771257195743
-8.587917924552288
-8.639941682566322
-8.611517644395361
-8.748413863956976
-8.61885514164403
-8.642673475547197
-8.599387978263678
-8.748152905418317
-8.620430620680379
-8.719356102691288
-8.647991924951475
-8.728629424597488
-8.70161489800987
-8.756823837865657
-8.686874858049284
-8.678760565593766
-8.681555033128312
-8.639823373802562
-8.697202592532252
-8.597748105476567
-8.673886056880326
-8.670714468922318
-8.766961924002896
-8.600727214666307
-8.728318991093227
-8.687951190130793
-8.692735714825927
-8.565000963638843
-8.672760558403604
-8.638144738818786
-8.679134739656087
-8.752653077457234
-8.665136743173774
-8.633385441357358
-8.788300427549668
-8.636028479750049
-8.660154424358078
-8.646766898174112
-8.62258052375113
-8.75992207917476
-8.778006378505046
-8.654371995588539
-8.67140545569652
-8.739068473195436
-8.64753276796287
-8.64282243768675
-8.590528697505246
-8.675491471628645
-8.638295429645517
-8.659714750752688
-8.622755510644435
-8.654229781197387
-8.70193723907661
-8.664823907300796
-8.608076302633789
-8.57078425510086
-8.726447616333344
-8.589627187613777
-8.570236354602343
-8.632664602142318
-8.673534600240734
-8.63211915521617
-8.60371330296996
-8.78558865756382
-8.668312593429134
-8.670240197393676
-8.746970885119724
-8.697760809314607
-8.749043939392568
-8.700272920202222
-8.739436959085387
-8.713951133576028
-8.615305079311147
-8.668259658085384
-8.66930150171732
-8.719439199250612
-8.687285321419825
-8.681769422481864
-8.740424609144766
-8.75001405854582
-8.73809895166415
-8.660400267157085
-8.84383941748129
-8.667432542901834
-8.735644070746316
-8.675947256626939
-8.674263825344989
-8.638765641581804
-8.639069473098663
-8.724165049641602
-8.648788440830815
-8.620488217117162
-8.682666178123709
-8.62750019288527
-8.656480660502316
-8.659593641608458
-8.718495066692684
-8.696557185627162
-8.699292371078736
-8.669295785025755
-8.763800905086644
-8.661561798058598
-8.686718790437018
-8.601812845853797
-8.712235171837497
-8.612843073365713
-8.632587905846488
-8.699007983597815
-8.708402102887417
-8.724558889724857
-8.600297011056645
-8.67141337132875
-8.71789731165927
-8.692785112643676
-8.741151424591123
-8.698694482772712
-8.67180893198468
-8.752932290213463
-8.694482971769649
-8.715351632125117
-8.739311950224835
-8.718984215623244
-8.727146770407476
-8.686897201294357
-8.73383592258237
-8.639055507216671
-8.693805490563966
-8.67803653236082
-8.620786494154808
-8.759656813861397
-8.695371474699817
-8.612010227102957
-8.737408614314917
-8.73253829083927
-8.662309057642416
-8.75296538464438
-8.69804308996259
-8.724500640969255
-8.743191849644507
-8.749027218975193
-8.726765371108447
-8.829127150524537
-8.720037821239545
-8.729492199565943
-8.711697954465661
-8.656028713678163
-8.76085354407627
-8.661853066255587
-8.728641188948941
-8.661114414700533
-8.781713335365195
-8.693533307730155
-8.727981524884497
-8.776711964396997
-8.69154755212562
-8.719941059196131
-8.729369966333566
-8.69371783673378
-8.689569762277515
-8.614248129844746
-8.760498908256354
-8.621938677692782
-8.759251684626909
-8.737190660455736
-8.698683591309154
-8.631503545658509
-8.809206033043436
-8.721959318978069
-8.739984152439945
-8.71208055724589
-8.679553488550892
-8.829218575328639
-8.681482742525438
-8.697538557335552
-8.791295312329062
-8.791586693035624
-8.756577582373499
-8.669207390729811
-8.797372279090853
-8.664457728253915
-8.79535873662914
-8.766934138287485
-8.734286169245705
-8.68737472707658
-8.691067719829007
-8.71789948414884
-8.727099387837159
-8.782712713946749
-8.826844220115118
-8.718859451087853
-8.77350943725311
-8.76948674671421
-8.705299946487528
-8.836400892477494
-8.71538544923119
-8.741331898758833
-8.73957093468468
-8.800683415614415
-8.725817377639837
-8.69901466121496
-8.663377254373334
-8.783238709904133
-8.621574758238769
-8.76385205900613
-8.733161178223197
-8.634222733951047
-8.690231626261747
-8.647659290197002
-8.7475475606881
-8.786414124829907
-8.684592414744243
-8.722219870494074
-8.65600801988767
-8.76705739677067
-8.795485059214279
-8.760203953023648
-8.746377749257842
-8.767281733879704
-8.811710588847573
-8.764378695617586
-8.685466745419047
-8.766858675917112
-8.767662226841333
-8.772829691758004
-8.80927792468999
-8.76530470615313
-8.815287661471134
-8.791928272495664
-8.78188350810553
-8.800934241956085
-8.777858511415403
-8.765369593052194
-8.839726630731453
-8.769221846346133
-8.785202387662585
-8.800055796909247
-8.77590208645645
-8.684142769441584
-8.748065217931533
-8.788336606885663
-8.686766181001738
-8.747563866975968
-8.779388689347686
-8.800939781172792
-8.734608499215105
-8.763814728800346
-8.774845506672623
-8.836117577926252
-8.751515258487435
-8.793744448544697
-8.684115310937914
-8.799999039760452
-8.785009379322942
-8.764739742679595
-8.777797177651875
-8.620618226045224
-8.701281030416835
-8.888614054612864
-8.68523211049391
-8.754957296364227
-8.793602856659058
-8.688747439606779
-8.813820606320606
-8.750587403889147
-8.621762363011914
-8.809287160364212
-8.808929044758868
-8.721492935894823
-8.719851573042716
-8.74141932787092
-8.845112796172822
-8.808712865961864
-8.756462177420728
-8.711432941579247
-8.857375995697188
-8.761182973547111
-8.778663038002426
-8.81156808843498
-8.781588658888605
-8.859814606082995
-8.790514837524805
-8.828985851114613
-8.708548771324722
-8.816371277852756
-8.784967675600578
-8.753825295087628
-8.831386271573601
-8.79624657493128
-8.81092426944758
-8.870305708314167
-8.769367451267838
-8.728277988463802
-8.873715966467033
-8.79233326802258
-8.752721203963942
-8.774089437826666
-8.695400448745811
-8.711750707195872
-8.809032723177195
-8.803185848001897
-8.77541057825708
-8.750928540556876
-8.804754317678741
-8.846902325149319
-8.770051601316764
-8.832392442096632
-8.87768669218877
-8.823177796448524
-8.778308539149485
-8.785946743532314
-8.7075624419082
-8.777730473217646
-8.768658290032986
-8.833145164651446
-8.81484622911314
-8.75503589856243
-8.769818077803999
-8.83108167238797
-8.806072367715588
-8.805716912265563
-8.784978132424769
-8.73612743875516
-8.738717706937939
-8.764376137750682
-8.751905663549705
-8.81459331440567
-8.71002907125458
-8.772678013825608
-8.787728586325253
-8.82669876500364
-8.707328925917066
-8.808046317146678
-8.766300116785175
-8.868489644934082
-8.792700447598293
-8.72457746668219
-8.774447881268587
-8.768313446799723
-8.808806690259999
-8.859220374475717
-8.828171538267478
-8.826529430470773
-8.770259499108851
-8.727664037506093
-8.822448922830352
-8.908189918440584
-8.805460074755228
-8.791299548810438
-8.7815844274193
-8.743889165759438
-8.782917641739585
-8.731396626940507
-8.766627120344069
-8.77720749391783
-8.719231356692218
-8.763350451600765
-8.80433570171931
-8.869846570928898
-8.885119521146398
-8.81307094736958
-8.698422896193634
-8.75191660098968
-8.80061388616115
-8.757346393043882
-8.840236430313565
-8.76239511739573
-8.707875844694806
-8.74611205993418
-8.748551087070396
-8.792929977327764
-8.742317177569968
-8.804950100950789
-8.782421169881319
-8.76753867340311
-8.792680752259065
-8.764027206057674
-8.844164156948096
-8.82735096984293
-8.713604290086819
-8.918707668535108
-8.846394712424285
-8.763281127654333
-8.797916372047267
-8.753966079196712
-8.810646759914599
-8.86698887857475
-8.787106266190287
-8.77847507660017
-8.832048385314549
-8.809548737651392
-8.758116410223248
-8.907433032577874
-8.732967002012058
-8.796452047379267
-8.883167045821002
-8.93470221606008
-8.79214651690153
-8.808510690207118
-8.849149411497333
-8.797865017463895
-8.83057425949518
-8.792903687298184
-8.813915696090792
-8.759212995515306
-8.834526018858384
-8.810536573132088
-8.891388134045165
-8.834722325579504
-8.803509308207557
-8.828551491070028
-8.788236014096245
-8.775000417307659
-8.852313520645751
-8.898075861987481
-8.77563300302322
-8.812055151774766
-8.758022765135252
-8.719321383218277
-8.938573387987196
-8.85902060318711
-8.932217681780037
-8.860443559471886
-8.777430095137099
-8.80749489574014
-8.857263955819299
-8.822872504916056
-8.8220402001572
-8.852175562160145
-8.837903578765266
-8.735256708690022
-8.808917798353548
-8.870170175294893
-8.799151822949792
-8.831462087752762
-8.875056527967663
-8.837801611216397
-8.865240354013553
-8.898204378643074
-8.787571391404223
-8.789848159422814
-8.896105818085031
-8.775493139986521
-8.856225292116875
-8.871537524945133
-8.796905053544284
-8.799092568474856
-8.8448370999089
-8.835962394584152
-8.763639114364516
-8.897881571256832
-8.90269833954658
-8.785086140889149
-8.847596123180631
-8.780241070752872
-8.845975874385028
-8.843922197225748
-8.819239251637104
-8.784463331056617
-8.82043585242379
-8.932650036955222
-8.856764010584332
-8.855005777600931
-8.823268526575045
-8.76893892132227
-8.854015314394141
-8.893204541071201
-8.839695339677112
-8.792882722808752
-8.85393049317992
-8.925212537689996
-8.815562718933654
-8.856730485568734
-8.736156635515233
-8.920497548585656
-8.866230958689279
-8.87578483270257
-8.850273889313726
-8.80620297134145
-8.92190497893822
-8.744233542750825
-8.849530568673977
-8.886974338904187
-8.834672588656483
-8.882624007313321
-8.786051002232341
-8.808243108845977
-8.815410005349259
-8.811401446313093
-8.791248805246804
-8.798909283720002
-8.84769050459817
-8.898216704850077
-8.776587463688818
-8.877898857462736
-8.849497711258756
-8.847719199616046
-8.850591150205554
-8.77842835710002
-8.885897673793123
-8.884292234158034
-8.86551283063026
-8.918580168789797
-8.89409622744757
-8.781855498793222
-8.797845927066543
-8.809552883447536
-8.88708516944773
-8.848202693892722
-8.93225665547366
-8.791020067045883
-8.864166526125079
-8.85138127467458
-8.87021850480642
-8.923181680942172
-8.905238679439245
-8.920580389042037
-8.897845287783005
-8.818735847696987
-8.905460144451068
-8.842990704219412
-8.900179289128127
-8.874150932339152
-8.915886281349072
-8.835083045711349
-8.839657755305964
-8.911741513329936
-8.968282646668685
-8.875001555477962
-8.848160559910694
-8.941233270807007
-8.822853207956172
-8.917659069664067
-8.847670243691967
-8.921178992650587
-8.883393612686213
-8.890574134543671
-8.874174540512287
-8.804367748158901
-8.78318515135545
-8.870129865423207
-8.78843024846239
-8.853220152527792
-8.865981362814294
-8.88290159699105
-8.913272821849871
-8.809426435620423
-8.777997216336695
-8.932481610328956
-8.840539024826422
-8.915451572078215
-8.938789569505358
-8.85078400648574
-8.936138206974574
-8.899246998588152
-8.892399589821368
-8.87322868097849
-8.922578921080069
-8.843404224796304
-8.840933763512085
-8.890708285183416
-8.831416813956784
-8.87465542308022
-8.898602310544737
-8.864182874726438
-8.86849177599199
-8.860327565980521
-8.859324043473327
-8.918474937833883
-8.966579965874603
-8.893316877466612
-8.831788759040156
-8.882858474154682
-8.897910208026362
-8.897368610716228
-8.873076375838528
-8.899524485317734
-8.864084614775695
-8.922257865065902
-8.89185506114126
-8.904582733997364
-8.937745108996948
-8.953271899577546
-8.854984203906968
-8.863268445344309
-8.945359523906808
-8.914447660686431
-8.960441560313567
-8.838177293516726
-8.923269340788625
-8.955942248005904
-8.854863511744739
-8.968761568993889
-8.864342590647615
-8.846983461310133
-9.020760338124305
-8.855253784836435
-8.942230078438984
-8.952384763988634
-8.786033715734602
-9.01079361271286
-8.865867851487613
-8.845249039454494
-8.909783020792228
-8.96119682600141
-8.919195340207091
-8.913634932867936
-8.953600684186474
-8.97978767038847
-8.913042544642396
-8.972534850766545
-8.834548848211995
-8.907235845058782
-8.992762476066481
-8.80367601526506
-8.891767368790003
-8.90252492714117
-8.980754097241597
-8.900524797336717
-8.926949336025908
-8.80397810906332
-8.809204408194962
-8.817557234693602
-8.87855375127324
-8.948348268610866
-8.97684236411219
-8.9107890626961
-8.850824833539892
-8.855907974379386
-8.890970528519649
-8.849847101653637
-8.938858387158483
-8.933670933667731
-8.906853542448141
-8.883216238904497
-8.925616083293894
-8.88156174075518
-9.03422145247632
-8.896793029374413
-8.896925034847104
-8.945174950562528
-8.923701823107143
-8.891196563700769
-8.837395211085626
-8.909896288874767
-8.884272315391797
-8.866471427120898
-8.869958897716206
-8.827873925531708
-8.956141233205408
-8.826260556816996
-8.952332129657176
-8.827402255098121
-8.875453264503717
-8.907962820844372
-8.931755832053252
-8.802262111801934
-8.94307100095194
-8.824898624925654
-8.869161563952852
-8.92777994067236
-8.915345774203322
-8.952737104784102
-8.932482194695627
-8.896002309200549
-8.878301124504125
-8.915619002833644
-8.978519165113697
-8.909494506422117
-8.92619378116634
-9.017559687201716
-8.972049704091097
-8.90720308787945
-8.940943185626725
-9.008337019362923
-8.990207469933244
-8.92466903921102
-8.989287093182785
-8.839959775108834
-8.827268550330755
-8.902167409286033
-8.931388031371323
-8.827204480462449
-8.914945268616197
-8.893761504582434
-8.954649849432093
-8.878749071165464
-8.975627176593536
-8.93472189973624
-8.999347589290863
-9.034483721979319
-8.956835111240881
-8.948055287626714
-8.927455672779855
-8.972762776465718
-8.89498515419461
-8.874654097100963
-8.876409806909672
-8.855128864840163
-8.862080789929392
-8.894088077126822
-8.930608086787084
-8.858535897245423
-8.975070649539527
-8.890629073501563
-8.939489349847689
-9.028455267142778
-8.91619375655729
-9.00086607217976
-8.879264042417779
-8.938164619922118
-9.018857155381621
-8.930703219081572
-8.886671498853842
-8.903343952618862
-8.900316965199762
-8.946056569160278
-8.938235574862507
-8.892058095979163
-8.849000507914138
-8.901741237822886
-8.879654451799345
-8.949046870549372
-8.947710959284953
-8.911546749188114
-8.921872325364683
-8.869063686389813
-8.934705563779202
-8.929980249832395
-8.952820099914732
-8.991968395804909
-8.957881439316855
-8.943711928775492
-8.960598178158968
-8.913602228236442
-8.938432563220427
-8.928844823882285
-8.924480959814145
-9.002638961657507
-8.954269809380676
-8.898966088300485
-8.943507087513074
-8.98391959193894
-8.968165412296525
-8.904198451861511
-8.936583604724914
-8.900085772341189
-8.932518896927258
-8.95553250100469
-9.039141852674225
-8.9951918706125
-8.940985521696687
-8.930159008018437
-8.939764285452815
-8.917757958075375
-8.985520741754717
-8.935468464230798
-8.94131245906336
-8.893785750769611
-8.938818628142805
-8.813539061999608
-8.960551082911383
-8.965513770507204
-8.982831585420563
-8.923445933462876
-8.93940517840083
-8.935394681701625
-9.026932762972592
-8.980445992170862
-9.00529026735534
-8.929401243242213
-8.914056727351412
-8.913832320043287
-8.889171917848175
-8.943283493996313
-8.826570280749308
-8.876174540297516
-8.851929067456195
-8.931991951434602
-8.89515158920281
-8.98371576944959
-8.965188899456031
-8.987755147793882
-8.94125028343772
-8.845445957497894
-8.971896241823732
-8.921804727502632
-8.972302725689682
-9.000633574631083
-8.912354252554502
-8.98854214513173
-8.951074032445735
-8.944961072104574
-8.911080579815602
-8.987395273430222
-8.918761956921832
-8.945735450979548
-8.886861418072218
-8.97618176193876
-8.93375146961017
-8.996649606160156
-8.952829910749955
-9.023611935050395
-8.943955074852726
-8.962672298009734
-9.005578827414007
-8.96277718808405
-8.929086480394039
-8.965976905341558
-8.949389794598625
-8.931278767269314
-8.999948763969881
-9.002880900960827
-8.967918589699787
-9.001958132842672
-8.929054502997984
-9.002722240703175
-8.96269210423138
-8.943724281150358
-8.991297413580616
-8.92224028590347
-8.92761640161185
-8.967797300620104
-8.938601263533377
-8.910164761540118
-8.957846015225506
-8.828152508759638
-8.914823180434981
-8.899171460661869
-8.961257345538888
-8.92664675245492
-8.898205987987385
-8.992860078460273
-8.99698203063439
-8.944203414806294
-8.897901359065164
-8.930225268741982
-8.951279004715289
-8.939094967927765
-8.928054394616382
-8.891581469442498
-8.905067890820762
-8.961537572809387
-8.915970920144543
-8.98978433666154
-8.869518750267032
-8.944725978634583
-8.941934454994868
-8.965979435200282
-8.932317720323722
-9.01699795331107
-8.94792704241592
-8.947628226935537
-8.91815322849893
-8.927147691192472
-8.985525862237113
-8.93484043679062
-9.028599764441514
-8.9300454704232
-8.951807785097463
-8.895955118200673
-9.007806735577644
-8.97659769023216
-8.904397339647977
-9.041751678564577
-8.997022610664144
-8.965556896277102
-8.91803915566325
-8.97017742462714
-8.914811135111327
-8.954297115137413
-9.016625890129886
-9.00001938814161
-9.012241078727115
-8.959109553640175
-9.026396133685328
-8.904528458965148
-8.986127733296808
-8.918759437397398
-8.95386060499962
-8.972747981170375
-8.987096624739829
-8.922569562138195
-8.920370888463955
-8.906189655677386
-8.992451455223568
-8.99569458973961
-8.896537785613623
-8.923056515115022
-8.975845256539627
-8.935745779563048
-8.976112028271006
-9.009288265094694
-8.968701833791398
-8.93042920234804
-8.924613666395429
-8.995538173071465
-8.961759079650376
-8.961025948240447
-8.90080369598102
-9.000949296407951
-8.909330168483
-8.94042106357603
-9.041666141877036
-8.962835416795475
-8.95365923311717
-8.937387692592647
-8.876508764107276
-9.05913274382012
-9.044715607397325
-8.937915890819474
-8.976841323554764
-8.96905628648028
-8.945329476641147
-8.927520866970312
-8.94286957958262
-8.941642010854258
-8.895761866286964
-8.9851826220759
-8.969141564948542
-8.912364868121694
-8.916233829412525
-8.954794891671728
-8.955544607284427
-9.015767764975624
-8.985863011512444
-8.963729298284553
-9.022753901645563
-8.92799031292341
-9.00556286006172
-8.942122375217595
-8.930939675223529
-8.98572032747133
-9.021040995022453
-9.019354244521265
-9.007782580432062
-9.021834699279855
-8.951362114484272
-8.951230241215443
-8.958123552835879
-8.97815333909213
-9.029762027158938
-9.010499795357871
-9.00101443929752
-9.017864053430428
-8.923925417254294
-8.966991307121228
-8.87488082580584
-9.013554392090782
-8.983279640536747
-9.120572745110612
-8.978578624708275
-9.017084862044772
-9.026899055409146
-8.971229439641226
-8.963783617393387
-8.98977747526743
-8.951006138083912
-9.045528136158827
-9.004163701914818
-8.884920228898585
-8.988206590422033
-9.021857718271296
-8.895856044776542
-9.033604556857638
-8.950769285408098
-9.004513168526104
-8.901093512343241
-8.87871331874547
-8.960281130639956
-9.070438870240071
-8.976649813314463
-9.082224682419369
-8.949261442129943
-8.969556380242949
-8.951580794243048
-8.968908133366774
-8.982494186875682
-8.983942962216629
-8.965556733280287
-9.030932344848678
-9.019856882650089
-8.98856957240818
-8.984175570195143
-8.927574216964684
-8.960149991606636
-8.94493321254154
-8.97610460547511
-8.959698973468099
-9.02094000706112
-9.003584792141279
-8.95357526528999
-9.030220722258745
-9.06285561129408
-9.006286291787157
-8.913674316873706
-9.03555898396334
-8.968968661005025
-8.95319256854283
-8.915659479349834
-8.99890369797509
-9.07405525106158
-9.001800402526102
-8.99621587425566
-8.939728714142484
-8.928149656663198
-8.943413611058611
-9.000916748212672
-8.93699043168366
-8.948182012178517
-9.047015239784526
-9.013678326583436
-9.054154280841832
-9.031674123556163
-8.998441630723326
-8.928248947273302
-9.043413940322823
-8.941610322006538
-8.98843583876382
-9.023942033088527
-9.003086820533015
-9.030118180387234
-9.015328183102865
-8.977119386397344
-8.964337313299454
-8.985583960364497
-8.978630083196569
-9.02526676410164
-9.048737947429448
-8.978726238421949
-8.97843018137128
-8.886894123782868
-8.98632649463738
-8.989039222488836
-8.9782015845319
-8.961238300631388
-8.997690401008397
-8.98422206382565
-8.947168338930927
-8.942962077789536
-9.06038765680163
-8.97496004568234
-9.028003008390716
-8.988802373344157
-8.996694606367509
-8.973299250877348
-9.041813036187804
-9.00694666764429
-9.019212277066599
-9.005457719357382
-9.046570155469627
-9.006350954365578
-9.049788764051085
-8.967676660504651
-8.934820194472591
-9.051067925953719
-8.888686233102979
-8.964771882455896
-8.8974563454269
-8.992098481648096
-8.965838532061673
-9.002928619877052
-9.019458812085963
-9.070210776356003
-9.021345572211066
-8.996435107281718
-8.95686056331138
-8.982539466187982
-9.026867801463883
-9.032185672553572
-9.04016425833543
-8.984586309850897
-9.020566568144233
-9.023589510527877
-8.88684110902506
-8.950978252438805
-8.990125157669317
-8.97608413395902
-8.975418635850673
-8.975302565162304
-8.977569578044095
-9.033662087601208
-8.929202467151558
-8.690141750209623
-8.918801277744224
-9.080457358862683
-8.612798501636798
-8.670975056134115
-8.955810673256535
-8.59851640590844
-9.001355919378923
-8.81512099457921
-8.04346370982858
-8.441011020105824
-8.29058239592483
-8.159039573140559
-8.416318398499767
-8.841433252768912
-8.289399495485133
-8.560385158521347
-8.817179055151568
-8.886373791281455
-9.047938228749656
-8.405850186347605
-8.588624741959135
-9.030368835084088
-8.901106780812967
-9.014337309314474
-9.017421181351228
-8.874581304485208
-8.966179691048346
-8.995320405722394
-9.089127048046283
-8.99377297555216
-9.002125334066276
-9.015077061874285
-9.019849957667175
-9.091854822401904
-9.020850142564804
-8.99155498868558
-9.008064400208033
-9.042575437115422
-9.027461980566631
-9.026382137059658
-8.968190208157703
-9.02565983797221
-8.995075260943475
-8.923909310034617
-9.034981741557006
-9.005786655191912
-8.986088237505877
-8.98307552357304
-8.98061931218127
-8.972728865743065
-8.839839864776563
-9.047163879160445
-9.037438609256883
-9.060787366681842
-8.966105903996018
-9.014159398930365
-8.915582682299174
-8.983714158844345
-8.975275677238363
-9.001367568774002
-8.981823783028686
-8.986932101262015
-8.963194281279131
-8.963703953908345
-9.033366810890156
-8.959630671804225
-8.976335803489041
-9.0334454208539
-9.01365659739342
-8.93710630004306
-9.052653173508597
-8.991509765601414
-9.000087695004755
-9.060007201526307
-8.986367735503253
-9.033419447765503
-9.067157094309824
-8.925232815055912
-8.80424712038218
-9.106175822333839
-8.820219613235333
-9.022782589384299
-8.975579997482148
-9.023479340141643
-8.940680060386875
-8.954397253104872
-9.012367655850367
-8.931791122911092
-8.985848489144404
-8.930174569226228
-9.03919704391596
-8.972450862131954
-9.033431509847262
-9.005890313466086
-8.996179031494647
-8.94113310341784
-8.92185403488554
-9.026545715895237
-8.986530596513282
-8.779005798024356
-8.917737827395205
-8.661512526802358
-8.967435206459587
-8.962050902123345
-9.028749079726209
-8.983521326233573
-8.932802175144252
-8.886032806861008
-8.94106364225838
-9.083302468804922
-8.985285082132439
-9.021033639885768
-8.972635404267454
-8.890625392551215
-8.979227584889198
-9.078655741417222
-8.610101242285651
-9.04216589311864
-8.92005024531733
-8.943815114623359
-9.034396264600199
-9.010875104254191
-9.05065856774098
-9.038955674159675
-9.020595934674269
-8.999233141200508
-9.009813375392325
-9.00471348726226
-9.05522553036605
-9.0298392854038
-9.040155578879776
-9.024590146308562
-8.97076614600002
-9.035105085044126
-8.998696361978494
-9.107447993820356
-9.02694493001701
-8.977449848105591
-9.044395699344816
-9.10455474494298
-9.028903798750047
-8.982476120076198
-9.035454609405475
-8.919873797063456
-8.919695235825737
-8.957093001310673
-8.757727624180674
-8.902031828934213
-9.00181468286809
-8.532442900680515
-9.017173192859001
-8.276753511798724
-9.007187109201904
-8.381483109927071
-8.754260405370342
-8.416748759384658
-8.708183900814868
-9.039395051058047
-7.841046357035463
-8.802051025249643
-8.374169710175297
-8.000647762449125
-8.332398832001642
-8.212912344810858
-8.210596597332241
-9.020676315127028
-8.914246357748295
-7.778570107947296
-8.893723877880872
-8.463019050741272
-8.485014622800142
-9.030166493704545
-9.004481420472816
-8.955024697545603
-8.86115439601976
-9.002813267033272
-8.96815368367916
-9.060463404038844
-9.00188327776596
-9.041969377709718
-9.010851178401296
-8.934961990864988
-8.962264295604232
-8.930687312711047
-9.080920759552367
-9.077244654269617
-9.021951073963839
-8.93594727226645
-8.987694030427802
-9.018544778253279
-9.056191710350307
-9.042874310081034
-9.025801986481472
-9.040434555420685
-9.017466923569339
-8.991438189318172
-9.040105020183992
-9.055121383342357
-8.986220317597935
-9.009991628693362
-8.951250869529236
-8.992517963365097
-9.109381949839563
-9.08067991130317
-9.033422144423609
-8.984355099589974
-8.97735153545348
-9.099593283924108
-8.993830078901572
-9.016094426437535
-9.03319735558246
-9.037299509408543
-9.02482702397801
-8.995776523793293
-8.953387519156635
-9.027865762373407
-8.979734919298732
-8.9470504691387
-8.973017502078434
-8.684120310820324
-9.09865839112274
-9.05495070844057
-9.075577891696964
-8.912572802579724
-8.955273538297302
-8.8720209053758
-8.924173653430728
-9.011473069434622
-8.85301259101409
-9.04314193620636
-8.033089816747708
-8.72986566049032
-8.212642438366657
-7.36697354629003
-6.87715877377828
-8.504876996186423
-8.156236354661324
-8.114471272391507
-8.845968627586112
-7.806886668295774
-8.591329874048837
-9.08946287413609
-8.636302764588114
-9.037818117219611
-9.058491111215696
-9.055336761648306
-9.009956582838676
-9.061528164569939
-9.004615059973453
-9.026893718269607
-9.085997737265279
-8.972893568692923
-8.908080817533554
-8.998884947085914
-8.99336443426521
-9.011888359621038
-9.01498312089111
-8.953538384792232
-8.986777821788857
-8.979875075014977
-9.010797197524026
-8.904910230668703
-9.005546655662977
-9.005430965014304
-8.942259960774503
-8.951481857800614
-9.006204801273617
-8.957089089215819
-8.975286612879028
-9.006770551397903
-9.098730363207848
-8.906601293641492
-8.97405495986194
-8.949158351057555
-8.906308728734215
-9.004796641544724
-9.025073819452837
-9.016374597822505
-8.938401608876658
-8.974813489105118
-8.968166997841896
-8.948212154725436
-8.898259089360776
-8.880526854718974
-8.954991651195341
-8.92448812420679
-8.967267218508004
-9.015798701058092
-9.052029038510486
-8.898947620053796
-8.986716333502995
-9.054294270890328
-8.952399153338813
-8.97569375888888
-8.965570354364164
-8.992757982543036
-8.902333616427944
-9.087440630611164
-9.007741344776626
-8.990271947524812
-8.989456904341331
-9.012246898669003
-8.960329203803672
-8.915831628450162
-9.04554918233824
-8.925372859413775
-8.921618834976655
-8.992233856042544
-8.922468842276741
-8.95467217628469
-8.975525661937004
-8.952313801161287
-8.973232098480759
-8.996162355535919
-8.966196921262904
-8.904792031123486
-8.980959037592767
-8.98421213078034
-8.947686776378497
-8.94497846810636
-9.073537330270636
-9.020744595741895
-8.953265007258604
-8.975773071131718
-8.967347389179249
-9.025973619177329
-9.035294793963834
-8.973246801264075
-8.99807378008629
-9.004665210617025
-8.941823871501757
-8.947362560838581
-8.997786915557366
-9.016299987035566
-8.900460883106438
-8.995225832778145
-9.051745564851663
-8.96350042803184
-8.937686511746335
-8.962915758584248
-9.008112375008867
-9.036070714001843
-8.919217549899063
-9.07619968017366
-8.963841575754973
-8.960373790948859
-9.069711974741299
-9.017362394512094
-8.965652860732149
-8.960460151528142
-9.056746901327777
-9.011767537598606
-9.007843574322525
-8.974789360787314
-8.947214806757135
-9.04023849209706
-8.979602913616636
-9.128358520081298
-9.051985222350169
-8.990546951637013
-8.976348317497942
-8.993977558185643
-9.019732905077342
-8.986678145556652
-8.98569969110333
-8.943208447566425
-8.935956038456018
-8.914956129358925
-8.95608735706307
-8.981325241417315
-8.943126770903751
-8.99756167049749
-9.018608053032356
-8.948805305760123
-9.019505315204068
-8.985164581515246
-9.077789259706156
-9.023655010396123
-8.948688163893907
-8.988864514422154
-8.93562754536452
-8.964683934329676
-8.997058424464816
-8.981525411245885
-8.99349743891588
-8.93773987599686
-9.037057010009393
-9.0215467514859
-9.019365808755644
-9.009615668951268
-8.999672463483211
-8.963183459973907
-9.043350134498255
-9.010039605572087
-8.910612471468388
-8.967944193198603
-8.95562499197475
-9.033648092719423
-9.001226245577351
-8.940837668381231
-8.954097525982053
-9.029522282553188
-9.042788800011548
-9.094277717480553
-8.975486956637441
-8.907953037106514
-8.907178300169635
-9.058397423460745
-8.947891033766426
-9.031222407821465
-9.069555459583217
-9.003417105062104
-8.98282188155134
-8.98685086461519
-9.048018361877034
-9.106416276506998
-9.08545362476157
-9.0168133831963
-9.005889894104973
-8.984592136279153
-8.950315699527378
-8.998274160971805
-8.965195466138638
-8.964712750576078
-9.010942634240187
-9.01475443690396
-9.024506361797583
-8.96645529614293
-9.037111080596954
-9.009930723424766
-9.056602058246247
-9.064725543358572
-9.011378517388636
-8.962528881737459
-8.991793247305097
-9.048612496380334
-8.985851541110927
-9.054566417772142
-9.00640637154348
-8.980537415029643
-8.983868189014794
-9.021146631214851
-8.971496021117607
-9.042723349616605
-9.026749689638411
-9.073790880813727
-9.038143081421945
-8.96225460087202
-9.006046264787777
-9.041136385005087
-9.102879928597252
-9.040577876076094
-9.04836524215198
-9.063629586092809
-9.087777062547806
-8.992266572293643
-9.062032851877927
-9.019058572762185
-9.025407708109492
-9.104227848462097
-8.997654814218057
-9.068769103829709
-9.03015279341204
-9.001752885507761
-9.049264623980493
-8.978059438618663
-9.040214901877539
-9.13522553941341
-9.148299418043498
-9.048438015250575
-8.986021002464192
-9.005832076345172
-9.111562949877829
-9.051769429457202
-9.14517524897352
-9.061152289724983
-9.059256392413046
-9.045261494484881
-9.086745207230388
-8.988289830235269
-8.998655671677685
-9.087409864241335
-9.005496074451615
-9.023155118744006
-9.064879066054619
-9.041780509132778
-9.03648851815898
-9.043582928850878
-8.894699052667894
-9.077400678361874
-9.027476328439503
-9.00852246665361
-9.049748361038935
-9.054447987522165
-9.033954305614875
-8.980807199974837
-9.032327260374396
-9.029410048684438
-9.11864656875976
-8.996038293482108
-9.075476425119339
-8.954389728226998
-8.985938076110461
-9.05344322798407
-9.096519428542797
-9.069361511895453
-9.087327371474116
-9.1279573210271
-9.058884365581092
-9.035491531930367
-9.087565199521327
-9.045601949169244
-8.986414771705617
-9.09490118900271
-9.034468881377242
-8.977533560299744
-9.094295883544836
-9.069828343536651
-9.065581876970638
-9.09194202766916
-9.019256530666143
-9.02694783851578
-9.146737070924818
-9.044350280289517
-8.946504467684042
-9.026920428568323
-9.028979830556525
-9.063941085084926
-9.02027311068157
-8.975892781685332
-9.07661939381544
-9.059321504219543
-9.115114034823577
-9.038794842758104
-9.08942504002301
-9.014411498082458
-9.02064856731299
-9.034544398591786
-8.979424540941087
-8.973706067242722
-9.024350504107641
-9.018486557249913
-9.030338651119527
-9.067619680132138
-9.081363073621967
-9.092446495797054
-9.012442037498104
-9.061879617866918
-8.977727422960116
-9.078688628160592
-9.07151131085674
-9.0691549997882
-8.98425428845765
-9.040337960200226
-8.958413770791072
-9.049086342190577
-8.973193656799165
-9.136550716189369
-9.039353747112267
-9.109784520551305
-9.050333991410856
-8.968587985562175
-9.11296530335961
-9.050033984471412
-8.980632153067342
-8.989992127764737
-9.099091408116518
-9.024936255088228
-8.996870414781773
-9.026565733949932
-9.053929829595672
-8.973701250252399
-9.088230237449503
-9.0532987007279
-9.04250878955681
-9.019555856979094
-9.028930113100094
-8.99204983921127
-8.977190766406833
-9.021961031560279
-9.018638611512943
-9.002216497062264
-9.059500889268127
-8.96714641653362
-9.012186962185826
-9.102853210878669
-9.034856756280334
-9.066074279179645
-9.077758265909845
-8.97079584855119
-9.052730575991557
-9.025337785926268
-9.026460567000752
-9.0092589369857
-9.085568016042073
-9.052570435835937
-8.971994176774734
-9.151326915854417
-9.013730852215787
-9.056564037198369
-8.99871170215817
-9.0207182270851
-9.03634557878337
-9.167408207605993
-9.100586975954592
-8.999426368463167
-9.048700473982464
-9.095780174683084
-9.145701852052609
-8.996186846376565
-9.017832238388113
-9.09660880438491
-9.073308045001466
-9.060058027702302
-8.992142069946974
-8.936172202088189
-8.964301823020733
-9.022376421356993
-9.006485922222797
-9.025161228199396
-9.065049322520748
-9.040140054302745
-9.109617001634051
-9.01187307736354
-8.980679997955702
-9.070481821372383
-9.070502795377577
-9.046644080020902
-8.954574798411333
-9.000760367377863
-9.102113841120753
-8.970090573305326
-9.036533771155932
-9.020047258449424
-9.039523597651126
-9.083088946036105
-9.014948797626026
-9.046168628323239
-9.196275366408939
-9.097293973357912
-8.998341630880603
-9.038936240809278
-9.100648150240794
-9.010903191790034
-9.070764537643402
-9.1466755597508
-9.021465968083195
-9.056270445498507
-9.095823349121984
-9.06002952511926
-8.96747872643766
-9.014957594199537
-9.066434950060382
-9.04766306027288
-9.041570204501195
-9.112816669085325
-9.03065788948946
-9.072208328152977
-8.983063280327576
-9.087630391678973
-9.034493851476936
-8.952114528539346
-9.096015397194401
-9.058255690326718
-9.013163502123017
-9.035293786831472
-9.071114642017822
-9.03262440913088
-9.024510193161412
-9.075702545625992
-9.06228664538426
-9.089958524452873
-9.072148480211094
-9.025226743972686
-9.04860326919484
-9.004887615091235
-9.052090924072074
-8.979348596436544
-9.018118850373538
-9.021322677103255
-9.044929147903815
-8.979806004739595
-9.011409595526915
-9.102655489292454
-9.048849941677965
-9.065680819605765
-8.987666050665313
-9.05614526552837
-9.003606300980298
-8.977169049003413
-9.165253601423467
-9.000524552763656
-9.083967458962432
-9.07020486431494
-9.051318777649017
-8.928789912240617
-8.989403147925996
-9.119776137651725
-9.066892583070203
-8.989382277364317
-9.073096254612654
-8.996409547078281
-9.032371789964245
-9.050574643899939
-9.087548316886618
-9.029643319361474
-9.063153252048565
-9.017335598335533
-9.046006621630736
-9.092681848734019
-8.951402138676112
