1562.4117167568609
1301.033770526292
1084.0852395052395
905.3680800021043
758.5282993254051
637.1658839207232
536.8335039478335
454.43496298535587
386.57281827691753
330.5415616294156
284.0425555232717
245.50720885514295
213.34586747061257
186.43929624569017
163.8696689706777
144.764008737966
128.55608252168074
114.7672678639966
102.96580322420658
92.82603547911955
84.05860098623637
76.46012801867688
69.85848844405555
64.07108452703028
58.97674001968126
54.48695454506304
50.523677333390964
47.01325864122713
43.87688685240243
41.056570113258516
38.55044452108107
36.2567553234994
34.20441901755787
32.345618771147215
30.67246351691153
29.07603614509952
27.693958868081722
26.422654278126238
25.230934287963905
24.109185272527384
23.094634083196482
22.148469674593112
21.30137691807481
20.47713356249325
19.68874148463418
18.979963505499857
18.321002133116718
17.688477529281847
17.09010939229351
16.54745488193343
15.995428890004185
15.524120090256027
15.05169059055737
14.575400005922274
14.167990268008246
13.791170881736742
13.389977479560287
13.018555235819079
12.624423437228046
12.340426646044385
11.974925759901748
11.639050901575303
11.344682017598785
11.050301837406515
10.761791135283936
10.4805734062355
10.178951294247032
9.917370054263243
9.728594555997622
9.485834833212074
9.217980676549708
8.998405174870616
8.787752924718847
8.563353546165947
8.347803004910038
8.153943387247473
7.897050791440754
7.782674189111738
7.52409667795225
7.304572839675391
7.130661195929581
6.961039030965296
6.808218284192282
6.636963970083977
6.433564499295042
6.319720977402581
6.144298568558952
5.958688296142262
5.813352260557343
5.653625502635813
5.525786704241359
5.368679541093508
5.2400427342398705
5.091320254837196
4.902930754978412
4.780223016666351
4.583390816244098
4.528710139260257
4.407251861058871
4.270362759171106
4.13679510661825
4.017495979118175
3.8329818312201036
3.7769656469481734
3.6349722186831155
3.5154587607715984
3.410695503672411
3.295908914946948
3.1571399627164523
3.1198223178739912
2.964225656744188
2.8434944052669655
2.7489456611492553
2.7014484350768253
2.543581140754683
2.4333899712035016
2.3628754447953826
2.2098332266310075
2.1652837128125584
2.053119781414668
1.9767025486565117
1.8899203472814012
1.8355598646825158
1.6892335270668426
1.5774490791137288
1.532178210916993
1.4610844605410511
1.2822564632050761
1.2144878928853056
1.162466333698464
1.1306771213359672
1.0138344901002843
0.912333170039392
0.8687556571919212
0.7831694857476232
0.7496892553093715
0.5971468755973417
0.5940467548761178
0.5091627582344482
0.39325608287789815
0.37822800884751573
0.2954444856126943
0.24990507873038093
0.14316312077835258
0.08510884258578395
-0.00495999003586265
-0.048941116039980505
-0.10012029173084214
-0.16295828083510458
-0.27714527710260645
-0.35026804303167175
-0.3363183517230615
-0.414945423863386
-0.49373308530142146
-0.5678395136229802
-0.6095027205875803
-0.6766704285503562
-0.7320502531932548
-0.7533344987282394
-0.8857006752432828
-0.9445038689740365
-1.018303434563207
-0.9812578395490448
-1.0709868943806764
-1.1027080272057024
-1.2188132303660766
-1.2429256500393353
-1.310125624756352
-1.311942108150117
-1.3663611366208341
-1.3982309218441984
-1.412770090395754
-1.5665531116005926
-1.5486706207046226
-1.6268394219298459
-1.6315485142604567
-1.6781120954760427
-1.7123276119659803
-1.7888393794736648
-1.793769572991748
-1.862542831184082
-1.9734194045920717
-1.95418027113676
-2.0442715522463835
-2.047651453752131
-2.105500949636584
-2.111225815608614
-2.1198267339051475
-2.2167305850098247
-2.274546623305273
-2.3393158004836088
-2.3089710827222425
-2.340313229832445
-2.382686733037679
-2.4640529524411066
-2.438986277354539
-2.5072405438979315
-2.580688247056728
-2.5824480843999496
-2.6750595894324305
-2.6384050282959444
-2.6856367663783
-2.720468799315198
-2.7293993551734173
-2.811155152333052
-2.891587357105467
-2.842492142227738
-2.8867919745299817
-2.843680944785658
-2.9407586994595607
-2.992650936112376
-3.0657859115359907
-3.0467193062600417
-3.092453201058389
-3.0351879812459526
-3.140205809868054
-3.236898706483709
-3.267875253544865
-3.2195627835830565
-3.2656176855606165
-3.2550482522924407
-3.3120380886814864
-3.2841701132942953
-3.3866218505925896
-3.4123445100472836
-3.4056987059644683
-3.506065736635265
-3.484994351283115
-3.5516805525002564
-3.564015956299041
-3.5376857939156943
-3.597170207999031
-3.5889376386617844
-3.6137037414471056
-3.665676894168816
-3.6998352318495513
-3.6958434386894154
-3.8103708204456668
-3.758858108775847
-3.789146461723046
-3.8436681874657546
-3.85255661997835
-3.83052036694398
-3.8789027317522136
-3.925230721613329
-3.986584788421043
-3.961936768139543
-3.959549287818286
-3.940227823710515
-4.004198303964048
-4.110713166188657
-4.0272993600713365
-4.050106356990468
-4.094304951136598
-4.228567315553773
-4.168865534093225
-4.173182451290619
-4.237930818755891
-4.212936421258313
-4.318124458664588
-4.332453965866495
-4.301238439604648
-4.360363237751005
-4.323879708965632
-4.29721675720397
-4.377204329743629
-4.393534141527239
-4.374623832891152
-4.44735732453628
-4.545894882264224
-4.507877748951198
-4.516488792902374
-4.426563482804986
-4.565382287864753
-4.601566449456885
-4.51316139922996
-4.5674576941914635
-4.585939579616497
-4.701883645636841
-4.682577998412737
-4.736451255135829
-4.659475292620196
-4.751238500551252
-4.662543838615915
-4.662912276582598
-4.723160662659767
-4.792192520154911
-4.725223689948015
-4.783889395692552
-4.860094731614187
-4.859280332910456
-4.806226416142447
-4.846708712699792
-4.887814608804817
-4.856628701650186
-4.8442175139078465
-4.921370465818478
-4.973122018243649
-4.9727524449191245
-5.030452138268557
-4.936032126022421
-5.052112804491657
-4.981093212067694
-5.006521697230055
-5.139247945286407
-5.036685869767274
-5.0797896610483075
-5.038700514303073
-5.059826810658226
-5.135727362650152
-5.062273405067141
-5.175001479275255
-5.086277464274939
-5.193548287320148
-5.194510687057324
-5.105323153067385
-5.234528384386074
-5.197801337317103
-5.351243570680104
-5.222248592593569
-5.196785924034218
-5.304385730753779
-5.267461757304892
-5.290086527681039
-5.363959385964339
-5.237061275643473
-5.288590941507095
-5.368494669234749
-5.381583768948169
-5.373479444037824
-5.408253090577869
-5.5178983170512454
-5.406045313131014
-5.402609425515645
-5.39671028586301
-5.421872620865989
-5.442786111039943
-5.477569188819911
-5.527216373620483
-5.509198661954754
-5.502060912720264
-5.4538472819375645
-5.5423935036010565
-5.586788501472313
-5.539554889690603
-5.616012666095703
-5.608306993991902
-5.653676727919138
-5.583033019628336
-5.617730695117541
-5.655663093636376
-5.660743712540391
-5.605429245684871
-5.599019889985377
-5.649732756398037
-5.679350404111885
-5.74111032548308
-5.668527585032581
-5.732942859785272
-5.749334121259982
-5.743801189873216
-5.761121981272849
-5.711623190742604
-5.708293151985238
-5.747922154644115
-5.810895158424925
-5.755087809073157
-5.821539464543183
-5.870940928688413
-5.833359694995201
-5.830212115991495
-5.867783521185512
-5.805634975611039
-5.8585776965480125
-5.829918507514849
-5.939556911015685
-5.931425970501512
-5.850120592286255
-5.931598548599048
-5.91513320082713
-5.941169235384249
-5.892209915219697
-5.971836774335493
-5.943681503219029
-5.940972300932188
-5.965133747064223
-5.984447086415916
-5.991939682265651
-6.070773829948438
-5.984099416468647
-6.023526201712123
-5.969676906920406
-5.956561559703329
-6.038997424067481
-6.020131713053061
-6.09379652438825
-6.033305854262423
-6.087559280813527
-6.121906171839045
-6.068764627157102
-6.080204034184388
-6.193183228776823
-6.129852914372651
-6.120381375216243
-6.059699063041921
-6.141779281073092
-6.204181460830647
-6.186634893101212
-6.16775512661051
-6.138420348649162
-6.154908990885435
-6.202179041950428
-6.167922484045038
-6.256512602408138
-6.203474540601155
-6.289584625865382
-6.247458228684671
-6.185241762713531
-6.210144206789625
-6.225457655377318
-6.3069111290135
-6.271230401736911
-6.312261811101212
-6.337151380794488
-6.290112895636626
-6.232066976580219
-6.297103273959736
-6.277653364048357
-6.423260620135676
-6.359075797269824
-6.330350333835931
-6.352852887544992
-6.472518678772673
-6.417351858460569
-6.44357287678093
-6.2920877143984715
-6.389106131413998
-6.388217593311268
-6.3400197104255875
-6.387081099885503
-6.417213360634509
-6.329858281666148
-6.371888967513003
-6.445267300264213
-6.531303737638031
-6.454580766898338
-6.479102145865075
-6.499423876882607
-6.399839755981578
-6.459632717894689
-6.5111067851093525
-6.436970498343681
-6.48596412142867
-6.465720135280488
-6.41772854001729
-6.4486549633060894
-6.448049419471116
-6.590204964470569
-6.460433944445801
-6.502150744794405
-6.522625069035701
-6.5902326919352525
-6.5261856342695355
-6.442712340952863
-6.528207297171081
-6.574352305899236
-6.628258009710983
-6.555619507667861
-6.599858224762787
-6.657495285047462
-6.700149143119171
-6.632365680862829
-6.593029135561681
-6.690815453065001
-6.610897887331335
-6.675167137644542
-6.592200019718509
-6.656601814197415
-6.603199421638002
-6.713117163590413
-6.673839636815464
-6.6798107553743
-6.679816520138447
-6.697663245320577
-6.596672658206886
-6.70040935399512
-6.693471110107686
-6.596002823911653
-6.655990932518353
-6.752957273487141
-6.6773140586911595
-6.688404007770903
-6.708609495579174
-6.729923174232745
-6.79085083843604
-6.784994577485479
-6.740874767529391
-6.7640201949086665
-6.7758715298002885
-6.73678651807921
-6.773405548148034
-6.810480948101446
-6.789840210959092
-6.824883437187535
-6.783216198303009
-6.7691032586541375
-6.85716536533149
-6.734582153239467
-6.875690377783866
-6.905328902646985
-6.892656144779626
-6.785251201530348
-6.8152960856846825
-6.747946856360307
-6.9053163106474775
-6.838007791337763
-6.875717096111557
-6.85596090312633
-6.889058736151147
-6.883384011416794
-6.841444700830387
-6.8648630350632445
-6.9346841565372195
-6.915533614932103
-6.834272887800312
-7.007097342571392
-6.884369004465603
-6.871869182991384
-6.915700523870619
-7.0058592582119195
-6.944957604753661
-6.961470323876772
-6.944979124654534
-6.895099395395654
-6.906506674377138
-6.991491049763356
-7.017321121855684
-6.897630603420822
-7.04058940512105
-6.983350709364337
-6.989410711193549
-7.010574889563237
-6.926184177352214
-6.980038144406997
-7.064794250009299
-6.986954861998182
-6.97163713103665
-6.962788893327101
-6.992403192789516
-6.980002448965774
-7.015212384336876
-6.899503812893723
-7.0758027628827165
-7.0979865945373675
-7.0584224266383035
-6.985061135108983
-7.022717055116297
-7.01911172477622
-7.043563734400234
-7.089622353878065
-6.993188048834887
-7.0040657386420015
-7.046339197297245
-7.069485823042545
-7.088498037500564
-7.1111900345018
-7.1304509368009255
-7.072897155481595
-7.0944187560193726
-7.107453215512762
-7.090650138992309
-7.1657626743921945
-7.065517149887568
-7.0995792287754345
-7.080312713437171
-7.081172808909931
-7.129809732962852
-7.105722575079989
-7.184791347122759
-7.261132406654783
-7.168162380959763
-7.245969434963077
-7.165941997070559
-7.116702365598319
-7.079014070774232
-7.118172908795086
-7.196675670075789
-7.1415630440991995
-7.155451409199772
-7.151904680588213
-7.2371864816574005
-7.1879050904282025
-7.211957092062865
-7.190716212770053
-7.254465321714632
-7.172368334139957
-7.216929115976618
-7.144861549184161
-7.214048879637862
-7.189982606505622
-7.2133878686990505
-7.139124714749248
-7.285590300319932
-7.174259811693581
-7.256134456187599
-7.300467104339635
-7.252445275404425
-7.14088811542279
-7.2289231840231025
-7.235432286462689
-7.242488387000313
-7.256923656120708
-7.236615496629027
-7.28821186538023
-7.251623341533926
-7.219438327327857
-7.270767199150438
-7.304613529036463
-7.312039793830891
-7.3486662961599825
-7.254482851764869
-7.264279861043542
-7.247341587955558
-7.323822971221261
-7.3635280759245365
-7.23891966221816
-7.338933159309367
-7.334928562515202
-7.369585572080254
-7.353103342930635
-7.465510422482335
-7.275929955443067
-7.4408052609551625
-7.347868802610248
-7.357791922978797
-7.198563140333864
-7.264989787883266
-7.3296949873783
-7.218605683954038
-7.33702190077871
-7.420193022620335
-7.449006496184758
-7.396265527081154
-7.378999844641569
-7.494215675319262
-7.354366588088638
-7.364009179158057
-7.420437404617039
-7.358274601895049
-7.351906783088788
-7.341273973586429
-7.3702796632892404
-7.437831999307187
-7.422451324080701
-7.374993804065018
-7.386074527112257
-7.414486837426073
-7.388392275409403
-7.401923387004629
-7.429506842672757
-7.3852183696244795
-7.424163334783083
-7.487901590555149
-7.479385116612436
-7.430334971214079
-7.449691889954036
-7.463287392506245
-7.494638219576233
-7.349481793245521
-7.473096638406561
-7.405108007588379
-7.392791434751643
-7.529759731963873
-7.488961526335334
-7.3659304994408785
-7.412855367435971
-7.4856029186431305
-7.483443850847427
-7.409956088531409
-7.522420874150862
-7.452927210280267
-7.5377455309833055
-7.498405529305583
-7.396839339344244
-7.493343606531273
-7.546357884518192
-7.483693230065544
-7.51776522651514
-7.52075753303393
-7.604026536909309
-7.453690869047867
-7.594384453588049
-7.5273337127808775
-7.560746151171414
-7.446879423133883
-7.525881075165978
-7.4961212925449905
-7.533420652208126
-7.573814666700433
-7.538815121940911
-7.583224145649012
-7.584086478919762
-7.625772932247959
-7.5563693925573325
-7.521541088412469
-7.525765008419424
-7.633845307158146
-7.5709330433039845
-7.485786157619511
-7.528270624737002
-7.5525181499069935
-7.565533999837817
-7.563337345045827
-7.614793730397901
-7.586548867111898
-7.628725082866298
-7.618031490806172
-7.571488261388101
-7.615979313128754
-7.615515636122694
-7.643126537679347
-7.559056352687623
-7.53455027168515
-7.552624337251406
-7.552216578610573
-7.618379521206949
-7.59719540336448
-7.644938029235688
-7.612143041796564
-7.725408519413422
-7.595145035559213
-7.566538798399553
-7.565919064258472
-7.658901701536805
-7.6107010070901175
-7.614490922951934
-7.648954594970387
-7.637858775161316
-7.6534174468195335
-7.5861302927361045
-7.633117150982028
-7.678363376778397
-7.692554684264348
-7.631877798326832
-7.685582098882332
-7.675113198880341
-7.659598528654313
-7.668526064314005
-7.681280717544358
-7.667999544787674
-7.674145145341441
-7.661149236404471
-7.70348432173699
-7.764304853537208
-7.7850702535727665
-7.681721659517954
-7.678472826918027
-7.690506950105332
-7.695516066563101
-7.79023629533002
-7.695889040110263
-7.7478629608608705
-7.758615980451997
-7.731877817502229
-7.662482723824834
-7.770079588780232
-7.770503729729558
-7.716863060293789
-7.8809603302208195
-7.699269669123466
-7.643859776503939
-7.801483633175019
-7.712026351275469
-7.721847919602425
-7.749033277793593
-7.7663723366912
-7.805239538484521
-7.677228348044569
-7.761880027198661
-7.842557209590855
-7.697785409776985
-7.6968654850229745
-7.696346389300868
-7.757772679495189
-7.640491821227099
-7.666900804195379
-7.729207353821744
-7.872873081789445
-7.772300746593998
-7.806330490589911
-7.848176245885542
-7.702465764728119
-7.750285708727361
-7.80074437576979
-7.827656219795014
-7.782236654920659
-7.796777573618961
-7.794345069667935
-7.762697852746621
-7.829469520796498
-7.804434336219242
-7.768481145771223
-7.760637041738066
-7.822636642049813
-7.830829223279363
-7.848670798401575
-7.661409284966844
-7.832219996776572
-7.930248691272894
-7.814349555706639
-7.833498363336722
-7.878214970113351
-7.840631491821148
-7.850100908930937
-7.880327370157153
-7.938325571825371
-7.84300208562611
-7.910543317184606
-7.878179901469283
-7.825119833074905
-7.968292504280966
-7.8864654492831505
-7.9066640842534675
-7.873722453363424
-7.840382886290086
-7.961107069015338
-7.870733778683911
-7.816259921493153
-7.833720207555027
-7.945664174025151
-7.851624629755072
-7.9978142291711825
-7.928112672417729
-7.90118876871385
-7.8434923284690985
-7.900563644729536
-7.908062977734018
-7.959122083592627
-7.913060520912001
-7.98738879836406
-7.923202587117361
-7.881750367120998
-8.02003696164405
-7.985482575841515
-7.827971433980801
-7.906441803845363
-7.899440505304
-7.8893614544853365
-8.037952876003443
-7.976172294990531
-8.020852484518398
-8.008086117159067
-7.977790418322378
-7.938058767981762
-8.077541255672969
-7.938668448160698
-7.928110023703081
-8.02154909506054
-8.00236818754446
-8.035700792583917
-7.936099354377103
-7.91766321026725
-8.030729593319995
-8.050881936466135
-7.989017002879151
-7.9802813119469285
-7.982657970000729
-7.950269358108885
-8.008423576573465
-7.903868217243181
-7.9471141633231355
-8.057316672492325
-7.985443591443555
-8.030520165476913
-7.971118049350601
-7.976468026178537
-7.986467725350905
-7.98850326986715
-7.964079205153631
-8.006517697396234
-7.990643992591707
-8.012119155800262
-7.947627288960719
-8.13301096135184
-8.141862968847004
-8.021051192587617
-8.087621493696714
-8.054316706726054
-7.985871083034553
-8.083164512287908
-8.047656842897041
-8.092559782502692
-8.06658009942913
-8.059579767314967
-8.042106353493379
-8.083575021846507
-8.01577016451076
-7.946182494374831
-8.03827109418384
-7.932309025191917
-8.085698336981002
-8.075605518771214
-8.06377596832333
-8.077404241358188
-8.073312817289981
-8.060026688572492
-7.959863543677709
-8.102135121162124
-8.113123863064308
-8.07046758494024
-8.11556815985294
-8.144843946282103
-8.10409717200965
-8.133958611863617
-8.055876217381778
-8.015596033308775
-8.133187112934662
-8.082229408224299
-8.133584514353107
-8.076847554209412
-8.072813899541943
-8.08214143869959
-8.058658338088739
-8.075092290190652
-8.154732181534998
-8.15254442659253
-8.176877060542328
-8.019667661194736
-8.146760262577518
-8.084233254916937
-8.203625656482615
-8.15207217042283
-8.172922290780267
-8.154217866884768
-8.171293184376195
-8.111634957964435
-8.142690511789239
-8.178149960071318
-8.05891268642085
-8.132685726599254
-8.180555067962441
-8.238723317410516
-8.090333041384682
-8.03921666463088
-8.09926056319672
-8.16202412082647
-8.12279988107689
-8.187015416335104
-8.213328942222565
-8.150939196325545
-8.252008618597074
-8.112187698393683
-8.172634392294013
-8.114587502751808
-8.192201935273172
-8.128484557446738
-8.255896240999677
-8.185363702726056
-8.072233774875356
-8.033368133077976
-8.123685847352647
-8.110655777108304
-8.165767696396342
-8.175806031996117
-8.222040365067048
-8.140207582146022
-8.12807755685506
-8.162047207637066
-8.177000821713044
-8.129671928155592
-8.087098181582224
-8.093017103742257
-8.075207188050012
-8.229786049694203
-8.16100099677971
-8.146614591999976
-8.198989505769262
-8.181299726830941
-8.131349643624523
-8.184745766171977
-8.215489598792495
-8.173617377697607
-8.19662614285363
-8.189901845273994
-8.11761753704828
-8.27910803576227
-8.18111026841415
-8.079021544309223
-8.206750877641724
-8.232894220634867
-8.120057469590895
-8.343770145811204
-8.166247115109982
-8.151555451705766
-8.212944208095266
-8.113408526173897
-8.212013594700187
-8.267262501906277
-8.199931944226824
-8.21708920624039
-8.269636180084424
-8.25615517176058
-8.222676462904975
-8.224959365240544
-8.233786247541685
-8.257305421195454
-8.190498686939582
-8.120520935043613
-8.171910310865938
-8.219515868879924
-8.17941890530354
-8.225514260503585
-8.18978716018246
-8.152537808636124
-8.21947207708361
-8.22045659675315
-8.249512933159366
-8.189365526172354
-8.245456843861698
-8.154843755653179
-8.18883013667987
-8.193827195125186
-8.146691878948415
-8.17323260836305
-8.276477740034938
-8.232114830437729
-8.20203175533888
-8.305037626538237
-8.245455341852548
-8.157251174529327
-8.223632067614485
-8.130582990985834
-8.254890968586507
-8.244964104098965
-8.321122398568304
-8.31407375456991
-8.257214166497702
-8.289168243400583
-8.187516790893545
-8.254836757622426
-8.353921944502616
-8.323009869432799
-8.235345032071017
-8.318135487934653
-8.283190548217766
-8.39520872089145
-8.250586457361347
-8.237377334436657
-8.329173955151663
-8.16938175965551
-8.337947732083071
-8.226076273454211
-8.205763316365037
-8.217836685064027
-8.308290836743868
-8.237076494220842
-8.299612498551289
-8.284499708663999
-8.277310852002996
-8.228630959271289
-8.323640259109121
-8.263617938100493
-8.173523876865714
-8.244560244352064
-8.30052381575259
-8.210188527505762
-8.324681201107895
-8.397624689845598
-8.292116832465325
-8.212436150262768
-8.23883309045778
-8.3216684336966
-8.204824768319071
-8.301698938688078
-8.181951408426874
-8.292089030274921
-8.260788683889524
-8.233488180761814
-8.252175986862852
-8.260122295293767
-8.289971439646333
-8.313258934010998
-8.20384936232903
-8.268366417292084
-8.259677295585812
-8.255095629581039
-8.412209755916903
-8.174490268531489
-8.391974696070875
-8.353107704588574
-8.277159537117127
-8.315718671827385
-8.325283614523716
-8.34012741219744
-8.364139149257154
-8.279092751912392
-8.217789924224098
-8.371694996334487
-8.279200600442072
-8.36636700395252
-8.304699124240381
-8.32318726681729
-8.269030246763707
-8.401412984786534
-8.24326898507819
-8.321168362307706
-8.31529457206297
-8.316077737488573
-8.333824416511243
-8.342814609321747
-8.271606836841709
-8.300219915170777
-8.334482177564865
-8.378351672420557
-8.28082798620113
-8.25545792657379
-8.368314622557977
-8.313889071895613
-8.48347862227608
-8.23905647138318
-8.22369379154228
-8.396962591381062
-8.346971319202334
-8.383737482773094
-8.469864576278047
-8.306523974105644
-8.432434481584245
-8.331058222120518
-8.421457496088113
-8.277512846592128
-8.416558280167095
-8.385874422491677
-8.347507386383015
-8.328272162134544
-8.34644243669573
-8.291975077955984
-8.397534144747558
-8.301354238953275
-8.319804212469565
-8.362699418815312
-8.318399161754298
-8.334106230670182
-8.393103266482171
-8.338043130819052
-8.445769625378942
-8.367108976276237
-8.320654059436107
-8.282273339841225
-8.415946073325324
-8.301151626250606
-8.27618316604062
-8.268784824497915
-8.400479053401558
-8.3297037434464
-8.340938772465092
-8.373271040315691
-8.330338530686749
-8.444007941089536
-8.38878543077812
-8.385426935376088
-8.34233704780402
-8.441820843123137
-8.356459330934305
-8.237511811051768
-8.397611636770568
-8.40121534905307
-8.390528100034848
-8.443456430195416
-8.336503377896662
-8.471050694646847
-8.311957609796197
-8.325172925781677
-8.348706579564162
-8.372090586733588
-8.414299171235427
-8.466015833435009
-8.377378971554126
-8.339687622888617
-8.40313695366111
-8.356873956371624
-8.434073810321328
-8.369624521262883
-8.410451959077395
-8.431409616831735
-8.489868893256906
-8.33889957520291
-8.437391730105945
-8.432227365293915
-8.367712307477413
-8.382262160065912
-8.337626504385822
-8.36939657533867
-8.34044649916322
-8.24906246749471
-8.389976410890176
-8.381995323327926
-8.395196980204593
-8.290749419729552
-8.288131832862454
-8.398075378539755
-8.35607042203161
-8.338933501593772
-8.4368076684598
-8.386352601481846
-8.422282506405555
-8.392560147461571
-8.30737556674528
-8.409630891277905
-8.413484640647932
-8.300582636853099
-8.38196859051489
-8.370611698023508
-8.430931733366663
-8.505070841663104
-8.481193097636757
-8.374359395700163
-8.483709167705461
-8.355038910072912
-8.42445681574025
-8.396007636174383
-8.279669802219491
-8.260524719988307
-8.363028414888403
-8.354968680627424
-8.314506398743196
-8.388538872318511
-8.360923699340416
-8.387686918752502
-8.321226704152732
-8.426825386208625
-8.506628111719422
-8.455256483067725
-8.419332081080492
-8.44720662088138
-8.371841368426642
-8.459114575500662
-8.44355398176048
-8.359669367744946
-8.397526000362685
-8.460421931157287
-8.459526527643904
-8.438261324482957
-8.459257606476111
-8.380866976262
-8.515436053822432
-8.522831658472096
-8.440780072458013
-8.410077417146104
-8.46087020796392
-8.457278755883701
-8.412235210156304
-8.461464712882114
-8.482496171142783
-8.350927460837944
-8.394586752695107
-8.398686111403853
-8.47577416254082
-8.490248250063093
-8.454562669551088
-8.388949067102574
-8.388755237542098
-8.488354852103027
-8.405624355316935
-8.486173861231224
-8.476910386171054
-8.451061920816297
-8.399108747569219
-8.497043481201747
-8.464089495321138
-8.504875971860942
-8.418111425610954
-8.364414573741646
-8.393181805683497
-8.46532214776316
-8.425479728438274
-8.35853551128317
-8.425923740112212
-8.51825539391857
-8.44187565066307
-8.48623095665086
-8.376152418076627
-8.44264783734618
-8.475915770697222
-8.438878055407937
-8.562074283771123
-8.498483752938023
-8.469116485498118
-8.504351794579712
-8.409924747333347
-8.459880147553811
-8.32472587330313
-8.411866504609366
-8.503116728041451
-8.43415030202026
-8.487370351020115
-8.439000592044025
-8.452806290173218
-8.390741360595396
-8.343378066826247
-8.461005823871789
-8.51101287510179
-8.412790814957516
-8.498248447688628
-8.50767574688056
-8.434115213237849
-8.509469130124039
-8.502665251702568
-8.339968412715315
-8.390441260742401
-8.420105612205482
-8.469431768658934
-8.49495323433303
-8.595914578299064
-8.550658706365844
-8.482448722497741
-8.510995955192007
-8.456955737603787
-8.525413981001767
-8.426982348564978
-8.529192489326526
-8.488088904087059
-8.405900185246983
-8.480482348425644
-8.408270769800323
-8.471677230061669
-8.515149853601441
-8.415972494285866
-8.443925883825
-8.382616512902157
-8.41774852410752
-8.444090408809982
-8.461647943639056
-8.452915584695342
-8.50929634973159
-8.489591612975268
-8.480182401800736
-8.51131220379922
-8.449824838752326
-8.370223211722475
-8.485378485780576
-8.54183132592866
-8.473372634981807
-8.428248286177372
-8.513834427196484
-8.444645861108665
-8.432450304503984
-8.473499670535153
-8.598575865736613
-8.484233038902913
-8.500881330175595
-8.459153287507755
-8.497664877668514
-8.53149651223863
-8.501000298602206
-8.491832911559916
-8.582518289725844
-8.488875544745266
-8.581767241547515
-8.460799429389473
-8.49369146719174
-8.54192952305027
-8.506416941801701
-8.401230973354092
-8.551349517105379
-8.508229299757135
-8.528615966968506
-8.460979803294506
-8.526004961754102
-8.497724194833314
-8.52377703517476
-8.510195708873189
-8.48687277876398
-8.479521464862325
-8.402612258504986
-8.568756468845953
-8.433999750902045
-8.490261976908238
-8.521766224943585
-8.466247443494597
-8.530791335893651
-8.492007544489507
-8.537057772355782
-8.457861402334109
-8.570901836692974
-8.577104730046027
-8.529299270759834
-8.471273476390285
-8.463727353012866
-8.526413191217646
-8.526420474814142
-8.532079257700516
-8.502172029670938
-8.546531539913904
-8.50445632675178
-8.461015337210446
-8.481332455894467
-8.384400026480213
-8.59402790360652
-8.511968573165708
-8.45652707387562
-8.553958604403169
-8.515931630368865
-8.565362642158531
-8.52075646841365
-8.528032008135034
-8.486770607605342
-8.503416955329167
-8.532910870315964
-8.571353844755697
-8.473350252123423
-8.493527061901679
-8.55445875939921
-8.439636166663453
-8.52019116264564
-8.487927280905568
-8.528009987173908
-8.526811796543642
-8.548155391079662
-8.533968804874773
-8.567706725434189
-8.490893520830488
-8.541117394144191
-8.529296080431067
-8.502773196378262
-8.468935367054652
-8.615240561897359
-8.528664560353524
-8.466816976971364
-8.49192959364535
-8.554650210602087
-8.50217322464282
-8.461147785292374
-8.56335633308022
-8.538989722005347
-8.554555318214108
-8.560640011466791
-8.415208313916423
-8.55259521136582
-8.482129154564282
-8.486037732451086
-8.576685734375042
-8.525895729762102
-8.483852017843367
-8.543179305647987
-8.507828667730083
-8.64288050462852
-8.437165335149743
-8.557531691430357
-8.59650773622629
-8.491749540697958
-8.541755917194461
-8.525416417471332
-8.54270164278928
-8.51993237625499
-8.533792700351828
-8.562036657699066
-8.578494137864153
-8.598763528261626
-8.47499958464332
-8.566013281066565
-8.483412313622999
-8.604222386595586
-8.605696366762817
-8.604479550622736
-8.582078771778441
-8.609183663174248
-8.621971582797775
-8.539392951951355
-8.59944588872748
-8.509655362840753
-8.63100315733791
-8.621000388043063
-8.588858679833178
-8.566337072440207
-8.646865773283102
-8.570546616384705
-8.575932287996565
-8.522638662020567
-8.46053109256761
-8.526827750121539
-8.577046162327033
-8.564344677362097
-8.493165290910394
-8.535147101665114
-8.562889131201535
-8.527566664627889
-8.558010369624407
-8.575559175294446
-8.584347878312595
-8.473108574466455
-8.660708487190218
-8.499925978241093
-8.494747683978508
-8.539528156872727
-8.607770956570105
-8.599039641519154
-8.57745393970637
-8.654059812582487
-8.549111355339145
-8.633293517139197
-8.63129608899173
-8.584398188021785
-8.609011221070007
-8.558368607352527
-8.467034130393822
-8.544391644822934
-8.617102076713781
-8.494368046787484
-8.583896057548154
-8.60259302751
-8.472107282678328
-8.582133611913283
-8.637561631493666
-8.544225060905934
-8.62027821641871
-8.615074523419922
-8.598292922134897
-8.57843060080936
-8.651642236799637
-8.499972057090167
-8.649844958145772
-8.600208420099802
-8.62172665014983
-8.52264438328957
-8.568860609691404
-8.552529350595194
-8.548368401784415
-8.659089102116091
-8.656476533747638
-8.575254870699494
-8.56921812757344
-8.587538693484401
-8.587753949445688
-8.606141223337046
-8.50829461875574
-8.631075590786384
-8.592955899207551
-8.613819688027275
-8.600230699899269
-8.529272761616289
-8.543407152406559
-8.627879590609965
-8.590587778587901
-8.671533387706566
-8.529977083237423
-8.531472522883234
-8.489281972801605
-8.647482098828732
-8.59687117964071
-8.565593436870403
-8.564335527385984
-8.589970522597573
-8.630950269839838
-8.595856351114529
-8.496488231797626
-8.514059675664866
-8.661573193511947
-8.563132823970147
-8.658726201253824
-8.560851656341987
-8.512733056315051
-8.648595389268097
-8.480534815682239
-8.541890012519103
-8.572724343297768
-8.52219620307631
-8.613265485300213
-8.607435494352652
-8.647795875275191
-8.681432557695803
-8.612006692674543
-8.526298711332974
-8.596867218274935
-8.616718769509779
-8.60597095102938
-8.619387550823651
-8.545359431860874
-8.566002573045202
-8.55117457183423
-8.618587467399356
-8.565819818395587
-8.597851507246672
-8.605492812538506
-8.54866292582783
-8.591709451870733
-8.542159746065954
-8.61876820678381
-8.588202896816535
-8.604772356337334
-8.533421866123927
-8.5511416172894
-8.602034265418736
-8.614744763073082
-8.627495256437852
-8.731116587238295
-8.661026768357813
-8.583966983788455
-8.573522279351073
-8.617891858109891
-8.590922078137245
-8.550969103891624
-8.529507004248757
-8.582940098778549
-8.645201428811344
-8.537457190198245
-8.650723435179035
-8.581150619676848
-8.563255242601224
-8.611342432605298
-8.645600833416887
-8.608373241298194
-8.58578070895135
-8.560408645034991
-8.697143416185925
-8.571652342793344
-8.638920845808101
-8.508565780691113
-8.614353327117977
-8.614347850399456
-8.62064785682307
-8.612268482653198
-8.632681640724618
-8.70677229295618
-8.60557842158479
-8.76802912164454
-8.62424147312934
-8.574421705274615
-8.653394265421422
-8.575492733176421
-8.606306100366536
-8.5890475089652
-8.576049770883946
-8.606578723806303
-8.525156217979294
-8.57849118369885
-8.580046882332551
-8.578805248646853
-8.640243740012384
-8.6519916879946
-8.635837755840056
-8.677272395326026
-8.59389823997416
-8.694408541133985
-8.615508098659898
-8.559579913373735
-8.592351589652337
-8.698273222393778
-8.588267024980489
-8.736113942074027
-8.68886751588663
-8.716473719293292
-8.588761676542376
-8.730743139524984
-8.635681253728277
-8.676394647804859
-8.616035662946812
-8.687477190101491
-8.609213918104627
-8.683237243951474
-8.71270665056525
-8.639792789169334
-8.5897024953098
-8.652935279873086
-8.637763530375848
-8.618845485358163
-8.668310728036692
-8.639346737627179
-8.632577172162803
-8.620267820781185
-8.703205740295983
-8.594322287027266
-8.577269251216311
-8.693941139001936
-8.640677817041192
-8.628475814070613
-8.640307212736209
-8.647507239205712
-8.554930783935594
-8.636429705178339
-8.606606759382018
-8.721784814142865
-8.668319042429841
-8.704507268524582
-8.693913348036142
-8.632542781018293
-8.53184881487544
-8.64573346590675
-8.606944942043162
-8.613668982039345
-8.700464105742167
-8.704108387860881
-8.647270617011527
-8.630961959153284
-8.717314366889594
-8.654624681028325
-8.679584946915922
-8.685859419313545
-8.678796032183966
-8.615561756574705
-8.725398327051206
-8.629963291157646
-8.693968777831445
-8.622028783326797
-8.644079187180617
-8.633062231673518
-8.689379967485774
-8.712104783623493
-8.591641615884397
-8.697074767426672
-8.621248017915908
-8.604216598122404
-8.69101424953054
-8.736683750072903
-8.707117048699073
-8.602405899839756
-8.714700111488453
-8.734811361741093
-8.719439621038937
-8.616712120673704
-8.688323131320756
-8.647816427443265
-8.696381877822535
-8.65397094346561
-8.644019047764154
-8.64678994857741
-8.702558391821498
-8.75698396195888
-8.73109208870679
-8.750308545211615
-8.710149429588212
-8.659845153730446
-8.67218221661433
-8.666198248267301
-8.663436855964873
-8.652470362302594
-8.660563577295258
-8.759753654860202
-8.715101941680647
-8.684339588464617
-8.736463260095196
-8.607353145087789
-8.73142525649287
-8.792983789709172
-8.734550103604034
-8.662339859284717
-8.67396374779311
-8.806433670266598
-8.680125377690109
-8.719834328591237
-8.63141360812424
-8.69500999020342
-8.687727760724833
-8.6431069511775
-8.741192266531815
-8.696114247051874
-8.778250445238331
-8.763753302100087
-8.617481837038161
-8.69885441927662
-8.735589333954657
-8.741438684765232
-8.689561982251671
-8.722381782309801
-8.66126690379553
-8.75750838238148
-8.738387108650654
-8.712069194610427
-8.712494360025829
-8.585975108597811
-8.74255143578264
-8.765755524842755
-8.66637958728986
-8.687223057310812
-8.62995388216046
-8.673525335826737
-8.774407404194175
-8.683340542160222
-8.660820265883357
-8.77592582357657
-8.678868362670547
-8.740720466504419
-8.665958329222931
-8.780192385278289
-8.663664944397382
-8.612263478086208
-8.625809330515855
-8.67013023569119
-8.651771355568096
-8.682974514478927
-8.689400980887205
-8.770211451429315
-8.636927784418258
-8.702589645556571
-8.66231479112934
-8.709087324122786
-8.68172117313346
-8.726461687087552
-8.722039529795193
-8.66911667742761
-8.787103179285905
-8.807684707676136
-8.693731486810677
-8.798026462159308
-8.692315537654581
-8.674002310789236
-8.766560416892144
-8.738005440323773
-8.707655750156203
-8.737143356162504
-8.671229098031349
-8.676610162726817
-8.753851588606654
-8.665734844802095
-8.682690573980866
-8.643096131422727
-8.822268434139254
-8.719473995924515
-8.68793170346378
-8.72785709689334
-8.699276977550289
-8.692192945655014
-8.63805716495291
-8.772704240963174
-8.738945049600671
-8.699004863236775
-8.761504453539912
-8.723953677696441
-8.684268041955535
-8.709655220331399
-8.706701574892424
-8.685901617491975
-8.785488942343271
-8.715026883010728
-8.706798142307845
-8.750720103210497
-8.702826774756769
-8.64707327282792
-8.794332878341882
-8.669443182339213
-8.712559431282154
-8.662767091902603
-8.707453240637802
-8.712166293380148
-8.701427843167092
-8.710268879792459
-8.787235470348334
-8.703743858560584
-8.794852978112448
-8.681236418884906
-8.664321387578978
-8.696359650954639
-8.742431007562347
-8.665925696939054
-8.728264454357689
-8.736544954505915
-8.750500236538832
-8.798055023619531
-8.738696578692247
-8.64585545892543
-8.715378309382299
-8.759769336998014
-8.781692769790554
-8.697766388153426
-8.68313109250356
-8.721784193989292
-8.68401527835702
-8.740661243553218
-8.704138265796718
-8.723965240575344
-8.664663859318933
-8.816760972027927
-8.82327956965158
-8.674690922133422
-8.689417971916322
-8.718912378651131
-8.692639185650815
-8.785406066633536
-8.70776706441713
-8.712309274437425
-8.750231566956828
-8.768665865704422
-8.729339285116655
-8.760551648441243
-8.717975504176358
-8.699598862693355
-8.749518183267734
-8.727243522070715
-8.764380020435185
-8.69967847452468
-8.70148532411092
-8.767073030203658
-8.802354058305124
-8.744243375156875
-8.7010906759886
-8.716634160500995
-8.7245454855979
-8.760202988160028
-8.829195006979447
-8.908114307420602
-8.732188401205464
-8.800692061889034
-8.797177185268444
-8.774862283865707
-8.689547203058973
-8.699369062563772
-8.758321577685734
-8.700159292752137
-8.714856495252041
-8.81472127519925
-8.700166934060695
-8.795407435077388
-8.743005899266956
-8.759109227290663
-8.797142202253852
-8.700175511625776
-8.772093867968723
-8.743188362139277
-8.738318407140092
-8.805072947542744
-8.685818637240672
-8.842256262241964
-8.79170130399574
-8.737192502776074
-8.812686467180674
-8.704525380682096
-8.746339812838796
-8.740676197249856
-8.762480034723387
-8.776863175356572
-8.684025165328475
-8.684570950458628
-8.797397076769865
-8.795228931181255
-8.794177038329536
-8.686012874596585
-8.756174781181972
-8.850021023748521
-8.74353235517806
-8.783989722633669
-8.678375956285526
-8.745891479526383
-8.713852431131334
-8.824489666961966
-8.793343551752029
-8.744758895330822
-8.729743892042318
-8.80460476923482
-8.885159548171151
-8.707028547671355
-8.791474915645981
-8.766395784018375
-8.791009511064551
-8.750802935899396
-8.678676366505746
-8.765526439635535
-8.729419891105715
-8.894646283903441
-8.767190950462386
-8.844858424326937
-8.892682636538149
-8.69831021270317
-8.776372078204444
-8.743113941822958
-8.773204683055729
-8.829058773015253
-8.790280267124993
-8.799060146355853
-8.806844916916928
-8.816180161471449
-8.774108692164694
-8.75926623147153
-8.722187057280129
-8.7539936565225
-8.690457877860636
-8.774276199034034
-8.742605074124494
-8.809867221994674
-8.811340616983244
-8.769527247367423
-8.768756555580508
-8.843291365771469
-8.720070722139841
-8.857507538919723
-8.832774215903727
-8.752993407606565
-8.799225781547177
-8.678448077797066
-8.79358681469669
-8.729265490023222
-8.78550623533067
-8.848931041496622
-8.826245754176524
-8.833262791084953
-8.843482281951216
-8.773168715528337
-8.79111591161269
-8.908230084474939
-8.831987744523593
-8.847361097405546
-8.714768574999734
-8.799940245097744
-8.777139835281732
-8.764228024978877
-8.794848906443852
-8.912851250757559
-8.760652054525133
-8.842896063702304
-8.820021632466013
-8.878862028678483
-8.870765317174854
-8.842320455857635
-8.849260896287829
-8.839764449920294
-8.78598473524175
-8.805940397650224
-8.832589438965767
-8.799943762393797
-8.745952456770352
-8.847355295300586
-8.88124970498311
-8.790264184099252
-8.755768310324248
-8.820745368416537
-8.747069415266585
-8.774714428534717
-8.841461935117426
-8.775987717737726
-8.752514508749092
-8.878533408374507
-8.746422394742266
-8.676432266630306
-8.749141354037615
-8.829977326106087
-8.803193734759184
-8.779298185210843
-8.781094224382969
-8.730742295765026
-8.81480678181581
-8.899922025697181
-8.81182936959373
-8.832010916334145
-8.81436384257423
-8.865911692693592
-8.745156285293996
-8.764474372046571
-8.807896812139974
-8.900649687358158
-8.7812884511257
-8.818386900765839
-8.849132397738494
-8.849302079630267
-8.836621672484531
-8.822598019899784
-8.794021111438928
-8.781897374745334
-8.9220329736681
-8.811237353823707
-8.76870422777528
-8.824045589854007
-8.87850824254761
-8.859710568574775
-8.8569866335185
-8.798538754852336
-8.726514203096004
-8.816002183574627
-8.889947848679833
-8.892260582883711
-8.803782814922396
-8.810612054717657
-8.856129909809761
-8.800084903279261
-8.778302460685378
-8.851249896961885
-8.88644052409114
-8.752172898482213
-8.800966351309686
-8.888809091851
-8.832941074042802
-8.680577322946123
-8.861399911160632
-8.821559867932207
-8.924329820810227
-8.854384599446243
-8.783526811710685
-8.810073663564925
-8.823118963902315
-8.936548009286595
-8.87627245417701
-8.820045577643617
-8.851239623494982
-8.810735986136974
-8.81417830293955
-8.920745364759194
-8.861043945886484
-8.808334642632927
-8.791219112890255
-8.749297712130012
-8.84695403815807
-8.882606823180645
-8.916440332093698
-8.764785134541677
-8.757345040999533
-8.808963386312639
-8.891458028813648
-8.818997332146452
-8.790308091500776
-8.81081885229378
-8.897875070397731
-8.89359921503858
-8.835640058418317
-8.925380327338189
-8.837316501814488
-8.843792320841661
-8.997893688957808
-8.84122390789551
-8.801913689395832
-8.830086230837361
-8.845981773154213
-8.845492749846015
-8.873122851435273
-8.86709841090072
-8.880134425089635
-8.921730379633845
-8.837121658008588
-8.950040193183211
-8.734879733701325
-8.871613297876532
-8.771209142330655
-8.807590020805003
-8.876189576043709
-8.840473958939631
-8.837909914009236
-8.943859647837007
-8.825724342530014
-8.910419155487439
-8.872295527345797
-8.860395308693226
-8.877167478696892
-8.852828038431449
-8.896297461529143
-8.89494829053587
-8.853582298369105
-8.886480888566188
-8.881704695861755
-8.932708472102268
-8.865763675148326
-8.79373169963334
-8.886268243165613
-8.83376601679029
-8.839272442134089
-8.897448496240852
-8.854011513097133
-8.870672839471254
-8.849704464591694
-8.804454402993048
-8.900466258997536
-8.900191532072549
-8.861252067303132
-8.933326189343651
-8.88815270244178
-8.867526421848114
-8.962942124872248
-8.952982984344414
-8.93887498154686
-8.858766934327415
-8.834533688437475
-8.891870659711069
-8.931709876382492
-8.913285945287459
-8.784455380269712
-8.814197638061335
-8.880029500497843
-8.81242960775536
-8.914193333188754
-8.871402761465486
-8.890302971433142
-8.80237574317419
-8.855080932121298
-8.796372255513253
-8.869096640592153
-8.872644711820342
-8.92831569827514
-8.843654907546007
-8.944119484440323
-8.824372799177238
-8.864676055566202
-8.842661876788858
-8.845983555908886
-8.904179386261148
-8.977525297810686
-8.866877847612114
-8.908900208900114
-8.859419546500657
-8.889993233585011
-8.992960757264187
-8.924816574385401
-8.955846602360984
-8.875817900885057
-8.89473573061815
-8.92697154831142
-8.964196256786279
-8.888287005320121
-8.931667597345665
-8.96760633263546
-8.899007872199551
-8.815012828066388
-8.93233359538358
-8.962569021397625
-8.823213634717296
-8.869859412093465
-8.860106045359231
-8.845869401407128
-8.89518678655081
-8.85301504851184
-8.849998215144531
-8.89003594188193
-8.946542354454422
-8.862871298676126
-8.934872911644952
-8.929562335288534
-8.887715332292576
-8.88296224071068
-8.885185569930668
-8.86032165264693
-8.833394094757367
-8.975054305135835
-8.942079136867717
-8.901297708519804
-8.956646623977973
-8.937401907098396
-8.837781983493162
-8.798608986619886
-8.866676835580689
-8.920731650652742
-8.981355895007718
-8.82660538377561
-8.89360498651087
-8.872730569587736
-8.911181968701495
-8.875660167126426
-8.881221956043936
-8.91702211024897
-8.926311178100768
-8.902570305190428
-8.840281321859576
-8.874021639915155
-8.85300495732113
-9.02894076132563
-8.91024130680346
-8.845184792156312
-8.896379679297217
-8.892996315026243
-8.86629700653892
-8.882101796931428
-8.841919640089925
-8.847499344331226
-8.874379428600992
-8.945617911656415
-8.82881763164038
-8.890802998588567
-8.911136160612669
-8.894179650092779
-8.928981759469243
-9.010627286247484
-8.969362899617128
-8.859187493926997
-8.880750242499984
-8.882886139276238
-8.922204066812396
-8.9270869432997
-8.829193474856824
-9.007646852450005
-8.828661513711863
-8.900856673273639
-8.983634338479431
-8.943282770353191
-8.898849952866014
-8.894340698639686
-8.852121096991949
-8.922187159075042
-8.91752723601858
-8.929497795406105
-8.886930376324779
-8.922101475893838
-8.944332050177561
-8.960719082260525
-8.918634592711035
-8.865664342455423
-8.829800373244018
-8.902743665968798
-8.917893075501414
-8.886122258136684
-8.911282231848363
-8.93913247762275
-8.893640929147157
-8.886086463590471
-9.037820445420344
-8.937784724750056
-8.91960934042057
-8.969686478034404
-9.042338071080733
-8.9671160199546
-8.887658677521038
-8.951078648922147
-8.894809479663179
-8.869992242517851
-8.98114770422424
-8.887752357794623
-8.917641382182925
-8.929662975769585
-8.972274643644958
-9.027183554564546
-8.891622153170895
-8.932982778540945
-8.941593560376258
-8.906774660876975
-8.98039310981464
-8.9222783211083
-8.872750973703454
-8.880921663371922
-8.881240662746126
-8.942697907747611
-8.999059970366417
-9.019217582672928
-8.94393944505457
-8.93953410660294
-8.95665239881537
-8.95695774967747
-8.968675909582217
-8.993347443184708
-8.949252579113207
-8.935274629012488
-8.92961844210485
-8.8845187406208
-8.997359145299908
-8.945480146100286
-8.97520938180841
-8.905351567724031
-8.928842787811178
-8.961185466742677
-8.88636321176151
-8.936091093803464
-8.980670725478396
-8.923850817008274
-8.947289097205376
-8.941565517068549
-8.934270208268702
-8.92867280555677
-8.879078694538771
-8.905016664125265
-8.943080213198375
-8.849554065132546
-8.958444321214555
-8.939401446360623
-8.85175683854805
-8.94525165664084
-8.894647515354961
-9.019331727833075
-8.899655339964518
-8.936014220129078
-8.964466966050376
-8.873634100341727
-8.991061915315768
-8.840910085962648
-9.005472403577587
-8.99375903711895
-8.927538057771626
-8.919892253926069
-8.905001914118715
-8.957747481630697
-8.98553451090755
-8.911196453546166
-8.93177977759689
-8.987391485165082
-8.95201429467427
-8.965447462048564
-9.00297758879867
-9.041739715963
-8.960547337298204
-8.952743149378845
-8.98240337154725
-8.942881831977983
-8.958807646779388
-8.972815811010506
-9.053636618846458
-8.936556039744012
-8.926764723395225
-9.046825688239585
-8.961395778481524
-9.027718027235045
-8.957245709353542
-8.978863272200964
-8.93069477845683
-8.941266376951686
-8.976276790184107
-8.923303896890301
-9.024772668774073
-9.036048264168304
-9.009472019085898
-8.985876298882063
-8.914664260928523
-8.945571760211315
-8.984587028523718
-8.879042777702706
-8.988103675368704
-8.958439496031056
-8.969516880824603
-8.884184680263733
-8.89664189639331
-8.946274621481361
-8.937289976377143
-8.959023738387463
-8.895459763583096
-8.900931442179333
-8.943418709458397
-9.027566476207374
-8.986004733826851
-8.998535666301068
-8.92006611541581
-8.997381114654443
-8.902848393803849
-8.992924486042439
-8.96360967124025
-8.974740198491366
-8.911259639163353
-8.923247003790415
-8.991267980166482
-9.00986691442707
-8.97036419863199
-8.970005583494618
-8.964709281588492
-9.07260964292217
-8.921073833644469
-8.950934950143335
-8.994887334132484
-8.912124127501952
-8.9648524564631
-8.968985088519572
-8.981473010782349
-8.907287183102243
-8.939538829353129
-8.967278482996738
-8.972745986280305
-8.916068650875703
-8.90114976292947
-8.984076010091718
-9.007732653296515
-8.92083274624392
-8.929669482677864
-8.979687895575921
-9.108533344594294
-9.043329876977669
-9.037010310974338
-9.017975962955573
-9.00706798958628
-8.946752194648463
-8.901772379121057
-8.911771956590428
-8.871071012093335
-8.934573252172099
-8.934466907220699
-8.99670510882312
-8.947743318166324
-8.951871163089967
-8.99321985555545
-8.918434094063366
-9.015214100752328
-9.155831827859418
-8.89397037678946
-9.01882290001608
-8.99352369179665
-8.98940176440006
-8.998380429889705
-9.086787926930999
-8.992343436136421
-9.013097024376814
-8.88837022129234
-8.955962340753654
-8.94256261490608
-8.970172759178576
-9.052337046304817
-9.012892803890761
-8.991550331784948
-8.973366642314772
-8.942444235261654
-9.033322781376365
-8.99949654937805
-8.999959886436775
-9.052706329642856
-9.042412101280394
-9.043305323760782
-9.039609511537433
-8.94304842900044
-8.99936771811685
-8.950029179958596
-9.0016121777715
-8.948324697119816
-8.996261249769567
-8.975133629273206
-9.03770612561534
-9.086013134195039
-8.920312481775744
-8.969393102535234
-8.95410671219579
-9.023833909314083
-9.032005904226232
-9.011388964738352
-8.974574881299402
-8.999534583501598
-9.042088270053288
-8.977285959081525
-8.930019065259737
-9.051923507757158
-9.04901943250524
-8.929373097122715
-8.972568900180189
-8.937351834044023
-8.93375559438673
-8.940947234203048
-9.036468971728821
-8.975247987375091
-8.944165504465536
-9.000715518432019
-8.913749155587332
-9.054120198259488
-8.965499182014268
-8.981705667631577
-9.043940912451461
-8.919800034873141
-8.890206559462232
-8.968905312509865
-9.014085059657278
-9.048988568197375
-9.032710896692697
-9.028333012615184
-9.0040624052657
-9.103567641152704
-8.93230993157889
-8.958479091602525
-9.034298590704939
-8.99939231139288
-8.979755493409202
-8.963145266449816
-8.983309499338645
-9.088070280778252
-8.976133714883138
-9.001394187420916
-9.018463197749268
-8.973021884784316
-9.053165553131175
-9.079069467991385
-8.990358602555856
-9.06184221505731
-8.999418487107047
-9.054944668193167
-9.031751233998822
-8.942937237072597
-8.965155156408821
-8.934813659845627
-8.99506159462028
-9.006701131858327
-9.051725790399155
-9.020944090491255
-8.972325298962849
-8.999214268824977
-8.984343459412221
-9.015258883522177
-9.050067894889555
-9.0304831510495
-8.975715388554192
-9.05527553158369
-9.014421468849887
-8.980339449311648
-9.002239376725333
-8.943018196062823
-8.967635683982637
-8.976487196955983
-8.955546123620529
-9.023937307174874
-9.005874189334968
-9.03378016299401
-9.050462293143351
-9.02192744235049
-9.051839720600322
-9.025504357804389
-9.038597406957795
-8.96508172968012
-9.076064392641879
-9.063937581113665
-9.02055051046042
-8.99387136153024
-8.96183937673914
-9.026987976891567
-8.977542191237935
-9.074378361862472
-9.082854889653316
-8.999674633235962
-9.031140556323832
-9.04117226101121
-9.00926084628754
-8.988734538542937
-9.043162048444607
-8.988691600977083
-9.009851254744431
-8.95735371738793
-9.03413655110234
-8.911886215691359
-8.96102758909224
-9.029732440072122
-8.94018932972003
-9.018800182366215
-9.056629703247278
-9.01209166811143
-8.980752122654339
-9.041543210460922
-8.983580053940576
-9.086952246634375
-9.065339283397323
-9.04727636841175
-8.96572043039309
-8.93824071469182
-9.06334756849752
-8.952231380873664
-9.054272285142826
-8.90216819341578
-9.045148730234725
-9.145322004067912
-9.009065022773507
-8.992299864573756
-9.074538405001212
-9.046874347349
-9.064532582290143
-9.200076251949495
-9.036029288923158
-9.058788519424303
-9.082406571008454
-9.061636793485723
-9.068467315526945
-9.03517299919486
-9.030764835429563
-9.03401770869179
-8.926497924023783
-9.001696093587295
-8.97078574305702
-9.025423329923097
-8.960660207341737
-9.099834380284362
-9.042091418445915
-9.089276293978463
-8.9495223835369
-9.105293005585727
-8.903359603850275
-9.004587119169356
-9.021612435346453
-8.997652481548617
-9.04916219757102
-9.081648748285557
-9.036751180521007
-9.061197248543229
-9.017161693089017
-9.016508716068815
-8.966645861781831
-9.063343235180609
-9.053811809935127
-8.994516983917597
-9.067560046786184
-9.04863636157784
-9.076049104685268
-9.062693390092806
-8.987230055066972
-9.027721589887483
-8.975800608728752
-9.067337420943222
-9.039987553757047
-8.968518252733574
-8.992549038197367
-9.008536256959031
-9.098089489070125
-8.987419114488446
-9.028370410023657
-8.965990652968502
-9.059805415227187
-9.09668214086205
-9.050912039950346
-8.99861707435301
-9.02454144502305
-8.9387027753128
-8.96211215926613
-9.04239125583875
-9.001760741427821
-9.083856931926482
-8.985048687966396
-9.030909820723474
-9.120541792433498
-9.07118484718408
-9.013526062608317
-9.081401356018784
-9.102920456889676
-9.01227934473872
-9.054770958575315
-8.931432040236066
-9.069103281563828
-9.100520887923436
-9.101254315779935
-9.02630878326409
-9.016917609008678
-9.042576006403833
-9.010050627336833
-9.023199374347334
-9.024529675514207
-9.071940865440618
-9.045980248425417
-9.016399657362959
-8.933424995112928
-8.972649906486835
-8.996985595360167
-8.961207992898329
-8.973540411440077
-9.110975282035529
-9.052647972271046
-9.074417779002962
-9.030940787878764
-8.96431847053753
-9.095460379199514
-8.97145377312086
-9.017920799604772
-9.068780459298958
-9.048483519799007
-9.145125391424704
-9.026024226273787
-9.017035189978499
-9.049449072439264
-9.00062445279592
-9.046409261770128
-9.018753662474264
-9.034977315781784
-9.065563321221878
-8.99698240248306
-9.059206442881703
-9.087559111958337
-9.111178770413973
-9.066482412526703
-8.936140925543745
-8.975717460104969
-8.971936274534619
-9.083727145290018
-9.086853557134933
-9.05872142232962
-9.073007949139624
-9.059286372312181
-9.056648758318543
-9.091793758291514
-9.042370772181025
-9.060152985753314
-9.079313696022803
-9.008176009729466
-9.050871301899376
-9.032778092417365
-9.03853737720636
-9.016043492603577
-9.091400463542955
-9.040015756322942
-9.002587909949309
-9.068179100729841
-8.989083073917085
-9.046490221296997
-9.03364231785501
-9.051559360067243
-9.033704365865976
-9.033286591316454
-9.068564503825677
-9.078491480374128
-9.00613694873461
-9.039718686790442
-9.068403441294846
-9.028271021209362
-8.993812852305547
-9.02780752682789
-9.072951805987035
-8.99599212788333
-9.104365403909059
-9.026465842220373
-9.040484433328423
-9.037975831402877
-9.036288311319483
-9.057620375782935
-9.087339695835324
-9.067109934737125
-9.029051055592358
-9.027494004637383
-8.973602866297917
-9.11131430920773
-9.000838182892073
-9.067605265619878
-9.08489590498425
-8.987280944226468
-9.031731955399335
-9.07759751607068
-9.04951538431576
-9.051503216684356
-9.017443835578414
-9.08130597812905
-9.031168515450549
-9.000457670296647
-9.056334182372096
-8.963681001946194
-9.045662788767164
-9.020357957603405
-9.045861463174495
-8.97348637252323
-9.03170767938048
-9.107227477834805
-9.007597495651012
-9.05009093823846
-9.032148790007788
-9.007088885927278
-9.027623166479229
-9.086891054214737
-9.014967706899897
-9.057048363294783
-8.981204663176305
-9.040088635492937
-9.09836343626863
-9.055692092712647
-9.027527555079466
-8.955228141210572
-8.969100620798763
-9.138639140911932
-9.067960313698839
-9.018908523613957
-9.113393256912081
-9.085950246144444
-9.025024970381313
-9.040604155089323
-8.979748085918326
-9.090993164048578
-8.980079826424047
-9.080819290614905
-9.041949837547445
-8.999924405438675
-9.071582677688221
-9.030989916721346
-9.035525152481753
-9.041028805986489
-9.144636588702136
-9.055157453337253
-9.093500847320614
-9.000271028616835
-9.009245951114163
-8.964103371635309
-9.021909649698285
-8.9916953826635
-9.149049739077611
-8.999454977848876
-9.061974368480982
-9.02393166523866
-9.073464222660627
-9.081093747718755
-9.100249802019482
-9.057827835919742
-9.116117577652862
-9.052236365241566
-9.02666540831122
-9.035657741998591
-9.0737363348848
-9.067177294439364
-9.025815320444073
-9.049653060182347
-9.051625392336176
-8.989202975414942
-9.035721117409166
-9.141956846151142
-9.09933199185216
-8.942920577957073
-9.038527504525206
-9.16567212650195
-9.066723975066365
-9.085195190266566
-9.052518130669318
-9.05452954197449
-9.072764027276593
-9.109588617628878
-9.035805760332215
-9.120296452758984
-9.13243795633869
-9.067586941912845
-9.059817521090507
-9.10875754923432
-9.03808522876272
-9.106450366526087
-9.040495673423024
-9.057808517705604
-8.930601731864876
-9.093082711332151
-8.927356139324107
-9.010721292600843
-9.073530598004625
-9.035985156710884
-9.078072430340603
-9.037679454350025
-9.133963696364049
-9.0692232449047
-9.087876794167073
-9.117447564970915
-9.103740227888062
-9.008815622367178
-9.046989564073328
-9.034526577802039
-9.114372821727512
-9.072543844315138
-9.090728364058668
-8.983184577066682
-9.102359432588527
-9.112921360690278
-9.00126441835458
-9.103840107995822
-9.028703332822287
-9.0988666159302
-9.03967041124553
-9.161127876013685
-8.937063525513151
-8.965696236289206
-9.117891633750034
-8.97732853399831
-9.047200731435082
-9.140389852964223
-9.070015468618886
-8.988524551662264
-9.097097544291929
-9.008190313579645
-9.033035809741502
-9.074794221367913
-9.022093226337438
-9.03334733093131
-8.993562414081094
-9.053163988504659
-9.07968080244906
-9.052921394446606
-9.149819639406706
-9.127366503513423
-9.045218101898524
-9.035681292884105
-9.045529510617719
-9.033476854329493
-9.004731274002618
-9.113402071087874
-9.050089486341767
-9.045581018156293
-9.005923766325372
-9.005176326595542
-9.074116496135543
-9.013984235014586
-8.940895830030025
-9.073620603926747
-8.979927754113602
-8.957555124980955
-9.065696409416123
-9.01092549620813
-9.074505800238674
-9.08977242174275
-8.975224396771614
-9.075800516939333
-9.085073906670294
-9.077477166968407
-9.037110791111877
-8.92145024874061
-8.972003554892023
-9.05299700740433
-9.098297934370086
-9.105286194428178
-9.135244968617165
-9.006620187925009
-9.087153789016748
-9.03264384582369
-9.07930882194816
-9.115741078116192
-8.963749443093247
-9.116644040199413
-9.056372106412345
-9.114414842057897
-9.051975871315582
-9.165704145543298
-9.040202554957842
-9.074797171690255
-9.045265745145754
-9.002554403453429
-9.022189596233197
-9.102780669450475
-9.009090604434492
-9.126631213033845
-9.031452726589732
-9.025757520048614
-9.021926411137311
-9.050661324193753
-9.090279265314374
-9.112099243556012
-9.053246890590055
-9.03378139598777
-9.11424270894332
-9.118639539782748
-9.117329799861965
-9.092900834200709
-9.055900411432608
-9.059664360305108
-9.015784304983852
-9.098821833744372
-9.02259859274198
-9.01953468860396
-9.021053362411788
-9.010958570802542
-9.00443053114648
-9.051855926341085
-9.123286385472
-9.056481845262708
-9.118447346941918
-8.971490027462433
-9.030487762369939
-9.025657683183287
-9.15499540114148
-9.05341968085253
-9.082999655985873
-9.041154950817123
-9.163628326395374
-9.03586224045994
-9.057575308376952
-9.056527272138624
-9.105384740279824
-9.02547607212512
-9.024876542614045
-9.086482318309582
-9.04244419525653
-8.970280892666851
-9.031903484916574
-9.073645118733191
-9.189667662887365
-9.114215368897026
-9.02167730690921
-9.000329319189138
-9.028823292388887
-9.025001169255942
-8.99103398631083
-9.107647038109173
-9.166741515906654
-8.991133301091901
-9.066594960503323
-9.153059810624518
-9.033132024790367
-9.019352248072366
-9.076991931098267
-8.994770374614381
-9.002861991611482
-8.972712900457081
-9.015696371439192
-8.990609587827732
-9.080523476667395
-9.011494906909503
-8.995452968489465
-8.99319898252124
-9.012273893022854
-9.05556977017485
-9.060325282873077
-9.084951045222061
-9.07439348832772
-9.039676380453091
-9.020437612279435
-9.041285364104969
-9.035802869085527
-9.02399602944828
-9.034404119476877
-9.065671061031585
-9.047806260501174
-9.090563468110497
-8.971387687292337
-9.177911416958676
-9.041759167329843
-8.939991240734996
-9.022120903445504
-9.016320439214615
-9.132091087853459
-9.07980200434342
-9.090564303911778
-9.104728976975371
-9.155383839237329
-9.077517495805557
-9.02331617828954
-8.99363143056778
-9.030449800673287
-8.994209968528445
-9.09709981010651
-9.127190306243648
-9.071736738898815
-8.983540606834259
-9.142014495593655
-9.09882781951922
-9.041169003662292
-9.029847936901822
-9.013057647179753
-9.054260434916952
-9.11252453278459
-9.113291250217186
-9.064241875040253
-9.040227189049089
-9.058963071678598
-9.047626094887349
-9.084001845784087
-8.975406739035925
-9.078052601677864
-9.072977816714205
-9.05682117417255
-9.030174753991162
-9.087188039782278
-9.09410294713102
-9.105642038241104
-9.118683950037518
-9.098150087556292
-9.03963391814578
-9.02578351396883
-9.00471368706376
-9.106601514894981
-9.074526776503902
-8.991681170330825
-9.082081557432536
-9.050012791157885
-9.093416293714505
-9.124827831133373
-9.083896781681084
-9.096043768938017
-9.021671722785468
-9.031060467346544
-9.150423746111642
-9.045439368991875
-9.136757718381046
-9.101647505944412
-9.106453013939344
-9.076974762063974
-8.997891312237078
-9.061656351645116
-9.225124716167999
-9.11000906980792
-9.083093313252153
-9.159173698461599
-9.036733520435806
-9.04809590456691
-9.090784000978235
-9.05744373129378
-9.155541044747066
-9.063216048094999
-9.111005023531543
-9.033611741765617
-9.142352918117494
-9.055533908641628
-9.12379901997493
-9.17221156358264
-9.138922342404923
-9.091996299150052
-9.11315257596603
-9.08294782232008
-9.074723686465118
-9.023656166668045
-9.083612633399646
-9.009202698001095
-9.050428780944431
-9.142095418046674
-9.167903963755899
-9.210088095808777
-9.176925310751944
-9.14880416953177
-9.027298859271069
-9.142660244361187
-9.14403260424091
-9.037600217940296
-9.146687249141422
-9.089784974448417
-9.086457888945812
-9.138252000720312
-9.093235561434462
-9.114581129179847
-9.137973461628306
-9.153147964041876
-9.16754123162809
-9.103956545785959
-9.083204591584204
-9.064661070231601
-9.118324314957682
-9.060821422927692
-9.130805868824085
-9.118879426492661
-9.132296059949002
-9.046474743831363
-9.105826258720517
-8.993772478646177
-9.028130109576056
-9.032278829919564
-8.992366843284513
-9.1387461355404
-9.115620408812745
-9.081035676818937
-9.112231029889216
-9.094398237615392
-9.177957542389851
-9.012896160831293
-9.031889541817412
-9.041261756761712
-9.05688201089234
-9.114995176421495
-9.035656826814977
-9.113570667484053
-9.061766238343678
-9.11330571722859
-9.0757073086311
-9.187895297473384
-9.134231831925774
-9.08265783090302
-9.09843407513869
-9.0298589011189
-9.04545183761361
-9.206138638470806
-9.0927474371155
-9.138661773843465
-9.159318974354045
-9.132045633491114
-9.098793091809908
-9.171467529522761
-9.190617515981021
-9.042290701637631
-9.140317509276313
-9.11800193860339
-9.079977972746866
-9.098054664379559
-9.12163202250106
-9.12295351910037
-9.120605121807618
-9.113666096081685
-9.108597639965879
-9.185612747492144
-9.151395228277979
-9.06307189540349
-9.074764298514362
-9.023543215299648
-9.072873561778096
-9.057434882496429
-9.064018187956671
-9.110036085617926
-9.032368842108225
-9.156448355113397
-9.078024932547299
-9.100615764448143
-9.043334017942682
-9.110046663707204
-9.14325743359464
-9.13900392393956
-9.105871438863383
-9.066723836857312
-9.104825625190712
-9.040144986309958
-9.10428826301723
-9.061047455166756
-9.134045742953024
-9.088705909564686
-9.090755757652005
-9.054178448997089
-9.07747141573449
-9.050641793800704
-9.140254474017894
-9.072945996819351
-9.03736574105055
-9.059436548314565
-9.009283914076267
-9.179224768255066
-9.097592301522017
-9.06417462523241
-9.038753484277425
-9.113367876612832
-9.06022613936102
-9.04941988909271
-9.092392580610012
-9.041179273596645
-9.112571594149573
-9.184835548938477
-9.027799977712645
-9.06402915877747
-9.206995900187806
-9.06894958482504
-9.073691116159688
-9.13458939541568
-9.121738186020265
-9.129470553742125
-9.143493291519203
-9.031492022329502
-9.106057919641154
-9.1630245404617
-9.086387941339598
-9.105046656553425
-9.117063614973985
-9.17472379860458
-9.123252255903605
-9.07790782433731
-9.12096397252294
-9.1511672487301
-9.216474473209704
-9.141126690064024
-9.167454415771717
-9.122458712395787
-9.03699804304327
-9.221480060473715
-9.13192862680908
-9.140233827960449
-9.070431600136407
-9.210069396847814
-9.111353219544457
-9.103672960080104
-9.130074241785477
-9.143835069247656
-9.145923982271254
-9.15387881131245
-9.052723030980323
-9.150225642066758
-8.998715678799366
-9.108636865508364
-9.189543016238495
-9.169230794192638
-8.9824635286752
-9.122240852145868
-9.114384973691143
-9.154267061689403
-9.149479859445417
-9.10508894669952
-9.114153132633055
-9.109511486872938
-9.162679687280566
-9.030681200573593
-9.149672155934088
-9.180538781423383
-8.745364430198318
-9.030334906774664
-9.131365130509726
-9.098375203113333
-9.142843831302015
-9.233526381831455
-9.104100470624768
-9.076657684227001
-9.125532377559542
-9.032087947419482
-9.166346382940047
-9.050232934887084
-9.139784919517146
-9.110365553052446
-9.135553422392244
-9.088163788422133
-9.186063142403759
-9.138965969590984
-9.19699738056318
-9.102561173061707
-9.156476159316222
-9.099544880190356
-9.095231830651342
-9.153829283391246
-9.092363990311714
-9.119440077033575
-9.142597622116913
-9.121675540606306
-9.055196803493825
-9.138914700239397
-9.19382805217492
-9.120307266548366
-9.100769770550878
-9.138998954694117
-9.098895242817617
-9.117084921266594
-9.123363456297602
-9.138070697685121
-9.10874775491431
-9.144288598524719
-9.197909439685223
-9.069973050496172
-9.07735509916529
-9.080101416176074
-9.179674361636568
-9.171923500550959
-9.064275279873929
-9.079095697618405
-9.125811042931987
-9.150608470167205
-9.11602452447863
-9.080943722057244
-9.104803652498841
-9.231205625068831
-9.17072815512729
-9.194363735205663
-9.126764640528094
-9.12570798929153
-9.191264176864385
-9.132034360172653
-9.086484947694636
-9.078881235037608
-9.097176937760572
-9.15461632770669
-9.111111724879732
-9.079576558383184
-9.237824872816459
-9.120840853583104
-8.874537347405505
-9.147772855119198
-9.139911817127494
-9.116612245025548
-8.99914514234766
-9.106234268687471
-9.155395832006228
-9.173573674383354
-9.04374927332167
-9.16040793085228
-9.225192328320245
-9.076435269816907
-9.135514391581195
-9.10607198833074
-9.0354622221013
-9.185114638863908
-9.06871134123281
-9.09529388958568
-9.112043336685707
-9.158203580072277
-9.065141476583584
-9.05773240578734
-9.097778111922498
-9.108731806569379
-9.162692373929353
-9.163977795739926
-9.172250148548548
-9.05584704717355
-9.149263104785032
-9.116276354681274
-9.141304050216917
-9.159301295920686
-9.151276510450215
-9.10173445284547
-9.136288494123372
-9.11388256256001
-9.159544161645028
-9.080259263267125
-9.150594706175932
-9.204718556951535
-9.11093789475263
-9.104174816174949
-9.145522749711748
-9.106411439300096
-9.143517390294136
-9.075279528878328
-9.147876543945637
-9.175161594942585
-9.10587880773446
-9.134079209065451
-9.051117534982373
-9.206074444044173
-9.114705174581935
-9.12389573353575
-9.068741416335659
-9.108009746869033
-9.20193786712456
-9.04913813236333
-9.137795903236299
-9.05162749126474
-9.16732493561276
-9.101664387175582
-9.164044239740932
-9.091356557520884
-9.136870651493167
-9.11498644146842
-9.085834485298882
-9.186158933064908
-9.171247927608851
-9.033335637083189
-9.159971966642798
-9.065777952953471
-9.143649893156839
-9.122426521169976
-9.083655021432431
-9.073395912642253
-9.069456483230907
-9.060774689798023
-9.179808028636234
-9.11761726434042
-9.149834515485054
-9.097193713809686
-9.145571700422286
-9.064064424900232
-9.077925595129463
-9.112422309921431
-9.106589899722474
-9.11764740628981
-9.15096820327602
-9.021651671400956
-9.124352515114538
-9.13549083167226
-9.067559707436143
-9.10054328874418
-9.19755259456249
-9.111158211445774
-9.169006768560825
-9.214175004482492
-9.083041827527387
-9.112065102333277
-9.141759142837616
-9.07438846876191
-9.171992642423328
-9.214688227641266
-9.129016017182376
-9.128968943116968
-9.119900293196041
-9.08449666289631
-9.138596180445829
-9.102480318606515
-9.086037833323504
-9.12946480646714
-9.123552218283317
-9.10484208522701
-9.061325999631899
-9.052325675104042
-9.100859576849109
-9.174361679544795
-9.160162567677736
-9.059993822788767
-9.125296670016999
-9.112375221063237
-9.143351640945113
-9.251299661234517
-9.123766837811946
-9.124016228039542
-9.152084525741007
-9.192141334432334
-9.105534005978214
-9.068187479068717
-9.097706731136286
-9.180271376151856
-9.121499912580765
-9.154922253029268
-9.134997740411114
-9.14437163749358
-9.167366904808082
-9.016884682522301
-9.099000756880901
-9.10129012010937
-9.125646261464697
-9.101410181322782
-9.191988155996349
-9.167997761286582
-9.121825651394207
-9.120761322610392
-9.1052639647919
-9.175059900077779
-9.151336067284333
-9.169231018358579
-9.161734856816947
-9.1055487034421
-9.145423791614041
-9.151019268066092
-9.15733345393996
-9.130044224331451
-9.039813592220714
-9.116229558998745
-9.146628750445954
-9.108029997225895
-9.153538967534136
-9.124625604697746
-9.148861714400104
-9.051370037105654
-9.100172950802179
-9.078927449282542
-9.121227206319714
-9.197337524517389
-9.119044791696625
-9.091673645149461
-9.171756201894647
-9.165079016275628
-9.174508220379328
-9.122365742720655
-9.143344725961063
-9.083494205983753
-9.124729553173372
-9.045158012441323
-9.038864768895778
-9.144592839894905
-9.038919326702795
-9.152649737098432
-9.112331409963668
-9.144240099022747
-9.136918155431593
-9.157101008197749
-9.038994979485265
-9.202770297215169
-9.234813197809641
-9.085606829264101
-9.045959166890261
-9.138821999532508
-9.114995568289116
-9.115926564158075
-9.147427024740924
-9.13059678431684
-9.169964170225995
-9.14593888952712
-9.063180719197339
-9.122619025739231
-9.013916016468022
-9.152381356563552
-9.19522085018181
-9.144273568712808
-9.127086095436944
-9.152324518625901
-9.136900921407543
-9.152394392750578
-9.23943419501884
-9.115954428012385
-9.167003341930785
-9.089669859784406
-9.102747798518328
-9.182107594974022
-9.164627944466998
-9.147499174887498
-9.15613480701039
-9.106845769087537
-9.09192060504574
-9.135445230501919
-9.08664618134475
-9.11008488932744
-9.175392442927764
-9.062551293056996
-9.140620795336813
-9.086837735457113
-9.081958336357799
-9.159973018024614
-9.157129864820764
-9.071825793978757
-9.054491022157295
-9.150869713130396
-9.117490355770709
-9.056720208089853
-9.138975336317861
-9.077078450499739
-9.225598105948627
-9.054208972377053
-9.217076848749697
-9.129683123507531
-9.245228942808437
-9.192642276062594
-9.204840988908089
-9.126288562075237
-9.066466915473312
-9.102576763237266
-9.12489645782057
-9.127719076173769
-9.137403510175199
-9.137184849451316
-9.096313993307573
-9.126693463230998
-9.176270113700951
-9.12800656386675
-9.151000657930618
-9.085389649218667
-9.165606219570195
-9.069531158804773
-9.130977279925329
-9.165012178015834
-9.058704413480264
-9.111979307683809
-9.175235522931805
-9.015827813578477
-9.189072199683842
-9.174809385561197
-9.189301803683534
-9.20232780101577
-9.163216739031474
-9.205022041543826
-9.164320994786776
-9.152849077544944
-9.189661146507994
-9.212421293655296
-9.177540758341586
-9.216124005269009
-9.074507312574756
-9.144607895955351
-9.088399908420758
-9.250833384224917
-9.12458892798698
-9.178862903955245
-9.0649414883323
-9.107109784632584
-9.047637152015186
-9.08595324517169
-9.110390301016551
-9.118371154613426
-9.151134526552003
-9.04093846513121
-9.129696142446916
-9.172846963605343
-9.161176872184475
-9.152260718262895
-9.178597249877411
-9.12092328994075
-9.145309499971153
-9.153469797505746
-9.062893700957028
-9.093600240134307
-9.125053993132846
-9.1945504719745
-9.15894469395245
-9.147893581389475
-9.14017195658716
-9.130673917212235
-9.157570310214755
-9.210028330577648
-9.059439088282915
-9.06807486798007
-9.093725771335881
-9.136949048392497
-9.156824971800871
-9.152848307852674
-9.226682237964477
-9.093946838308575
-9.068672970369624
-9.176767212753816
-9.136695767137068
-9.06409854519674
-9.148317356935417
-9.048277611274921
-9.190427574638457
-9.12986049402795
-9.162214739089451
-9.236779473848255
-9.239395329836928
-9.102114281718704
-9.203711734994014
-9.097039710816926
-9.092022102146544
-9.166077489747614
-9.206337301309011
-9.159542814649845
-9.1680296745048
-9.145566248419675
-9.113407937260098
-9.054989076642968
-9.167233593524942
-9.155111948933325
-9.219027329478871
-9.187766753361256
-9.15912855116609
-9.17829514447132
-9.22171939699258
-9.214502303567846
-9.253358576360878
-9.079762876911994
-9.17879238504377
-9.167614674197855
-9.206366881724982
-9.21669646665187
-9.166822413115822
-9.259505933922336
-9.125621026090286
-9.069905871761186
-9.23075857065661
-9.122733180140434
-9.195238192447519
-9.158162534809216
-9.218382039508402
-9.17275066814414
-9.146614671564864
-9.19465009037804
-9.220051225738189
-9.166168051123293
-9.230649120574773
-9.197875516623148
-9.188696563865019
-9.187678544673592
-9.107164170102482
-9.152198943307
-9.15402639212243
-9.21872695884768
-9.14012245355665
-9.150006423208165
-9.207490898146002
-9.093116199642642
-9.18696310403621
-9.111774721054662
-9.12405440698448
-9.273376596236526
-9.185569441578734
-9.216832048887296
-9.125027135698213
-9.192351793998826
-9.118742148010448
-9.228475647529743
-9.234141848709362
-8.873465997744516
-9.215788493833347
-9.023744967249778
-9.168679261922465
-9.142445752338189
-9.101564877661202
-9.198094366650254
-9.24289854583397
-9.262378662127999
-9.279476721695405
-9.17683980590846
-9.222627993700074
-9.229771188335981
-9.168226029282728
-9.315920528251215
-9.091426158174286
-9.28905040254534
-9.152107584701138
-9.274831858004347
-9.153151714824613
-9.150001692962247
-9.170413870116446
-9.200929081728214
-9.257067785747637
-9.17451338257151
-9.156151775735882
-9.228148171954789
-9.135329758357797
-9.114023494842776
-9.164393541875963
-9.174725217217022
-9.16010965663401
-9.183632823270019
-9.194702304827235
-9.183659695310958
-9.088153775106523
-9.164308944982066
-9.103449365141417
-9.055362565325941
-9.069647136909792
-9.084596602099912
-9.175823167940852
-9.061475230216354
-9.100704692805207
-9.133071964800408
-9.132049902956092
-9.096313538588666
-9.117091389633572
-9.02381668865957
-9.115330059203814
-9.076669562805032
-9.089308787548939
-9.064280925101432
-9.113350080077002
-9.092391015019542
-9.106320949910204
-9.077226872591671
-9.0926702823293
-9.137707581752348
-9.096395934116188
-9.098782800995776
-9.167777870582013
-9.121217712068935
-9.16863520450258
-9.14439170487757
-8.966990585453742
-9.101437837742143
-9.127479906644812
-9.088705801946421
-9.09404524391982
-9.132489752021632
-9.149011919377454
-9.054284739232749
-9.194835473954548
-9.16483195620854
-9.075206741073815
-9.079122508688034
-9.124741296544576
-9.107243749125125
-9.13249277864653
-9.138530195005265
-9.196024208997704
-9.144148804784667
-9.127821874305399
-9.122022721441857
-9.049261765666463
-9.075548283033916
-9.092784567952878
-9.197416313975301
-9.19224569666238
-9.06150290828185
-9.171075442639005
-9.0673187086616
-9.07960576152257
-9.189700275551933
-9.084204504830252
-9.122693533304096
-9.11259105275549
-9.126632386398677
-9.153144026368018
-9.081522165148158
-9.138448334053535
-9.12574643149363
-9.115645991390405
-9.219672724675865
-9.211335951510113
-9.197186638057353
-9.163821835938043
-9.151389553774445
-9.097749938931878
-9.08795272408957
-9.085724450319987
-9.189419524541252
-9.179905082977731
-9.131101887737067
-9.161376085966223
-9.040317851894715
-9.177658294805996
-9.169296641764726
-9.097991096212922
-9.194623784805913
-9.20880624725414
-9.067594522454021
-9.098538943146275
-9.152460819512703
-9.088212682321814
-9.11322823497023
-9.17499952774503
-9.186716224168718
-9.059640515427239
-9.131551977662102
-9.175974426978943
-9.114573121619122
-9.141803175106473
-9.148924495625451
-9.103765282239529
-9.157531551292383
-9.19312865954105
-9.190525318871327
-9.220720904955575
-9.212107673302793
-9.176516894504521
-9.141656295161184
-9.177778861308923
-9.229516695318836
-9.134341026331786
-9.057766100381974
-9.186722620812962
-9.260951047266834
-9.153936220157705
-9.181739613408281
-9.17478118157419
-9.162981727115687
-9.192910648341538
-9.252079090411398
-9.225152952577734
-9.20606151888693
-9.210286589709872
-9.107701576249783
-9.234880116302694
-9.174859478291486
-9.129141774141834
-9.11573227941366
-9.15914811878134
-9.282431473363726
-9.148075820163681
-9.172432359418437
-9.196503507592151
-9.173251241072514
-9.201140787963801
-9.13379927914997
-9.27919027618068
-9.239304315565787
-9.15323680478174
-9.205844852885317
-9.195885378829036
-9.14566637337434
-9.224840508413418
-9.070425928249072
-9.186273733251511
-9.182743970654034
-9.231444666726087
-9.116439946430148
-9.140941367411695
-9.139357105733437
-9.192742088324856
-9.186425290888009
-9.145610809544229
-9.067794533357178
-9.157243483374073
-9.24813385330825
-9.256219733939806
-9.20581548585441
-9.224277953490239
-9.21000585109681
-9.327819357375324
-9.21237113714781
-9.16610316354999
-9.12235652460486
-9.221628238012155
-9.193870956569034
-9.21416398337149
-9.202095594168087
-9.110704689828538
-9.28411109803371
-9.200874268854156
-9.17039797699972
-9.227495509075728
-9.192070227528172
-9.321732176814397
-9.194423864735363
-9.220857621059809
-9.186802074592379
-9.110296503343372
-9.158632272460961
-9.12398499061596
-9.177624026518442
-9.213938566515433
-9.144335211041822
-9.19455610465285
-9.190768669859626
-9.12775487824406
-9.243304185708794
-9.212540089260113
-9.237106430190897
-9.166810362487336
-9.168164135459488
-9.253175739628022
-9.151162658874838
-9.238048307691
-9.239736966480242
-9.164169140116845
-9.086045808592548
-9.182795381627535
-9.151207577232908
-9.13196757028804
-9.139991320300657
-9.188088095176049
-9.25640824762849
-9.173380935459095
-9.125728059140398
-9.17570953254912
-9.116942670249681
-9.29447870456335
-9.08214546557382
-9.194340823623403
-9.254395507319854
-9.099760782354473
-9.168057479818888
-9.15113233518373
-9.261942639902452
-9.146872451435122
-9.177572042019774
-9.185930217369444
-9.263286860893434
-9.16995106158938
-9.205493364667417
-9.203404807272106
-9.145473728609728
-9.181804112983338
-9.219791600127676
-9.228499920231327
-9.175192630374731
-9.18082921749684
-9.137019211956956
-9.168488433976218
-9.108790395289876
-9.30505107020077
-9.324697627734327
-9.223597221841564
-9.283913986265903
-9.214847330293571
-9.230311760471958
-9.178255774504807
-9.145585741509443
-9.169269078425154
-9.270592592126848
-9.201631014108235
-9.174083856522943
-9.186288589137323
-9.180714735491566
-9.226647137651694
-9.16566443347834
-9.148884690436306
-9.154251075123936
-9.248842801540837
-9.108333857797218
-9.163990142777333
-9.130960149189626
-9.208061779072041
-9.194479585060105
-9.13747641935309
-9.226220133967088
-9.210554760606296
-9.199974131175397
-9.207827276963938
-9.12102905134112
-9.214223636822753
-9.212959782714217
-9.280418969851013
-9.13625662983137
-9.173156881172991
-9.21765841196722
-9.250521078175204
-9.174499819784527
-9.16245371128111
-9.104762286749088
-9.249086073833926
-9.15411277319077
-9.171834813977958
-9.183730907836411
-9.244204472725338
-9.210376072819853
-9.175694377249773
-9.169083022744497
-9.216881591796511
-9.30226546466954
-9.24886657709404
-9.25206732631462
-9.199364241303893
-9.123817016518888
-9.246509005578892
-9.08708068611183
-9.241347073582679
-9.185196328381501
-9.164808286128215
-9.21351914348048
-9.229945140787256
-9.207835150385057
-9.344523392436592
-9.190514265916056
-9.246949127946346
-9.20438569933182
-9.218970131771831
-9.162950657791777
-9.245559977182122
-9.246511266613291
-9.166547120034934
-9.181018137999665
-9.18153790479011
-9.23791657146483
-9.250736233125249
-9.171352683435122
-9.275975946921223
-9.289853857580582
-9.25836519801942
-9.29012201178519
-9.205857224275025
-9.211497263542167
-9.263526733832485
-9.245749503754741
-9.280970109165667
-9.277011454886285
-9.29215941270375
-9.173400461535948
-9.206465127209002
-9.255171868354772
-9.241311029503064
-9.224302200170289
-9.285345774576072
-9.238392317319205
-9.287683759151477
-9.200308779139295
-9.289291525534791
-9.329570264295818
-9.256542456804215
-9.21858581205193
-9.255652539633472
-8.980374373634708
-9.236734611627751
-8.961170390287055
-8.772750863225399
-8.38854495502346
-9.191238780933084
-9.213233855632913
-9.062124627639008
-9.213419084639268
-9.201252528420367
-9.231111137916354
-9.177032154903136
-9.226777060976481
-9.187286169972827
-9.447303020146617
-9.099322921316007
-9.251224814016197
-9.273304620322774
-9.211144206085384
-9.267716809763906
-9.24836173475576
-9.30078254068635
-9.249876907865644
-9.22801440184391
-9.154732747101836
-9.304119034863435
-9.2114970270458
-9.2205446427008
-9.257002662156001
-9.210733224397256
-9.186301397831018
-9.220476819302798
-9.168616625947367
-9.351931641430948
-9.203390619382834
-9.20070749956408
-9.292624228715113
-9.228982789005256
-9.128673058814844
-9.25466510138122
-9.17452206568689
-9.252095124149252
-9.183828896791395
-9.174560547387497
-9.217928193119711
-9.186667659441083
-9.227660592794582
-9.228430132399593
-9.182403541355303
-9.170438371990917
-9.198347109339663
-9.23498575372095
-9.203757210161376
-9.2296044375325
-9.292146517667838
-9.167061726228752
-9.162392114344858
-9.195131443444847
-9.265469054098439
-9.129659556419961
-9.168754351424594
-9.181282572678631
-9.217293214500534
-9.115616318667938
-9.14749562167126
-9.224775777705142
-9.091118040679358
-9.150039519066233
-9.226693002838697
-9.200585338085915
-9.233520512284452
-9.17719833377745
-9.195729823860969
-9.188724569480076
-9.265124979888544
-9.203875689581443
-9.260519424550264
-9.187099378161745
-9.153052409958592
-9.217627250393878
-9.182437445294637
-9.178349846157984
-9.154005523716767
-9.194889202399509
-9.182727530445934
-9.174893452449371
-9.130321289441309
-9.148588393725024
-9.209803330435811
-9.215754204144513
-9.228122074533557
-9.23704663578426
-9.275285402267649
-9.232781861350514
-9.224990472005898
-9.168754664711384
-9.218623331422892
-9.284832533997449
-9.194133141878908
-9.200855798585062
-9.164729853915409
-9.103244823462974
-9.316539994535388
-9.206248276345226
-9.284668300346032
-9.277823648704796
-9.14956889204007
-9.226308882713438
-9.243631737653159
-9.307113998891733
-9.2717439627143
-9.179481053638487
-9.235808039603162
-9.291406323000492
-9.189726275883025
-9.280627947576077
-9.357217601554064
-9.20683302580238
-9.210565734625748
-9.107050143490111
-9.200050618347042
-9.271712912372454
-9.274379817586288
-9.16877630165561
-9.221815425156956
-9.271306041468057
-9.260100261156092
-9.231536397551773
-9.318057659154297
-9.310548428181155
-9.306943253640183
-9.16814538281631
-9.279184162501023
-9.273845200835831
-9.209199466497296
-9.2168643349108
-9.310651019841272
-9.184961139783587
-9.15684662658559
-9.258058434359022
-9.204727019380314
-9.178972410568774
-9.268873303950754
-9.173460830602037
-9.205113798099337
-9.273075420234962
-9.227247811065743
-9.189639933596728
-9.15277916160895
-9.181992294230513
-9.30378702308223
-9.286779492341754
-9.206756451999752
-9.249327035668182
-9.253807863391014
-9.24562846278478
-9.247713417210734
-9.268808045504738
-9.202524527771734
-9.231610929001793
-9.254715669609016
-9.182367938427157
-9.318035052834322
-9.25299707180567
-9.215839125832211
-9.30259518592823
-9.252777920529063
-9.330430296879122
-9.223747533787266
-9.155338268660245
-9.295470683500032
-9.266199714283516
-9.193183419630023
-9.317326855292206
-9.294236627680743
-9.26200026624207
-9.198274063671867
-9.3136734350929
-9.201722505601088
-9.224958659562978
-9.264071014435203
-9.25082746687092
-9.18053036969373
-9.282160391965874
-9.289443447046477
-9.291633406340953
-9.289523016777459
-9.177564080211194
-9.288671781212992
-9.369290918647469
-9.338283548244318
-9.338350940891335
-9.190986407715814
-9.249624282184518
-9.32150289250411
-9.276659848205398
-9.291357663843732
-9.286268070588054
-9.337707635536121
-9.294028460859066
-9.217254455446673
-9.228860716630425
-9.252173182664775
-9.453517018928133
-9.277991888478002
-9.31101525110189
-9.289522221818105
-9.341018704213111
-9.29738272308166
-9.239435881076066
-9.233550110167302
-9.317168962737227
-9.329091156020707
-9.262489369183038
-9.307227239677259
-9.199427426678545
-9.2697668031636
-9.312672856920637
-9.310248578568624
-9.2831360042342
-9.292840133582981
-9.256008810295077
-9.237324351979428
-9.222861230126282
-9.39189948319284
-9.342986730871697
-9.142145295318986
-9.305427770564883
-9.26531361046249
-9.282888481506262
-9.2414382093441
-9.293460041714935
-9.265753088950419
-9.237078404291802
-9.28011575021648
-9.361194454537852
-9.258257853883114
-9.255145927568059
-9.22776529811989
-9.239844141754915
-9.364197963655798
-9.304005026318231
-9.327470593674105
-9.270991949721939
-9.217370361396991
-9.192835130511117
-9.325628991958354
-9.286253105804349
-9.325551082722802
-9.330648447691557
-9.330865691643735
-9.388962544829608
-9.181191403571475
-9.18900989349259
-9.305850098867209
-9.322904734235516
-9.203245585800936
-9.301350671278469
-9.300963254668895
-9.29850107766868
-9.31241053223614
-9.311805110493525
-9.314638286907035
-9.30167538278648
-9.225575923062364
-9.335625631361674
-9.385285824189038
-9.393988771006683
-9.321427396180775
-9.261488074243685
-9.250477140598816
-9.218470911301898
-9.353278838105531
-9.309888103650774
-9.305900672760604
-9.335654390634923
-9.311687344425959
-9.301322524688073
-9.26322524591956
-9.261807376502714
-9.36575266879874
-9.36100496185677
-9.220440324192529
-9.364916647870919
-9.235544991570825
-9.264500914958127
-9.31235905582186
-9.35477435187664
-9.30369544663361
-9.272124938621607
-9.34848751956211
-9.25571705448444
-9.222194959757365
-9.317514507461016
-9.376999461842425
-9.374661742890272
-9.380934471999968
