-5.475241085200468
-5.475945007805644
-5.478930882460325
-5.473215888714833
-5.486680832925094
-5.476230983219931
-5.493945384298899
-5.471191533914251
-5.478310385588189
-5.46850372257534
-5.478877787270051
-5.482062325925497
-5.483068558488343
-5.4800623848798695
-5.474796038973045
-5.48396844389993
-5.4867169363205885
-5.486844081026583
-5.4958704109277825
-5.481848270499192
-5.469909993232044
-5.476767161358717
-5.491651463986073
-5.487735846460864
-5.49513956677501
-5.492953787257302
-5.48827797981892
-5.488683937920401
-5.486743382535084
-5.476105038163922
-5.4696994687715526
-5.466361652939989
-5.480206850175404
-5.483021914349924
-5.4962045080350155
-5.464390345770514
-5.472189597166498
-5.475342579510171
-5.491342297810835
-5.49138471355386
-5.488834501217937
-5.488610558159295
-5.488625625748322
-5.490910823531857
-5.488407294576196
-5.473851819083371
-5.485962152065041
-5.493947750676457
-5.4864002475927105
-5.468438930517635
-5.464136868510636
-5.4698387075183845
-5.497229157458389
-5.490328273531457
-5.488404304861756
-5.498314838468664
-5.488574743220684
-5.492158254536452
-5.484584799832321
-5.496694906387125
-5.484122952242431
-5.491879823728446
-5.486567783548711
-5.508890311445043
-5.499443826964729
-5.4863975580506485
-5.539923598604503
-5.507841428337535
-5.506365310511396
-5.513874924193951
-5.522071060386066
-5.517001017636717
-5.534530928342349
-5.499026053247823
-5.525135516255114
-5.520134973227413
-5.523009801037282
-5.562497803152759
-5.543190286762647
-5.538125550538254
-5.551322272022636
-5.525203876485966
-5.5410622005297405
-5.5555735720115935
-5.571808233098551
-5.675904907225992
-5.544884307667137
-5.638344894423363
-5.584202563857878
-5.581512991845923
-5.540819628771377
-5.6337537434424405
-5.544924890331469
-5.560519323335897
-5.560246017475042
-5.592544191406262
-5.708922739828598
-5.616742071743366
-5.675276154505103
-5.620404883711749
-5.64786606072465
-5.688120942283921
-5.640149327189338
-5.689131115922279
-5.775110141332494
-5.676688473561689
-5.698793436720766
-5.676672260254366
-5.813649743368462
-5.7953574040462
-5.805486409229989
-5.7921860059233055
-5.825182487705071
-5.917448495043489
-5.8492091600603855
-5.891728291967601
-5.951440089951508
-5.91751443226035
-5.9130092629951
-5.892074724254537
-5.900976466915974
-5.984257682219762
-5.972708374975642
-5.9291249378155655
-5.942443068494435
-5.917403653793663
-5.925784305587527
-5.897597221463768
-5.881911183991559
-5.90080769183627
-5.874392785014161
-5.907298067092339
-5.9039380642565735
-5.873269325851881
-5.881388109027981
-5.946391472722134
-5.892929500872569
-5.902892706651544
-5.936761892700279
-5.9148809572730805
-5.890606663767996
-5.898708116467052
-5.928190396819822
-5.909669342855868
-5.918122284048067
-5.92479923868961
-5.933765994462602
-5.989942816454175
-6.005753003120874
-5.985857969268537
-6.017273937957916
-6.012196202288168
-6.023283874153735
-6.037315982205889
-6.068842022931514
-6.044593415413308
-6.0463777956681035
-6.0569949387628945
-6.03841048443652
-6.1146464344192335
-5.983801824102132
-5.895546636894537
-5.848194852242202
-5.928036743281602
-5.756898745076175
-5.806973657678954
-6.028919796495244
-5.6103685794254865
-5.617261550407024
-5.919125882658578
-5.713433919704025
-5.722370945219148
-5.707810378284189
-5.809338652943413
-5.603679439637114
-5.650148515636136
-5.7735006646232865
-5.862165471095826
-5.6780854999087245
-5.827049339776565
-5.821017457266944
-5.834733150562117
-5.909042161835456
-5.732043363402257
-5.973255497591293
-5.972783804816363
-5.858421399944058
-5.9070828026654825
-5.925307402164127
-6.04197637281565
-5.9790198038128395
-6.072750232998827
-5.992238369736147
-6.02728790258384
-6.0098556709449085
-6.0163914640544025
-6.013091264734851
-6.055147136340397
-5.970126596241602
-6.038432823966852
-5.9686835305364205
-6.005353093563471
-5.964902965675896
-5.989259188099242
-6.030715721245537
-6.044005433070723
-6.068436328973794
-6.060633592287649
-5.964895176517855
-6.028550860933316
-5.987644899972871
-6.018739668609111
-6.024236349577539
-5.957807271854663
-6.04886185138124
-6.08181416923189
-6.018381102557328
-6.075241745171002
-6.006882077322235
-5.900366754040208
-6.057752675943715
-5.927368881855017
-5.981397371275034
-6.080759706318788
-6.087224934484355
-5.964445072422278
-6.038969987037518
-6.003840813933041
-6.05750362308687
-6.028475015441147
-6.001519094909258
-5.987378312610333
-6.023353731952726
-6.0548440063383575
-5.993766005077242
-5.938223050421382
-6.058252365010199
-6.040567912958194
-5.921311508580328
-6.102844142299873
-5.867367935416411
-6.020353446639761
-6.0578440419979325
-6.044582865970312
-6.086419972032801
-6.002460914661054
-6.0250603666458815
-5.939528252512069
-6.064843819407258
-6.063119005297929
-6.026289081364137
-6.013630362367747
-6.068574703718025
-6.031488500395754
-6.063602315819665
-6.031065420726754
-6.052068465084428
-6.033593240504619
-6.0742098592506615
-6.0773791457083775
-5.974863818796601
-6.048164752392821
-6.009508339821178
-6.05661221376968
-6.074020796063491
-6.043698043122152
-6.01925268805588
-6.040890356098956
-6.03044940592677
-6.012344541012888
-6.120887105259087
-6.022449431015838
-6.058053079607415
-6.036500712052972
-6.012833613364135
-6.07776198595584
-6.021335342074394
-6.031348914972555
-6.061813734279677
-6.057317672830628
-6.041377575587646
-5.982480522570607
-6.042908583137923
-6.046994261556015
-6.063768987005585
-6.028834703985797
-5.990856018220733
-6.078079356228866
-6.050440065586924
-6.0448948778109415
-6.098406481708477
-6.07687146944131
-6.0136460328908505
-6.05962828655009
-6.048339286607933
-5.993790702043255
-5.961119734609262
-6.077227649648179
-6.041370484991296
-6.026920080585433
-6.080079332854589
-6.024516720772379
-6.013328522023665
-6.063127579268175
-6.0899281786451045
-6.056574352110149
-6.075906965452751
-6.042138938881864
-6.0484482297735225
-6.0859456043250715
-6.091384893046215
-6.02373069237429
-6.042242209176536
-6.075659362170649
-6.043563549652603
-6.097788498927116
-6.094567848395091
-6.080536620801747
-6.059231298059364
-6.07909283779783
-6.110965092140075
-6.098447840683969
-6.057730639281608
-6.0389071473823766
-6.0503581335088334
-6.002576464038488
-6.069195481388771
-6.0952649445797356
-6.0514080400139205
-6.073418935270098
-6.076502370356645
-6.035687887817715
-6.077227030770833
-6.023548398141742
-6.09996577188393
-6.053726386791184
-6.050460106847916
-6.06187579034053
-6.095176546166645
-6.033636916995876
-6.054158139984416
-6.094732489439376
-6.073970950869356
-6.106628241507906
-6.072089631785609
-6.035608225814922
-6.076279564699043
-6.142148333981716
-6.098527189947363
-6.098556044061304
-6.076571837128341
-6.067869890883011
-6.066784156455536
-6.062954803061263
-6.0597296693015466
-6.0881512670758555
-6.1237571569501545
-6.071939963235528
-6.0410425034231015
-6.071244238425229
-6.090074484591977
-6.07195964758803
-6.049608298612466
-6.0841914872033565
-6.061759947465129
-6.070117908753055
-6.055287054646911
-6.0724295104678205
-6.100797736102398
-6.0671333859039835
-6.06271638807246
-6.061967391223229
-6.098793545939607
-6.085705144607638
-6.0819450338600785
-6.083631963156689
-6.130293721577626
-6.094339556346576
-6.03379953406282
-6.142789276180046
-6.077504343175852
-6.075743271370259
-6.101262036840675
-6.033958015967389
-6.081410867514745
-6.083774859013817
-6.056086081325127
-6.0524262894954575
-6.126637141013831
-6.09197545737916
-6.09452807943622
-6.097953640030754
-6.108970634050682
-6.135990443510496
-6.107068935422038
-6.121440784475553
-6.105884891940686
-6.106043513334024
-6.103856965401356
-6.093624311172597
-6.10149149903759
-6.047650964815637
-6.131372000094338
-6.097169089288564
-6.082433471553893
-6.106292311397891
-6.101864146336094
-6.133473927329083
-6.076298325601496
-6.0736924410906745
-6.122878235838275
-6.1036735758892355
-6.076378118065561
-6.191515492578499
-6.070884866986971
-6.142504406489043
-6.06400256571036
-6.101295473546073
-6.146203405619126
-6.134194294101682
-6.110323464260947
-6.095407590279585
-6.091901902191605
-6.079472657442923
-6.102902602794949
-6.109306226292524
-6.119146296080729
-6.073041028631432
-6.1200256735699785
-6.1405423033614985
-6.145644830817146
-6.118275567945275
-6.143601853061499
-6.1210875499154875
-6.09564108570455
-6.0837998540239075
-6.121965942056528
-6.187910042149856
-6.099407668115082
-6.100919652962757
-6.163462748055934
-6.11830850702043
-6.140264034289942
-6.166609889598468
-6.102139516209726
-6.103241702834049
-6.089231972548274
-6.123951448755437
-6.068839539435885
-6.108675120809027
-6.074997212983442
-6.095459640462913
-6.190247786883343
-6.077299762038688
-6.111349738601341
-6.08588697367502
-6.146251459989126
-6.061456624505342
-6.130184686457699
-6.141003180981508
-6.165122281837924
-6.122156722506149
-6.027003869234631
-6.177872380601639
-6.137152546043531
-6.097043294375398
-6.071051169719681
-6.124396593477659
-6.008944919924553
-6.156119130166506
-6.098089609023472
-6.128640835000839
-6.1087774332652645
-6.055442219217432
-6.1229362353749766
-6.140590634854667
-6.104017070852689
-6.135208518835534
-6.156652864050071
-6.1044150586709085
-6.110382291921052
-6.114730343529949
-6.118132285295237
-6.136623944692958
-6.104055644314778
-6.191542129110814
-6.135338726182932
-6.145567415749689
-6.123377376206962
-6.173104295179724
-6.147697463408017
-6.112170293637287
-6.1803923960477265
-6.163272860475992
-6.183977650092269
-6.158819609269011
-6.17302635801305
-6.0833295945746215
-6.111014463841791
-6.114524339913879
-6.14826939521741
-6.1028428657645915
-6.142502700626199
-6.12414529269006
-6.129950005960426
-6.171076022650284
-6.178321126050669
-6.068954230886174
-6.119314766229284
-6.1089386084318225
-6.131695917551398
-6.202973239169076
-6.068355082866343
-6.169864888267016
-6.190296284503879
-6.119430058007983
-6.146964539859797
-6.137484937298289
-6.1535999438904865
-6.052574257943978
-6.105044953793735
-6.158452983590765
-6.125857599805663
-6.18796352803108
-6.1584685143247135
-6.16674766476494
-6.112523310931719
-6.162711756069498
-6.112433148183127
-6.098032469292562
-6.133668269318928
-6.176416800503869
-6.1577342259315175
-6.110402232005147
-6.134146000085562
-6.136917074271984
-6.103582664239039
-6.17843446074089
-6.129119324808259
-6.10758719908553
-6.124241376686515
-6.175406427742014
-6.091148278231137
-6.16079909928482
-6.1266900660843495
-6.167666421716049
-6.129797593246164
-6.15155135478089
-6.111804161518547
-6.151827872543116
-6.13458745490787
-6.147566871673615
-6.151116589889592
-6.1916156176016255
-6.160144490617311
-6.151247407615131
-6.19662076386993
-6.170429215122813
-6.135052550854226
-6.177895054630595
-6.143616998628422
-6.192086225389783
-6.224421125101393
-6.181991835852793
-6.147514292556969
-6.182896189160763
-6.220019349680489
-6.092790609229652
-6.169188106497225
-6.111503963385797
-6.184959357655014
-6.194429991242595
-6.197208431041992
-6.08455708003053
-6.188201438339012
-6.1761921976713445
-6.1398903483852045
-6.150607224979598
-6.177557374004806
-6.213243191909552
-6.201075286235305
-6.165049105525526
-6.210587197450852
-6.2049131226759915
-6.199835654142445
-6.187885164912718
-6.165359187032253
-6.168795302698308
-6.188762505229536
-6.242160847725835
-6.108762438140244
-6.178662740042081
-6.212984720921266
-6.223180087906721
-6.193817980659231
-6.178807612376192
-6.206963478093143
-6.167513257668368
-6.15645310248113
-6.197057006975505
-6.156096887141172
-6.157443340587501
-6.1958035532219915
-6.210735562294288
-6.191527085192014
-6.233232755607965
-6.1958334849636
-6.162919095865625
-6.153924162661
-6.202476709711124
-6.141525729123685
-6.209850580634959
-6.105843567000653
-6.173020065779303
-6.208733711262091
-6.191992341374192
-6.227274945957652
-6.209485300188214
-6.193905554776319
-6.186847195576451
-6.184104981961555
-6.159630603836708
-6.230900727418372
-6.163980287958388
-6.202449467108224
-6.17980986069134
-6.184235747284291
-6.191805296955222
-6.167194102738314
-6.172815436867005
-6.212273562808711
-6.185751427345027
-6.129342740338651
-6.155252774920072
-6.212300246973161
-6.152603263913349
-6.172690938863018
-6.1674989885442715
-6.154650026130466
-6.17226587181005
-6.191141031944812
-6.186898705646829
-6.2047713242404035
-6.179109980455806
-6.160110216772445
-6.180880470405685
-6.220626513319907
-6.172455580818575
-6.161241676089663
-6.200053194633104
-6.202921160104673
-6.113200934038629
-6.157469274920109
-6.118485667254041
-6.215346046215496
-6.1600456769032155
-5.820313515159125
-6.156294153811487
-6.089267266188285
-6.107428126169021
-6.160019642050549
-6.0139645126943835
-6.1661958377945325
-6.204880092533948
-6.186281616675396
-5.996463090058604
-6.0373670208201915
-5.9789084332877485
-6.20796037346168
-6.128178774641961
-6.146253628795947
-6.284507614478759
-6.19450560489047
-6.153697544397852
-6.2063900059307615
-6.217613555864335
-6.250962591353229
-6.231819373834934
-6.203983634416016
-6.244901868748771
-6.258988549996019
-6.173415034976752
-6.221494523801954
-6.190073961471246
-6.255734675934129
-6.1982600844127
-6.198547904130663
-6.252406383396501
-6.2757952938175015
-6.245537543461793
-6.195986232843525
-6.251755067913699
-6.221387357240371
-6.205527812585746
-6.194407372840569
-6.262546610691455
-6.214278205060672
-6.269723516540449
-6.210064940298505
-6.192664973844265
-6.245615875250774
-6.197166837496478
-6.171545720025445
-6.273226851679613
-6.16006291499551
-6.233601119348121
-6.231360953821792
-6.159042324848916
-6.207622722215143
-6.237685187677997
-6.220813466020689
-6.235333025365225
-6.2429982210217725
-6.309031364812537
-6.220842804639133
-6.25502880406207
-6.208510246618458
-6.191452808941204
-6.262864231520653
-6.255579656530949
-6.2022525599746885
-6.258147243011729
-6.235411227307421
-6.248802555724189
-6.240495771104527
-6.2425793509114245
-6.206258400263426
-6.217591593759736
-6.235354445796373
-6.19035250158636
-6.224433100863085
-6.211862388243179
-6.220773934156022
-6.245654554430485
-6.218256807676176
-6.213979973240302
-6.199022066298333
-6.241203819198848
-6.187841771099379
-6.235547006206318
-6.166732111742231
-6.218018463606424
-6.222814703066635
-6.233352219678963
-6.266585935151134
-6.201106800610351
-6.239306052030684
-6.225192013328321
-6.186242747265094
-6.207035703649002
-6.214138892933232
-6.1889205437601085
-6.181283515326625
-6.183574734194944
-6.183541427991718
-6.204500014443302
-6.244890268057349
-6.208199630709198
-6.24574670372332
-6.294486801770107
-6.265088195424799
-6.1988273412753605
-6.249909497138297
-6.244061173274018
-6.173674033764344
-6.263946275409513
-6.233252951241038
-6.226958094463062
-6.2960653384620295
-6.214477699655079
-6.23157892730488
-6.253257872892193
-6.295203740600186
-6.260588877545671
-6.2540891150752955
-6.240526678946498
-6.226509964010385
-6.2564362970790555
-6.258085621573403
-6.276052116687013
-6.258781155444261
-6.284464137185311
-6.249066426775361
-6.270815216350989
-6.304288739448484
-6.192319194960622
-6.291924594848545
-6.273354197508031
-6.2613994432099425
-6.227626378417872
-6.285142099864234
-6.293427042897116
-6.2762047963057075
-6.290127458708198
-6.2595273900845765
-6.240944442542507
-6.273785569256975
-6.318733569992043
-6.183104887893138
-6.2440848963856315
-6.207723352592408
-6.224611952790079
-6.268523144767033
-6.263749356386282
-6.253669485511991
-6.246679406360474
-6.184309569579085
-6.220998860304376
-6.261330801246187
-6.289325507686804
-6.1924741579728595
-6.205816378715175
-6.260823890359387
-6.218995189281188
-6.249064998508251
-6.185790996896557
-6.277344439292485
-6.201514874305911
-6.246819954899142
-6.281232398416381
-6.254688403545477
-6.2829160378127655
-6.307626018292513
-6.22929953937562
-6.264994671415628
-6.266244745063727
-6.235213955772923
-6.2419781413843936
-6.267115264844989
-6.225287591820142
-6.312001540683772
-6.267243920686716
-6.221068176354301
-6.2220110997964895
-6.282781732701384
-6.257784215864618
-6.243957585124075
-6.226824494767563
-6.255980267614594
-6.252612347956494
-6.288563104090102
-6.252996100258383
-6.259189328747448
-6.2624682033596155
-6.259365957700648
-6.27190237582332
-6.2856345951074
-6.259847797743859
-6.2719422297002705
-6.2088100550131236
-6.253671745053323
-6.29777021059405
-6.269387430978403
-6.281524612174845
-6.272710380854922
-6.31935586049395
-6.284266860008412
-6.299740731569507
-6.2642374489709765
-6.266850165449963
-6.303048389894823
-6.320125708964156
-6.244338034035415
-6.31569561870137
-6.325052157281463
-6.300905072540438
-6.2887847364335885
-6.346611945063821
-6.308210579944953
-6.275670623289971
-6.306271810245777
-6.289049401761225
-6.2992769868066425
-6.275043311315193
-6.278543348736377
-6.280258247793131
-6.315684341642031
-6.228672959708944
-6.3146798698722035
-6.261662156599604
-6.291214653890975
-6.2301740966337
-6.322707607997179
-6.343702641681362
-6.3502638633417945
-6.301593445661769
-6.319251074373775
-6.281385276763605
-6.281969663832612
-6.304459330856343
-6.29465774468341
-6.362644620057072
-6.320349891350088
-6.29691166792017
-6.263339493568208
-6.2662837592865746
-6.297694175808186
-6.27573672863037
-6.273023231099085
-6.338675297586011
-6.356948521733038
-6.333338796444467
-6.291893151981845
-6.283119603458346
-6.2263776245983316
-6.2820189320316135
-6.287362138985973
-6.3382895167970315
-6.314002312457594
-6.367791752280823
-6.268573465722884
-6.304470155252922
-6.332285342527719
-6.280435986872874
-6.3393062169073735
-6.284990316927441
-6.286232870951871
-6.312164935290192
-6.324563924650712
-6.329627508045965
-6.329471514549221
-6.305952616879086
-6.29153302507981
-6.29475531353238
-6.337808679863835
-6.3070079727033255
-6.302378553044038
-6.33520532448725
-6.28567179413047
-6.273330648498598
-6.319039740975636
-6.319589927595193
-6.313207768406569
-6.349846431440098
-6.306858225004305
-6.408443629904672
-6.367778189899461
-6.357860415826763
-6.329114614788626
-6.2988654974053135
-6.371356221328966
-6.342527490272887
-6.2577650289383975
-6.2805558194369056
-6.3574722236174885
-6.229787738661501
-6.3675904388514795
-6.283838265963276
-6.126205125594744
-6.135792391417731
-6.305294634610672
-6.36882456193004
-6.4070514829217196
-6.3254672684347915
-6.315011856230509
-6.365031763140769
-6.374163071861997
-6.3677831713754305
-6.312131009980275
-6.365258588948592
-6.31606757612605
-6.370311732893889
-6.354581012291051
-6.3233690302508005
-6.370668167541812
-6.277213901302509
-6.340544915267101
-6.325577323259204
-6.325449798720047
-6.370013572603716
-6.317159419291382
-6.38017832632947
-6.351930052792788
-6.3654561900387545
-6.364608364740464
-6.314900341363069
-6.346673141876113
-6.3607350659820225
-6.342707880771885
-6.30675052657074
-6.395035247504392
-6.346292006405614
-6.350938078191227
-6.366671308433756
-6.416090991977298
-6.388358765596691
-6.3539600520546
-6.417337411275923
-6.353880186490866
-6.365480958278219
-6.380937723644519
-6.302458783113811
-6.43472998876814
-6.290292915985856
-6.345284354302393
-6.290181815680188
-6.374596809012349
-6.3603438858251105
-6.359846768351477
-6.365544345150361
-6.348204006790114
-6.372156284053073
-6.312825004625325
-6.362931326400034
-6.355095108756099
-6.362691058763293
-6.322850771867708
-6.3621402220321235
-6.348571596717494
-6.363628326269574
-6.348341179273813
-6.407384328434886
-6.379659720728221
-6.348944447878861
-6.415071281735374
-6.335270580018167
-6.39541029917698
-6.292513110889467
-6.364947175751219
-6.398882625895123
-6.35617245076704
-6.3344838007242465
-6.370760557273289
-6.412188982040752
-6.352725260715438
-6.430449980246808
-6.396136292779537
-6.364721190275731
-6.393353720475182
-6.401337801864947
-6.345010851787797
-6.35267829833235
-6.4195324536616205
-6.400871686041289
-6.357102678448312
-6.392334347682731
-6.40862439486785
-6.417063815166428
-6.423350320875771
-6.385883429194299
-6.363276694299738
-6.371663744905042
-6.37729776106819
-6.379778828064922
-6.43335855277579
-6.374456388372356
-6.306509436257594
-6.451661325730041
-6.391950904244691
-6.382548935519921
-6.423445955220541
-6.391128906180179
-6.29618510137593
-6.425221700510029
-6.391921142115506
-6.420837004372868
-6.291732431747601
-6.419396733556531
-6.404973859558718
-6.302236665672094
-6.408606920100773
-6.396582867049755
-6.345785546901526
-6.394950571839611
-6.421491544877785
-6.412458717680538
-6.386868693709266
-6.439955870253029
-6.372129159537899
-6.371996359782092
-6.331412965679145
-6.388620364100891
-6.3776673974405576
-6.424152624787713
-6.453383257004505
-6.382254517330783
-6.35203610557284
-6.4407996696910095
-6.371631743107996
-6.4180430179190555
-6.250082574368514
-6.41271771020395
-6.2441063178827765
-5.9241082914404934
-5.985169640942724
-5.9158494261405306
-5.526795663076341
-5.6991151171050385
-5.639960706432409
-5.610083703943756
-5.615478756266375
-5.532901719359426
-5.821000157992563
-5.535595422482465
-5.523998160598198
-5.571207620964522
-5.547944059927347
-5.5245905531890855
-5.540461089560534
-5.608647120050209
-5.523833059771673
-5.574851317365765
-5.560539697321476
-5.613232332438406
-5.707188788970783
-5.530751658162482
-5.669965070934534
-5.589282341144269
-5.791963354842088
-5.79013815500631
-6.015565807997509
-5.6457834992738105
-5.884479656293279
-5.91805180233947
-6.218640372878459
-6.073677063742433
-6.3434164512919695
-6.1421787471620375
-6.3050638543850495
-6.321474771410728
-6.354977258967667
-6.406987119077018
-6.451865995494737
-6.333547615838136
-6.3463577495922765
-6.436175285938669
-6.410778493056246
-6.432048878829876
-6.370357788378904
-6.402366530649011
-6.43003199805043
-6.435761548904359
-6.391754990587782
-6.447295693684814
-6.401976346225382
-6.4317780166501635
-6.393448839318174
-6.402306680273253
-6.42278759117655
-6.423656240874545
-6.370431268215474
-6.447651303980283
-6.411764898746458
-6.402826538982828
-6.393408150691496
-6.391296630087284
-6.444420703831444
-6.484959877825865
-6.392313107595314
-6.447746428463979
-6.397015052735134
-6.409508227030577
-6.421343358643561
-6.41663526145848
-6.432877318557399
-6.384473661961152
-6.457186091093324
-6.442411023831614
-6.414313446179299
-6.373166571763788
-6.4726500816729855
-6.433206776210412
-6.416955815987933
-6.41166087749764
-6.4334779776172155
-6.480973761698625
-6.433136077853873
-6.395775525248344
-6.452509617304571
-6.425201766274466
-6.400182554937539
-6.423365819653727
-6.436910697653335
-6.433102093650733
-6.461997332142001
-6.4723951262075845
-6.345518595996371
-6.451287281136931
-6.441769591484145
-6.470698392877861
-6.428301559742727
-6.396520463583603
-6.474781084767551
-6.4614241231665694
-6.414919581121055
-6.440414212513187
-6.43702080494273
-6.451464753534609
-6.4820232877800015
-6.404759863360589
-6.430839200314381
-6.335698432398585
-6.440587494982026
-6.398416131582725
-6.435979266431396
-6.426786936472813
-6.419533792792082
-6.42531569177877
-6.471525221237802
-6.403402610454371
-6.486119905737688
-6.407912290959432
-6.450737625973954
-6.491394189580811
-6.469553242276783
-6.4783778114508115
-6.451379199184458
-6.435712690716241
-6.45480657475582
-6.515194278001303
-6.456560233498355
-6.451071068177082
-6.471509736757165
-6.484916285511734
-6.451819741867583
-6.3860802754370685
-6.460646191969797
-6.435563027109271
-6.39714516697044
-6.449502543437418
-6.4432302123125815
-6.467205602960431
-6.422929936196152
-6.485635343551355
-6.415359805047332
-6.506074825082057
-6.44721966310176
-6.458476174786829
-6.385985542608918
-6.479928580268363
-6.422995581439107
-6.485379037568745
-6.481098154570219
-6.440615078551997
-6.447882455170728
-6.469053799194601
-6.462481788767014
-6.454937962857567
-6.473155971862496
-6.429962494248631
-6.467098547059479
-6.472182422327286
-6.424038108466731
-6.429951925340767
-6.540277961521333
-6.496066589760189
-6.464165347786667
-6.453868463108143
-6.486460656592415
-6.454207640857539
-6.441393506239233
-6.486031465453756
-6.4161631670416
-6.484835618529921
-6.514293518145362
-6.4454502105339735
-6.437848117811261
-6.424658441025428
-6.4169735879243675
-6.418426935714435
-6.442024886382682
-6.480067086356408
-6.486051066930037
-6.419550111153132
-6.412615352333532
-6.504092801831724
-6.452982643691396
-6.391265925780994
-6.488194820766151
-6.479895410688146
-6.489122505027656
-6.4118044429972985
-6.474110391550579
-6.450329690966905
-6.479447076097573
-6.464190778216561
-6.509590753334881
-6.504878455698182
-6.459139326933716
-6.503259760955107
-6.466457623481775
-6.4869949172362595
-6.44338556079384
-6.356216898935362
-6.502448182701389
-6.513972209284446
-6.38048897776136
-6.511001068178501
-6.433270630720128
-6.519063604039141
-6.432451991569916
-6.439408450934993
-6.381452914479606
-6.468090606887566
-6.504596035819976
-6.398835982100033
-6.3625043612382335
-6.450529675226938
-6.459946791254497
-6.533472509385267
-6.3683359118226255
-6.489582189626002
-6.472628363213973
-6.35681215414137
-6.405171348809336
-6.448192140344034
-6.500883538213923
-6.520708047164901
-6.289930743304784
-6.49137050786337
-6.430676287379756
-6.409970536412729
-6.409159431655644
-6.491872746883587
-6.412979633649279
-6.513911127274753
-6.480212269886827
-6.502272068785719
-6.430069589739336
-6.49458064356394
-6.534922562995127
-6.483873501969517
-6.545737824385558
-6.402935782084874
-6.484246943955707
-6.486697556342675
-6.429512892176269
-6.451100817998371
-6.443810708876478
-6.532626212572703
-6.451383116234105
-6.4111966452916995
-6.420064356573949
-6.478028030849551
-6.445410078676527
-6.418241419177727
-6.451163673319655
-6.492283921540164
-6.47057961481701
-6.454550106348059
-6.420095019577613
-6.4369252537327375
-6.398602158872383
-6.391489743689634
-6.489719170387002
-6.420326097392182
-6.478532819374692
-6.476110080083673
-6.486739849728632
-6.425278129148831
-6.390417075115192
-6.497153275339342
-6.470023768430728
-6.455759974894955
-6.44891376964676
-6.463930442260661
-6.467393397559601
-6.4730023950266045
-6.460855282281559
-6.473262555584239
-6.429726247035596
-6.461561042630618
-6.554159717202765
-6.3960533133467745
-6.44940640941498
-6.498104990470742
-6.495395390900256
-6.48561056268002
-6.547275934863919
-6.464522741456172
-6.463301529202963
-6.4369742031078445
-6.56065759612269
-6.525551941351208
-6.4884004873228385
-6.4475108540262625
-6.452268562285941
-6.53000361070224
-6.415713265139132
-6.487960640302015
-6.486984306821016
-6.464341634386656
-6.504889225743485
-6.462938816518106
-6.449470485619989
-6.41674060740872
-6.544694902772526
-6.554853101013112
-6.48924261968221
-6.52621406141849
-6.433573061431147
-6.547629779186633
-6.5051193402913485
-6.467425937222654
-6.536037733537516
-6.516154539711384
-6.55130042874643
-6.522329205539956
-6.500724010617564
-6.568694757574467
-6.500281890528412
-6.509797858666288
-6.524198403281024
-6.583899166867131
-6.496657614577785
-6.534672384031154
-6.569917395117692
-6.575834545851307
-6.510500294646583
-6.545239234858821
-6.537712686845059
-6.580529224950794
-6.560921191931927
-6.536188026254191
-6.548783879545773
-6.57222295452158
-6.567052039115272
-6.543677887419614
-6.488118929700197
-6.557323311513112
-6.495652058001387
-6.51515348505332
-6.557488378981901
-6.532671075882597
-6.617404320168262
-6.556068264542216
-6.534512363793825
-6.590747286386126
-6.56200110045687
-6.558437910110204
-6.4990628106008135
-6.524321259326129
-6.514298852629199
-6.554982021887105
-6.504995123611
-6.556181825588038
-6.5955224132714365
-6.581600109216343
-6.551422054854033
-6.556515080863278
-6.510384386441558
-6.474577821046063
-6.517365457099828
-6.545787512921489
-6.565847241725216
-6.551362810147696
-6.4773260878694074
-6.624686878491659
-6.562958715849778
-6.552365396249074
-6.5205749954297465
-6.542714381345738
-6.577821960141588
-6.5345651822078015
-6.506903519886446
-6.531132129366499
-6.519969449987144
-6.523556335799883
-6.574084302556797
-6.560889032766095
-6.6007430575884545
-6.503432847743418
-6.562559319446421
-6.5942258647045335
-6.5376075745041495
-6.564523094241804
-6.5886538442728355
-6.529903232055081
-6.546650803980002
-6.567683052476214
-6.521909731200406
-6.539765179449372
-6.555214594097883
-6.587962718557684
-6.554527766952629
-6.565289464834521
-6.559573071401721
-6.527773864236877
-6.549618737937617
-6.619750487599915
-6.56857115397197
-6.623836412359944
-6.549478967910826
-6.58527004506994
-6.55399301056983
-6.588717100328154
-6.555036873498532
-6.5656734905694
-6.588381426083294
-6.582033648580984
-6.597770233869162
-6.613716422142814
-6.52324980579071
-6.4461474963521574
-6.577073653187107
-6.57148587441921
-6.607912775405021
-6.568853772451397
-6.584688519170273
-6.606083125929395
-6.567675282112932
-6.610704586440104
-6.6789891340437455
-6.572437215076622
-6.602307493251246
-6.540510740816458
-6.6134027280096355
-6.543136618181887
-6.562599409757779
-6.640520507433964
-6.61560311072017
-6.6191762581073625
-6.608401178415443
-6.6064926472583965
-6.5570791192166995
-6.622689080150136
-6.587834601347668
-6.606240879895012
-6.613225585628861
-6.5759035547207
-6.575545714522694
-6.560608071850519
-6.649843443656765
-6.652181150855459
-6.490202312036374
-6.604745446039253
-6.591463689652068
-6.57066042660714
-6.568302821046856
-6.566046628761874
-6.617565300980181
-6.5674577846869155
-6.635421121885194
-6.633962898281664
-6.650696426587641
-6.5882265244097376
-6.634261447492964
-6.620429006466416
-6.5706555520239025
-6.619600572553563
-6.547277091876893
-6.642014226721634
-6.6078188368112905
-6.62802763119214
-6.58971764796787
-6.640816527319918
-6.651719014697246
-6.576161146029737
-6.62395040638727
-6.595017742928289
-6.662990298825027
-6.658922897582255
-6.626380974627435
-6.67622116542887
-6.619115186094101
-6.625298146816625
-6.621872483132648
-6.584165849213498
-6.581216589030795
-6.688413152230625
-6.619210256962454
-6.6390903849902605
-6.624656467877597
-6.590823441477027
-6.663539520527445
-6.592162237550764
-6.600474799067921
-6.6511440454960455
-6.61175413362529
-6.568085192932836
-6.508300906816979
-6.597769614364386
-6.658585007329274
-6.627228085347999
-6.631429961011917
-6.689681114736091
-6.601129068967907
-6.592336218858349
-6.577621899550976
-6.576940651057981
-6.632274132670554
-6.613326879044701
-6.611983307333806
-6.5917426673921895
-6.5798796115366365
-6.569972924758431
-6.5810841781216824
-6.601074750985693
-6.654497619508497
-6.543009382349571
-6.6137459950226365
-6.610747034930956
-6.653428742839143
-6.583865855190607
-6.667383606296936
-6.635548905816947
-6.609556561968055
-6.598627643415741
-6.617392595171385
-6.62172643918036
-6.63289855786719
-6.664895233760025
-6.6243338029123295
-6.658479842878079
-6.538555183093904
-6.526859330130401
-6.652426039430833
-6.603678820093278
-6.621562326739324
-6.62623879632512
-6.661434508090578
-6.623357392059069
-6.6319184388854815
-6.623315539731529
-6.6505813361195525
-6.689794194181843
-6.577827326660554
-6.683874406768367
-6.643933588757496
-6.650717982894752
-6.682336732882733
-6.696605213473148
-6.678656807082307
-6.63509421885733
-6.666570082401605
-6.57201845263284
-6.626568504889173
-6.602198541253317
-6.657078807712786
-6.610247254362843
-6.638188838129053
-6.611165884921395
-6.6039334327565475
-6.734923858868939
-6.674280099596501
-6.65039065279446
-6.632632597335785
-6.656086984217537
-6.659973734116015
-6.700792294124108
-6.688932568261585
-6.6767370258028365
-6.694173360437208
-6.6286136230541475
-6.645842725641761
-6.663388988161052
-6.684099457968628
-6.687453755176104
-6.691064698765484
-6.681144819545004
-6.705225101003625
-6.63418990492255
-6.604496712375061
-6.635263944594354
-6.6143938294913855
-6.666097147196173
-6.669021410985336
-6.698368503622004
-6.591931966415726
-6.599599737844722
-6.708345312823498
-6.671986040443365
-6.691119477629522
-6.676728466781032
-6.6787504561296815
-6.73354178729608
-6.715977431976613
-6.691675214488477
-6.6469650880099795
-6.6555223037464035
-6.71588209844266
-6.637842785230352
-6.683138064608002
-6.6435404516538235
-6.654953536515952
-6.701763732872611
-6.706187793958485
-6.6734184122078055
-6.71670905612401
-6.715756213911952
-6.614327715342608
-6.6109792456946055
-6.744851817960395
-6.6867347042366205
-6.6815987972323105
-6.549366922715321
-6.609408638618928
-6.74066509050697
-6.689362261468941
-6.589279135787819
-6.700559202196037
-6.694252901555531
-6.662668597989096
-6.634480410349385
-6.704623206269114
-6.534577853568767
-6.718000317819409
-6.7142890625788985
-6.669143488119319
-6.714546980646379
-6.742036952862327
-6.667154312687157
-6.7439039848924835
-6.6905891119086025
-6.63281787749542
-6.721764715433044
-6.6327429631710135
-6.6965627618183134
-6.6470879757895664
-6.709431236165756
-6.694331516454987
-6.676794019155536
-6.637890527131853
-6.647017817834372
-6.636113951484591
-6.641472893553583
-6.674235112793854
-6.770241246465116
-6.734149770008158
-6.691586088560808
-6.650304320705427
-6.645422068977371
-6.67046216137587
-6.680387507361882
-6.7129077623694915
-6.653234356013124
-6.702535744509925
-6.658235231913629
-6.63738672703604
-6.736640853293365
-6.705531956809572
-6.6588181781132185
-6.7264901335505165
-6.6756941299710935
-6.677053396252387
-6.675877663361042
-6.731676547983753
-6.7218848033986065
-6.680927137296179
-6.644568477014367
-6.698097402177078
-6.731734206744861
-6.703620944850636
-6.661662195600799
-6.728886631933188
-6.7373782915320435
-6.691366151593525
-6.705543055805437
-6.709832651934146
-6.606875602774841
-6.766246653313428
-6.699256075922529
-6.669307422740497
-6.7488679820451045
-6.718548511835919
-6.7053383699775715
-6.715792281154037
-6.716821174811902
-6.703800748042754
-6.695997414827474
-6.7270941030819
-6.731003862252056
-6.722216358017981
-6.778680132976973
-6.742700682342061
-6.735949088150893
-6.695582441540833
-6.772807926952911
-6.778491147891178
-6.697302809717477
-6.739883015416715
-6.759276199298295
-6.701399975871834
-6.764247282956295
-6.706508886838058
-6.679404302462271
-6.759782992840546
-6.751299149895766
-6.756944419247971
-6.759267279395536
-6.795187694819055
-6.6575362810409615
-6.7006026879204885
-6.60436208236727
-6.582010947992632
-6.7543375300422674
-6.738160875808138
-6.735935813802979
-6.767360636714942
-6.776789544653892
-6.704347008703984
-6.735409904079276
-6.760949339936609
-6.754057368847315
-6.795907121141908
-6.763524203134286
-6.710793617186034
-6.645003072374367
-6.709750789326108
-6.790940550678863
-6.718191724072487
-6.703239759336876
-6.736191801968689
-6.737360746050898
-6.7318890508549565
-6.770495890668378
-6.697878876208603
-6.799910693635022
-6.799009075534949
-6.748335095786766
-6.740222431972987
-6.611990667994745
-6.686860346821648
-6.7767119408520955
-6.759570303501303
-6.744980497339471
-6.734190914878592
-6.782338494548246
-6.755595140914526
-6.725846373572541
-6.770789934768108
-6.765213588755152
-6.691704386796832
-6.795711778267691
-6.768149709928082
-6.817308375665739
-6.777494713957164
-6.748235419248278
-6.7583152340724375
-6.744880775759241
-6.776072848093832
-6.753802430174885
-6.816377654178273
-6.711432619825018
-6.7717195029987085
-6.7470522892816
-6.74132780868721
-6.772445643056589
-6.745762209872021
-6.796877724813235
-6.8588632236571
-6.79950677596093
-6.795480661410176
-6.785535292494046
-6.788674971819856
-6.727179806024347
-6.707988577827464
-6.724575621390826
-6.710460737811755
-6.784202276057528
-6.807685158937284
-6.720147883102491
-6.732968297317526
-6.71567852644853
-6.754870427074606
-6.7440272480674786
-6.763535695862082
-6.779379380419131
-6.753224455446456
-6.733066230463473
-6.836213197427373
-6.765837258572559
-6.760317000999317
-6.726723319799909
-6.723301241646334
-6.70949354701266
-6.78623543357407
-6.789914678317576
-6.823239204093674
-6.782999157205008
-6.809719554079199
-6.788090609090152
-6.79518431561948
-6.718869859111888
-6.735133053999471
-6.772343594550448
-6.851072184650078
-6.775582158725117
-6.768344228064798
-6.802819711179359
-6.7302766566559615
-6.717769786120094
-6.713716124017236
-6.739894567403488
-6.9089915997232225
-6.770294044696247
-6.787690989930607
-6.753806002328027
-6.7388533708008085
-6.787728039589535
-6.800161077665187
-6.79981333236886
-6.733537819587188
-6.760801417475602
-6.813900007525715
-6.820206989568352
-6.8565609926904045
-6.771705160464248
-6.821066367807558
-6.77028900411597
-6.81822379210971
-6.804092235620158
-6.797956741496442
-6.819738013471142
-6.786447973510402
-6.817091829862773
-6.79417898040959
-6.865359828585056
-6.7729992677526845
-6.808575934447844
-6.802427478838343
-6.821657283874654
-6.791959341594691
-6.809251605309749
-6.83869838045066
-6.804672767572632
-6.8183922199114235
-6.822503710544391
-6.792231384323522
-6.788776459170979
-6.869521886056001
-6.823562426855709
-6.8565021860567645
-6.885978499920974
-6.837711525344201
-6.7188712754531075
-6.774011786107064
-6.819823577354022
-6.8058982858317725
-6.7793327209688705
-6.791743628760166
-6.733056611532769
-6.7014139952731
-6.8031617732196485
-6.86090857046044
-6.820712273386707
-6.836660489948575
-6.853979938639149
-6.893380569457098
-6.884232138861357
-6.8222889141536855
-6.853403735593142
-6.860210679734057
-6.833926959783369
-6.842720525233372
-6.896671262990191
-6.788449880227501
-6.835373352676697
-6.836386347373483
-6.837646288488648
-6.879776898405139
-6.862764013682621
-6.880524307197348
-6.76203630924377
-6.81107314840866
-6.816087718763706
-6.812754559139224
-6.796818039853839
-6.832770395213294
-6.765224087906157
-6.749986880628471
-6.790760569913079
-6.785566309609161
-6.733462327903213
-6.830481396520643
-6.8675687596099015
-6.8108995312695955
-6.790484944654186
-6.81966039635136
-6.822874536543819
-6.756880104132325
-6.844110038132121
-6.781505756925594
-6.753253043482603
-6.783029524906533
-6.821703973202787
-6.744344796095721
-6.857307174214518
-6.837212027077477
-6.845683356223451
-6.795222249740727
-6.848824647019291
-6.81370332052981
-6.833149362011743
-6.812442661155235
-6.796136470815397
-6.795517881282598
-6.844427759671539
-6.847145547760852
-6.7934875020011525
-6.816869519535709
-6.866856728170683
-6.814367237536352
-6.8630104712879945
-6.900923474986666
-6.832572623865532
-6.858138769369017
-6.848737690751031
-6.90008986653238
-6.872561430099333
-6.908048853755755
-6.907673634635576
-6.878873758476934
-6.7962654215664715
-6.865926834959939
-6.812290220484136
-6.848203197696022
-6.874548891148947
-6.902691434479227
-6.848682178288262
-6.874055720707054
-6.89657665189567
-6.8999578198313944
-6.8395470818357245
-6.849197945715741
-6.893085304874136
-6.875560518364492
-6.950094285949508
-6.917121214058297
-6.883038736531209
-6.934953055045165
-6.868761371743364
-6.8980130344645305
-6.8980760269446595
-6.896502400562662
-6.911963678237601
-6.852826090960969
-6.830292089146565
-6.899008186173353
-6.87527954409978
-6.842260250612821
-6.911257094322851
-6.8642465331453355
-6.884345666311799
-6.801441869464674
-6.804849582740052
-6.855753337442396
-6.945376821119268
-6.8888571377885315
-6.857252172434754
-6.871217388769226
-6.879850039886442
-6.867652901321719
-6.898609516236423
-6.920853536574455
-6.909134210655939
-6.914483303488641
-6.922409196130156
-6.851673105813562
-6.9210819125286624
-6.900741428104881
-6.879902618005798
-6.871183495165173
-6.950619619094849
-6.923511651592584
-6.918656658130217
-6.915688169890733
-6.928764971565702
-6.914560945038116
-6.905607348713559
-6.950484937021568
-6.883318353958514
-6.8256603676845105
-6.7818975445182295
-6.946207115669338
-6.894498911895288
-6.970743817652205
-6.86687673210675
-6.9523789063660475
-6.928437897796683
-6.995784577153363
-6.952405218630131
-6.90073426768702
-6.895267999306552
-6.891929614187035
-6.953882221256362
-6.926434204241727
-6.85130044026863
-6.691792919279813
-6.968147606706807
-6.954137234506444
-6.926422283114331
-6.8896042248105775
-6.91217025517629
-6.938757936038397
-6.895292969856055
-6.9281013541669445
-6.8925973282038004
-6.926407855782298
-6.929323421888994
-7.009313340225467
-6.899965305048437
-6.940381144914444
-6.937549077193278
-6.952597607259104
-6.904903046986117
-6.944143459872649
-6.9603601198094
-6.946491973658088
-6.927894831417432
-6.940908348771922
-6.995218037108741
-6.950424078902682
-6.927540740013168
-6.964799638681034
-6.945995182369896
-6.9261112088793375
-6.944449766097143
-6.945546101367706
-6.923108049051493
-6.969812575005587
-6.911552572003233
-6.94614163312445
-6.9939475258153125
-6.966873239242537
-7.0090656177705775
-6.89858729285904
-6.92199844322532
-6.954976934975095
-6.981801858112326
-6.994936279760101
-6.96270878765925
-6.913689753414658
-7.022686695464806
-6.96309761214131
-6.9219590329258125
-6.9863008282845485
-6.952168210139788
-6.9473617842107345
-6.983343445548015
-6.95346711636592
-6.966130608281292
-6.980286719444518
-6.95296644535886
-6.916937913994466
-6.937527752231093
-7.001184416485774
-6.949886858323675
-6.959135703467858
-6.911101806126628
-6.946997417550733
-6.9884385781784975
-6.976153478870043
-6.968399565650185
-6.957406960532326
-6.925868585540707
-6.968617527147014
-6.913244560537717
-6.973278802308137
-6.91282363565232
-6.913328482821388
-6.952564738335723
-6.920543855205276
-6.971143549046497
-6.931883087608265
-7.005413767016879
-6.9274912141520195
-6.8645249080255
-6.93424300734377
-6.9226806582970815
-6.877897443218231
-6.927077033441394
-6.994682684993063
-6.973530126139058
-6.925759257888607
-6.94791022640292
-6.96352731282251
-6.927651034033406
-6.9818300278365815
-6.949931066204812
-7.018969709337476
-7.004762000405633
-6.993727300300531
-7.006225254599411
-6.959784546792008
-6.977433587012321
-6.9635952061464055
-7.049914577754615
-6.9917859384527254
-6.944264198479431
-6.970868794830844
-6.983643893421315
-7.007625862766769
-6.950980589120971
-6.922217375371509
-6.96367691696985
-7.008506195583905
-6.9872152123365145
-6.98315088987813
-7.020350974577584
-6.987063420759906
-6.976804121470379
-6.981758489555659
-6.994809925401974
-6.974347220598897
-6.961717733668431
-7.002105909677559
-7.027292295451599
-6.992069851452257
-7.067258128839441
-7.052991530615973
-7.074080199869925
-6.998955957514352
-6.99534304353098
-7.057804491563889
-7.049523527906146
-6.977342928608813
-6.888522180353535
-7.038628955314294
-7.027334565965113
-6.985976947828888
-6.9618177053343135
-6.919442610433821
-6.952067919083568
-6.95915727273929
-6.994053757021771
-7.053948359877544
-6.918998743178655
-7.08276140588787
-7.056078941529981
-6.983151924132797
-7.032083849720118
-6.993172205878908
-7.047082076509426
-7.029553847561428
-7.050389868447517
-7.0934841826862245
-7.061012004593208
-6.965979737062573
-7.016239807658026
-7.032105484550474
-6.971572287258114
-6.999374685226005
-6.975108979194831
-6.960773669650397
-7.002417401202478
-6.968729381130179
-7.004045476589326
-7.005782803860794
-6.913958758535435
-6.981581571726436
-6.965215890458314
-7.018627715495436
-6.950514727653053
-7.001373118918808
-6.9831487285998355
-6.979234497056291
-6.99153004419142
-6.994708030319867
-6.986737747473597
-6.984128363213113
-6.997781015851301
-6.985969906477975
-7.059483353286644
-7.037290452457841
-7.043194428164298
-7.09103153903389
-6.986997288524802
-6.99169682085291
-7.072682714417358
-6.989443660504676
-7.054667514992381
-7.013718820482771
-7.0106316818835275
-7.112925824133125
-7.100388594575982
-7.107435274642682
-7.054245003319451
-7.029720292729556
-7.109074179648573
-7.0505570748349555
-7.100117045274022
-7.074384309476816
-7.006091220750585
-7.065211633467694
-7.066991595057697
-7.022242167580943
-7.042303383323608
-7.057774416258387
-7.065753567041611
-7.053084957445897
-6.987863897104841
-7.001583160594926
-7.052092109145052
-7.050155887075196
-7.0724032062147515
-7.0801810764481665
-7.064067609008001
-7.1268484718539895
-7.107710202451698
-7.033055994812774
-7.0606722461178295
-6.9635410133997375
-7.1281812491130045
-7.047179344499532
-7.026002592348104
-7.127762629149278
-7.096406967173831
-7.090953079241732
-7.086266633353223
-7.074222365530956
-7.091845941455356
-7.097613521048794
-7.077908998449584
-7.041205382229553
-7.086896085394355
-7.028604943593625
-7.090977272253929
-7.114032905996414
-7.060310301315171
-7.091609897789417
-7.142034065103992
-7.040213314126193
-7.067999867762052
-7.072407624871999
-7.062086013047599
-7.063793611778607
-7.089306571936159
-7.006871786914056
-7.063910685624736
-7.021994251856215
-7.088486928513579
-7.178546429001746
-7.080362045220989
-7.105674755005353
-7.063246569329602
-7.089606361843893
-7.111974105258736
-7.054097114390345
-7.05049939090238
-7.0761959673157495
-7.125664713546003
-7.113997695268501
-7.078672521102567
-7.108113651252556
-7.005625702527166
-7.045816316160662
-7.119041692213912
-7.097749220090264
-7.096515028161467
-7.097775692247142
-7.089894134560925
-7.054221475162335
-7.086498548231652
-7.088514701128078
-7.096406278416096
-7.007476497231569
-7.127407565592041
-7.086145532107264
-7.14634243827626
-7.123719175222857
-7.164829615360468
-7.129943474040238
-7.078642118286507
-7.064637445482245
-7.085528293709626
-7.146293490167622
-7.1703062536643545
-7.176880888211745
-7.063726230332392
-7.14491141310701
-7.091473640053813
-7.086223992762905
-7.159631804025839
-7.062059919811507
-7.090583244057637
-7.097665987298268
-7.13317091997073
-7.072144358220773
-7.131148958397621
-7.109803079296935
-7.058780314147559
-7.087546466154213
-7.115291472280439
-7.143251853908764
-7.134517895695969
-7.1597308479429005
-7.0973106331398474
-7.1391976684665455
-7.074408762915663
-7.098748266536328
-7.111338887955785
-7.146040848473291
-7.205975306902116
-7.147022702299622
-7.120107007486851
-7.157249523972867
-7.091715471739374
-7.100368823189169
-7.0830802714606556
-7.07305989638528
-7.187732520141321
-7.115453637238372
-7.123098011834866
-7.095546751861242
-7.0947732655410976
-7.141005844909322
-7.210357540816446
-7.212015538771114
-7.086767707990657
-7.2185173927795105
-7.115922631105001
-7.108985698244739
-7.141134998900765
-7.09295876006463
-7.168804273796545
-7.138963201942866
-7.139400379194737
-7.118838409752678
-7.140597303617369
-7.113006523085116
-7.11334718091966
-7.128435607247289
-7.14867935688364
-7.151245142028481
-7.108391118803621
-7.090885413995024
-7.195556766444395
-7.167310935671482
-7.146614886841707
-7.096689060535683
-7.19874898985
-7.059848849704483
-7.123632642030197
-7.1748330016154105
-7.127687153126826
-7.167960908175459
-7.206204599608516
-7.195683246541553
-7.251777587172075
-7.075915699744659
-7.194352237216072
-7.231181295181756
-7.126719647269586
-7.117193079707992
-7.1451234029766
-7.065180213989767
-7.186908560661886
-7.146990835306429
-7.134368235088998
-7.161814198486383
-7.183244928935456
-7.204553902764502
-7.201035581011563
-7.1518742100193835
-7.167178626037364
-7.145340659430016
-7.178511878205459
-7.135581523013011
-7.2367214736000385
-7.138406397977555
-7.142010113909862
-7.237936356779928
-7.185741916477955
-7.1670518644251775
-7.231461317814537
-7.25518584112168
-7.189206447691581
-7.190182140612207
-7.237499538575768
-7.237091225900016
-7.156490687992033
-7.1756687619592485
-7.178001990583579
-7.184961161426127
-7.236000575513128
-7.157325423126422
-7.160450536366162
-7.17332489893332
-7.175228540583582
-7.1998147844086775
-7.2359906239788945
-7.18448824531871
-7.244313761913545
-7.211105086324915
-7.175939506515916
-7.220861314749081
-7.226138230615731
-7.187314403533936
-7.160117281165357
-7.130497953430963
-7.167619682586381
-7.1847314796616395
-7.224359037398125
-7.216340773353363
-7.188908360999901
-7.195651838164813
-7.151131991079655
-7.146364265778565
-7.203057156689386
-7.334111909350186
-7.220224770491912
-7.148155420529317
-7.197109429247487
-7.22879330668265
-7.168606457771332
-7.171792350995962
-7.258094976273701
-7.223493101689652
-7.154876417367301
-7.188820135813542
-7.251347842102515
-7.270139237401972
-7.142290986345817
-7.236230057106083
-7.218388109883995
-7.234042580011935
-7.202915159970914
-7.184243216500024
-7.223493281000763
-7.277287130186615
-7.149693653886242
-7.303316547584316
-7.2436021837775515
-7.214363985453064
-7.2473801283043215
-7.205508445201488
-7.226474840488078
-7.202506005055948
-7.136925051428155
-7.24835107892574
-7.195208741523437
-7.271760834974504
-7.2001234209242755
-7.251597042716952
-7.215894206729484
-7.267135557826023
-7.264623927883848
-7.2084727618252735
-7.181489785173342
-7.188889773213187
-7.250273552369659
-7.208300564517865
-7.214489922211733
-7.236945947277492
-7.258158498973389
-7.223554003108141
-7.254010625987746
-7.2614175349654095
-7.277829718966467
-7.2663375862546635
-7.1723184478595
-7.066696740246067
-7.041290834242272
-7.209269934779882
-7.308027261649688
-7.2238477258487315
-7.123465319055592
-7.245568561267341
-7.240464539134987
-7.276434271990957
-7.099973987331058
-7.231425845374827
-7.206558302430508
-7.223455117846834
-7.087147157866773
-7.20007903234652
-7.309178605692887
-7.256497642185881
-7.294525504374744
-7.174372645858494
-7.210566693819657
-7.240701358691232
-7.1947818309075835
-7.316582362787653
-7.268667002177141
-7.306959044208391
-7.207348432537839
-7.272304573436543
-7.251252135195236
-7.213510395927621
-7.274031603042402
-7.25148869279723
-7.3153501467063435
-7.273661629981288
-7.3061889036991365
-7.262497064767487
-7.286350239861894
-7.2551304874213685
-7.360385172074022
-7.242794665558089
-7.316055283509849
-7.265981258242116
-7.23478164624101
-7.31368274084484
-7.308012207127298
-7.305906047050453
-7.311979623079036
-7.269401093670992
-7.277662587851594
-7.234033308677569
-7.27555654805915
-7.268890625846963
-7.283658281765679
-7.3321537785048125
-7.273164508150304
-7.283638906846332
-7.2048768803773475
-7.16286301461455
-7.057977991930265
-7.047910080607496
-6.7082158536194925
-7.038375654027937
-7.051008714666887
-7.154279325907146
-7.161855858966529
-7.238169211669515
-7.128877401142794
-6.872245098994039
-7.056302671347523
-7.3115229813181335
-7.253145558807361
-7.218235052730106
-7.239645016833146
-7.306469809042818
-7.281838916034255
-7.244193072314978
-7.187648985718596
-7.262674732398114
-7.1948333114483205
-7.14679483175985
-7.2063891391595325
-7.211118632912016
-7.184281848578536
-7.151057021535995
-7.099346319032719
-7.129665123951063
-7.19172088650123
-7.153875267962498
-7.1963091690279875
-7.121764901022792
-7.185089350258515
-7.1529109832191695
-7.1707158999754785
-7.181722309781984
-7.226654977369165
-7.268743316443686
-7.258580305033966
-7.2287730465641875
-7.225380134979595
-7.265185296072254
-7.223648820731538
-7.322636919638325
-7.21431999203315
-7.286360970927577
-7.343929520976961
-7.307557296007939
-7.258367342679389
-7.315446216652908
-7.301301172566077
-7.321200337181617
-7.25511396004947
-7.295314206000795
-7.325869903826433
-7.2975667852035375
-7.315949944863459
-7.380228698758178
-7.3030767542130235
-7.2729905292165205
-7.327817057922575
-7.310885093155872
-7.363774149907137
-7.312881691347913
-7.333026688602513
-7.35279183006362
-7.3711644452214
-7.135801774448023
-7.319992066145841
-7.321938954180732
-7.324453153221846
-7.351386244676089
-7.3321736191561575
-7.249953792053589
-7.366529626019934
-7.326833252797264
-7.307198164730351
-7.315481263650752
-7.248424351418834
-7.383905589634073
-7.37791130743268
-7.337153620378572
-7.2441232914503635
-7.356477686683786
-7.384631621171344
-7.40405264962556
-7.336600275973847
-7.397967754691788
-7.357324157825443
-7.334143819021019
-7.352644551056037
-7.297147827681954
-7.3853410652229545
-7.401493065146304
-7.238637068297677
-7.4072836161223865
-7.325877197961477
-7.416367676562094
-7.40143356566949
-7.418265850462449
-7.385378414804325
-7.335489034617488
-7.377072974351844
-7.380885911090141
-7.355551664922996
-7.380556314421184
-7.38171727151763
-7.339790177777708
-7.39802651343048
-7.282609003090197
-7.336169819409024
-7.3748359230553575
-7.405915513064347
-7.364803819773131
-7.36328528318352
-7.365883531368367
-7.363936121822434
-7.39420135783974
-7.3599438363877185
-7.368864017096607
-7.383937646691438
-7.384490557275274
-7.326696025670614
-7.366124164746101
-7.325705712578906
-7.420635876385112
-7.372969241169837
-7.3149248099001305
-7.393214423227505
-7.3639883536199795
-7.303640877671317
-7.457085873006701
-7.447889623224828
-7.399149708284117
-7.392558146413328
-7.356708242076241
-7.416955463453944
-7.4291546530177275
-7.382854661767436
-7.309905724229956
-7.292458123003289
-7.356744699561211
-7.477880883549777
-7.381734657959597
-7.428838795136426
-7.429457623576006
-7.456793776034281
-7.328134668145167
-7.38128482995215
-7.3840350297309385
-7.430391028253148
-7.32639971253457
-7.455277609329066
-7.475359194575673
-7.371959141636634
-7.455346747854719
-7.406007350749146
-7.427052984728682
-7.398856121783232
-7.195019957594454
-7.415214943015975
-7.392843215925982
-7.394267455319508
-7.432820661210269
-7.376688667754656
-7.387771961771245
-7.3699071976272394
-7.449422162557568
-7.235573204485007
-7.264404771093919
-7.3888074321824
-7.4306957231555035
-7.4215072183705395
-7.3588994703057855
-7.416380206619703
-7.380526996513841
-7.490375527333933
-7.3497940119333425
-7.229877274803447
-7.3421808691832045
-7.329245886834878
-7.326972513097236
-7.456907927269106
-7.342391718641939
-7.310928619100679
-7.228498422361731
-7.403274565723757
-7.469874599736904
-6.997127672708579
-7.143023077456315
-7.421117511222987
-7.109367397098072
-7.490390928337776
-7.450849911274576
-7.463574391946091
-7.4078846533283444
-7.411379372160529
-7.418574971865176
-7.397167409966752
-7.4072427013623
-7.4881878250227665
-7.3800564101253245
-7.442927701558116
-7.468300346011823
-7.399513918828132
-7.422226787987178
-7.467924646318224
-7.462481686759318
-7.411229726395128
-7.409253835825834
-7.473664252525168
-7.41452476765972
-7.42629641996492
-7.387701633074968
-7.448230312296129
-7.425803671805331
-7.417858855728799
-7.501102216886105
-7.419393632835439
-7.474142376534056
-7.438401538772415
-7.437291000262455
-7.4580315210918675
-7.465991109375574
-7.425260305553819
-7.422361809929493
-7.372030352700799
-7.476191718511557
-7.4386662788328515
-7.472594142611721
-7.504139801654202
-7.483806543164426
-7.373661423471882
-7.432982457624352
-7.355364554722044
-7.462542544557277
-7.440532405014463
-7.430970809537873
-7.465620018391966
-7.470713207043059
-7.4664128454543235
-7.4412731909922005
-7.5275905072035165
-7.4179252915883245
-7.479775394970632
-7.429181020005361
-7.457610219773773
-7.476110782603486
-7.447308134922136
-7.359212681502753
-7.455327797180693
-7.3901677761539055
-7.522614117025123
-7.454604158315618
-7.552898071797353
-7.4492312233695746
-7.470673912388718
-7.444593588913155
-7.569149677154981
-7.466784356336724
-7.405307209567709
-7.495015191785594
-7.460437392776129
-7.469335959332709
-7.480627535425009
-7.472669705747953
-7.455372578368873
-7.501691445384575
-7.486053950454657
-7.478317498330674
-7.475660658382302
-7.440140588454162
-7.509160071712156
-7.487990622189966
-7.458243871256885
-7.537633789237734
-7.464206329428802
-7.495373094695073
-7.351812818680549
-7.494242516699991
-7.503692294750874
-7.46190309221155
-7.495849496182103
-7.214570482432158
-7.545155255540269
-7.450092292681818
-7.502845253978518
-7.29614611672652
-7.12682641766548
-7.165110877003035
-7.544312947139378
-7.505565948947922
-7.5082245973651425
-7.462292678886742
-7.4145651711416125
-7.522009980557994
-7.47545775334638
-7.479336753548535
-7.459129269365595
-7.452812862599268
-7.352593649840014
-7.370788041012017
-7.322167525211782
-7.430256543843123
-7.2975217547706634
-7.376002660651178
-7.28197230933687
-7.377628214615972
-7.303970918333724
-7.354861433883295
-7.303087361396708
-7.263030639555218
-7.342372024611525
-7.363449573396962
-7.355251990797889
-7.290042641358756
-7.3279334488013355
-7.384855598354566
-7.41130796192979
-7.3558206121705245
-7.429798713328866
-7.427771969927136
-7.455620938798003
-7.535203331148967
-7.497737206953537
-7.495557144391838
-7.486341381885814
-7.4770074045489
-7.499833296568403
-7.509884357515843
-7.490116603015645
-7.511017730290729
-7.524299158267256
-7.575386202629867
-7.45143121491236
-7.544202749040382
-7.578052807239868
-7.530362328780183
-7.515368501707977
-7.539095200667997
-7.54774702651828
-7.529888564849165
-7.526007885223743
-7.521991951403722
-7.554682680537948
-7.54542626197653
-7.53482553303525
-7.60780919300928
-7.488090196862785
-7.505643417285691
-7.531276866976599
-7.632168328960808
-7.552106706403968
-7.562712013161259
-7.549192458084521
-7.517835881333614
-7.562818580220128
-7.524806339339176
-7.617978622554439
-7.5309341120047995
-7.633191871437266
-7.534337008239851
-7.52763869461527
-7.501876910911375
-7.542689122884358
-7.578491719606331
-7.605589103481634
-7.514330517017932
-7.5818822406850135
-7.6060908588511555
-7.556318990955742
-7.67030047160891
-7.5869501941834905
-7.646235214451507
-7.469492360728411
-7.621402307781486
-7.523393927714354
-7.513832516156916
-7.585177757706953
-7.558829446908257
-7.501987811017923
-7.580509192570161
-7.503072560862961
-7.582316434457599
-7.628786504324388
-7.572528841798044
-7.551685027260918
-7.541858384695672
-7.564997477443055
-7.620428460919296
-7.5582010298030475
-7.626072900713206
-7.637945723257143
-7.581656005641604
-7.517548830970544
-7.615957331943877
-7.593523966749675
-7.5187694185148235
-7.637736533048102
-7.5553281863733694
-7.538083916926421
-7.574437675376508
-7.587526916255917
-7.548793244641619
-7.58507432063341
-7.621768621192868
-7.6016736948301435
-7.59263404656901
-7.58849678023103
-7.642644702052843
-7.558154825851455
-7.617422971515992
-7.528856308420098
-7.600670824361352
-7.554371531780905
-7.64247819540242
-7.542812727705368
-7.604982541235325
-7.567236292159862
-7.59005366575765
-7.593312557947553
-7.6240602345291935
-7.55740029953093
-7.626196057204275
-7.636728062556838
-7.636588444725906
-7.602067347531634
-7.603203504386814
-7.601299214371565
-7.582456274717888
-7.569147909056621
-7.686778107459926
-7.582093497808919
-7.644142030828596
-7.549472776106741
-7.6334989653032075
-7.58487563904659
-7.5892946006414945
-7.644375460676549
-7.715827077984902
-7.6012111161042455
-7.587627057830935
-7.616743964620532
-7.591378727185489
-7.572677139537298
-7.649278918499279
-7.58894185041319
-7.620135782272026
-7.667192602879391
-7.638383004075656
-7.648936680125465
-7.579396460257134
-7.590452730788089
-7.561007147996785
-7.621071412110135
-7.706096235766731
-7.637557802264502
-7.57723319702809
-7.576801523518289
-7.702103400052097
-7.597383167461932
-7.648029026959287
-7.636755632117979
-7.558188099504619
-7.673002593150172
-7.623550317290576
-7.651541885414561
-7.638528810067138
-7.594708613556804
-7.57200423415199
-7.615316426707698
-7.6710838123859055
-7.566503912215208
-7.613723708713663
-7.6788473879836605
-7.601713039716407
-7.656640990011652
-7.7172265314936
-7.72507212617769
-7.674559235406216
-7.627794815943339
-7.643645174035711
-7.628623331936504
-7.722277196760662
-7.580279091720318
-7.599499499561417
-7.745237153883632
-7.637903056965502
-7.640517347370687
-7.616663179098602
-7.650135343276436
-7.670157347754942
-7.6582337713976605
-7.707550508140923
-7.658574737181663
-7.661903422908046
-7.6201265064959545
-7.637634900103008
-7.653982445341267
-7.58074829737252
-7.671886606612671
-7.700390333870591
-7.708215357575742
-7.632405787924734
-7.703272947570394
-7.635660584394966
-7.718807131643029
-7.713135820411217
-7.742671878554147
-7.681610470343394
-7.634124662058446
-7.636118274309428
-7.698772195741109
-7.671555034633967
-7.715196469894868
-7.755104856830762
-7.703526947215846
-7.755457198105545
-7.717734935967059
-7.650247666898522
-7.683567513127747
-7.69923113669924
-7.743790845441218
-7.7098542636009
-7.71023355674594
-7.758929288893762
-7.781728172740259
-7.759782528815794
-7.380622702266149
-7.2224066976630015
-6.511134987971973
-6.424005573719993
-6.0460028583829875
-6.307658389397807
-6.000964380505362
-5.960880978102806
-5.676110306647863
-5.535043977014633
-5.5036157257082685
-5.771904822016092
-5.52870861430047
-5.526420988077281
-5.543323349325231
-5.508063874887336
-5.524090224066061
-5.50098156976515
-5.527599180174295
-5.506265697712474
-5.513140091512609
-5.534799394143971
-5.731600060284418
-5.521384080642926
-5.51167814726905
-5.506848479953967
-5.51328086756123
-5.523508859028297
-5.530154324502256
-5.499750987087603
-5.530672646027218
-5.538375976928202
-5.539753379565367
-5.509320741201691
-5.489419704032289
-5.5090146206454165
-5.5237933961525805
-5.519572395658289
-5.526290377790197
-5.606605219663875
-5.529693773589236
-5.516376126468332
-5.510601118276355
-5.509571458791214
-5.505876762048553
-5.516826260732373
-5.68667071600491
-5.534281752074754
-5.520014725975257
-5.539355022511697
-5.528193896544339
-5.505266742619162
-5.495950203549997
-5.503690238245614
-5.521876598524376
-5.555960319020005
-5.5078535026469995
-5.517405008457652
-5.530293375872073
-5.526948204268128
-5.5296041908421225
-5.509417951532331
-5.488453829444843
-5.498512789854718
-5.5173842731366225
-5.523899132317812
-5.915276408172496
-5.5301742650808645
-5.557346404776652
-5.504770887592069
-5.555347897733572
-5.81830060238899
-5.557638858409483
-5.5909830530424065
-5.6295397327061405
-5.798449932432581
-5.700018774787747
-6.0540400338135045
-6.4680024309708735
-6.26787273162648
-6.036974856104592
-6.561568904570591
-6.1819336464616645
-6.197904672414744
-5.778655059532931
-5.840252445373334
-6.817303459422951
-6.666584719680731
-7.700221363463334
-7.682788412631472
-7.70924417729734
-7.700638340089014
-7.714805558907138
-7.663251014616813
-7.575380281578113
-7.553495683073059
-7.4952303949461685
-7.4691507051781345
-7.424643495587394
-7.394275802959881
-7.438872619822454
-7.295368811778809
-7.37164844776228
-7.342169780633111
-7.30547495571538
-7.250118169160692
-7.2169140260683236
-7.262906879935514
-7.294490968229764
-7.3624476237933765
-7.277724866364121
-7.361471941892304
-7.428593191841992
-7.350427531421193
-7.380863662887679
-7.3870022036005025
-7.456965507324544
-7.483999924209565
-7.410938681192808
-7.415522239346197
-7.467971548323181
-7.518958899461293
-7.655846186045051
-7.587452009958881
-7.567115450216342
-7.511614190204913
-7.536922936729482
-7.626773856682998
-7.563687705081856
-7.601756431345217
-7.6973433989896325
-7.598995943465454
-7.679494072386628
-7.652327480004039
-7.68631969674048
-7.753528010712419
-7.670267893478729
-7.653014017737374
-7.6809295371852775
-7.638382185390087
-7.733599755215575
-7.734597413974942
-7.661484378383411
-7.672574140326906
-7.685052888429654
-7.721459372350276
-7.766598524776313
-7.78363508829954
-7.6755761602072035
-7.812586202691671
-7.713832924356871
-7.6752568185671395
-7.7355587290140395
-7.723377889057089
-7.703487078098331
-7.7860627968935505
-7.698151382134836
-7.731174360518985
-7.688761368504799
-7.771615613449282
-7.72609248468621
-7.805444266987059
-7.782498625772536
-7.78125772385355
-7.789311270293216
-7.709301050648155
-7.770886369135865
-7.746190757601203
-7.69430470931554
-7.759045177220265
-7.78613636751681
-7.739111569134247
-7.766307343699701
-7.773093430417318
-7.694612714611901
-7.745891047112723
-7.755288916744274
-7.710817060518079
-7.7414132959432385
-7.755393085235195
-7.807511013839122
-7.708902654692976
-7.762804179558227
-7.712228731024417
-7.792184041708126
-7.7709606498776855
-7.808789090654284
-7.8304143078149
-7.856196986116847
-7.785579400233201
-7.812354349584108
-7.862244883782388
-7.725639321805715
-7.719749500443249
-7.7598694687458085
-7.802963869277905
-7.802194522942445
-7.851679226303275
-7.747428647447063
-7.819553140109981
-7.804842538527891
-7.824092004100837
-7.77973308946449
-7.843057412760968
-7.82514255660969
-7.7897375440520555
-7.818549916423537
-7.790609321729256
-7.852182433100904
-7.823253074113776
-7.826246018942915
-7.827357810742602
-7.834964213805922
-7.775236991260041
-7.819530452901588
-7.843515408989607
-7.856101099051283
-7.8562615123688095
-7.790494532013939
-7.845935224642912
-7.85578890176167
-7.832210009931604
-7.802136352541552
-7.738496305302035
-7.771750003016454
-7.781786228681533
-7.799362400366043
-7.789782505188154
-7.817341497359215
-7.804019328309017
-7.756606788035878
-7.764094028753606
-7.856704622039529
-7.8101876640656815
-7.811962888684565
-7.818009747183812
-7.805926164232121
-7.791410792941519
-7.88906102884016
-7.8684345466388255
-7.7964512305696765
-7.890000655536554
-7.854369562065859
-7.794618861982149
-7.851732760421697
-7.863779304166633
-7.896886061950633
-7.832768004955163
-7.824950246909153
-7.912649637428854
-7.787215238646777
-7.928807828213593
-7.854918341858468
-7.901609400960955
-7.844473729172015
-7.849944473036345
-7.8763317889926885
-7.889664788249481
-7.902410810102073
-7.9364486843237705
-7.87599498824611
-7.922382993850381
-7.851548461164365
-7.84863166943035
-7.8535885170833755
-7.856235435979413
-7.8805905962693705
-7.9484596790486854
-7.841068281508697
-7.89884472607253
-7.92633828666946
-7.782744363335979
-7.877749575482792
-7.863652957521632
-7.908810740539288
-7.872383645598834
-7.889685677592209
-7.88831384281049
-7.961904673621787
-7.915114975988731
-7.593700339707297
-7.890799717549111
-7.9143760291883485
-7.641692952068585
-7.859084709348188
-7.956316986972839
-7.970687039205777
-7.935431750088816
-7.885632091118473
-7.95223849362272
-7.895464550009217
-7.8808477548738285
-7.903279091467063
-7.961678012994198
-7.91101972609928
-7.858943758843839
-7.894049242312862
-7.876575555764742
-7.875094739391431
-7.889699577777165
-7.964703523665463
-7.865780015912901
-7.889199948139607
-7.922807083663345
-7.883825950088611
-7.926845373396714
-7.848842996162972
-7.920714552991469
-7.8154123810927665
-7.901291785442341
-7.847257395660986
-7.929469592566064
-7.886618424876964
-7.851111398334773
-7.812873384177088
-7.8190215165842565
-7.905877944707441
-7.858436106937915
-7.861821837942251
-7.858743906475076
-7.964843865112316
-7.858880702051103
-7.834043861020321
-7.8958248051430004
-7.8822356708011485
-7.919262190575335
-8.003812976744463
-7.9346499092510845
-7.8414319113675734
-7.93061992563076
-8.002094299609205
-7.913364543629806
-8.017427077170659
-7.886325333777967
-7.915365361207339
-7.9472218183964065
-7.997486607302567
-7.8543394737745365
-7.94684360873208
-7.976593422412178
-7.959462421715533
-7.882853476470473
-7.960362925756832
-7.8842865768987735
-7.905028079475834
-7.957140429720082
-7.950673388339087
-8.057727453207947
-7.982177010663526
-8.043285529815163
-7.976107699445151
-7.970862596162998
-7.975565022641561
-7.903683451597807
-7.979562680995655
-7.959950163338313
-7.922477683130987
-8.015018166553117
-7.972805512893133
-8.069584485539572
-7.956023230511
-7.895457044627607
-7.9785087862596615
-7.959562663642763
-7.873298927099964
-7.963018496189914
-7.975323589152423
-7.85222226245622
-7.98858011898723
-8.066862803177335
-7.9348423865844655
-7.989456672913564
-7.990274694548612
-8.035621800142358
-7.966512062106223
-7.932081549078605
-7.914405723665791
-7.995192237264495
-7.924476471914777
-8.053939390499366
-7.981943453462687
-7.913966544865521
-7.981128331953369
-7.953092943105851
-7.990538432165178
-8.010469703116435
-7.973751171370907
-8.05828119052187
-8.04243381738239
-8.030916786153012
-8.043875636399306
-7.959623048527106
-7.946707924835893
-8.040580732092215
-7.926770078990998
-7.997070554020368
-7.9972931159107645
-8.102546601136762
-8.053915697745405
-7.9982360614882
-8.016791863106246
-8.041588134591661
-8.07049529991387
-8.027621068214748
-7.987522840300506
-7.991540944756619
-8.012057126896591
-8.030406603080072
-8.161586854023886
-8.048337380995235
-8.014184245964382
-7.9936325396761125
-7.992295995617622
-8.041717184854958
-8.061933976296515
-8.016476097896344
-8.092969424215775
-8.010369730502472
-7.956611534330857
-7.974400458476277
-8.028645772725518
-7.996496013366329
-7.981328373397034
-8.13279329132888
-7.93484436762227
-8.085380690506678
-8.052648286001759
-8.035511089489846
-8.109742394510297
-8.05099680537794
-7.973866546249582
-7.973847700075841
-8.092359087935288
-8.069720048163092
-8.053165181386417
-8.03693459668793
-7.989550330639995
-8.06114328783525
-8.036612955062985
-8.066911635930227
-8.046434107494662
-8.071164451528588
-8.04678025678585
-8.077248226163652
-8.083878526394544
-8.203928049406464
-7.974245846491974
-8.12761907510275
-8.068271260585808
-8.040123904733866
-8.073274763308104
-8.067826458190657
-8.096041291267388
-8.117526812616314
-8.125618601618259
-8.063419768801987
-8.102061714835001
-8.07881822732294
-8.084213998765694
-8.145834579366031
-8.053815107240828
-8.154691031950827
-8.021722500250178
-8.110986928744088
-8.080114604596458
-8.085427962342226
-8.040805923272366
-8.084907528649667
-7.990968965640507
-8.035190859915648
-8.022222987388046
-8.117648706072307
-8.123345560360852
-8.039638532807714
-8.122857399819543
-8.081405219494911
-8.139726928411138
-8.110679245619231
-8.064014762290718
-8.10095760106998
-8.027520087121657
-8.007065690723584
-8.03314364699007
-8.112962721038693
-8.064261614880298
-8.081666373959221
-8.05544790565969
-8.050782150544734
-8.022973603048255
-8.029866474660237
-8.082308741505686
-8.066911655877162
-8.078339856626789
-8.106477818808493
-8.10690932583329
-8.080921135969978
-8.048125792495538
-8.112447205513918
-8.148752071058352
-8.051519016957586
-8.082441643347105
-8.166525852611285
-8.112853138051584
-8.119493682812477
-8.122595979655998
-8.105564591750818
-8.192420173886193
-8.184593195278232
-8.14801239777127
-8.109762883535828
-8.118381984807078
-8.085305531485774
-8.148806468793556
-8.157686370103868
-8.16828486444278
-8.181516407231797
-8.06263028043473
-8.063960805787813
-8.086648703290047
-8.14120249957273
-8.12778783209716
-8.121100742933638
-8.09699137229458
-8.217746923014714
-8.078309652437826
-8.12269431171766
-8.161547880967435
-8.153232625239312
-8.130196053201722
-8.133108774846294
-8.211558742511608
-8.261715272883214
-8.15385820429769
-8.20517072563384
-8.24347302122507
-8.174287794098241
-8.133412432566166
-8.251553716670934
-8.23046102258969
-8.206541524045138
-8.245212310618182
-8.190401299951196
-8.099361473894604
-8.27325317087282
-8.29222717349129
-8.041966797946833
-7.986886545074083
-8.050471961534774
-7.7519241967306245
-8.050325991476447
-7.279465525891817
-7.95132786202811
-8.21280327086748
-8.060979880747055
-8.148596542753488
-8.18084026738193
-8.257200593415531
-8.218084809105042
-8.175270382727655
-8.188822148146025
-8.167576024780256
-8.208336870122064
-8.200901956456956
-8.143372448705215
-8.110598473032347
-8.16314714519293
-8.069177525049835
-8.22131531711841
-8.147810733221627
-8.152003455174315
-8.13000715844068
-8.094370484135856
-8.139906639701008
-8.209278109584387
-8.15979143184218
-8.138698972947461
-8.163256452737475
-8.169803420902978
-8.092947882281933
-8.182220027980673
-8.13424290973473
-8.139840907782263
-8.221148944695333
-8.105356386921855
-8.187470253979255
-8.180219023305796
-8.190567953426356
-8.08030269148737
-8.230324749945698
-8.138688135848708
-8.195537697641802
-8.15548258177317
-8.122570526811833
-8.13286266991052
-8.207426022720417
-8.18580360234233
-8.200478493906962
-8.207747650073767
-8.309224902273632
-8.225497196201315
-8.199950886037774
-8.238894892942445
-8.2455302209885
-8.236194694460526
-8.175595049488027
-8.244533279018063
-8.287507841269385
-8.243094723080766
-8.300110262427957
-8.232983372247851
-8.18571904694288
-8.268112221011949
-8.242580464785387
-8.280982892242271
-8.14762334608722
-8.30704373682246
-8.267725330607767
-8.248583938374605
-8.185916205986397
-8.21147873686715
-8.190565018726371
-8.132642603756278
-8.225877403400435
-8.29873133766271
-8.281303255343342
-8.227299504828222
-8.265846725297072
-8.235598267814147
-8.244011292615552
-8.218186426595178
-8.22723421722412
-8.287049387481295
-8.220066168623509
-8.292935772231514
-8.234608917483804
-8.139427537019206
-8.25860983131838
-8.221790275732143
-8.265860400756578
-8.194480648439695
-8.356329843850904
-8.238552530307764
-8.315331676350445
-8.35074011259637
-8.263747991725008
-8.335659806775146
-8.227417260163396
-8.28848650629851
-8.279224466785719
-8.271442633533383
-8.275456521712833
-8.314747479233185
-8.293352835355519
-8.276318252428503
-8.309537557276116
-8.340937121005073
-8.314146408864637
-8.210033097633639
-8.296288752710671
-8.355170115259822
-8.333495890879192
-8.326966963815252
-8.292859779386353
-8.296368721840002
-8.323770648244334
-8.278511106676605
-8.402866642466497
-8.310204535986156
-8.327549141862143
-8.237308977681474
-8.379447577030097
-8.393039528927302
-8.359627256595653
-8.335018304857496
-8.232268552687414
-8.378354618933278
-8.33272836522449
-8.130385363436597
-8.297697694936295
-8.306591038701365
-8.27153989068844
-8.398090869177645
-8.312004636514216
-8.355494251120184
-8.383814882045312
-8.32824180197998
-8.409386421567264
-8.20004100139109
-8.269365154596661
-8.250867447821902
-8.3629539293563
-8.345672288913068
-8.340360926357581
-8.414996004461578
-8.373880344720702
-8.402855743699972
-8.37315757147039
-8.349311650978356
-8.32486813330935
-8.455978956069737
-8.369426623027472
-8.386927990235217
-8.368211579316332
-8.344323702488232
-8.318399970066762
-8.271232579037243
-8.26608736652262
-8.288549290921871
-8.33224334214818
-8.209512395345469
-8.165336574693134
-8.250882167322647
-8.304291415529262
-8.22145582385557
-8.176068273166626
-8.161370136119103
-8.175597993088187
-8.149944988381337
-8.0950202590105
-8.15125688708159
-8.22380972300783
-8.248390415259896
-8.347313639009526
-8.229901209603282
-8.199804263130616
-8.18924357220197
-8.251959075708056
-8.21328936245253
-8.275552677495119
-8.273790690264088
-8.21651831734671
-8.313283798021216
-8.41166208853867
-8.321952633096055
-8.376661154078418
-8.257933554954535
-8.335894012192233
-8.318422550045
-8.423366423221497
-8.327806459960676
-8.331893116575637
-8.374586487299783
-8.296637073609798
-8.355467954812605
-8.372149104205324
-8.339480875854303
-8.20416713286876
-8.434350247562262
-8.389999162312627
-8.378512794062612
-8.41513088257068
-8.51249521798263
-8.41525533692836
-8.45562276938719
-8.171398077046762
-8.330043401496042
-8.359793920459767
-8.453372551825058
-8.392820234652438
-8.358871822454187
-8.364325560966037
-7.5948511282096325
-6.707439772259654
-6.654633405501596
-6.083177035633795
-5.937429959519897
-5.510047068172365
-5.5237056375814415
-5.529024821986613
-5.532695753908224
-5.522734753437401
-6.081240645930119
-5.507742385285281
-5.5324378282601625
-5.715568725833286
-5.778413604963045
-5.492006516177135
-5.494512721670535
-5.5190456722148555
-5.50287282845342
-5.521447428598549
-5.509961187034598
-5.528320142897364
-5.5099786447079255
-5.492820619602373
-5.498168910027047
-5.500440647519639
-5.497906895512412
-5.489976067907971
-5.499507509107593
-5.507406401166416
-5.511267392044817
-5.5026300510164035
-5.506608524284944
-5.499599661163849
-5.49285875555462
-5.483621628317396
-5.506283157204029
-5.490405805936143
-5.5051147354428185
-5.508979310968236
-5.493476847608152
-5.489140170629149
-5.493475354250265
-5.499817061485496
-5.489118901719799
-5.51816108863889
-5.489407419919674
-5.49787240910042
-5.49623336074028
-5.490854021524491
-5.497550052502001
-5.507915338884306
-5.4884814961610555
-5.480654607059335
-5.505543519081989
-5.502338049415631
-5.5185104813441335
-5.502349330081888
-5.4795501937575315
-5.5087811655914125
-5.482971804685612
-5.487934549895157
-5.498691058532277
-5.486352742686261
-5.493820760333263
-5.499812780461862
-5.49560826590411
-5.5005565612434095
-5.499110839221331
-5.509401580468634
-5.485714536269766
-5.503823570958276
-5.50655985224561
-5.495558676589721
-5.491757222054762
-5.502341418493526
-5.505360204530321
-5.507595968271036
-5.500141958631274
-5.504763299034682
-5.505144466977238
-5.502980228240867
-5.4924933170089245
-5.511039834012643
-5.485941563061042
-5.488971241103555
-5.503721864186005
-5.503759929075262
-5.492596280764999
-5.489516968253391
-5.507437696359668
-5.496298133007828
-5.5123488503577995
-5.49816706584808
-5.50075419979138
-5.508388533379943
-5.511508332638941
-5.490798149953158
-5.6949875740416225
-5.48700022242148
-5.51200685568625
-5.499537298404383
-5.500600020894836
-5.499614098054973
-5.507864310655512
-5.501668941237316
-5.489375373306625
-5.511027074134469
-5.487981442468426
-5.503086472050358
-5.487135459981413
-5.514086175752995
-5.493478624079124
-5.495589348930491
-5.496730755059428
-5.503915105798775
-5.4749862159879115
-5.489233148547927
-5.499338525947966
-5.487496982655372
-5.492284806762321
-5.488860607074791
-5.504324854622229
-5.506137120487322
-5.489361388411978
-5.502753440956486
-5.4873145196582005
-5.48902555695215
-5.501300783285889
-5.4946949001866
-5.51610404888395
-5.494484094701071
-5.494950975631806
-5.506858638978179
-5.504259751746989
-5.505117120575141
-5.50016545796901
-5.492107258098496
-5.493872380535603
-5.498313105339428
-5.501038206103163
-5.506102868490437
-5.480180778267005
-5.4945388378674345
-5.51091627844519
-5.50661874141316
-5.509587272231036
-5.4909826614677275
-5.49813609225672
-5.5018661377555675
-5.500826468154209
-5.480258326838551
-5.498876045538879
-5.501181234088765
-5.498524935442714
-5.5187237925504675
-5.487148560059424
-5.499622515893908
-5.4853871352563175
-5.500969138997016
-5.504823086807839
-5.499553798913766
-5.493562616234154
-5.494982398492371
-5.4749645870347425
-5.4966585023958885
-5.493486607766615
-5.499817800155633
-5.5085966726616995
-5.530368490103887
-5.492320165188096
-5.512657228902589
-5.500225798669447
-5.477843736723263
-5.493648104768555
-5.494655263365379
-5.513643450648445
-5.4967643878190975
-5.506688239996698
-5.493444465999718
-5.499792325859115
-5.524896443304675
-5.491622415449398
-5.4969445620660995
-5.497512195033011
-5.501435943763415
-5.5044838463969255
-5.491394546784341
-5.492052097663825
-5.514058763442801
-5.487988931982827
-5.4837856236792
-5.511874757681556
-5.485583897115419
-5.503102982460868
-5.498993094674361
-5.502401653848877
-5.494852715124085
-5.497643241000606
-5.481234728999947
-5.490155019096834
-5.501463680867971
-5.51312273625954
-5.509714215579688
-5.49302756705321
-5.501753839250551
-5.524729850319414
-5.518686019585364
-5.488194544369407
-5.482501761160349
-5.488227915259303
-5.492889174507059
-5.519344339068182
-5.505798272905567
-5.515132147708059
-5.475884665608209
-5.488554486415798
-5.503553023170825
-5.496473443864843
-5.484892254617557
-5.497286859562016
-5.510433238897797
-5.500692640763637
-5.498550982051446
-5.49206301177459
-5.491351824214506
-5.788868656358375
-5.4945794904673155
-5.504071872224876
-5.509166757219614
-5.49526944152878
-5.509873924104207
-5.485219991068347
-5.505627688060841
-5.4971286345439205
-5.498971784211868
-5.822716221682263
-5.497784245100818
-5.493445295902878
-5.50114693332646
-5.486490296664999
-5.505095389925403
-5.4848078182398
-5.486514544708709
-5.515932565722338
-5.488419066122227
-5.499725687217307
-5.491250649152214
-5.501010564261687
-5.529193059898673
-5.525131092712088
-5.5054517284489455
-5.5032540440638105
-5.498436045950725
-5.524162514769857
-5.497392078561099
-5.503005486729803
-5.4913389528453
-5.516730465645323
-5.491192845422066
-5.5005118709260925
-5.50209558494885
-5.508148517797261
-5.49251146576
-5.512021226868444
-5.50658618312222
-5.505933197635269
-5.48931161169507
-5.498695223997237
-5.50471462575511
-5.500711476280205
-5.498112567806805
-5.486051178367502
-5.507684694300791
-5.490858989749086
-5.497904949829012
-5.497630648526248
-5.494640769031257
-5.491203154928392
-5.51021458744536
-5.510501721383281
-5.492872429313762
-5.4932386582729595
-5.518851291454791
-5.522529451914929
-5.491953029358788
-5.493522236057901
-5.506351274032206
-5.505109263554905
-5.538974070420991
-5.5117231419254
-5.505052264406269
-5.514296506587838
-5.496049261439689
-5.51161771858083
-5.5265104672611205
-5.501348121341833
-5.498898049886293
-5.5069012112299704
-5.512778176553588
-5.520512645203412
-5.504923263512657
-5.525891624116189
-5.511462854152999
-5.493729392868445
-5.510225687798813
-5.52092730714642
-5.5015501281456665
-5.510186964469242
-5.510688063342543
-5.506386266503026
-5.513133045453805
-5.523041734429114
-5.509120006802348
-5.5050453910265
-5.504527267469
-5.499500051872758
-5.484432815118797
-5.511895644992065
-5.504341278106102
-5.496153255304941
-5.508691716794666
-5.500172020646204
-5.490856875518422
-5.508086289380189
-5.523675862941232
-5.5199954302939505
-5.513519594303958
-5.50480187947509
-5.5037676524062995
-5.49589238220317
-5.50853112523952
-5.517291227904854
-5.804260703516089
-5.500405495142417
-5.819110954256387
-5.492486930475907
-5.877150548188664
-5.50662461830432
-5.503021475128089
-5.508983786169142
-5.481308698470943
-5.511853149703614
-5.521982144481038
-5.820933218275596
-5.509993822473145
-5.502698413243236
-5.831225552184995
-5.514760298400686
-5.528314001042863
-5.524420200846819
-5.500507055967738
-5.520600177020572
-5.488949801916545
-5.856264074906718
-5.519984996185497
-5.81760211619028
-5.530924470745557
-5.798160653640138
-5.517718441180725
-5.542797098664289
-5.516343687750742
-5.5223090917253295
-5.516827238201194
-5.537375342710333
-5.498166259421137
-5.547692566274376
-5.503733921898684
-5.495608078477717
-5.513666612317802
-5.512920156659269
-5.493749463950716
-5.502706439228998
-5.491016425200988
-5.532030440730108
-5.507513753461084
-5.775250072923566
-5.51844772043232
-5.531629492707523
-5.517069321640484
-5.510738374889244
-5.624478346657196
-5.505730437756253
-5.614188323470068
-5.831611301335433
-5.496001279530338
-5.520714336734654
-5.785599375281592
-5.8010535082379
-5.78552295875015
-6.650932553999576
-7.788618455929536
-8.37725203662336
-8.275978636981042
-8.191513036747176
-7.9465541823067145
-7.763465336637052
-7.481682630974358
-7.048889423447754
-6.76255756871559
-6.362738515089027
-5.939740688717478
-5.523303385250009
-5.251733163349034
-4.9265806789709945
-4.836982582987954
-4.725768465172041
-4.742535138963376
-4.795950211776568
-4.988955948318861
-5.263627261438509
-5.552138007101551
-5.73758182270732
-6.012826450786
-6.2069179115204705
-6.45334878522354
-6.573073073414282
-6.868076759995694
-6.972607391619568
-7.075426525506846
-7.198154122461289
-7.344801028993392
-7.376639522583336
-7.435216364269178
-7.511413900806321
-7.644210123619445
-7.653355159866393
-7.688379555373634
-7.758277054831544
-7.7175927509539894
-7.857079957133691
-7.791080018905676
-7.928735649328885
-7.893174452053941
-7.9038108282661
-7.82896496116843
-7.938383064581959
-8.011587641620634
-7.90860748717779
-7.9445277835359365
-7.980680643816502
-7.981023758629352
-8.020526244666467
-7.991774865058106
-8.081248894133479
-8.049034288912999
-8.047485013528052
-7.99712480724194
-8.134721862131077
-8.08885888754529
-8.068838254465906
-8.123918864878068
-8.10106221510478
-8.118328949000086
-8.15162326864298
-8.101060576708567
-8.183689184664134
-8.125302691230862
-8.204022083795511
-8.158528042025614
-8.122292031807753
-8.147023480450347
-8.186413321447597
-8.148424296452966
-8.241715398939297
-8.172530529908023
-8.241640419182776
-8.16635197703736
-8.154743007517355
-8.229448008981294
-8.218003194739381
-8.224193227867431
-8.22858261170976
-8.262889123628286
-8.17020070822796
-8.252115029369385
-8.24760702490662
-8.34253289794148
-8.282308963452941
-8.257442138412442
-8.256916782198681
-8.233227461074497
-8.324598941428881
-8.272723351662915
-8.315932169903386
-8.268420895769792
-8.278589230898364
-8.315587330667881
-8.319550270350623
-8.346434256032431
-8.320833781350172
-8.230752862750581
-8.30101180239843
-8.264353024413015
-8.254441365530225
-8.336750800901767
-8.304209954300521
-8.28600336049575
-8.291539083701833
-8.246529117173313
-8.336462912094401
-8.28302713950994
-8.2513969676321
-8.366853633026583
-8.271038090794955
-8.288515083563473
-8.347274381260249
-8.228198662182242
-8.355014376478438
-8.392152551510872
-8.399347091402992
-8.35970104218647
-8.331012026373939
-8.332787993398004
-8.34764377188194
-8.398517425422595
-8.40251041362732
-8.35688655068967
-8.305785784455821
-8.31650879598129
-8.320989624767392
-8.345340679046107
-8.380812601220233
-8.341073062214186
-8.449072295439963
-8.391386486192173
-8.410909462005508
-8.332595366830864
-8.41511167736285
-8.357835155766768
-8.332672877293305
-8.389420978935556
-8.305821987167826
-8.347705524793898
-8.418673057157973
-8.471401993833625
-8.431153231229612
-8.354938840589648
-8.360761054584152
-8.342275893727189
-8.362550812929326
-8.350116313304559
-8.400704395289308
-8.382365407790557
-8.394197448500044
-8.466870189163638
-8.433932345965871
-8.358945538766381
-8.383681707149899
-8.416338607236296
-8.343080979059257
-8.382411689509283
-8.381748898941067
-8.430778394934947
-8.326260649190182
-8.393090828800153
-8.420703232387728
-8.392441496999556
-8.376320703899983
-8.427744894157767
-8.44881363631824
-8.47963330277271
-8.407881513361222
-8.348809631825018
-8.378960871612472
-8.389506864491064
-8.43379969471651
-8.38901174113255
-8.33385982766705
-8.422719601658628
-8.415620578522427
-8.447304862311235
-8.356221635477214
-8.424483474662926
-8.434632146965738
-8.416003482832375
-8.396499251553236
-8.36036591922554
-8.398736768716246
-8.42811510704163
-8.403560754678272
-8.404361842862793
-8.371868471256128
-8.393466684231823
-8.453190348448507
-8.380600526770912
-8.442663675872664
-8.402479526551117
-8.375609871955424
-8.41229445339969
-8.426107364367706
-8.363587377892703
-8.467713333386042
-8.404169654092419
-8.415817257077771
-8.426368864206486
-8.542316861914989
-8.383222487908066
-8.478988219969807
-8.38291371710135
-8.39671560151946
-8.428527442914577
-8.422844787632934
-8.41632652931014
-8.435922435445923
-8.495208059780339
-8.412566111793442
-8.360082454555076
-8.495968953110845
-8.44328848302699
-8.425300634521587
-8.516939624864946
-8.468039334256444
-8.44689076382552
-8.419054924043229
-8.41349270353622
-8.458346886732782
-8.402557225619455
-8.389627766348402
-8.432769509100629
-8.467482231898428
-8.510403702814203
-8.517600158018684
-8.426493749566033
-8.442896336793934
-8.414697094942516
-8.448040559798638
-8.442888951551168
-8.475942858734205
-8.515218716723359
-8.429602921606179
-8.4689139550777
-8.459131886776657
-8.413402388296204
-8.507639279421564
-8.422106005487079
-8.440695063834434
-8.478721266314503
-8.493589923568157
-8.442453756741683
-8.370875624898359
-8.513003458623812
-8.474133230842188
-8.421057142212986
-8.102473698944705
-8.471485882551152
-8.481854475269596
-8.483441033071784
-8.502023920829329
-8.533258704273392
-8.496526679784699
-8.482757284602407
-8.433681769331214
-8.44660224825721
-8.418856733116709
-8.507665213100074
-8.513535324843579
-8.457593301961715
-8.403084801142752
-8.510320463266186
-8.461223154726575
-8.507614454641157
-8.518777337622444
-8.39377910354232
-8.465241068502046
-8.419960531075699
-8.511154493684089
-8.433091434192189
-8.439501380775033
-8.474458355856926
-8.461852890964982
-8.482420608397721
-8.485307739131127
-8.445374929040318
-8.47805920772572
-8.477317582412503
-8.519829438708998
-8.465023582201228
-8.516169556187512
-8.477421646260003
-8.47043986698046
-8.415651886821514
-8.47907907376992
-8.497618688680062
-8.47150113468533
-8.43748714861213
-8.507810210564434
-8.41625572243562
-8.444975690288837
-8.542775171421054
-8.497548012200143
-8.507667036663857
-8.475166707233054
-8.532888395402745
-8.470035875166788
-8.486189919527265
-8.407770406367304
-8.538870042593334
-8.44613086478066
-8.545448655574303
-8.54382844275016
-8.510556242269791
-8.505055605691823
-8.493321392099043
-8.433975600688521
-8.569996363472528
-8.496499202934732
-8.45217400583053
-8.415601816052808
-8.485226714913487
-8.448889176830164
-8.486927688638431
-8.592976191799437
-8.4164252204406
-8.480510196085207
-8.442639729460799
-8.514879762511725
-8.452018856516649
-8.511557779408598
-8.501910258978622
-8.474273516434128
-8.397609920111872
-8.387140741178582
-8.542502062934203
-8.484490941188481
-8.534875670473665
-8.477647551857293
-8.521460263098007
-8.398321778552868
-8.542138080541342
-8.276318661957399
-8.093253809319435
-7.950405999415189
-7.732644538310452
-6.808408211816808
-6.383059971931797
-5.52895436187012
-6.18656119973976
-6.252220976168868
-5.520174176608714
-5.840264837902433
-6.119523230991101
-5.684662335698726
-5.545301320531139
-6.035825673972507
-6.190990351417905
-6.190909451708726
-6.158898248997847
-7.346717968333611
-7.8842367196959815
-8.303233686086955
-8.516505624290613
-8.406664052992808
-8.484137303107213
-8.521263372601007
-8.476568078598978
-8.490677115346783
-8.486734455643498
-8.396979868096606
-8.542332597603322
-8.523091970086995
-8.399367202915048
-8.439322677638957
-8.442223798598866
-8.508484658794647
-8.461292115340854
-8.489327755553083
-8.36115757741762
-8.424591415409184
-8.440223809943204
-8.409668961094374
-8.385832013985363
-8.396898536498709
-8.433393108697231
-8.467409621934786
-8.385630980384791
-8.358445213117601
-8.435337566896179
-8.423264099763124
-8.492340194668861
-8.444391565201121
-8.40009687803735
-8.44197761425388
-8.425410281826819
-8.435363176872189
-8.42346247272337
-8.383140699223224
-8.443000401156587
-8.469330853699962
-8.394495547774268
-8.430431139708025
-8.411096357497867
-8.38844224065454
-8.538562159705618
-8.501096179859104
-8.374513191445404
-8.377357879198053
-8.554581057709964
-8.470932615923
-8.404345077733398
-8.467135442375024
-8.508684186526725
-8.476918052526335
-8.494262936790522
-8.520808837238945
-8.50535915437788
-8.452303827814964
-8.49295966598624
-8.422525914360666
-8.520823172342423
-8.539657671242972
-8.529707896995534
-8.54605829525289
-8.486169518224482
-8.468384003964859
-8.398221289686985
-8.496647879131691
-8.540176674418044
-8.46232421258361
-8.478879123016425
-8.528378348337208
-8.514365401895622
-8.50395271442422
-8.610652613042356
-8.501520367411636
-8.524281601691552
-8.411680440401014
-8.479790456698941
-8.388982429235996
-8.556420178957323
-8.500169731132722
-8.531108381692496
-8.52253067570315
-8.533048983600235
-8.551311574105492
-8.468859973028769
-8.580994923679503
-8.533212571028088
-8.519719409784198
-8.51631873170909
-8.459765565591958
-8.508516589688204
-8.512146694518586
-8.493601495920903
-8.500801212559498
-8.55334782046215
-8.57585610336448
-8.543498044211946
-8.5798371591582
-8.526220186588992
-8.550444083559517
-8.459521917720506
-8.554533740531785
-8.549124088965034
-8.55477714396956
-8.618468588928447
-8.52502288009257
-8.669064379784501
-8.613177959843076
-8.522061754417008
-8.593209559052275
-8.563573924653653
-8.54902426171922
-8.657026486319072
-8.551013510394755
-8.553264787877515
-8.602567433723305
-8.564587242950969
-8.586986597079378
-8.569805195318006
-8.556753596587287
-8.520610532572816
-8.567576769686399
-8.665119808447967
-8.525983421369856
-8.514653724124612
-8.451524151420784
-8.575047822077266
-8.635431209085853
-8.639133034217256
-8.503208496452007
-8.614035666604927
-8.578310040316216
-8.557694750562682
-8.608560807858106
-8.573233265945243
-8.706290764953064
-8.521413199034127
-8.671989395880587
-8.611262342409919
-8.60043339005991
-8.52056656801507
-8.564915116251095
-8.572110036187393
-8.67049022645274
-8.582139288725584
-8.615589100749338
-8.555616188969585
-8.58173793465545
-8.594231846053228
-8.590397181079082
-8.437960079815804
-8.655346243883054
