0.021344119814185405
0.024638176249796112
0.025293003758906064
0.024285565554964868
0.031300948182485605
0.018960005586372935
0.024321469837346208
0.03460890043363826
0.026146961576589654
0.021681903130773568
0.018153015458138785
0.016362487132199163
0.02691242559215236
0.01932143774876977
0.00954266393502945
0.021179779906634316
0.03323785779657784
0.014288037045480737
0.034459135538894445
0.02987739551670151
0.027820712397221597
0.02031941749934779
0.020490471041117994
0.0180421080130172
0.028134205481457064
0.02377708928478153
0.022830507564990846
0.030524228553229102
0.024100707864222085
0.01583978328402546
0.020329803353202648
0.029611342405083677
0.019889348668442924
0.025328197695044418
0.03043926140378517
0.023497964839888353
0.03632086589894111
0.02268975040544706
0.022337031662526288
0.03214700089859786
0.032351331360382894
0.02844866415475432
0.023780224081213806
0.022423478727648067
0.01580397147685461
0.025771837814223195
0.023981674228884853
0.015408994393262779
0.028864980185906323
0.011883952699321595
0.02247700313477192
0.016328191633888683
0.03295537945124108
0.02813438502045417
0.015778197390217272
0.02348878210188733
0.014119872442966707
0.03488440873462981
0.01667120526366983
0.023197569931966304
0.02458409326452668
0.023523658031940814
0.01018317299469922
0.031094440613667017
0.02039500824683765
0.029588935815655217
0.12115628450957555
0.02863741332951561
0.0309461227682352
0.018651066204703824
0.03241906625541366
0.033048976460162915
0.04614979275600069
0.042844510142052594
0.03705915858958533
0.02781863544705817
0.05107236632026577
0.101237553082138
0.06862848591715949
0.056401554835748
0.04719903776586918
0.03898813891395209
0.023038022856461553
0.06274098998227609
0.05655035797881966
0.1652426126104616
0.04489106040766048
0.16839456303287767
0.1103123822630305
0.148068787488037
0.025133878669794663
0.17058618115236943
0.04120674583914581
0.07423316738500635
0.09692267327768152
0.05753528060339762
0.16442669696042458
0.14713387564162086
0.1586680818078027
0.11573630095077342
0.14001936476104934
0.12511362635013684
0.0901315037822335
0.12195126985478308
0.13189983529183208
0.1610012326903947
0.12577180744314573
0.14471091856547008
0.12030518788212251
0.0936198563958937
0.15563455571074616
0.08345616031772841
0.13058054090545407
0.1660447596931299
0.17114480625245013
0.14287322577011916
0.13633484144100813
0.2006427787776388
0.20275355973473558
0.1986854098625344
0.08823742509346526
0.11077695611551634
0.05477912569315452
0.09573095738162841
0.07504652661126952
0.06968446750094448
0.05474443605357524
0.06805933909499508
0.07641019409323388
0.09420657598321897
0.11057715174758759
0.0792285936847891
0.10298993009064158
0.07663431866277187
0.09005805095124098
0.07385759702500043
0.09362071246574281
0.04812174108284744
0.07537626973026648
0.08839031130997167
0.05810229122049135
0.06584390582526352
0.06077136403760742
0.09048395688310697
0.06230801929187334
0.06539831356359993
0.06795483207169406
0.09407725305837661
0.1078472851726006
0.09929316819667217
0.08617403880656638
0.05936394647075023
0.06939599133499
0.05726352187265157
0.07704948465222396
0.07219285057604861
0.06027957693446319
0.05788970126590406
0.10042912145989144
0.06394673304308934
0.16519769803119
0.19179251521208726
0.2836105687755668
0.2012389865229912
0.26519904013820106
0.2776897710466859
0.21889902992274163
0.1750956908608396
0.18263635903070125
0.27446054715961027
0.2405480010860441
0.27817842724818503
0.2150937272639632
0.24201629916196798
0.17817026770606822
0.15349128621345326
0.2522731290058535
0.2566854703371023
0.2331224321234667
0.2474892904583935
0.30511189777521597
0.2904608555935828
0.22336892610444928
0.21927354354856846
0.19484063626608555
0.22495661192850416
0.28937211587863415
0.22837248481662256
0.2098566105143678
0.038948424698449495
0.1982839405743223
0.1014709187973243
0.1589080040545273
0.1904460373641106
0.14168570368374914
0.04138937958742172
0.17167561511180604
0.07734220944332783
0.19820338071760885
0.06454615392445251
0.1971347597728832
0.10961507554403414
0.15434644616231494
0.14553207903222753
0.0644867862548074
0.061231527130464064
0.04391191927003493
0.09440019583849568
0.1537989684191559
0.037865831813660225
0.1344378159436817
0.08792649011352896
0.12986735404693095
0.16075283786686534
0.07325180544468216
0.05671027915135682
0.11717842363099547
0.07034464500025871
0.17755843226321194
0.2487020050242754
0.1058574755531156
0.23186878020896481
0.19706618806274498
0.11144293567377747
0.07244005035568353
0.13201233554384745
0.0571713975327526
0.14964342211099405
0.1713138134398361
0.1943814737312296
0.1346050758059417
0.16699610890506794
0.1861861238059565
0.1776017937406931
0.17470778331832212
0.22058541555882147
0.03403115929736149
0.19230890347016946
0.18320785815457113
0.0978237708803853
0.2347492191489002
0.1436477120772169
0.0972826275276945
0.04667525223908594
0.20603490678818814
0.14680820854613394
0.07256715983866582
0.25812409141363973
0.08542569824992909
0.10449613371290602
0.17034721170350653
0.08399954652831436
0.09001951718618575
0.057940565030939764
0.1039290451940014
0.13220445390383634
0.055821530617265816
0.07218600534704885
0.09301873892968815
0.08229827438110086
0.11263328795842181
0.1270217466805091
0.05420472706895141
0.06003632339848079
0.08285728250223241
0.08580268251907193
0.06632530725554964
0.09341571114548673
0.05124590712564353
0.08678131642778364
0.1116246108583949
0.06642489948785542
0.07745810056459905
0.042752440551463426
0.049528484412352976
0.06693405029593298
0.07077360548844383
0.08450863690242849
0.08967530523304522
0.15223680694132208
0.06658674493237211
0.14695604744858476
0.08668104769172427
0.06832911379844936
0.0517899964134067
0.08265006677905262
0.15429227609476184
0.09016583897864368
0.06830437871736449
0.06883879838508977
0.07499883519701678
0.07528678917608118
0.07781467026529652
0.08047107907806764
0.05099436787572628
0.057295985195346656
0.16023096031777556
0.11105714551821734
0.07129316516750968
0.17027370726326133
0.04305367640031006
0.17781888169425003
0.15789682683801598
0.09082997057892514
0.08174864500407401
0.07719951265600057
0.06896137528618397
0.15547337034380923
0.1761672862548696
0.06090756226477914
0.08204468140000348
0.1879884273022896
0.06867213395189493
0.07866144182359595
0.11712538345349825
0.06875213218407165
0.07159052988160274
0.19986082519327936
0.05008996387853805
0.07345514702079566
0.081205618664919
0.04731089587185161
0.07467707552702536
0.06390072327290076
0.11877878198965733
0.048824317886309726
0.08418679081061323
0.09085935017760553
0.07683246864887275
0.08364280222649365
0.09276475752349288
0.07174711214871897
0.09916196589974972
0.06015127110822368
0.06425518209301746
0.05178761298658806
0.07510248144883908
0.0694321616731534
0.07764886711208525
0.05685436855047533
0.08010520860063741
0.07209967622786885
0.0759308961810743
0.046548493467048695
0.0434260967335278
0.10424014528595756
0.05672164591981997
0.13724210215419222
0.06115494821130044
0.10319675596937164
0.05484328233695586
0.08031071679529855
0.06703638754857877
0.06525606121926658
0.05893607882062952
0.06323368932301093
0.08343375162905188
0.08935125918193194
0.09506591150661264
0.06820554319330734
0.08690538594334646
0.05315530016650213
0.05130864596663535
0.07892525994736299
0.09620488848090375
0.09198486715006421
0.04635462490757483
0.09651724315284715
0.07541652710461648
0.07058488998055193
0.08809993123536415
0.10750734946969151
0.07148794720579936
0.06423484464747671
0.08550083715099961
0.06533061075475144
0.07731192087888586
0.07490059998281062
0.04929948559689675
0.06967365619622194
0.07977949651056879
0.061356542355548604
0.08184998305293488
0.1673900536942489
0.07457604086926879
0.0774466554398641
0.061051903202948704
0.04356421804514268
0.05819958769436154
0.06196893495908529
0.10261493562049544
0.04290915203532071
0.09566093764200098
0.0555459195074074
0.04648939241533913
0.08349094408683853
0.06990501220071581
0.0839175162971008
0.07623150153752678
0.062312949468861324
0.0982802334718477
0.14606432601659416
0.049229076134874886
0.07719617430676881
0.046623073516661936
0.055558106716730844
0.08428218181505832
0.1816999300759694
0.04578913978593271
0.1628632779310089
0.060415992054352996
0.14129536856822986
0.21551359676370785
0.10196398622254536
0.0817748516698203
0.08063156753825529
0.03927127918144069
0.033822075083663625
0.055539805443118546
0.05644861716467463
0.06117127620517787
0.06770822216397046
0.07938475981649556
0.07709644239823409
0.16223981107428634
0.09132340682770956
0.10658516659839225
0.13781176057089684
0.06082727668726897
0.09011057272278966
0.08517583401459745
0.05785613296540901
0.062418670887680064
0.08160080672565574
0.06324156626005438
0.06569644012755668
0.0755418129290374
0.1065931891860922
0.0961636216002355
0.06086141276394788
0.0725886685463843
0.10428202145845385
0.07502734441211105
0.1168903947918026
0.056504423188634585
0.07308198290497625
0.19242262861183745
0.0838453890439305
0.21542991642964632
0.12706794510920802
0.2639069029090329
0.18707573966387817
0.07366844724642822
0.15325782830360898
0.145371937618816
0.1191590360572125
0.0675830190463074
0.16121805082723703
0.07498086243121715
0.08266806174765431
0.06643338759607788
0.07832025184950522
0.23629084123599595
0.07330346356014261
0.08395276095065272
0.05258165133010953
0.13266741280497218
0.04602557668421988
0.21981960622803817
0.06895263791211217
0.04144669330401495
0.08082419286627981
0.07606229675185679
0.16470150710204373
0.06283194280831418
0.07403592462237761
0.10445369515638368
0.06153783525934013
0.10100065144518348
0.06071975760302576
0.08457670180539768
0.029846889578873367
0.05370076520056923
0.06859115470676519
0.06577345624234406
0.06249355619360472
0.11536075382594556
0.06312921926924316
0.08305356114547136
0.07326859401305365
0.09114880967320936
0.03697165921919262
0.0748629418722739
0.049562560485843225
0.07017299709072003
0.11718154882300205
0.05066927947047402
0.1843570292789656
0.07266427443536269
0.05160859572919279
0.057408576051325155
0.03872183257309746
0.06817281332383206
0.14513155722007492
0.0651801641299791
0.07645525351451535
0.07711694871569785
0.21251636854247885
0.12902686405321015
0.059510978149636705
0.07578957526054686
0.0865228897486578
0.17671540752258016
0.06993585080303347
0.10281103487514531
0.07262660731247066
0.09362421881419494
0.1941431592730983
0.12226240798799091
0.1771557244367013
0.2061287862387753
0.2077963760754301
0.13091286683968417
0.07502893304475503
0.09518062357087463
0.05252533538945455
0.0667732521907016
0.0730729702236101
0.05905667203403594
0.1302340115695877
0.06619208103622233
0.0854343790564343
0.11135806300894806
0.03866246453879418
0.08242151325466036
0.09541178776369572
0.07265471799740006
0.09019348581258543
0.06723585116665555
0.07740377078137224
0.06451866861107365
0.107439190789317
0.05337494395320688
0.09229430632227707
0.09848751648826476
0.11300411522036029
0.09066294033671643
0.08423958653454634
0.09299656883431692
0.10091050466440141
0.0702342038164297
0.07266199177893454
0.06553050517651185
0.06705393225034555
0.07338614865613115
0.0802009518856105
0.07809522986200679
0.049871870122848196
0.06978008069722244
0.06843163503774506
0.06049008077569652
0.07420595598140811
0.08311298479710685
0.09767125210323842
0.06236752720596147
0.07654035391198778
0.09942674357918609
0.17749385146105404
0.05648918370808253
0.2217679943085612
0.07825769052381795
0.1100834049451934
0.11402880909614595
0.1848231080914017
0.10902467824941613
0.08028428644994061
0.06693860270009075
0.07648111190582296
0.059944088809865355
0.11937533527457678
0.07173415797128102
0.08393251409912443
0.06671983387357176
0.06081099951190619
0.1023684902877265
0.07923314454278074
0.05825561897498584
0.04202901343623129
0.0641463703186136
0.07860606726013697
0.10631985985280332
0.08074618889960877
0.10150236545166598
0.05708136469556303
0.08274036061115271
0.17916997474014967
0.0748027460389579
0.08317573717444518
0.17607738332332906
0.08533830861316581
0.25207015752203427
0.2276841451609084
0.04870880788784728
0.06811123513269962
0.07745235347019418
0.07715648477751279
0.06826574541224217
0.10962173032045733
0.22073507004909995
0.05685019116819046
0.20560750982356532
0.055747624553782425
0.20600601316526257
0.06463028936590663
0.09834797914259265
0.06935601583594656
0.08253285919561296
0.1487371605917078
0.06235084967974612
0.0614264202820098
0.06092673876200064
0.0784987890431716
0.11610696321462023
0.10774872182445457
0.06256490773637022
0.10312887351641853
0.0838947440781131
0.08965621781695798
0.06217797441123823
0.12500048827838672
0.07480276622153792
0.06451933997235135
0.07245091318768113
0.08523057585926196
0.09022155919284415
0.11461951901891855
0.06088267122295901
0.055159270557152404
0.06886251205243546
0.10008904590658559
0.05162937017239568
0.06718494875144654
0.038727900910156376
0.044691859943547185
0.0753861860408564
0.1044560365541385
0.06342338622463081
0.1819467710983856
0.21270505775116189
0.13768021797813196
0.07793278327019455
0.22407909975542767
0.17303680984883935
0.2157858406230608
0.22315076880606968
0.21027859550734784
0.29900620246298576
0.2209178111396415
0.283202945664505
0.2934505125467938
0.22441387859166292
0.33414332429994226
0.23578405538732455
0.10879763934731622
0.09249894995032261
0.3273767852085336
0.26806967970555406
0.34235535367268877
0.06054413778314652
0.1560641531984615
0.1710301968587585
0.23675648610853298
0.12222895256518573
0.24310013719929366
0.08544641284457355
0.07159688393564963
0.09112752981054009
0.08391111862903235
0.09893855569229977
0.10323801649739872
0.09968815635938426
0.14426538847771678
0.07280793660370637
0.1365719673224155
0.10368175927072786
0.06650896487805619
0.10415382390012776
0.12400486171405918
0.08097993014943909
0.09687040130022537
0.06591695685884477
0.11153463456628009
0.13344103433910764
0.03571354143688507
0.07277255347695054
0.09738360102520335
0.2452940711458209
0.106406735171696
0.05785617874712815
0.25054695190887993
0.056907522114020975
0.19381024875555136
0.07343954586449601
0.069839270294435
0.1540402847394983
0.05563778021980118
0.06828446018356957
0.21081600170302633
0.05911422919178635
0.07972715756902679
0.061191974832609346
0.09202211855096493
0.07768963693530025
0.11238495624202385
0.12241756686724069
0.11575206068366581
0.0929730741966794
0.05662248422683522
0.09195144687791328
0.06295304922875716
0.08226805913241042
0.10279393694955513
0.11221162343489662
0.13920024552637986
0.13023921317152007
0.0742127060443622
0.08278196735161644
0.06505804039480786
0.07123051359479311
0.10697812469076742
0.10631579449787126
0.09558291258400704
0.07706901033128512
0.07739415068089603
0.11460697173861978
0.12097749573181805
0.07755661495375768
0.10379540797030407
0.07857832453757492
0.10488302261818096
0.0691898332574765
0.09074800226960081
0.1045162244704817
0.09401881437892314
0.12437188584403232
0.0761070723680475
0.14200832253318207
0.13001596579380237
0.08567871185326438
0.12144113165491659
0.09101603621719558
0.10016806321761777
0.07104400279547916
0.06681444652162162
0.10351470314929763
0.1283952806995825
0.12865039686954238
0.06184867122775666
0.08003814192288751
0.11163954020517747
0.09819541233866186
0.048832089765604485
0.04362235551707096
0.0845182455878474
0.07212880235877756
0.06577736496335566
0.10667401509188056
0.08581715546042767
0.10087367435716939
0.1055406217603089
0.1063861854872118
0.07905686804171601
0.0912832572930163
0.09005286167330818
0.09417168476340729
0.06806091421072857
0.06561299938895239
0.062386079327176894
0.0399617013758762
0.10683676614480965
0.08949256237572827
0.09686195632287083
0.09059155427195663
0.08121334569401575
0.11252075340649224
0.24600510578804474
0.08017943705192088
0.057888490553360344
0.09495653681727399
0.06015141629912024
0.12850919357796933
0.13383535689989626
0.07338764389425652
0.11653368474086608
0.08107019689338825
0.10571544965054105
0.12750360551192122
0.08955125099473299
0.17342045854911348
0.10058327456371048
0.08754734355741349
0.08166052250984004
0.10154390349379712
0.06573509712639043
0.08084957124324149
0.12901771985911017
0.07129005194016745
0.10276104140687202
0.09631225707478343
0.11110461045781861
0.07387149058742154
0.07180414177123971
0.10197052133128406
0.08659249367520121
0.08744593852277138
0.07103994167840445
0.09251698525185481
0.07639324056358278
0.07297935349816659
0.12177909879407722
0.04627808078079673
0.09584343755203666
0.10742239886700757
0.06023756610427322
0.10944403552730057
0.0653762494154085
0.07413676821672528
0.08123381334935716
0.08439226571480057
0.09507403385337293
0.10685703014754026
0.11409550718155688
0.10093795555297205
0.10132802402900115
0.11548140709636752
0.08107537574683028
0.07941408340913393
0.09101292283756272
0.09032005885092309
0.05875300744839547
0.09767344759017432
0.09643531131142019
0.10061723219677364
0.09818973484366084
0.06264290392052833
0.08288100925205542
0.08687263487478016
0.061174747588627815
0.09575006349057145
0.07894596195388877
0.08510933595637041
0.07237744761788376
0.10627318831317988
0.08614792692604417
0.0634297620084488
0.08344921666837156
0.1003845723137654
0.09899303723502545
0.10016810335237969
0.09478922476668744
0.08101011239972605
0.12325178050529724
0.08030085493585136
0.10152987337200177
0.08818351648408858
0.11224466189209382
0.13301522823835513
0.13338193003615892
0.07171715016104727
0.1095111090865933
0.09491148367075922
0.06631124485572058
0.1226862045917404
0.06496087189576884
0.04766051814596942
0.07366285216153418
0.11304877225345591
0.06937340372943718
0.14544886714565575
0.11168206487930614
0.08270415995399048
0.07414983101996918
0.06352200799325604
0.12827923856555296
0.07322187454799743
0.10414409904014231
0.09562291554048229
0.09316620102007014
0.06238743882406517
0.1268508059340359
0.10218985705387255
0.14310470841911466
0.09362998732668755
0.05852134352189132
0.06680154307403943
0.0777922192189882
0.14395628434049917
0.05432860295760221
0.06924031576697201
0.07986439509012111
0.10051552200358575
0.08341767297753384
0.06515499106543979
0.07559426786758168
0.090725001360345
0.08635030719964847
0.09890962757796673
0.10158841026295674
0.09004013177294967
0.0744864525810376
0.10314768893384267
0.05783488316823921
0.10128781428758078
0.08986814790706568
0.10803090721539767
0.06561128287785496
0.09858589571063424
0.10568147249158812
0.09620979944375671
0.08746443789877777
0.09380049997837972
0.11377684536581835
0.08509281407260653
0.09232954020432495
0.06704215348118543
0.133580521768016
0.09178392152886845
0.08745002740361335
0.06859654157466999
0.07734518925517621
0.0828321018119343
0.10142599372029311
0.0837117382076539
0.10323333615143092
0.06997279718539787
0.1271457088704207
0.054775977638528206
0.10780445941382127
0.10357901265709014
0.194985950027694
0.10703384766020077
0.0909796948370515
0.1696035736530519
0.23088454700562833
0.07902163473630627
0.25792797501187126
0.0709935758146383
0.24252303126748964
0.32297381848149287
0.36128083979773284
0.18971948286067664
0.09249781752111431
0.08960335209975133
0.07946240546338865
0.24980852195865533
0.09742859670167851
0.11520211544090234
0.06171073486633874
0.08852431665075275
0.08505211155069764
0.05279013693383189
0.07265407341471147
0.09575395260677
0.08204647626122054
0.06469023831950217
0.19825147205391053
0.13766058737401252
0.15587832534275076
0.04796329531536385
0.0844283011663059
0.07909853600594847
0.09839222237305661
0.07571519096591073
0.09935079798994884
0.10243193568287841
0.11052426129167667
0.07219025141653529
0.0697021945484358
0.09426951462534595
0.03221885530006977
0.06691594296240098
0.12351095642120771
0.04439937212424365
0.10386216168541308
0.07585888449721255
0.07197321899486171
0.05760931064355386
0.12693544429618206
0.05988578184477722
0.07233303428010995
0.0886180274746267
0.1085340509380145
0.0976258080432485
0.07169230301944089
0.10998569167277228
0.0801154639633784
0.06033956992537828
0.10510740884299298
0.1250995001502641
0.10058124950862662
0.08535550997587285
0.08865342836472079
0.07515843642356684
0.09781639061824644
0.08740873863892223
0.07578588717712789
0.06023800061444834
0.0635057769593627
0.046721101108888156
0.08859003628719712
0.06157355359009974
0.061508336990959346
0.08532388677579067
0.057252896899578624
0.08086897507011477
0.06278155852929726
0.048133543380396625
0.21131250228843104
0.07643091698831168
0.08921865173354784
0.0950662917620687
0.2729318476628774
0.09683136148048385
0.07355120852813729
0.06118578224624192
0.11223132370821519
0.07555011197085854
0.08827448145304617
0.08583389222182858
0.10879545286937531
0.04509300580955408
0.05026537701352843
0.11209507066717046
0.062035427069872154
0.06186310387987507
0.08288185543451519
0.0934482738460494
0.08779907874304992
0.09723721482936186
0.07660306599563342
0.0477281097336468
0.050337881019346345
0.13416077916731614
0.06839151777348279
0.1426808598137616
0.09411789471878698
0.27520827862927116
0.10924298006707873
0.07076362818744221
0.12787587730569466
0.11691364719659544
0.08748831856552632
0.23010118972573568
0.08154466532275272
0.05973342008491502
0.07930735551233528
0.26432531977307777
0.09526908496746161
0.08818913214785773
0.26393129698471457
0.0716679322478762
0.07733672039548199
0.08439471892705079
0.10295657436328758
0.10320969675396104
0.09467420906500279
0.048866907455615345
0.04056612078055415
0.10929169377652966
0.09310267421027196
0.2376086166215509
0.07129142307518385
0.08064071987707203
0.10427376519767276
0.10772161240651444
0.08570971495777857
0.15879773927235735
0.09094557074428135
0.16425206618369576
0.103619885897894
0.3445002582879964
0.08039360688004916
0.3570909771330045
0.42171470356091134
0.4343141427341583
0.4930957353170609
0.05108532500953772
0.30050967776173804
0.25002074200808766
0.2648006884035528
0.2817738671235212
0.03081001460356693
0.44319678165977805
0.028988397755234027
0.04025365030983168
0.12190402261638225
0.04540383550417031
0.040358327406921475
0.05465449572068688
0.2774322182348594
0.04097511790126063
0.14358106917893151
0.06559297578416022
0.2768046031955308
0.322457976269653
0.037206064485560984
0.29732383817168456
0.17827710729126317
0.36308324688656257
0.34168973468607655
0.4800537546830425
0.20881891371260267
0.4107152034205204
0.4227619539257552
0.3499593387946435
0.41790663443416565
0.22492950371889375
0.44790243974939276
0.2433184420666219
0.2639582352282168
0.049834150471681035
0.09914558061132124
0.11052490737464266
0.2765420452540624
0.29254207452420095
0.09079743981041881
0.11174314861198086
0.09074530684216027
0.07445670055457293
0.08230458728358808
0.09643130924732554
0.08445920528687259
0.10066273734728427
0.08300492291309648
0.08430422398553229
0.07186880931449602
0.07371847285618875
0.1395232954886582
0.11674563747251927
0.12985757966468653
0.13388263685533153
0.11133568862284425
0.09367131944941412
0.07844244175026875
0.09111517677407782
0.08265107369713562
0.06470065224238086
0.11186757736184612
0.0775182528138115
0.09835480763202752
0.08134159293004975
0.0750307331830862
0.10423914100067372
0.06831902787733929
0.09350931417054385
0.056034713122693494
0.07871051602134335
0.07650081150798177
0.09825168410205777
0.1419784698059839
0.09527625303627184
0.07809765176906429
0.05077382122228931
0.0784590550645684
0.09350908338849281
0.07848520195030077
0.05838146723971197
0.25724385724983634
0.08563318751644586
0.1205900550733456
0.07710530911619494
0.06728076598219095
0.052038662009798245
0.08702901923507737
0.1286618769705378
0.09163704071874033
0.07784798179408992
0.10159537185788742
0.08945639445556462
0.14682577318117587
0.08247481923071585
0.05700416217123929
0.10016354945306788
0.09463235955469602
0.10950969465221749
0.06214205860497508
0.10651159356308455
0.09684356985186623
0.09335446851114042
0.07474317569794843
0.09137931219172378
0.19868507726845105
0.10797337357925627
0.042091895112803195
0.10619738569992454
0.11536688432709946
0.10163394804021837
0.07532174055838381
0.09543877071099477
0.06006192796897008
0.13626251254915248
0.08383894091336738
0.06666932966936101
0.11679190488799149
0.1017473523970516
0.09710025611685746
0.1113108313564327
0.07306235683346604
0.06121955535279621
0.0800105619840773
0.09430948577023872
0.08116409469145713
0.05901094688783842
0.11940308703294873
0.09373442262902501
0.057812712212610556
0.09644104202652123
0.09872106209206682
0.23462225866021116
0.11489221035054162
0.0625389175228964
0.07858411351348815
0.09345385458544692
0.0970488739481697
0.0695118921626782
0.058167922951026255
0.10746875915280271
0.12120633909815633
0.14161004161365065
0.07682027897731618
0.07851097754987309
0.08216507097788561
0.061563595700805045
0.06593027829273188
0.09061097374022956
0.06650437478282313
0.08287399824690705
0.09988622817294375
0.13253842152976458
0.09583036858590507
0.10806832742888103
0.10346307753693997
0.09237139978431014
0.07724965169036024
0.05511112385888223
0.06129857227878408
0.10286599883732371
0.08282510001876725
0.09516334031018181
0.10262680110487096
0.08227683449626409
0.09533408355595667
0.07726075671277478
0.12054010400976549
0.08998082032064914
0.06074828270598005
0.06586987446716719
0.053857971825158515
0.04798601998146259
0.07230357848590459
0.0633012579623254
0.1265234310296328
0.11582928980043576
0.1558093736970151
0.061378669118957875
0.11848286542983892
0.0853975559378769
0.28352982251973863
0.11559755045542565
0.08203157380915489
0.12565882909276424
0.07737804940218636
0.08911803759970606
0.08661667200948131
0.07517887617010197
0.09463231959632677
0.09339732230023173
0.10473042744015254
0.10476472369634603
0.05696414997421104
0.08580534241094978
0.19265674724294507
0.19505263270925652
0.279546896083219
0.0914806229360177
0.0682897554774166
0.29614078306107855
0.1370731481623472
0.2184234385423157
0.1100051994103961
0.20285775818522042
0.052872785012666575
0.2860500751384872
0.23864839648400224
0.10492455097832556
0.2870636479774427
0.2685430011063611
0.0910509612744551
0.047939827945400186
0.0541105121870897
0.2606384625888725
0.15290646482420467
0.07835011230730582
0.28853308424304897
0.19953914174468995
0.0759949453461002
0.07695647430329675
0.0640807895178782
0.3540334020495851
0.08839355979911237
0.24001953405505172
0.27757288418764786
0.29951149635786245
0.044319659354932824
0.261497824198847
0.07656023400166823
0.096334459107397
0.08118489548671493
0.06652379017650185
0.09849728247352606
0.07491314623694866
0.07524222002229704
0.09568888602217818
0.11145470923579553
0.042219654102494175
0.09140892393066968
0.09522103608007522
0.14142334419328925
0.07512636217880317
0.10563301775648438
0.09343121576309911
0.10449503616486949
0.09513971131018663
0.13355600700978357
0.13711983929732563
0.1222781106941234
0.15692549297991576
0.08979651156673593
0.12488447811060151
0.16650285660895506
0.05080843971304293
0.13144206650897342
0.06448453708733076
0.09466037580662956
0.11166881189173299
0.1009624778153344
0.11839696982803223
0.1502481655235395
0.12341376348245817
0.07505904750001494
0.057645547082775916
0.09536439861057189
0.09788741609574743
0.13995687139027685
0.10440146121274234
0.11292302584319971
0.08079169294462756
0.10125802667658805
0.10481758953284315
0.09029011472268353
0.071842019654474
0.07754178685266938
0.11334838150577164
0.08934732609325638
0.1508508720810961
0.10123654667331039
0.14103540685376878
0.13513491499893102
0.14349463284182246
0.0988162486593926
0.10223106673506199
0.08461152551692051
0.18422186896428133
0.1146426783357416
0.09042157583660655
0.09654900338092631
0.0890635182999542
0.09169254588994778
0.08702209429662794
0.1075882707871362
0.093303080429047
0.056802033039533135
0.09348536995642696
0.0621801426116801
0.07263967499822489
0.09566688296487369
0.11501886835407722
0.11598243346363091
0.10174173137424761
0.12059152420866592
0.09845240843169806
0.10457997945034431
0.08962167693005564
0.09529411879237991
0.10810744557701815
0.14635256613149086
0.04923580080488146
0.09370493703923992
0.12199544334671528
0.09935748384645379
0.10227645498345642
0.11701076898516562
0.11482811037702224
0.11372771151617334
0.09455881998193676
0.09755442654990325
0.07934775361621133
0.07929474021016938
0.053445554377065004
0.1377279588611893
0.09691028613049014
0.09573905908385535
0.08900524903299474
0.07907165099273582
0.12501912360647682
0.07128423289491786
0.11798658824666662
0.12358294345366802
0.06182846483489732
0.06335173214331871
0.15175094797745056
0.11573772360206923
0.05237918402896699
0.08398570537420841
0.19261895448904912
0.1024883691592276
0.0974813927758818
0.09961333660870701
0.09268155862910822
0.10076207690664435
0.09826195814953823
0.08483570070270442
0.07307724530118069
0.11106541060357628
0.10636053565898448
0.12309279598689529
0.12156002118945596
0.05560054658832344
0.10255286678829356
0.10268213995628953
0.06492791969483794
0.08565357790165089
0.1129680600524073
0.07532566226814907
0.10816178134387512
0.11415210638466704
0.07415122839519155
0.11926806603275862
0.09452122813073387
0.1155848991182018
0.0765097589959524
0.16343569911270484
0.10789733889148255
0.11882490482024378
0.08286507379176182
0.09593837360027216
0.07730170850424124
0.14633887120420902
0.1214835382007484
0.055792666045526525
0.0996736629542614
0.0842015509147093
0.10695907652679561
0.08932528642665692
0.09389374289202548
0.1382612093558485
0.10721858990352678
0.07597268252996991
0.06040349692551415
0.09657466822434933
0.07371910356111779
0.09530038171919257
0.06964636196649793
0.10756104405375015
0.1084472834136266
0.09213078130561164
0.08416301138674875
0.07986456580950857
0.05952155657832094
0.1032371245287351
0.08552206421338673
0.09852501043148126
0.08303149413088715
0.09121085198596651
0.04341250094032801
0.07164075034960217
0.10137551827991703
0.10078767803302764
0.07822867676660934
0.13577358626719174
0.07111213220103611
0.08242034127373474
0.0635310954039932
0.2959657732285228
0.08289340785596425
0.0816283436468079
0.0847720915817218
0.09089630948589454
0.06559587180388388
0.06188904810121524
0.11686183582667997
0.09084141873620045
0.07863350182535447
0.1007039291175205
0.09399044671238833
0.07834175381837473
0.09298848386660218
0.07727587072852918
0.18018544374027326
0.10640311876759091
0.08989074725030295
0.12527261908419898
0.0906589010080884
0.07836164018597556
0.11399991384972402
0.06476102665759476
0.11036975502567545
0.08797518865814431
0.12851642124422177
0.08143729481780479
0.09696618859204748
0.07667329400265657
0.11084800132477168
0.1017253927656214
0.122067653660274
0.11503544946579203
0.054567684500769154
0.09050394551332372
0.10380218554975874
0.131591344560643
0.06445163201773585
0.09781603880690674
0.10134949968221225
0.0845865738479365
0.13554659211269296
0.09297023183293718
0.09280677047647848
0.08221507425077727
0.08655164380667499
0.08509081586109635
0.06859447917356826
0.1305950129779816
0.10271249377436006
0.10379947227473893
0.07489980546535593
0.10275820740144495
0.10412833079811955
0.09495827120153041
0.05746870802941604
0.07152926122921441
0.08512465982976578
0.08831222047466133
0.07866388148707679
0.1373508120434333
0.1089323704193601
0.07042710553766376
0.10605478343333097
0.10277783386322117
0.058348520014211105
0.06602148749823532
0.10017682902721783
0.10416746522610998
0.06620023458491885
0.07648805855108208
0.08569623209576649
0.1176132515554229
0.15758915544343116
0.10140752386154414
0.06483790379164392
0.10431069170795074
0.1835683406541957
0.06867679731515453
0.11426286900803324
0.037920401349506826
0.12311091946138536
0.12370313412932926
0.10745229995957349
0.09099932319055305
0.062356655439385324
0.09524276884885635
0.08470418604798147
0.10432074969610824
0.0906002012795548
0.09740158841477958
0.07193801280070616
0.09722441379797903
0.09872705414853128
0.10229446560331587
0.1340878789267533
0.07528810234082726
0.0469577532345984
0.08351136286300889
0.09869593209638677
0.0617368778459502
0.09031003163738083
0.09378293329296832
0.08337481537335079
0.06729586797974478
0.06354894857801259
0.07391924393290078
0.1081233252431484
0.08595036643425957
0.09160694392457264
0.09844460605695733
0.29865799026802375
0.287468775945189
0.10997815144529165
0.11865231520363657
0.09730812836637047
0.09454941303737001
0.0850382989783777
0.11647409211226369
0.15397137168118355
0.05454255628505841
0.05221404410443358
0.07735929859544659
0.10599096089723493
0.12459552401799324
0.09118333408279233
0.1533075690707535
0.10679126309464186
0.11348250648127357
0.12991620956670102
0.0855627014977899
0.0767422094859369
0.09645169050912568
0.09714779706820685
0.0958768537615377
0.12952630386864555
0.09347272101864863
0.11802345105502135
0.12975967697874058
0.08379885657787696
0.10769479925318508
0.13129343427051915
0.11201054684844661
0.07034594997494698
0.10661716264227228
0.09302737858634431
0.06947404906029644
0.08333946641960974
0.09172787501400771
0.06097816493095588
0.09300664062527127
0.1243450895295108
0.0697893166740092
0.07865597324079869
0.09372605463061293
0.10578894427066698
0.07445810053327025
0.11501410821761711
0.07071207005757137
0.3107234112383255
0.09213195616708927
0.054008358731419515
0.10803145613915642
0.07327690624784867
0.08227433277881316
0.14134063614163253
0.29321442492937405
0.11536688931344703
0.12961249578097303
0.0971523196534923
0.1173345777529191
0.11696028164072085
0.09921914947161684
0.11357553204238831
0.08172763591853399
0.13692031250487802
0.07259510339198116
0.08642525716062262
0.08339276488903406
0.10856710620707004
0.10065203162264641
0.13433974603056933
0.07881619794080894
0.11285966690959266
0.09714889016388525
0.11671104671357038
0.08715422716111833
0.0973001678651423
0.2572973650595855
0.10829995188490028
0.12434488767636825
0.0857938767010258
0.33087387125360623
0.3348613390595146
0.14942006371202773
0.10810512244310225
0.27234606934681693
0.10163402937639913
0.09923060731492334
0.09049328417016793
0.2409376312142445
0.11031172677772025
0.2429677909545756
0.14737743181996635
0.09592656734578428
0.08969529340202147
0.14623368213049726
0.1356266940766274
0.11123315479949682
0.12426023711530572
0.08465912377617131
0.077344106841286
0.07372986540941603
0.08716883865894931
0.1285979784215413
0.0839747986233626
0.11609299797562454
0.11884984177115097
0.13279982251116162
0.09935723828513968
0.08467192415734494
0.054592157215575
0.10085299996188087
0.11246909102617962
0.10598528889833621
0.10084886211510097
0.09147835259495529
0.06802729086690418
0.08745552504046634
0.10836852533190498
0.1271275884667056
0.11161192324598199
0.09130431034897071
0.07379042928215179
0.11321658514355903
0.09046267512361841
0.12363265741604555
0.0916767339489865
0.07741237160660375
0.07751052956685836
0.10733003034340123
0.09758947196110473
0.08955654292864115
0.08462373110693132
0.08681029626970109
0.10845281971013333
0.1027839420355225
0.09905143815794318
0.11349992522989233
0.10062874440518733
0.07927897137849158
0.09206912740832668
0.09726921317298708
0.10392138915173926
0.09888532825751961
0.08297891613876794
0.34903115375131266
0.109680371606043
0.09436698162917061
0.07151927655805167
0.10925949238178854
0.10841986960481571
0.05557767896646855
0.12087587343198992
0.10906263989215705
0.10766432404296503
0.06430967925604074
0.0720360547168853
0.13248800547108558
0.11428885482511635
0.10497010874393418
0.14254264603918487
0.10690531376580358
0.055407974592901726
0.0645850681901116
0.05765814983772067
0.08945196956535974
0.09977527252620097
0.10273641840262196
0.07939094944731259
0.09966081477765958
0.0729871697667268
0.08590718892517553
0.08025487267464675
0.10111867468125445
0.10837472708897827
0.10711731470140363
0.07811532858282132
0.23932060696943958
0.06378194704372336
0.3447179104754938
0.29912104488712005
0.07133609054783581
0.09756249963769822
0.1038288140699118
0.12956872278970902
0.06857099084653166
0.06734453613563487
0.1043905932629602
0.10957924928972977
0.11019317727401329
0.11241702308370416
0.1098541022515094
0.050875565845852296
0.2600160382507259
0.12112559922341248
0.08195453567902343
0.10263958641791529
0.10188366321889096
0.07273016627377651
0.11251318830439908
0.07211644209774101
0.06963013386337534
0.22212725009247347
0.09797174533626751
0.1382306568014087
0.06423843845309368
0.1116872600069307
0.3032227693699867
0.3785218554011837
0.09556079995345206
0.038153545439024765
0.13521379711969103
0.10319323008127636
0.10088555060259578
0.0939384855058209
0.10521335342908957
0.09775181577523606
0.08893985065675655
0.07525503712136669
0.10207855988316271
0.08413248865274943
0.10370150900559916
0.09189980735617084
0.10245803661053239
0.12286051476372194
0.08881735630243899
0.10657645783350211
0.09751892776804764
0.11884561886090945
0.26712787497746243
0.08220663161442564
0.07837451931417645
0.11410966339443747
0.07544144837695514
0.14042371531793443
0.10473297033047484
0.12413923495221513
0.11060201265162488
0.06957245752815486
0.09845474914604811
0.08221280572891461
0.09639991777711103
0.09499266078182314
0.09142101422214738
0.05934966430915069
0.10901405254992724
0.08999756433161261
0.06943836126694786
0.07792075489170058
0.0903518879766374
0.08589428217781839
0.09049691294689013
0.10030085107382784
0.12166063084552595
0.07324682252354292
0.11784602165101046
0.12251112292743364
0.10161316238148413
0.0894821216096528
0.06770213151131615
0.10200060205969622
0.07098938904681469
0.07048413921934747
0.0604939799447709
0.13972462057771784
0.09459607118500529
0.1081869949360462
0.1374394250863533
0.08804900110383465
0.09498074904159601
0.06217684392628091
0.10336060240666249
0.10867439643698956
0.09746256998931033
0.0725736626124475
0.11470239190509939
0.05633684539951902
0.10047749625297984
0.06281957201824194
0.06891197010748815
0.12977113393292128
0.1234150266097743
0.07039688020327636
0.07085017593395733
0.10484056065322159
0.10123266651379406
0.07792180045677212
0.08429131334050592
0.11144154306055126
0.12244129679537362
0.1301711143628874
0.0877362732291855
0.07657072257913032
0.09138304603027772
0.08283322643687206
0.07695543503602252
0.12306060083658868
0.12554584758568568
0.09846966675157712
0.12116882963189113
0.08322869429366037
0.10919017288975692
0.10918428586511615
0.1273799928516832
0.07667519089574486
0.08615276225836181
0.10598480689610121
0.1225424314044249
0.13078904149103268
0.09548834921460504
0.09820439306616915
0.08299682869124834
0.06640136629416
0.10944137930342546
0.10155987516684407
0.10068322912721311
0.1706400879169911
0.10144890389274283
0.10306136278683212
0.08361504707893051
0.08453402832425692
0.36380631263762336
0.11205744346764046
0.0980785403447895
0.15137293974209465
0.3459329043572423
0.1010893753873139
0.3236014196717999
0.45219467824311205
0.07445384009277335
0.11217549305356395
0.12185108301110541
0.10187599328914783
0.09011458940965794
0.1239057172932237
0.11532071876597073
0.09377542745440633
0.10321762404896544
0.10864363121651283
0.07979160955759722
0.0853934460014173
0.06909850261663908
0.08632743774300822
0.0463333442421008
0.10474240435678252
0.08723517579261043
0.12110791109651252
0.12588563267654296
0.08520294077928192
0.12612583937141036
0.0973531790096645
0.09397972317243437
0.09583032879909484
0.09537594370347227
0.07098173487720198
0.09516520916552842
0.12238058302644904
0.1328754597358785
0.12574496358479345
0.10744708283776545
0.12453263871734281
0.14288486931702174
0.129021384850825
0.12494984324533413
0.08519782050316863
0.10338610910828432
0.09005520085829097
0.08977158613984729
0.09469094469015078
0.07359537694235876
0.1317510644802415
0.1432939793986077
0.09225805299368847
0.10470984645580052
0.09974168867354262
0.06694349678188513
0.10481350029374267
0.10282866470695694
0.08521460864237754
0.13528163447486224
0.08985379356200511
0.10356139597241781
0.11761244514536295
0.15636843691757918
0.10436642711790214
0.07020185559872447
0.0775233033790314
0.09925136581507453
0.0854604625722287
0.10372173548698693
0.11179015288314563
0.12191307463651592
0.12198685095328109
0.11964460667743154
0.09893781946873041
0.11740920872211283
0.09248138991854168
0.1146235251182531
0.1201804287015415
0.09862984622583225
0.1252783082222336
0.0958766875429306
0.10524051067799531
0.09989438019407072
0.10375842620637159
0.15124000832131293
0.08381681338273886
0.08416551194207565
0.06683439463409102
0.07523354223879135
0.12616754469917227
0.10402607221533303
0.06904195726231928
0.1154263892549441
0.14045669334245298
0.06850160543784937
0.08877597954296931
0.14589497193989862
0.10952311674513164
0.088243323171051
0.1194008871158965
0.12959834561298222
0.05797281837539021
0.06915110507174511
0.07266141328907468
0.08664887836957284
0.11149292404705344
0.11439756321212587
0.052190991666398186
0.10617130398466484
0.07884207471370856
0.06322382408327598
0.10681313423947661
0.083714514320167
0.09682207013388476
0.15781550673121944
0.10925436534968659
0.12353974332038539
0.11444181695001632
0.12875374712205254
0.07733479850927821
0.07792373393906189
0.11471266565056731
0.1056876205784671
0.08725114683003037
0.0928314677945068
0.08453572371620544
0.09529151620018925
0.07465004861664931
0.15151672762556137
0.11653886960861473
0.07502204748545505
0.08949303260760699
0.09805671217891854
0.10627614041777608
0.12899463555477741
0.1195930788546312
0.09761864967559847
0.09770690174616739
0.366209492384694
0.07882067121743953
0.1108334666985681
0.15761830678745
0.03994856862493335
0.08614930227947144
0.08931476701128406
0.1011733847537518
0.1469332184792987
0.11986365934399723
0.09121266072703768
0.0974853035112986
0.058296636243138904
0.08295846948421831
0.1387412692938473
0.5443480342187195
0.09344226922758843
0.06427796604931695
0.12208056050920146
0.11049716341209766
0.09358169534998724
0.06479576037080126
0.055338936006231215
0.07205573817408455
0.059021511521087616
0.07751076131121691
0.12289507774231612
0.08967012411583183
0.0804986083200164
0.0988021997657832
0.12734586309986304
0.12515775919751052
0.062362006452361576
0.08733938054368308
0.11124823608457211
0.1107864591158803
0.0755485501186861
0.0997590197845302
0.0718952152081571
0.11607870153441051
0.09217080880740587
0.1469018848448018
0.11757767852340721
0.0787212682117667
0.13981923389125886
0.08435812957177585
0.09853642460000583
0.10733214481777659
0.11611133103015474
0.10959019268519547
0.1235347737318596
0.097000851697229
0.1158253833355587
0.10899514107954772
0.07187610405007452
0.06390406446974031
0.08098451748374909
0.09126393185088541
0.11108616613573931
0.10430940786609755
0.11292323532091623
0.08902662847129894
0.09085591880455593
0.105318404803141
0.11063143336324253
0.12112402625836237
0.10240564124107727
0.10788173637590075
0.08854095095253525
0.08419041706398164
0.10336539451636154
0.12149956363045016
0.07779112644258171
0.10919262690255158
0.08027450329667961
0.10758248296335092
0.11746497133746467
0.1417263723316637
0.12504515221048648
0.07300793420478899
0.11494477643440455
0.13312963506814426
0.13334204865281582
0.07891735618113531
0.10391140987188924
0.08351537576118466
0.17091788523318044
0.10989035749225116
0.134258020126482
0.11147996419827887
0.12789034354282738
0.1063713521468047
0.09461302267260717
0.09163772365939754
0.09658217399731839
0.06739022184780921
0.07561696071828954
0.08168080798780024
0.12622124012124414
0.11779775037224338
0.1231852285545806
0.08709901098909519
0.12208688916336083
0.13669268318911124
0.1054012278297431
0.1142898790804478
0.1000002472765878
0.10235152705138877
0.17076876699496651
0.0902965038072354
0.0885999396641025
0.13878191231381454
0.14024526311291713
0.13936378260471416
0.16179209682226048
0.12413194667421885
0.11161475311671136
0.10739864310664435
0.06451086095351426
0.10175950346709176
0.13324756899215356
0.08842922681314837
0.11349622739858013
0.09574170222403125
0.08409255572214556
0.13937721385511762
0.09191117634667108
0.12850132099397882
0.1007826510699626
0.11776714723206698
0.08057777961490005
0.11703982650414715
0.07263258966383118
0.1036180433571305
0.1105289073247759
0.066395298420707
0.1008191314341496
0.14142935582474822
0.13245194116091993
0.10444675218057638
0.06433830835441252
0.08706454754032387
0.08623913202802473
0.1212251423805829
0.3100699291786266
0.09094157823947337
0.09062909885654499
0.10633843345007327
0.12083069463095716
0.2043136871574432
0.09015075512420465
0.11133731044330286
0.08214350045680802
0.09016411634473344
0.3470127814997655
0.12850322419945673
0.09381541393464476
0.09951000338160289
0.1479518138292697
0.09528866604909407
0.11153748394234203
0.1341612066319548
0.1116886555299806
0.09165227555511327
0.07838359801557658
0.13799395188466976
0.09755829748402214
0.19156391980030493
0.08701090131456903
0.0941473020857922
0.07442772266537032
0.06600209227374226
0.13954728579729944
0.07166174074749389
0.09918804059508068
0.1750064543277014
0.09422933469765306
0.10815367696668379
0.14446710945412208
0.09361784983308888
0.10092962092701747
0.08764007517922552
0.10885546437218074
0.10226517978428754
0.0710223433572031
0.10720189390722955
0.07338611353886047
0.09217839224943478
0.12449134223974676
0.08447666615424372
0.09270285959544364
0.07412760389991362
0.08777858977019033
0.04695128836294654
0.12649828148775993
0.0940209009273327
0.09295639798851521
0.0646507163830055
0.12506358310545418
0.10034973110829319
0.08148302375401892
0.08102240741026442
0.12446541533518425
0.06921567029722056
0.12691315408345652
0.0967763313363801
0.051246459452938084
0.12258394377885914
0.06747835224094605
0.0911865976094885
0.10627461694946647
0.14266343904002937
0.10149055007878736
0.09969939844607352
0.08927319067451445
0.0844706538954349
0.11101965581322783
0.13888857675340935
0.12334935400992102
0.11311964562462978
0.07094395089199532
0.08414072020319
0.0754689208977372
0.11290721667906967
0.09912436954963139
0.0824859086501673
0.067384515484397
0.14530198467971414
0.08378085776806324
0.4330847514173455
0.1161562061615126
0.10226766646149257
0.09075473050041345
0.19748710279796708
0.14366549814943627
0.08277146952640647
0.11007789269224533
0.12112973764957469
0.0798953960844285
0.12567379507605508
0.0880726325416227
0.11670602217858342
0.1256756137917555
0.11527770832806009
0.0930195366168884
0.12221464193083581
0.11522729775038217
0.11240980309210577
0.09852848734471742
0.10701915843966836
0.066196621881844
0.11378779539100993
0.09527817434691721
0.09415895251627156
0.07434194120776307
0.07301642271328848
0.14833918646165362
0.06256743581345857
0.11825071455382936
0.1620832174308026
0.10363158595535114
0.06941652669762353
0.13992714005298656
0.1408247279239461
0.11701447118350072
0.14784489568682224
0.07936156335327997
0.09108602889556826
0.07402795716849624
0.10010958425037247
0.0808097136469614
0.11708886286980966
0.14041385486904703
0.06467561492582512
0.16128353321703762
0.06856458984654733
0.14006522441311614
0.09208101060068057
0.1366811895413483
0.17450986242981312
0.09083272559388667
0.14364105467436072
0.1469893137262618
0.03817265986095613
0.11773704659710593
0.10355403983689546
0.12463216748726941
0.11999958165243042
0.12976425942165187
0.11379543933536342
0.1033899541750089
0.12879187950348622
0.08728806513482146
0.12189771463282277
0.1063412532041152
0.09325377672000153
0.09978196890175661
0.09485154720354068
0.15335079762588819
0.1301153484422411
0.1474456949940576
0.13173441680155043
0.11593142945200552
0.13392864388656803
0.09597716620109156
0.11438140863728079
0.04983449438589762
0.06437553966485567
0.08413075744653246
0.11998524549132976
0.1048985203140643
0.1009650719966606
0.08787479582991993
0.1547438967478881
0.10277090192870403
0.10363838996432183
0.11536457445473365
0.11024027335009479
0.104686035336526
0.0963721204218929
0.15334696432698222
0.10774353958755212
0.11465612941655351
0.12094963264385297
0.1396795931103984
0.08172390718863401
0.07803032200651326
0.08860729719676916
0.08643330775798412
0.08553809573708422
0.10542689678557478
0.07463197014064472
0.09603812256180606
0.10983889349695937
0.1959795138567864
0.10413568106368633
0.08964947104927849
0.09267499630708408
0.10791788077221567
0.10722885136230272
0.12773496317112598
0.09318623793375069
0.15775342477106355
0.1119073621561908
0.11236385780311335
0.1503993927009206
0.05879072037759532
0.09983642526923378
0.1389879016494442
0.0649018481519502
0.14864060049192454
0.09386404839751825
0.05809769795677661
0.11006225307952787
0.1117991524924699
0.08763116695218735
0.12083976583968145
0.05752339550360986
0.060356599884992757
0.11498554969283821
0.10922198996843951
0.10310548917529352
0.12293487104077105
0.14495436584664081
0.19007771215949265
0.1323122827816356
0.1294693210077795
0.13086849639565967
0.11386818247452499
0.10978849418554497
0.06930474167514795
0.11668621442741274
0.08423729089319144
0.10162992690303828
0.0994986608650089
0.10295884989287826
0.08788327270151958
0.09093771501064175
0.11076088118891936
0.15318059528187764
0.13759948833738592
0.09305470459592527
0.12701303313061357
0.09792220677596192
0.12848768204847308
0.09147719036245884
0.14364305784898515
0.10668062254054664
0.10238365032702622
0.06011391756367947
0.1107343303896057
0.13982429538800764
0.11776956291210576
0.14090763820395094
0.060952768573038156
0.06213879520507648
0.08790478713084596
0.16081280764566505
0.1100101488773454
0.10457923897897718
0.09015979070974423
0.09622255256039303
0.11717827342834741
0.09359827665991109
0.09470172514649101
0.08089113130207087
0.0965274098530189
0.09529335523417831
0.08717458749584853
0.13265590787292444
0.1022859731849023
0.09647562735026706
0.09509364445558291
0.08962306638602499
0.08650463799290636
0.11540946250570269
0.10895333524277057
0.08491478889022092
0.1167273571997753
0.09834002440200562
0.1383944193419915
0.12317592923892944
0.12846641466811481
0.13318025300875957
0.08190615952552177
0.10817769662888004
0.10545632583245941
0.1584280673149253
0.11928576788534175
0.11337514145492882
0.1384761949272271
0.0940821535594027
0.18572570463182933
0.14978112525236567
0.10619075918943284
0.12501362134142843
0.11301536798267754
0.10646972031108697
0.11730453655114645
0.10946720618674813
0.09639884413890448
0.07764989146538467
0.10763661325028373
0.07405190220301817
0.11791131977661173
0.149699035229143
0.1255436760378704
0.09944716289377095
0.08924871100119972
0.083747736519477
0.16192400969841478
0.07276557543058328
0.101946817261441
0.13498269975504892
0.11052530673534897
0.11837573875358785
0.10334486796430344
0.07067227354710186
0.09238221005094881
0.1099981855092744
0.0949736497023912
0.10429054710566428
0.11000325382425132
0.1263963681164985
0.09620382601859602
0.13298354992410794
0.08553501549512489
0.060340598288991486
0.16134314937330593
0.11568933405054385
0.10373773484969272
0.11199029466593102
0.12936288907587115
0.10027979523862346
0.07955425068259747
0.11403224461286464
0.05149158028369277
0.20265714598916007
0.20972494993025065
0.36844384115178525
0.5195738750404861
0.07051141559556989
0.0751872344553101
0.08356007959173048
0.4151303469317377
0.09761996523336204
0.12315636545556256
0.10419229077621948
0.4313370592147009
0.05343061928663764
0.10453312628528766
0.062294529723631274
0.5095802139533823
0.0980819291960512
0.1320459339556467
0.13377477660758383
0.08931252669220138
0.09071183277311347
0.1066348928343012
0.07445006112729191
0.13031690831144846
0.17162962761165382
0.1466055613041206
0.11265117870873213
0.07516000725275654
0.13865623711998826
0.1463563435149614
0.0861220823031905
0.1493111790996158
0.09219297207944827
0.10376793766715886
0.16096460821548145
0.09822105424793566
0.13459067820752044
0.0958034571896953
0.12221153626557152
0.09130430524513408
0.0411245966160044
0.12729411209905767
0.08522573102268736
0.06209072574232334
0.11345677962751292
0.060270879044639424
0.07856327374095039
0.0778586102907318
0.12538486894893672
0.10253977311192972
0.12806410696248868
0.11728247059768383
0.10447287104229405
0.07776140869412486
0.10684498025331726
0.0833919840755504
0.12018655122609534
0.07884535777809615
0.5296815677301951
0.5019511813671652
0.40214087983505387
0.748949593962669
0.5157363015875929
0.473403641639176
0.3121601906330792
0.5441546744518483
0.07487135973496424
0.5474841863630272
0.6751950440221384
0.5510909092488991
0.11050608405623354
0.13119972239123132
0.08430104022301213
0.0875044127932476
0.12493522355957767
0.07905440331788144
0.1299942136936217
0.1053548534262568
0.11986713328750417
0.11177658500329732
0.08960493342488417
0.13894064903478823
0.10233716687557005
0.10380272460185727
0.13593420654015087
0.07602173825134155
0.09373522007885784
0.09268816228377987
0.1495401954330665
0.07039404951777631
0.09930263540366292
0.13413536679468582
0.12880551295710146
0.1339094855867568
0.14752257888571674
0.2062900432497035
0.044525163382600756
0.13493022778544062
0.14588091864752575
0.08894705218540769
0.08322313734494743
0.10319987731651686
0.1367693848306068
0.12926196698682843
0.1305464665571084
0.15314627474840212
0.11762643236952608
0.11523774618811121
0.1146165831270815
0.13940736544512128
0.1630822219552741
0.08756339320680617
0.12116079527900567
0.13923597468028956
0.1290037617550239
0.14953900570082457
0.12018726343447401
0.11608382948597999
0.10861388639354197
0.09441621730609484
0.10617746816947944
0.11204010995620377
0.10534691880911269
0.09008526722780702
0.10857439476783004
0.047157993537789794
0.48065123878568045
0.14399305447806457
0.06459622087007678
0.12718831827048688
0.11231143906209519
0.08843080935305594
0.29506799362544783
0.16858208844145145
0.10865930203964956
0.07300329775916545
0.15048616345433644
0.04934555307908574
0.15233888605198348
0.1289075363464578
0.09330385536926525
0.08413763334044311
0.06761014895927221
0.08573305088371075
0.12269174268406866
0.07455889053802571
0.14169058052865033
0.11863431301756501
0.12344263615415588
0.11714835737500194
0.1417849664087532
0.18148597916288217
0.11936377579337959
0.2625224780087025
0.07855316335420416
0.07491611133844174
0.08216342412974674
0.11285807812563914
0.08327119341589333
0.10909964328421316
0.12026380905070123
0.08207578717789908
0.08483990517475316
0.11066091832656659
0.10666036480629447
0.08838986445755542
0.06833905575730193
0.12331911208576951
0.14239381086159802
0.08923275430927362
0.11326431869245733
0.11369886196977647
0.07316721673782867
0.10080799328818889
0.10404018646897376
0.10781878733395553
0.10639202923917697
0.09390669535119059
0.09084044386636486
0.13830541927718515
0.13297994174241057
0.10932053947665156
0.1161047947735354
0.09886001346381991
0.10142987844782937
0.1467854708180763
0.11520424227722983
0.16283425405993374
0.10389725068091317
0.12362819529062866
0.07514080212926713
0.09593203578183747
0.09712343710746246
0.10230526072435583
0.12421106677796168
0.08087565217340648
0.09026815498816794
0.11320417249595993
0.07151049107376395
0.07573225022792554
0.09560667855292986
0.07321038154742696
0.13588039090213552
0.14206685500141789
0.11348147901122664
0.07769376381646911
0.091039570078827
0.08927849956119309
0.10703054434148218
0.09171258035256541
0.0916662693890373
0.12176395341183036
0.12370602207539673
0.10511247738526246
0.12464459343541584
0.10959401947755917
0.08135663587595202
0.22418073050694043
0.536120089379176
0.11253974669406343
0.06355192106375288
0.05033754957563057
0.13091127292490048
0.07912827059668523
0.10321386252105658
0.10458856780241955
0.07061755312560501
0.4417373433941816
0.5216197461547741
0.15462014727556062
0.1028765012846845
0.13410923558374402
0.08758196658644084
0.11365683584876002
0.17553542305492423
0.11200618557674206
0.17301910443013205
0.4754396790929149
0.267661449343532
0.16463798956034753
0.479391585868024
0.06088711653149248
0.20783491207181895
0.334886055111111
0.550057894030913
0.20543868169265841
0.10251379735751794
0.7332760003788895
0.5947005048645374
0.05884736122767848
0.7162628072905024
0.09111294665091214
0.08184269873751548
0.10613827132706209
0.13484376016177824
0.10053661112282913
0.09212123636447585
0.1139804099529494
0.09670361424712992
0.13832362457441863
0.13029728358453946
0.09794568787261404
0.08852252758491644
0.10956700298071237
0.10893591452269925
0.10676009598440891
0.11302981058703662
0.10647468925626027
0.13717549847545024
0.10906783884235544
0.13589539330537084
0.08366588508464091
0.09035600948462884
0.13560021503802505
0.07711390605958898
0.14392661626242534
0.09804171100951796
0.0852091749414832
0.10304531346363112
0.1316613318539522
0.1373641484192282
0.08346903949012505
0.09314999770778082
0.132389748985246
0.06401769870881832
0.1293142210721839
0.13516834762197905
0.1299996784584282
0.12148442343252637
0.12485617467976029
0.14612445625755013
0.09610350654357952
0.0986695067386892
0.0922324245577231
0.07727985754875283
0.08816000518121535
0.11652749213404444
0.10602690835865751
0.11312761527259338
0.09818767657345533
0.08462827160363624
0.16110946299833412
0.0979113494458532
0.0732859743877259
0.12175064807860835
0.101571209131613
0.15476223393868738
0.09718218944101717
0.16639685894353615
0.07706371391117715
0.08687707684759478
0.06297941179824382
0.13864574372903118
0.10352185256360924
0.11869139777175704
0.11335802183207201
0.15283320834073572
0.10681377967616136
0.0671113594531295
0.09827456146707764
0.10498381020638728
0.07442424329951049
0.13495922610518943
0.144057460157016
0.1379243197116191
0.08617629671373578
0.11021064114304789
0.08618497253530423
0.08308052814437045
0.11219827588867685
0.0978478079918176
0.09740176589946223
0.08336008559204115
0.185810754249321
0.0883679187176483
0.08486024607832898
0.09262944294934922
0.6104167960701955
0.12350288953366621
0.14739303857243521
0.11362155292199826
0.1116619806184851
0.6093866611292831
0.07490653051732953
0.10173644275458528
0.22779870198680827
0.5958005997943672
0.738032820049298
0.6023379098864495
0.1403377837357602
0.20338435948085887
0.12298825946902311
0.09742274213728742
0.1227405935434045
0.13180956404331715
0.11521077123164421
0.15488051836368788
0.1122251515865306
0.11412990280043259
0.13592500324620133
0.1276836259203064
0.09486785175099895
0.10436815636332229
0.09977004500355421
0.14320401867692195
0.10957666878788937
0.19043328360043957
0.14804892884953172
0.15220193981986507
0.1695025059530526
0.1320658225871819
0.1036035206783424
0.11483053599545874
0.11110862633752601
0.12266735792275203
0.12696689339783052
0.0777349352420941
0.12092941877580721
0.1438954477684672
0.07554836304142788
0.08868782805404828
0.07536794537792063
0.09759271785043742
0.1453672019429015
0.11436721602184306
0.14656954468917724
0.11803753913555551
0.12077468599657006
0.09563525691059686
0.08559307021088222
0.2008172748240157
0.10157067876974472
0.07442038191638245
0.13262018274773207
0.15335837455683993
0.10670120480431941
0.08496558151689905
0.1695279415134629
0.13226401747852176
0.0892687188753511
0.12741918060625443
0.10133259310885757
0.14376238308742745
0.12202456338713749
0.12214456683915478
0.07582038308904694
0.12465163461075555
0.11437879030856445
0.06522182483222336
0.09965474239931638
0.10809458378503592
0.1069328879953384
0.11280047364671468
0.07863190519787885
0.10269164181559776
0.18876823031089462
0.0829577289332323
0.14224668687830921
0.10635500615380868
0.15436495025002844
0.11594837125170576
0.1527728924596619
0.17200228827676775
0.09422762271906207
0.2130568269118391
0.13605128696012403
0.11181695065993859
0.11634444647669576
0.1336837375369774
0.08873452458424076
0.1546784123951749
0.07659948544399985
0.14048921273175155
0.04445748141063414
0.11875814937478567
0.13518461739792825
0.12787625031140248
0.10865986136638905
0.18417463294363823
0.11359253581049593
0.11880487224974093
0.10189074831451737
0.13567203469580089
0.15759526080773492
0.15730398587782415
0.09628891902542733
0.13917999094460592
0.21406804188420706
0.1489303563820961
0.0965568592492025
0.13145767823262786
0.19406684185782042
0.11200527444611398
0.09648727838557658
0.13443933670132213
0.11652425248435425
0.09686483254275373
0.13859611654157072
0.10296836885530283
0.10115366530172694
0.11171969682859642
0.16467553587818676
0.1046566095233852
0.09205825236437855
0.11177540327534068
0.08558736905410361
0.0719918981094219
0.13104140878277787
0.12200954980403157
0.1244038074332237
0.10189814906253308
0.07963582250024567
0.10492428928411089
0.1354096226063068
0.09760797561395883
0.11603099208618024
0.08421610649647614
0.1233521850331891
0.10621874668506605
0.08433271944932713
0.129860974354929
0.10258257478525823
0.1430784681094588
0.11753412693963801
0.09753294258907706
0.12682858194380153
0.10963408118514327
0.08426279417564062
0.13606956642638174
0.1236244274338486
0.1002881605840577
0.10560692967946106
0.15002943887647816
0.10862827844906792
0.10032220678286873
0.1155033026006423
0.08979046884703921
0.133966253753867
0.15037908197251554
0.10818678340701703
0.06768481248737447
0.12370810511749589
0.1929718100383601
0.1079011162998494
0.08966245531808907
0.10581893045981658
0.1267805802418773
0.08611431027324461
0.07220646923868633
0.13450080128733632
0.12161992383413146
0.08777520427077916
0.0936803116828064
0.16942082054523805
0.14520088987284768
0.09051361240417938
0.1539657962656806
0.09708939379116792
0.140517909956505
0.10464445010688238
0.12965418656876493
0.1239822621809441
0.11662590584136615
0.14266435733666397
0.10990679163737682
0.12427504994058648
0.1304222773100062
0.12791778964186873
0.07921697222505941
0.10120714895024217
0.11225295218174139
0.13540921701454378
0.11086897111492745
0.1139473842155159
0.1162918609176408
0.08215541266189313
0.1327741333478153
0.11335470418328501
0.06045172208090122
0.14710335726918017
0.07230045612974122
0.12739778072251912
0.13757448873805783
0.10027745091892647
0.15724877110129953
0.14150697985658392
0.1706774557609789
0.094784451402244
0.08879640742113803
0.090582930816525
0.09839713519200616
0.12836717089961036
0.04540344316425321
0.14265485794262145
0.10607745252041301
0.05893929556625626
0.15653085646505416
0.09440577971933374
0.11046233265751064
0.17928645204108962
0.0828332701064709
0.10311894167751076
0.13166602513514492
0.11520730481395504
0.11493047881770979
0.18866805678240073
0.11720972036624236
0.14621736446238642
0.17156718103983296
0.12201796418819934
0.12954097856973412
0.1702219301804669
0.10047121721865775
0.16235677080773095
0.10003106603715169
0.15270759169547907
0.08408857271883462
0.14786028693243916
0.09612018416231691
0.14223119214787225
0.15587145452986462
0.12024542201231085
0.06628536743699286
0.12510350945553916
0.10353734861921159
0.12272337219618515
0.13814351178714288
0.7255951603736353
0.8750192075660154
0.9707271706511158
1.0358213138730576
0.8740729920987589
0.9358872044954798
0.8324450497424206
0.7191976667360798
0.49690120030476576
0.03814698719854598
0.031120721358136042
0.718727619415933
0.06988015106703202
0.03326048894805708
0.06715664478394903
0.03793519998498581
0.06879619251162328
0.026393248884779584
0.026523432511993288
0.0365788587403265
0.025552002165869326
0.1359492050153438
0.6408937045934888
0.04697612263351152
0.03960020895058611
0.03583631655283071
0.03173648669398005
0.046640307735184426
0.03521961760412671
0.019929891246179793
0.030870999259670455
0.10233546183414927
0.06773618364410158
0.013254633760969456
0.023519861439916776
0.027326433177125
0.032482701367239936
0.05333560731489544
0.04932932016997724
0.3082829532564725
0.0192701706438745
0.041124243079587786
0.024970828843400142
0.028384569115634615
0.03699430948613571
0.03479776304914628
0.5055493220785794
0.04210957946716875
0.04141651002337157
0.04270013941459719
0.03786779879296988
0.033856770023945174
0.031787323706752406
0.02714381876640954
0.05229863569176831
0.12379620551304693
0.033046334547189034
0.029533597820496263
0.08736037974568016
0.0272805736929274
0.03368226401545314
0.034018172672418
0.017026499009427615
0.026388110905882
0.02840306419320371
0.05149365940854741
0.8329830121605047
0.06236569706498914
0.1428149754515089
0.029866442163632666
0.08211051198225912
0.6526694808698271
0.08077458333654791
0.20024210045001356
0.208094636876064
0.6879786235379204
0.4692937634755671
0.7895847609683312
0.9974806495013334
0.94335054599532
0.8639707290976495
1.0093326054588072
0.9178020654269647
0.9754742326681627
0.6028123120693842
0.46724456425222505
1.0407514304032401
0.9255993251557993
0.1312505784900343
0.07416240173611426
0.09407938024322093
0.14764842887662083
0.061492411910686856
0.12813059586498005
0.12361798470382176
0.14120087126843361
0.11877490650782506
0.06612482098749124
0.09028800350104735
0.06509665694215289
0.13963377360977092
0.12283284723967045
0.14754091988052095
0.12511601182293894
0.12335095293989858
0.12892716491941297
0.08867552589646316
0.18346962926450314
0.15441747865036237
0.15170001531539734
0.1149565591027798
0.06397527687606432
0.10567031071486159
0.11088237523318835
0.1004039768876138
0.13380176123158005
0.21357400148628514
0.11663061572207593
0.12799355728608322
0.11828590051142769
0.12844189174390203
0.10652975693306779
0.1579857734743378
0.18087349528987975
0.12688888293355663
0.08701152834489025
0.050870314868597784
0.09967476807278343
0.12492267028529307
0.13563301701728264
0.08777072090140005
0.1465476244707853
0.1275191979965759
0.14078218284457128
0.11803952224240594
0.1636402733783371
0.08779202383887988
0.08778296726371328
0.11176362367197831
0.12808145803726131
0.19062016072003074
0.11199051394675427
0.1220506976367435
0.14667032316528292
0.13756320983277628
0.08938253465105506
0.09673808207885529
0.1674471179493073
0.11007244053043548
0.14094069567663395
0.12068915289160087
0.1272952082150888
0.11799945969949782
0.07471707587041787
0.13305925448251463
0.1746717704717398
0.10317237628429306
0.138627345873506
0.053062982941081645
0.12336782137416329
0.19938971627047228
0.11232057079531736
0.12729464573776533
0.13488565414756665
0.16612321245312045
0.14064787166341394
0.17502088676895894
0.18256849913021989
0.08539879082751932
0.13003659637995343
0.12506812804504824
0.19471691040340672
0.09802261871525605
0.13565015983164083
0.11107525838334842
0.08519972428547627
0.09756777891545179
0.11195248729830945
0.10686989031002964
0.15770754733128167
0.12821728418423553
0.13395864799330343
0.17698418106847694
0.13668911229469263
0.1722274213903276
0.07983835361818194
0.11282401184356551
0.11279659167425184
0.0991431264396635
0.10694943279650318
0.12111625232469604
0.1459162526802443
0.13907238927430504
0.08423192421819357
0.0613166970291549
0.11675430691600804
0.16909092211494536
0.14776505658432343
0.08357075055597289
0.1324200228072583
0.13544626747088348
0.1734368198450557
0.1443740634955788
0.1382809013696741
0.14163839483253485
0.11624445192548039
0.1369421296758133
0.10603738714580407
0.10033941284913073
0.08454636497851803
0.09297278080579298
0.14130625335779878
0.12914341751474764
0.07625409614005224
0.1614732204817288
0.07925663004237878
0.0806650841094992
0.1101322004573158
0.13649118601789792
0.12341534165868195
0.14948496920622478
0.13221657946719928
0.12925241988382313
0.13281840666258543
0.08838887102881766
0.06034378720745841
0.14539413287456784
0.12550398631750234
0.07168743277213667
0.1570110832120117
0.1253857810056042
0.10901960421614008
0.0724599384167611
0.11928976051697178
0.1217454426703255
0.09373964930887431
0.12454101835240135
0.16540400520964385
0.12889426403623994
0.10616396430779361
0.09938758243308823
0.13068133426746117
0.14904025950393313
0.13482696930923732
0.10784255403788924
0.08538673216715167
0.09541933188436884
0.16647824439017195
0.11006968959137084
0.1383021037699544
0.09540171349377109
0.09705991159123892
0.08458922009107922
0.18456291971924424
0.09289957967138975
0.09070574862124559
0.10110587870977675
0.14354029168939772
0.11176923346921017
0.1435078192260021
0.08154742239057912
0.16151107321194894
0.1022661673484296
0.13739163007911734
0.15051918470949022
0.13211392346504444
0.10911359944439793
0.1204940038861617
0.16263476058527987
0.154086644539296
0.12311727939990301
0.14273338550485673
0.1471538733422275
0.12224663655083787
0.11803580777744586
0.11536790229886212
0.06947023459345951
0.07360626638600222
0.19041786060511287
0.10757787842129303
0.6761069594797872
0.12693364111893163
0.07895545465990729
0.7400435832194757
0.130204181898522
0.12180156583692477
0.15088295911106409
0.10844165267942987
0.11647401514043686
0.10422138752775253
0.09963285440977525
0.14148938443307593
0.09733188544281991
0.1355093052511651
0.15967387777412906
0.1370328514435667
0.12690150967879948
0.06469557301260521
0.13381331438539165
0.21576031223381856
0.09557539898568858
0.1024588098941549
0.13731566027758393
0.17316198996405485
0.12383841116622689
0.10526583781126628
0.13899023410751293
0.10078034093428224
0.11570505092752546
0.13401830032567433
0.11660244967692583
0.19852629549499481
0.13511357196348442
0.11196597023248726
0.10975136102442148
0.19056500651468164
0.11141405974589498
0.13683761894277224
0.15011837060796615
0.11091903790261141
0.17601952635484333
0.09233772372390588
0.10378493986608242
0.08541285352515487
0.12627352519096707
0.12403433651834794
0.14819260509466795
0.15191582510108084
0.11029512926687662
0.1335164058557305
0.14596134809519445
0.12112354184177165
0.11310447871690714
0.10706439821039489
0.10125088290499762
0.09953254762203158
0.1211216045533882
0.0965718440718523
0.10934208736964676
0.09016622708023199
0.12548915653984147
0.15925476470073816
0.15323641096315962
0.13771951154210924
0.1311049727656336
0.09991560026697022
0.1604145759621699
0.1364513888527631
0.14707808534415523
0.15668881236748333
0.10360856384905905
0.1350492545172479
0.13258589953923616
0.11886022869146237
0.15800120628987538
0.1595485998751746
0.13866369811771545
0.15372797771786592
0.19589632821719372
0.09065725996616036
0.12372258814151718
0.1359247836433669
0.13710489448137558
0.09394127438506883
0.09248272968414063
0.15420078004955104
0.11519202736520656
0.11329568063389732
0.19766989012127417
0.09951763178240239
0.11045579732447418
0.11735121111349832
0.21685420319603094
0.09061616923125006
0.1535086278331208
0.16797865358310946
0.1115945284104024
0.20916566615448878
0.13619814913743078
0.10678948367337114
0.16154825495387612
0.12932943581445627
0.08270830921345368
0.13673613400537338
0.1812654291673779
0.0804917276715466
0.1459362627264142
0.11690846021693853
0.0945456280891875
0.10984766698099739
0.14644806500146082
0.1250237651322053
0.11703429372212136
0.15425127746578288
0.14362324079362207
0.07010804849141816
0.07691231946356018
0.1260254046763171
0.15220811757356306
0.12474927338573456
0.16013677534388426
0.1451254238885374
0.12639134360031637
0.07975421399966885
0.11025918182472667
0.11780893790316366
0.16263214963823386
0.11148374519364096
0.11142110422802518
0.119432734513783
0.17329786938275143
0.12582389578443814
0.08824664553287394
0.15117667330601867
0.16454875245687295
0.11761370804641098
0.1115660896472407
0.0919924410905316
0.07792546197041962
0.11362945093397579
0.11113520173601159
0.09125495157324082
0.10482306010876481
0.10070933008632198
0.13138915191039338
0.06752116014575153
0.1119222240571229
0.13027029605698717
0.0982207966776271
0.15114961110951028
0.1264508464132973
0.13541989566412946
0.10799607277487856
0.05775712831493192
0.1109107477031583
0.12273301116732956
0.11058154646645961
0.0810449190463781
0.10505779597419393
0.15030465781159805
0.1254829877093739
0.1502511204780619
0.14838504749472325
0.17180438952676388
0.15425899606351592
0.0918777408464986
0.11926875839065336
0.15642689588709313
0.1700249631774327
0.1245437543576484
0.0830957946633888
0.20229698563944395
0.11993745869605543
0.13721887081179682
0.1399112120422454
0.12749790206807274
0.15362662235067556
0.14110619015225237
0.08360794919153185
0.08503819537539332
0.1510257547124159
0.1391344555149779
0.11050843760789242
0.16942208698225494
0.12300766423680239
0.0953673503778048
0.10061194677875464
0.08339816128594803
0.21535239428135863
0.10490819759750658
0.09191092501455546
0.13107511006703593
0.16901211655253198
0.10718928150327715
0.13730264777681678
0.11079370639516693
0.08234505071500059
0.14326881256401436
0.14892238313080403
0.08749354011943009
0.14834840652885967
0.11488351031715134
0.16204736001727982
0.22061915906723142
0.10435795956246086
0.0977033681647036
0.15166663607786543
0.13344731046008032
0.06984994348707844
0.1875897978080135
0.07595004501471218
0.14912723606717346
0.1137238465243006
0.14785802122720812
0.1743787052711449
0.09442763750107097
0.16417870315770283
0.12504914695419525
0.16455850191439408
0.10396880648618888
0.1521940421190677
0.16344293310228472
0.1187750749985212
0.0927282017358395
0.15133915538967715
0.10477071108624371
0.12417884637792803
0.16659148989447187
0.08733670645598607
0.10932372673033482
0.16632188933534275
0.11218532596420759
0.14228789642077905
0.16987822350294882
0.16123941381651702
0.11818468426496746
0.1285945367106644
0.12750425036213853
0.1569689821305794
0.14818840301056363
0.06956299943730851
0.1414849526878729
0.1541995011528336
0.12392171542630163
0.07186235148821925
0.10985852326397502
0.18043624333560362
0.13847734217591157
0.10458872978559772
0.12857538875229987
0.0916223156709236
0.09931264715049669
0.143857199662188
0.17214260882165897
0.16447125423109504
0.12350377384285567
0.1142639626971173
0.11268447050246057
0.1343339915240482
0.200788301840142
0.14229499569818757
0.10870577853540453
0.07647522308161539
0.14410116492283603
0.12715807506438132
0.2561378938631798
0.5310893671021181
0.6358826918491778
0.8311729819014525
0.3799692976451196
1.20431703139504
0.5426965066983184
0.1823780479023453
0.3208314855169099
0.15821761323694053
0.35976761234581167
0.08883653245526005
0.08965511997198745
0.19982531009895974
0.16129300450980924
0.14127619654128223
0.09701059752523901
0.11897501022397931
0.1337170606437683
0.12816996115914023
0.11569598127643563
0.12182848003975433
0.10743855638265827
0.1519392359947037
0.11211073145902418
0.13161273758577932
0.10039343683790528
0.14064331789271656
0.07884721284964301
0.17690360947538147
0.12241228540391957
0.14869045068937695
0.12988420894926872
0.08312096678511668
0.11574910952158544
0.16889345233441794
0.1325172042760985
0.13712445153667038
0.15385097065573847
0.14928575747029824
0.09479648559472033
0.18325758549345067
0.08374111526577205
0.11412876970226242
0.1257234650015399
0.16828330119389992
0.18525032931274263
0.10113444583100144
0.11476211273804264
0.18249615006747164
0.15725643061151667
0.1727132011755767
0.1503847722746094
0.14111776199478918
0.19929748719821969
0.10781729863994367
0.12416814234723073
0.10680469505794403
0.1360075777037997
0.13700917094958806
0.12258570645596195
0.08190347651040734
0.19516214275188307
0.18608499441751455
0.15122744438986857
0.13057282277472407
0.12051074309386361
0.05318183015735408
0.17936307650421998
0.10082646587493066
0.16232941017110214
0.09833113459064573
0.16883767185146548
0.15017541561586273
0.1052145098558034
0.20536143207439944
0.1594129304592439
0.06184867256248239
0.10184488878948186
0.14937652644296048
0.0950967145248096
0.15295185925867824
0.15820891731464748
0.1163084768264753
0.1493128527534162
0.13081773487161
0.11734097441778674
0.12738117454052328
0.1255550544686833
0.09463156575679911
0.10880511689294332
0.1289433293317527
0.1188948496586703
0.1471220227009677
0.1504805549991188
0.14777566122145042
0.08134836055250738
0.15881506713795981
0.12626101378134233
0.13326632942935865
0.05771086982608573
0.14356861134713222
0.09076320353921806
0.12121587268704431
0.11779021050045803
0.0853532657333996
0.09678536897034122
0.18467872647472236
0.10637096816545831
0.13711706274833219
0.119712713446117
0.22544330792900313
0.1683323820044483
0.09271707567604504
0.12434188185729758
0.07814230318188212
0.09808952894041965
0.07953553733049566
0.20535605885154617
0.14122401541325677
0.0937800591245682
0.10690358395173782
0.10613678025332325
0.11153387085752164
0.0914999493639234
0.13801186196475745
0.17537022894630008
0.11807112982318659
0.09998784099975903
0.22200876752447732
0.11600571533232469
0.11499125566759442
0.5124039581976157
0.19968614454918154
0.1500866600509692
0.10723562314822505
0.09503499158540007
0.12432368717469018
0.1201224292611229
0.1437222860453146
0.1360497053446558
0.17119964812035024
0.18074251448893278
0.08996800410898667
0.15432961831156222
0.1296925938789119
0.14362001088246307
0.164258327304654
0.09400190545653364
0.06776559551483335
0.14646697711459533
0.061560936880638156
0.18160602649128507
0.11743599894023947
0.11936492930950642
0.178984955716077
0.15342172755576824
0.13419951478136047
0.11084778210394655
0.15758030717813204
0.08473652337433098
0.1507358987202466
0.15754230577088607
0.2033536407301867
0.15522023779628566
0.1934927254358751
0.18313970143551855
0.12280679734531828
0.11547316667244283
0.17396498824849485
0.12404501626673273
0.09803967811099268
0.18370784298553583
0.1383398528574243
0.1593687986098932
0.11021645444279274
0.16786215731441106
0.12470898846126365
0.1559185799772675
0.09987148172514869
0.10205898473506879
0.18171522173159188
0.11342941375630301
0.12519251074814164
0.1455161518471046
0.21999585091877694
0.13895579385165957
0.1914073426649562
0.11718996385219177
0.1755608166337529
0.11466298599795162
0.12257130129352471
0.11245763028929844
0.15100482316505892
0.1405326447431227
0.11688260381632896
0.09578832059322094
0.13808229616634263
0.17178752975072606
0.1226250782332323
0.2094300632312663
0.23930465896409336
0.10858375251660557
0.1478297560709043
0.11164080495775602
0.11145991833192723
0.076455799270238
0.12608457541265822
0.13373248834783763
0.43112726608981067
0.07371207336850169
0.14474800510433794
0.12590495858970885
0.10800979645365588
0.1723536941583205
0.18293825459510077
1.180445618496376
1.453372730011492
1.3102045955474644
1.1153041583079095
0.9390474819572079
0.04245842971345631
0.04904588720590565
0.06271626282516915
0.03332279666686134
0.05683791386350365
1.1306594197718767
0.03811883180670075
0.08378650997555231
0.612441269803253
0.7177937017984584
0.02671476381527399
0.03422115607036395
0.035327875689651476
0.02136815671648748
0.03065454967589344
0.019833909402146292
0.02838109885244838
0.03347060087311498
0.04001116363777626
0.02094028149777109
0.029195995814512057
0.019845570279470166
0.018550285906270777
0.02921074615315893
0.03349252238267913
0.01924140353712925
0.030248943625995273
0.03364619653687421
0.03050442309564766
0.02456161117121587
0.026742952460986378
0.032284381307530224
0.025979486458002795
0.027991553497612457
0.043370234280053786
0.031243775443514536
0.021906449745826537
0.024893019170092453
0.024378830516381855
0.0365163668544267
0.024463481351744473
0.017488880715302753
0.0311069987727302
0.02994554195708659
0.020349734641483232
0.025894418087609592
0.03579838701633124
0.03124982336476111
0.025353897927252133
0.034526836583766485
0.0220279510166803
0.055101381042595245
0.028623304735538025
0.028368735683124778
0.018053308389530627
0.012856352055339769
0.027602043102563582
0.024586568541869608
0.020821258210090652
0.034080896260316663
0.033269921422614146
0.01941919381449616
0.026228324997890098
0.026169817230754094
0.028459843734999525
0.022721836675718095
0.02643873678387456
0.039886671670187494
0.022185643486333527
0.023822647687293655
0.02514796942851832
0.03549312880301171
0.031353406424457754
0.04175817519414925
0.028354281155275163
0.025081365764801373
0.030745353720993334
0.025867304947549897
0.025528808185294
0.02333558528984496
0.04001371335916308
0.031480064167810226
0.03951659950096525
0.023051587318258317
0.02201911884712435
0.026037116197705695
0.022445057186788988
0.03302308783361633
0.028172175214068486
0.030589200924468436
0.02808425503234469
0.03899400221421164
0.015877008506400503
0.6490714129475111
0.022306983224446544
0.023258597199934523
0.026807653978133835
0.01892903024955074
0.026564804996885235
0.0282183653938253
0.022816884137872934
0.02859647092134477
0.03128456081175049
0.01845315829081981
0.02872675960680576
0.03152467910890837
0.038377448292483456
0.03654854279974175
0.035096782109048534
0.04696244678393505
0.019856618732037874
0.025137933902108316
0.02539091682924384
0.030870679062725555
0.02851556556956703
0.027543575316547764
0.03239251826559762
0.01795804253207342
0.03148298695125016
0.027097046607132993
0.020191028477251932
0.03168526670278265
0.030111027584821752
0.030520635845637502
0.026826837581608
0.03413961345659895
0.02476618007684814
0.04073425478785169
0.031036612353005
0.025849139006594853
0.01462917222156908
0.023667070064620762
0.019078926809466473
0.03001160755672288
0.026823588449343492
0.021073293640198505
0.03501373821665715
0.016664863589746857
0.02760706517410434
0.03349877268351446
0.023664114694647447
0.03022256908776393
0.021121961355148856
0.024805507130536513
0.029234423252296467
0.02171034293784464
0.02205465407939891
0.01765153066871051
0.03199218240214407
0.026802801616514254
0.027388143952307188
0.025319542386496304
0.019684759427813062
0.021907093329218395
0.03242217112678422
0.028015393717640995
0.038567579449636805
0.026445185230838563
0.02106583127044729
0.020043900554156172
0.029672413894739468
0.03094313685191648
0.029496482932694922
0.044822672400261346
0.06352974344975942
0.024687843402230594
0.031594760218675674
0.04830426596430774
0.028693782313440077
0.014839648382927544
0.03497111039825713
0.04011043309883463
0.044305663315987946
0.0507416397509352
0.019742990325166337
0.03839263058387621
0.07060013735884421
0.016879182980231455
0.03260237866645529
0.020195045818419577
0.029396370205137145
0.021988736112622132
0.028731869477062633
0.023349671400148972
0.028648754436899345
0.04090545204339909
0.019841732951075764
0.03586564094491933
0.018711117717611588
0.022549306996445934
0.036537108095564465
0.030928942517792792
0.022016564295238766
0.025102023063804633
0.028318754098138995
0.04392513935862459
0.02484450308629525
0.024282145499743616
0.03811273759425095
0.023754512506561024
0.02423784465211262
0.03851837414150152
0.02988675016803865
0.013665674762882465
0.0177192031184976
0.024588766656553934
0.02319004945989061
0.034204257288195365
0.028488632909326003
0.03716276925084984
0.01835478173431565
0.026694878929494004
0.016425238678870017
0.024114469332602927
0.030533826457979023
0.030972892043301958
0.04115005916757309
0.02007007522966711
0.03598215715448235
0.025483759386481657
0.032912115087983
0.8532345564346655
0.033838036243197846
0.026296920512854986
0.02690813370915819
0.02036594893767791
0.0317058149075307
0.033354041826575635
0.02626615789556395
0.03507547973584317
0.02667283009476104
0.8764582286008185
0.028029598083196692
0.018235571743454256
0.01640112954129551
0.021250462374469602
0.0546449324025954
0.016470814904894226
0.0310415380859828
0.030062985090738223
0.030730914271066695
0.024226256636273077
0.03417891242330606
0.021485611230755805
0.09531089337014298
0.04004694653853976
0.021908217051749695
0.024582768690431613
0.023418931037927335
0.03280058163436803
0.046731995958342
0.026400440911765098
0.026760671692786203
0.04184367367716165
0.02142143895983669
0.031940135363710105
0.03254127243222443
0.035149623430428115
0.02639840153648984
0.0406270517904665
0.023398805006243553
0.03143833554937265
0.021849912073019725
0.02804220229376701
0.034663378268571764
0.014292131910480966
0.019197190444729034
0.024993476788713734
0.0576993961221516
0.027617265784816044
0.02748633376519353
0.03679549830586514
0.02294603195909979
0.028482145777020136
0.025003006738347777
0.03730708078143543
0.030362491764430687
0.026574165316669954
0.025922608593400863
0.03831522157279079
0.03974688320932304
0.02311829859497865
0.016412075799654376
0.024701092660536116
0.03139166508159449
0.029115277610953574
0.03795401445655867
0.041664163158602184
0.028278117030382098
0.02209243265880774
0.08888198069941448
0.02835809680950171
0.04099484126266652
0.02660545347904796
0.03612460278682367
0.027789485670168142
0.031055781688424367
0.08120723233156914
0.030608948572844775
0.02387721785446964
0.023852653809495944
0.05103087744786746
0.036133701427181086
0.039923829270724305
0.024672629298662267
0.03074906839853522
0.029305786371269692
0.025326469240839606
0.038787686196989225
0.04280820898466165
0.032469382147866516
0.03614528719225422
0.03218479923865352
0.03000972578939932
0.02146961091610101
0.024476998833295266
0.04057728676030071
0.017914605988714964
0.03247189206795892
0.022610469146396733
0.04250498179760607
0.041155558368094494
0.015673797493217387
0.025449018022959218
0.026088516216159555
0.021675407766925895
0.01406032111765844
0.04490887994231371
0.8786484264205826
0.03309397417821361
0.9235883389360195
0.020948508495776674
0.8462357391741782
0.030464349442401117
0.03182075974637263
0.04326054199802839
0.026947205044267182
0.041734696696589677
0.05772442275096238
0.9536281025033012
0.03595695019809998
0.029826431704121803
0.9245822099889613
0.025239015135307918
0.03563623353359838
0.050437861278553014
0.033662757199272926
0.032858064413351235
0.032725229971393925
0.8710744462206086
0.03552017425607191
0.8749287245464921
0.10580288659563496
0.8822418185622326
0.03156815992686967
0.04005158062814714
0.0193758834877225
0.03191466238395297
0.03886456595934197
0.09718714735660211
0.03000167471445712
0.14042767561289546
0.023435762982536513
0.027583133600511657
0.03468671756490061
0.0235465497927657
0.030349970432456054
0.022735562630757062
0.035208478857771494
0.03993865648033245
0.015361218003794936
0.8006252422375245
0.03406043619183689
0.062070268278564066
0.02616842250297087
0.03164881463413689
0.3263329714562025
0.03491695468883215
0.2169208869566026
0.8870741222144242
0.033698117297670145
0.02516562036311031
0.6970065043436359
0.7052619965702677
0.6740927208617219
1.3252877924661999
1.1037257291046334
0.12785787603132892
0.161389093632492
0.20125992177093344
0.191239328860445
0.15249108593383967
0.1187842284572096
0.14455079909942462
0.11833616266660059
0.12295521147963434
0.12133468533954132
0.17348328141234212
0.1534666771352732
0.1413771294971921
0.18848616530117426
0.14568755801466984
0.14980682762883774
0.17457755073233425
0.15972955276760203
0.11774250146346657
0.13279784646173218
0.13998109602151354
0.14095366420258496
0.18323232148925553
0.09955800800039
0.18864576565929184
0.12227270456589344
0.2213192439974157
0.1202373335102031
0.14477909901519193
0.15833019721922895
0.16698440000807382
0.14453659205283206
0.16035042703521363
0.14269856069924522
0.14867228489150708
0.13333911580027025
0.1082221484930943
0.1281980335636488
0.15345290686424243
0.0733939047768497
0.15147512112489503
0.08743037638265592
0.12084793192912442
0.19099644080102027
0.08934585975483236
0.16645963684011605
0.1570225933834813
0.13369915490045803
0.16474874446757573
0.10839198863615987
0.15283734964024143
0.12265858692990178
0.14563153341856916
0.1415344341357379
0.1627254274229582
0.11874396737556348
0.18687318894230123
0.15960533711247
0.12396845132029842
0.09624036081423173
0.08646865103638773
0.129138896206688
0.14737317723458174
0.13431262465724883
0.15469068314354673
0.15851153770332882
0.09262153185526659
0.15465417870872744
0.10341755482092514
0.08736765686251369
0.1902775820794013
0.11101116564214737
0.14104928303071448
0.19769110059999714
0.14277447784462383
0.15066575378529118
0.13581098338817096
0.08835009295386288
0.1982764737582036
0.16523147328957064
0.13245877478469278
0.18737878025312968
0.13485227343156533
0.20372414717789084
0.11929007848539494
0.15888199510799886
0.1374130890590158
0.10501307638430454
0.1221932868865346
0.18686469502810815
0.15277148208309527
0.17986576895966472
0.1953682871217586
0.0715932169091537
0.15829102015455856
0.11675045047685147
0.11800153372632209
0.09557132304862358
0.1876048255123224
0.15309828571645662
0.1639807276859405
0.08630689162838676
0.1621017294385754
0.13587840858709954
0.1646046062673742
0.1660201206830021
0.12403844536402056
0.09847734868929091
0.16582861603459823
0.1212922757101022
0.19260539194081722
0.168805180638812
0.1526004837405165
0.09269286927414531
0.1743454118774104
0.17068707305350003
0.11762300869179089
0.16290741513186854
0.11504392981962201
0.14922261436059323
0.20602610823566025
0.1642137903124363
0.15482453547449368
0.24955525732591452
0.13189142072788693
0.08646919736419972
0.16610620674916227
0.2113041461149916
0.08034877476585914
0.06844295946375789
0.10939321505520894
0.1027126643677365
0.16896574835616165
0.19732421300204356
0.1405704368580498
0.16206739799674968
0.16803448588486256
0.07862240505157339
0.1680683872316767
0.21632866528822836
0.19387574364652171
0.1738731481235633
0.13418384001244607
0.1599100386480644
0.1131946373564346
0.11093723179868749
0.18698182814595063
0.08558255996627925
0.08524446953925793
0.11722115000446826
0.09589533378622138
0.16914213086143934
0.09417974009172428
0.10206563429270059
0.08988705993736656
0.1614336695299724
0.1289787461233764
0.18913382721385838
0.1407258709462484
0.15534162087219236
0.11632220517959746
0.11667760793514066
0.14966708891566294
0.14794618870500706
0.13063684682096166
0.16322914064654673
0.13391667707491206
0.19643932938285205
0.08749664724917217
0.1219590674207715
0.12398939197887568
0.09334359340091081
0.11537250211551794
0.14322029821122992
0.1641904041358073
0.08779940641050936
0.17812674564514208
0.11441479465032997
0.12070066171458949
0.16659701287295026
0.14319111796867395
0.12755734924480028
0.11668552210768798
0.11210333400656017
0.10954124502850487
0.09167732879088347
0.11183739635681417
0.13229311300005983
0.14759763561979541
0.06849482826915698
0.1351095518030216
0.14289480968952087
0.14453809909637882
0.11250718370434376
0.12143378978820754
0.11353688731159652
0.09779163110486994
0.0954506250692859
0.1597861613291336
0.14296454420139837
0.15150361542813867
0.1399376157614484
0.07347900953419824
0.11203427995292588
0.13173732197240368
0.09422332605687476
0.10236238003181222
0.1005354065679806
0.06639581951848986
0.11440818104351824
0.18404777446657525
0.11905551080511056
0.11156008739049413
0.19495439265308703
0.17456408093781625
0.1108052178780005
0.1564968212790039
0.08881951403121117
0.17324931899833632
0.15606094529537184
0.16850381451909555
0.18804272036491135
0.13667918754089867
0.11801288351536772
0.06014085467142073
0.12137209484245876
0.17140713269850485
0.15728531554122294
0.17153479640037764
0.20305179744334478
0.12482416423767531
0.17597961603887877
0.11022381222011224
0.16804651933876166
0.17541017878199566
0.12347721676748229
0.1314427122958807
0.17575495749341785
0.15138491506248947
0.15629931172850792
0.1595995986447363
0.15336323586433562
0.15319407104545812
0.16751454001749505
0.11137107271168065
0.14856183433564824
0.1131550974010663
0.13931868868477565
0.0825990862245858
0.09050167846691502
0.12806276494082292
0.1515464229871464
0.8571486147677841
0.16003597907909328
0.12932363467689423
0.10470242231125819
0.15508293951138616
0.10352397488274674
0.10238613785869378
0.1960416493334051
0.10475179898036567
0.14091065183105705
0.10082619126087267
0.14198486229647625
0.08594643564578375
0.10519378801781758
0.13984284803785854
0.13626416125404014
0.10592051995069741
0.1543250133230286
0.1629839336134212
0.12917791329535486
0.09347399362800787
0.13876985250180324
0.09569452900043288
0.09591220963063307
0.0840958292660701
0.1228728499801372
0.17215503804845525
0.13905372907451785
0.09917650466604969
0.1553852247850642
0.12739950689337268
0.16710977805838959
0.0902440027880386
0.1506208253521622
0.1281166593266184
0.062274920945458126
0.1078564287593365
0.12611238044613743
0.19372812135377357
0.1025541452724177
0.17126107118384637
0.08808084357148874
0.17404344000285757
0.12483395650978557
0.14991131876781136
0.1599395749475958
0.1817264536558006
0.12653834447099482
0.20371829669357638
0.09184216599080909
0.12656178462148598
0.11602280942301652
0.15683050018747746
0.1239313483669267
0.13039716008348073
0.12965645375622628
0.14287666168216467
0.0984870371971595
0.1129225499224079
0.10789405687841219
0.09936589394820225
0.07481945867264181
0.15183839701342203
0.16745622018034068
0.1820668699438486
0.11606235682424357
0.1395711322916691
0.14288899520302947
0.17759533623702128
0.08857872863818994
0.16733027647078833
0.07083671024897087
0.12096300700296019
0.14371135678083236
0.1576408211575508
0.15392305566997697
0.16061795734627804
0.12089121243364469
0.1258334222357776
0.1103655979814548
0.13894987884843873
0.10587749523463216
0.12454526867519071
0.09559721204577618
0.3690464091647464
0.15339587763188084
0.38909014997400354
0.894537229576639
1.1914138510740369
1.138137036839886
1.4088030027126697
0.9010907528752328
0.049065840007613895
1.1067595008456368
1.0530640364969293
0.041270901191633104
0.8703416850820175
1.1630133927240227
0.3294306682400891
0.0713422682754477
1.031257444988917
1.0437940259409892
1.1746665832146435
1.0550711287845849
1.4397097973837705
1.104052932445565
0.2972479084324363
0.20664037004755487
0.3342894271047003
0.13089540458089757
0.11443765750857414
0.11615720246201744
0.15490688445490453
0.14182279085573943
0.17480888678050785
0.1606869439143217
0.19159554850434327
0.08507210517408965
0.13560610278657984
0.1270433487285596
0.210087490676416
0.16584426082750237
0.11486145176819297
0.14888352908308394
0.1232958050593109
0.10775096203825818
0.0924156662337079
0.09151917144579984
0.10175575675131612
0.20259083033418174
0.11757555671582673
0.09543410274501656
0.15682467542104028
0.22415314257946295
0.13274514966622283
0.18423966834211222
0.1544709231021106
0.19376038801511383
0.13292564723514952
0.201599129930442
0.048387699533548115
0.190981676926017
0.17593054084628312
0.1213590285067824
0.1581547428443892
0.07075930057988006
0.11103262593891448
0.1434560560733773
0.07655456355825431
0.09527907374645707
0.13586916468636193
0.11679332226496303
0.11179088760777621
0.13105770094154093
0.19942066665244867
0.16366251203220655
0.17835801041628216
0.12441038192181718
0.20180309079717063
0.1393913262847462
0.20986756296710538
0.1905599555005111
0.18807096145027757
0.11409534105852279
0.14320290516302805
0.07120976103627265
0.1656878914855808
0.1178396466930983
0.1517783472331776
0.14496966862488805
0.1558615653211522
0.1384931829512922
0.16847194644402208
0.13035490239854883
0.11378836466634555
0.12859850581793772
0.17517247778790537
0.07452504231080324
0.17583649133381898
0.1370056934750972
0.1454275317203436
0.08798242761811195
0.12081993878020061
0.13049611576909903
0.1302107232410841
0.13610588806013058
0.10499481615556877
0.12738688839464127
0.16284421584019912
0.11897743076114839
0.1458650513784712
0.1342516642857524
0.1430944218281513
0.11258795864772148
0.15405446646289694
0.05392435808072401
0.11077254870763172
0.12727273069332762
0.12463034590812791
0.18049571064993977
0.2086770534715798
0.14274977400023414
0.1912625671792997
0.10929252827576295
0.0980334861810287
0.14129823126237998
0.15895542424631184
0.13562314722959595
0.08107903451554997
0.10500254891339506
0.13300390308729168
0.10718741795560695
0.11289759034253936
0.16610723835132263
0.15394308840082704
0.1327991968346389
0.12403193809398314
0.1061756819496486
0.17280427369656035
0.1738957989913892
0.10698707839903612
0.19397182453743386
0.1320076557483702
0.11926066559336301
0.13821505716644353
0.08753413426289204
0.06526156594913206
0.11961283977567036
0.17283265893540972
0.16930478252066014
0.1514893328835256
0.11129028501708073
0.11800843864294126
0.09555749110871807
0.1578210656579971
0.17804387637020508
0.13572426130985638
0.1585550483358487
0.0937779337906515
0.12217015984825694
0.16867460322127584
0.12367826615021377
0.13862839768656857
0.17931357670366557
0.12870606109649266
0.15717889889368086
0.10393104235927848
0.13479606255556398
0.08790159667788565
0.12792597352125998
0.12964692898291644
0.15553791130188688
0.0999625681084455
0.19696475289543483
0.11384113136743397
0.16111353166077855
0.13250570721255514
0.2901961736490204
0.09792744220814455
