-5.484613197741912
-5.490146776349015
-5.4750856186710415
-5.481417074146193
-5.469132727384874
-5.480422862018089
-5.482150488244709
-5.48403676358097
-5.474035919571939
-5.479734817220555
-5.466435853493211
-5.459047050683424
-5.4773707723259575
-5.479777746624579
-5.488455847170789
-5.483389852031895
-5.475697226520279
-5.4700779491803235
-5.472276612840801
-5.481007110875453
-5.488325452566046
-5.485179784237837
-5.4825964960299025
-5.477266261791325
-5.468203454144476
-5.478415856924778
-5.478054415958606
-5.4794336962755095
-5.488709884811215
-5.503506173468507
-5.489944202745843
-5.479456009923915
-5.473396094463482
-5.474064877159838
-5.4794451384402585
-5.482741205738267
-5.481187493533789
-5.480294398386832
-5.491027107338393
-5.488632779883152
-5.481447724814114
-5.478284132512837
-5.47981494773631
-5.46776491176753
-5.488210053336917
-5.475868824733251
-5.467277435163453
-5.487087298555505
-5.47692760189739
-5.485802053644332
-5.49555623673688
-5.492788545371716
-5.484055501791708
-5.487011896479687
-5.472260748378201
-5.506120812728404
-5.484822122958582
-5.492334420735437
-5.475387416004306
-5.479690888137269
-5.475834067759727
-5.504112987308761
-5.477079849015064
-5.487422653568227
-5.486588106474393
-5.485780901611448
-5.482927669708353
-5.518461993923129
-5.489358399845273
-5.4963089803374645
-5.493655760684552
-5.503324233876218
-5.509002004199612
-5.505302805796916
-5.522865829385456
-5.532832489428266
-5.5463641103347285
-5.526416211324731
-5.5673325638466125
-5.547044185841438
-5.592300309865412
-5.542188347115644
-5.520175416619923
-5.531146360911126
-5.556049380971565
-5.55419264229049
-5.633081261651078
-5.572931951198137
-5.575334945267769
-5.616787589922814
-5.579719132735574
-5.626046359011607
-5.59036748592688
-5.57173619111501
-5.659826672786711
-5.665122850350791
-5.710268431909696
-5.802959002093758
-5.799988528222862
-5.755675751074697
-5.734585449060081
-5.7884519729878114
-5.653966110835444
-5.7838613339191625
-5.822321852862634
-5.780699323487247
-5.820761326771201
-5.828704365086373
-5.800491157333961
-5.875264233743146
-5.899536955454359
-5.931316031673024
-5.857265481509895
-5.8338344575224665
-5.86893713011334
-5.868971545326717
-5.889400065478611
-5.929773640771212
-5.89738934323213
-5.931498298200457
-5.948073611324985
-5.905275664076988
-5.964404324447119
-5.942996580180247
-5.983491678438014
-5.966201927993483
-5.985488988077233
-5.988926953786287
-5.977101404974576
-5.924631721325955
-5.938991454668629
-5.95071903594211
-5.946340412633241
-5.91017309191952
-5.888451643636566
-5.88627352582376
-5.928234577927032
-5.871362951521284
-5.859842234683811
-5.8978154770788835
-5.8466139716661525
-5.864360408452176
-5.9092033090996585
-5.912974381942454
-5.941522365856516
-5.947333048763409
-5.944879493504464
-5.934341062674768
-5.950235568585309
-5.979541540720241
-5.975285402148301
-5.937096890088136
-5.967167110835844
-5.951367244583622
-5.987785093229373
-6.007419986904508
-5.99613705646702
-5.92351906510888
-6.000667097689846
-5.7795235293440275
-6.097761835310691
-5.853895349375232
-5.704312435156381
-5.5014856615681405
-5.505235958512792
-5.498365940167487
-5.489640582062198
-5.483486937589419
-5.494450434720921
-5.477046354371808
-5.5062365539211875
-5.476761907665334
-5.6168884175020715
-5.48188091878066
-5.480153025900534
-5.48953680830268
-5.48671507555992
-5.477856898988121
-5.4901911971183255
-5.469263233799955
-5.478281742448317
-5.480853245848703
-5.46837136271023
-5.476119434686606
-5.486621663451197
-5.473143347925536
-5.478288164170868
-5.472389803015794
-5.47252017415112
-5.477182396367839
-5.4747473565935385
-5.4800065010078605
-5.456595543857348
-5.478367966482604
-5.482203115410749
-5.480099781495352
-5.517332359127238
-5.476064925487023
-5.492323455479351
-5.482240100647335
-5.4950469701943945
-5.483953431511644
-5.478576370177445
-5.484732785162194
-5.477732173634763
-5.490063651394928
-5.487248133775782
-5.495635718929662
-5.474661523477233
-5.471406469328805
-5.488501824714775
-5.482597483390361
-5.492454714842911
-5.484249166379552
-5.479901996430972
-5.501834759522318
-5.495444708186241
-5.4681062962123415
-5.47871050386572
-5.474839564483547
-5.4603529406995195
-5.481338983193886
-5.488641262099087
-5.472599712846559
-5.4908252333552205
-5.476011296565578
-5.476375065462719
-5.471236065316245
-5.479170147741357
-5.479350851245357
-5.47515976759558
-5.479080199197416
-5.4900051629420545
-5.4920321829096395
-5.481907360340396
-5.490214964713295
-5.495875752887541
-5.482999640780636
-5.477722081759389
-5.4914552844052436
-5.47846474439221
-5.475143264585956
-5.474776528977052
-5.486123743170616
-5.484300523090296
-5.478226374603369
-5.494844033127068
-5.486809320196218
-5.486045218927458
-5.479036263703628
-5.482030178765756
-5.462396235583142
-5.4768747270315945
-5.490222220183302
-5.484668387104535
-5.479757333641242
-5.494758909567639
-5.486834815039373
-5.482808226907068
-5.476416571212662
-5.486691577861443
-5.4800128094308596
-5.493520414077262
-5.4715390361346845
-5.48128109829425
-5.490962979782833
-5.479762795682988
-5.483725377440466
-5.4833790731460486
-5.477820883751512
-5.476201177070181
-5.487166796519894
-5.4738071095791625
-5.635575265547256
-5.486056192560648
-5.489819611561938
-5.48533040109626
-5.493165869565555
-5.467474006849864
-5.4777828900650185
-5.490282151241743
-5.478426832782886
-5.483390216205033
-5.502358191726252
-5.483024120563081
-5.4831856971986355
-5.485040777247491
-5.473382076851629
-5.47909990135141
-5.485091984440003
-5.477977514331968
-5.506686884882963
-5.4914612766089945
-5.488225674803935
-5.49189099176273
-5.482959491826333
-5.493979711772804
-5.48941723178146
-5.484421975163561
-5.475129280553624
-5.468435357086024
-5.487772114688346
-5.475279284702653
-5.47957024086735
-5.49827276094528
-5.492521125670603
-5.483379304127407
-5.492045317430687
-5.47938895121947
-5.500717548061696
-5.476945928656186
-5.473867101345732
-5.480008246606541
-5.481808964711494
-5.580331033871641
-5.48091667828816
-5.488303698573887
-5.476594703148005
-5.5092398524815716
-5.492349576745749
-5.463669708350139
-5.602399098913481
-5.489134083029775
-5.491915178096302
-5.483443465187705
-5.4822859568189575
-5.492843923012165
-5.482473809460643
-5.484478761865248
-5.490879096957003
-5.496242737598543
-5.472234352520092
-5.49684700180449
-5.4945335311960255
-5.47822307205124
-5.498576207176797
-5.507340575172621
-5.499087334588715
-5.5131379629597
-5.552150500470013
-5.49088840317843
-5.605056338418482
-5.624840572317829
-5.603661475958866
-5.8064315141249345
-5.899493961448694
-6.054513606005969
-6.065319490377156
-6.005679351357605
-5.983740004998929
-6.000040692512968
-6.030782128005224
-5.928413472935155
-5.916254585104558
-5.92623536610945
-5.909701212007012
-5.9418261871472815
-5.855665446872858
-5.955629392439984
-5.9307906861045225
-5.919721471007472
-5.903386234970107
-5.914753650037622
-5.871851689850133
-5.896364182100605
-5.921369189653209
-5.893767647624349
-5.867635443350521
-5.911281360700226
-5.877287731626822
-5.914508142534351
-5.95704220365884
-5.949874501431008
-5.907761152145407
-5.909160429363957
-5.951476505309057
-5.985652850898693
-5.899545978048744
-5.925846881361364
-5.977029885936013
-5.962110481948782
-5.980151299929364
-5.941271437763312
-5.939709424292541
-5.969344040482133
-5.982029609680693
-5.9238262012994305
-5.939842318619237
-5.932792923967426
-5.912163835835134
-5.874706759480148
-5.8453706073032885
-5.8724820906687025
-5.840196168387329
-5.77675076226976
-5.78417178958084
-5.8044805774305255
-5.754107257772365
-5.790393876946079
-5.816105990204258
-5.769542461624514
-5.796529443100369
-5.753996309803384
-5.811363930593715
-5.802841691230775
-5.8124259737808694
-5.794606413146777
-5.765125142308746
-5.801313269897858
-5.820665886274613
-5.833865882976204
-5.831688795656651
-5.808083685367609
-5.891268649644755
-5.920790953077878
-5.901802754217779
-5.916653854019646
-5.831974727714926
-5.867275238632159
-5.86036286205094
-5.89201846601271
-5.870677848374854
-5.937922423188695
-5.918095421348633
-5.96513309065993
-5.877472662410105
-5.94330169250387
-5.959808412673377
-5.984335221268893
-5.989316486462185
-5.962549484863082
-5.937453698351522
-5.9996491548950095
-5.986950857941941
-5.991372801485613
-5.954416327655186
-5.996601502998925
-5.998735499333225
-5.96735854916324
-5.930120893511291
-5.996283847063814
-5.949662397757585
-5.946637782854651
-6.000002017191485
-6.024485300349201
-6.02769597965252
-6.010242597882719
-6.005454757152858
-5.988777616701866
-5.987913541345049
-6.014364535654725
-6.009003974137412
-6.0554413112337375
-5.998374853401668
-5.968729332738913
-5.999465685785093
-5.9980494526790915
-5.986200762015216
-5.960365833706172
-5.939662589032024
-5.8929272379762025
-5.952268533335296
-5.950598854238673
-5.87437154181017
-5.8845356561455215
-5.951589497032678
-5.92054890230588
-5.928761852013974
-5.917535577528416
-5.929266304062222
-5.937334954032007
-5.892038776031288
-5.911580297535972
-5.878677179984067
-5.904004015581106
-5.910544826414807
-5.9064593414994775
-5.915611053831018
-5.850064818202564
-5.925904368757645
-5.888841996003187
-5.906382465137849
-5.917278203131475
-5.937137937610235
-5.863408630851943
-5.905642071090631
-5.908886305000701
-5.902969219094016
-5.9105364600737875
-5.964880951212051
-5.9339920952119884
-5.961506480717373
-5.972528264958013
-5.965564224600506
-5.9875334856943105
-5.953807930920122
-6.00020000737392
-6.015132875522269
-5.949629120238789
-5.979794035577633
-5.984752062382473
-5.9796872705837325
-5.974446522615981
-5.957092644998572
-5.9471060949026615
-5.9425316750244495
-5.9468043018362815
-5.907393622533849
-5.93107301697977
-5.987290330290483
-5.986608590488101
-5.932703464232738
-5.94969232238879
-5.932617189932521
-5.968455752493994
-5.926771271147549
-5.9731995236559285
-5.985363827035041
-5.9822849668678275
-5.983238256992966
-6.005442132632639
-6.016617183703468
-6.005770309594941
-6.081346215634454
-6.0254664467046535
-6.076021813815821
-6.092594127968366
-6.079067390103734
-6.116782228476169
-6.118845618532835
-6.109966918341762
-6.137421229036044
-6.127158795403689
-6.135039880926613
-6.173349733385453
-6.188392096572567
-6.24118884373747
-6.180525910462106
-6.209331113534643
-6.17132962777162
-6.175714915578917
-6.191519646981627
-6.183460756906502
-6.205878735188029
-6.2196081155083505
-6.235368380044626
-6.2027621791358385
-6.119239591044723
-6.158062386276729
-6.221258865421641
-6.134577083420072
-6.189731541751189
-6.250470965052792
-6.137126436864741
-6.282819375419639
-6.1435576724535235
-6.209739341433107
-6.143713519924665
-6.201747692458022
-6.244668970293495
-6.148040467630124
-6.200343428474237
-6.246058007026725
-6.1995905962948035
-6.209987427315475
-6.1986367045598545
-6.191422838689066
-6.243144144477491
-6.168369008709426
-6.242440541206122
-6.240141055265908
-6.289283588654523
-6.247682776589881
-6.158026599888994
-6.224383242879401
-6.181356232687572
-6.247866904742888
-6.244759996738343
-6.189821427266717
-6.2484985168443155
-6.269928297447191
-5.977740250055983
-6.2026821254436015
-6.239206714750854
-6.222313885215554
-6.194620913125185
-6.176522637946014
-6.267154850435254
-6.206332102763012
-6.240253072449895
-6.229476147811113
-6.175016181279781
-6.10958051059359
-6.243908759593864
-6.27021748197011
-6.179635893280615
-6.254163765644956
-6.1727927908739195
-6.255664115580602
-6.1708650342000135
-6.2003320996151725
-6.198178274617563
-6.290973878952937
-6.2667250267322485
-6.222415296640369
-6.258176777341185
-6.256944397428252
-6.138253176132938
-6.214587233233185
-6.2171928189268435
-6.163145301961585
-6.226122047777027
-6.200072485317128
-6.178259942487049
-6.111609117740303
-6.104084143469951
-6.096272534371829
-6.11362718835987
-6.01132677816173
-6.058033529807961
-6.009037381570606
-5.962210311992115
-5.936542587382451
-5.950741541295132
-5.9062655838012
-5.883181966586318
-5.907547203035702
-5.82837593897281
-5.82800689370932
-5.8496743427463835
-5.891562100208134
-5.822046398378675
-5.8658246368085125
-5.804824510732534
-5.828697035597268
-5.760348303824976
-5.787020304205507
-5.8233235939153305
-5.750181576717797
-5.787724698397666
-5.80499613037016
-5.831897008425044
-5.804119123924303
-5.798701901966151
-5.84352323626435
-5.817514639834724
-5.821224453601555
-5.798866007596555
-5.865420702787236
-5.8138874321407
-5.834852324649649
-5.868305181414892
-5.86635432494288
-5.865556522864319
-5.883959540470761
-5.861924986643864
-5.881394510365464
-5.940114699890965
-5.902919898291149
-5.92292228539304
-5.939616976298442
-5.965137998862133
-5.919640242165156
-5.9675793289208245
-5.943600988351197
-5.947646802303779
-5.960984971131352
-5.991674466113184
-5.96306150924813
-5.966868529092491
-5.990649664669392
-6.006409454495551
-6.039201212477483
-6.062179482324337
-5.983304464545499
-5.992861703486708
-6.0431322410764094
-6.041022951515107
-6.011392965398912
-6.023330118634694
-6.019311321263924
-6.015757842320402
-6.002217423863463
-5.993880604251991
-6.054791061067889
-6.095518382508974
-6.011046064785648
-6.017522379156317
-6.039118697830323
-6.092893278559567
-6.08316842689952
-6.203495589552072
-6.19148798976817
-6.198294133049121
-6.178772829936621
-6.214632911855465
-6.207110477650698
-6.235343982800362
-6.279829221505887
-6.261572197179802
-6.201646806145948
-6.215485411576868
-6.32598116117058
-6.23923820978582
-6.219334998441801
-6.1040994296122655
-6.09003012848126
-6.072115232373936
-6.107845048310316
-6.08123666959061
-6.103539460544867
-6.04999043159302
-6.087944190196676
-6.085552368470652
-6.052003480458968
-6.07878724317583
-5.965715869255169
-6.081592082525566
-6.05604309311968
-6.193139267692307
-6.038403453864494
-6.125585596602153
-6.037116993033193
-6.038360577367216
-6.030800199381598
-6.226761933744889
-6.122155459465272
-6.2151428451360085
-6.121075462853802
-6.214728290826487
-6.181036533507996
-6.1605219385501115
-6.220162257332975
-6.128147700570562
-6.061692296158004
-6.10706345487114
-6.184207865309995
-6.1837950875099486
-6.094584909316912
-6.297137357106002
-6.076950370724172
-6.300819354969779
-6.2076873301148074
-6.170753939381913
-6.247965780134739
-6.3027650754118785
-6.2769497129652585
-6.268382183666305
-6.1731677944012
-6.131746498368435
-6.219639069007543
-6.131027048528722
-6.349245741597807
-6.1956515402803864
-6.24637956380387
-6.2733133764026405
-6.296079157709266
-6.228722373997826
-6.205513066753981
-6.339371955309854
-6.251977037645372
-6.292728103309764
-6.2875710755827505
-6.291192663681146
-6.210440348600371
-6.341415095496403
-6.268468923821484
-6.209266254853432
-6.361767907281735
-6.28939499479539
-6.219605754024101
-6.374767374580853
-6.312621843464823
-6.298856876511947
-6.257928235816245
-6.305905227700187
-6.305717906966306
-6.224435519060233
-6.205580736446162
-6.3626793433714255
-6.191244817771315
-6.3002575691699025
-6.245761038734779
-6.288701607985613
-6.3153072853699745
-6.2916299461686
-6.208351306724296
-6.273084311095765
-6.276503853263887
-6.298543197908309
-6.348970840059495
-6.2835946998350725
-6.302552760713299
-6.3396568910057916
-6.276144170520848
-6.287498988071196
-6.269707924930999
-6.211332625727803
-6.293347120206606
-6.324211375390096
-6.285646093072868
-6.261369394770506
-6.282474574240318
-6.25569016343722
-6.323413072192164
-6.313805547280705
-6.2316278716154905
-6.261711682928221
-6.344524338177251
-6.328208493007899
-6.315126913287576
-6.314675180310648
-6.2911595593290075
-6.287643793354615
-6.26151550162865
-6.319723697234198
-6.256598732005608
-6.351244861427905
-6.249594052885758
-6.275273619763066
-6.371026210347377
-6.300701482898523
-6.317113246330006
-6.338439534223606
-6.296542680884876
-6.342130447533407
-6.277200599706891
-6.304800994999489
-6.305396727432976
-6.309173463468522
-6.354220400873344
-6.352289481696005
-6.318248068979398
-6.270058484986646
-6.221426981600557
-6.3484123431932415
-6.296364877166816
-6.312298356966635
-6.325997511608271
-6.333418192326456
-6.2774445540303905
-6.32353088625737
-6.377464157739666
-6.310963640447312
-6.275644271947488
-6.219527097973556
-6.275873760295447
-6.2798166237512225
-6.3744375170910486
-6.311265631166965
-6.3659366335608345
-6.3630732979658315
-6.343125138393362
-6.327299292227471
-6.361653643967181
-6.324972844638513
-6.31246175024135
-6.272983746353739
-6.349709079310663
-6.264481254477101
-6.3505841611673
-6.313405949904641
-6.342873912236826
-6.29650505988075
-6.3401361660483175
-6.283829337909703
-6.326914297954035
-6.333718245241052
-6.367108880837113
-6.246900709833402
-6.254288556875325
-6.341548035260854
-6.3307180859180665
-6.3454126888716615
-6.350598836125324
-6.355573991961914
-6.276028654555109
-6.329121034869041
-6.307504196928033
-6.298195077725883
-6.323016116529586
-6.344911469595319
-6.315169994596954
-6.3628949206952825
-6.327990354583821
-6.363808975459654
-6.354995336201828
-6.352297309389283
-6.343738534572273
-6.303801202411309
-6.385770384746774
-6.299926653331122
-6.425866268515702
-6.355947722980939
-6.321547630218941
-6.280582512674285
-6.312599524835804
-6.31846141109989
-6.320268247516696
-6.330948793699088
-6.338564817221773
-6.329144300134761
-6.291926523439245
-6.285406404323516
-6.346291575348363
-6.327539726783582
-6.298621378285233
-6.3453489606725935
-6.315549318758142
-6.339500529264834
-6.354990295279651
-6.3331316431081355
-6.376497727129067
-6.384964953523826
-6.266091740629978
-6.316573143522198
-6.369212971997083
-6.2957194521807835
-6.352344378879714
-6.334383463193858
-6.308186765024107
-6.329965294645729
-6.302389080327055
-6.380185666652014
-6.321913223023855
-6.324232022598891
-6.335579287328694
-6.325997908374056
-6.316076189015981
-6.32922051048637
-6.362352171217723
-6.350254451978617
-6.347986875194135
-6.391506844399035
-6.383810044465236
-6.26141466666768
-6.299213912147977
-6.329523264893791
-6.332735736063204
-6.382314444996467
-6.371803017966755
-6.4116756898235145
-6.367680828124338
-6.322888309042713
-6.370937605641734
-6.403579179955212
-6.315375492407916
-6.3766189086074725
-6.393973366823476
-6.400308324635612
-6.393193220037342
-6.316387324580204
-6.327646636089066
-6.346645684661408
-6.3541989245415955
-6.359282579175961
-6.379025104607862
-6.321582098673143
-6.349502389679694
-6.356962366636283
-6.301021556262877
-6.332555167255114
-6.357139135736561
-6.363473465769737
-6.402727784129791
-6.317289410380457
-6.343268182227217
-6.316657530155562
-6.2985867003875065
-6.325520273580362
-6.354533407159742
-6.308399855309737
-6.3375287638329025
-6.3684365284631825
-6.394849339391045
-6.352846995008781
-6.381433728768504
-6.252763808463142
-6.328574084896733
-6.353671586042762
-6.396575947551813
-6.336728389743724
-6.318525177630402
-6.380112086957006
-6.327286690762908
-6.3934476045216275
-6.346954803605306
-6.359052670529626
-6.413618368600931
-6.299482381330279
-6.398412347853466
-6.417611534562927
-6.360883901253292
-6.331019290097878
-6.3734681841091145
-6.345007162112722
-6.381860894913856
-6.363056229186415
-6.379116244892211
-6.375290626144403
-6.381218955992919
-6.352105207231159
-6.42893610986951
-6.313752313723089
-6.407005217429418
-6.412532186752554
-6.360835613553656
-6.3507938166531535
-6.369670797614827
-6.366103037288182
-6.382133103022814
-6.411824891763891
-6.345266123837084
-6.297312105663461
-6.3383795545439146
-6.366701397265909
-6.400191316364034
-6.4046150706335325
-6.380509523328843
-6.3643745639322375
-6.3646044490866345
-6.34567455161661
-6.3534255654348675
-6.343368802871387
-6.380449223904886
-6.380651354926005
-6.364085634017853
-6.360868715610691
-6.357336093854927
-6.360708741985288
-6.385185848560685
-6.2724224014628565
-6.387725391672763
-6.373410969201237
-6.357929077603959
-6.403332275618104
-6.3827180120045
-6.3750444124793955
-6.347785794119598
-6.3404535948407865
-6.4384882951532605
-6.43340900545324
-6.383434743815556
-6.3782711689172595
-6.380053313010843
-6.4396194016183745
-6.401561251146578
-6.371693132435933
-6.429583335672056
-6.358887150842919
-6.42669311736986
-6.327377316657131
-6.424559252257102
-6.410713695960509
-6.456247289885917
-6.398473386830983
-6.363753757527659
-6.3999189694635295
-6.390067666704255
-6.335872975448072
-6.401870217414977
-6.383542576415979
-6.343786904263979
-6.345294095855174
-6.268936683740676
-6.269004494904786
-6.272938233507579
-6.384852202205
-6.255140543048426
-5.926052943022828
-6.25040109726634
-6.260090313073157
-6.3087556901432285
-6.422891670690446
-6.464820804427603
-6.4068206340999145
-6.404743717838976
-6.384562505702226
-6.354266443201773
-6.380223205825171
-6.423544244923203
-6.416732694715437
-6.404489215086723
-6.378194643812028
-6.404886190603325
-6.458793133313543
-6.487106510803864
-6.3732367994884465
-6.424231965138884
-6.392779221861783
-6.429498723354159
-6.433873065575326
-6.412621182327507
-6.398029183218133
-6.422549839120627
-6.417459497917334
-6.359591776249608
-6.436044605404604
-6.4103356073575215
-6.410753601267783
-6.41375729722429
-6.422258422965877
-6.397155700398517
-6.429358157243552
-6.401108425666063
-6.420830829094914
-6.469588960294175
-6.39893203767613
-6.427360435932039
-6.417672930684645
-6.3348550353572435
-6.413667867705299
-6.388703629552502
-6.412450825026754
-6.356601443274964
-6.356651180337476
-6.398814099979437
-6.371170050927629
-6.455570696555168
-6.374988318667379
-6.383208649850709
-6.410873831186388
-6.344654903751296
-6.430404581422346
-6.413127381522846
-6.345017924395261
-6.439105826010169
-6.406228682684277
-6.420373174177321
-6.344128523726736
-6.401558267233
-6.367907159079075
-6.391420344338211
-6.365692713180493
-6.391268289559554
-6.3826665695721525
-6.429628467250152
-6.388466336386957
-6.3944114809716845
-6.433404072162151
-6.350746062677329
-6.408990480956186
-6.431854225081231
-6.445042609104107
-6.442039304184121
-6.418783770516403
-6.428998890152008
-6.349332803958193
-6.4239630478039835
-6.430435784583721
-6.4271002096894225
-6.4300678352198135
-6.4317023955421675
-6.39531565703909
-6.407877178542461
-6.434983881537803
-6.515798410199854
-6.465472119384133
-6.451228695438406
-6.398589447209233
-6.409563647372417
-6.463211818726052
-6.42399319113336
-6.3836001854416144
-6.486918473022439
-6.39065789812643
-6.425970126758973
-6.470808657509962
-6.429658714505635
-6.452232756147815
-6.429928785678323
-6.406702436065084
-6.431808621760148
-6.4383875848773915
-6.462089144715818
-6.45230009541638
-6.464705935055142
-6.44496912869224
-6.4657239401634925
-6.445232390835262
-6.4323836175428415
-6.4133339249176915
-6.481797066497608
-6.443124262764844
-6.455502132891197
-6.441935233667627
-6.452703051913883
-6.498886868284186
-6.48884536812586
-6.493461726878262
-6.428452744512223
-6.427450031283893
-6.429192158876359
-6.4082784752278235
-6.436350889572278
-6.490622228158168
-6.427736517055099
-6.4810719010854445
-6.454367647085857
-6.476798641240183
-6.450182069399609
-6.468314580607066
-6.509039841548286
-6.411677566905728
-6.462353138273574
-6.490026653322582
-6.253819376913387
-6.413678553109668
-6.423677060270918
-6.418978214901594
-6.37081050748521
-6.42300557266598
-6.364678691006771
-6.356038596142617
-6.5153210382708995
-6.476720230735021
-6.350895741059866
-6.3960295017861455
-6.367162991368524
-6.373663262571259
-6.274834620191489
-6.3379674096149845
-6.390872564576186
-6.50587453438163
-6.286848317021523
-6.360318505792406
-6.378175875762196
-6.486366028194144
-6.4721234844526085
-6.484690276715085
-6.524286515438935
-6.501964866155807
-6.438514864327567
-6.457740871486223
-6.479801652688805
-6.550508073447458
-6.561466061328011
-6.460510630620334
-6.479874062300003
-6.512614720049739
-6.51993619256045
-6.493199629934793
-6.536405794531972
-6.466321040499732
-6.522098962587378
-6.4788638699673715
-6.4797456979766
-6.476669729075302
-6.488758271754008
-6.4697232165274245
-6.4697000280426655
-6.444482106737985
-6.510799893758165
-6.449035957055187
-6.457802376923292
-6.415517173689086
-6.475428112569251
-6.5078195732819495
-6.436511986321562
-6.468714132155718
-6.485871667051438
-6.5134421808291485
-6.480784514298931
-6.502417875527588
-6.474747625651112
-6.536408072365773
-6.471179478729997
-6.51692883300641
-6.490272338332382
-6.539626189036122
-6.498427485000834
-6.446212142717993
-6.461224410498268
-6.48979466386614
-6.531827166930356
-6.486800986961388
-6.509038301792446
-6.524414117727005
-6.4667698995899405
-6.4879478555435846
-6.4475860108492276
-6.477838511308575
-6.502799844706312
-6.463664448477811
-6.524222643555975
-6.491786845458968
-6.509499894957276
-6.50527303030691
-6.468133411112188
-6.495995279407788
-6.46884214998202
-6.508775956370148
-6.506911068303333
-6.481841747760495
-6.479784127658218
-6.449201300015185
-6.497819060343926
-6.464153879312452
-6.462234937922439
-6.479410176173649
-6.516637912210932
-6.4506960773381286
-6.523605869824436
-6.533257425792093
-6.470921962023309
-6.469693611878178
-6.5211158435016205
-6.422018433631933
-6.494442203097144
-6.477981181684689
-6.526226084745168
-6.529994815258947
-6.565428528926315
-6.58279129174037
-6.490410803814609
-6.503530642492469
-6.5323507845633175
-6.512431091923391
-6.4755094921896745
-6.5266752865394295
-6.539627019370421
-6.549538206740486
-6.47250866005659
-6.472477600740653
-6.505358157437783
-6.516966464238067
-6.497836713401402
-6.532822718937178
-6.421795788310104
-6.494356801806003
-6.505176851749443
-6.485972266359801
-6.4673894531853096
-6.5481078025150055
-6.497190908909346
-6.518078949360505
-6.506802520652397
-6.4990979611631134
-6.480852968403214
-6.510103847387445
-6.532945655565834
-6.4707969975872395
-6.479086739285513
-6.539261710723756
-6.468422791090744
-6.521809748228868
-6.513536168767466
-6.55632216757644
-6.554067427939183
-6.536048747080503
-6.519557442138657
-6.487594603172814
-6.52577760449388
-6.520309195834679
-6.5496020439760985
-6.578020162779892
-6.522027230619774
-6.584952904137944
-6.489772565585752
-6.487480385682216
-6.536499977755965
-6.503427716775651
-6.490724492454742
-6.492329058817716
-6.512390971608243
-6.5275157739640255
-6.4671710572782635
-6.551833971746824
-6.549167007535359
-6.539307798501453
-6.529410475068025
-6.537731307324465
-6.532390361212343
-6.492971280642248
-6.5309060576804745
-6.52419905395646
-6.529947354410367
-6.555303872858881
-6.543364828823464
-6.557103233349898
-6.474656758263376
-6.583906329160965
-6.5533833876417535
-6.5472177071497475
-6.58275545770635
-6.568062122260513
-6.5359469665467005
-6.517332429868211
-6.516814331060266
-6.533784296079606
-6.519431222512271
-6.507280764574836
-6.596090774444145
-6.526728235921081
-6.514131352271625
-6.518516331512257
-6.469329164748159
-6.562771346772902
-6.527931954489327
-6.552866702306163
-6.532378337104818
-6.529007665291856
-6.575898051949263
-6.558431060956877
-6.537894002388332
-6.5605524540435205
-6.525265842141277
-6.5679690084646865
-6.504813755487551
-6.528319600374063
-6.456084068581172
-6.620575843545836
-6.479661390419226
-6.525697544578683
-6.502393742277604
-6.453700158670735
-6.5648808753235315
-6.573528059312856
-6.594447260257936
-6.5738396621986075
-6.576152467979217
-6.5496301577460585
-6.585102909109624
-6.549686042936409
-6.549554744278684
-6.5422276291506565
-6.541990272877422
-6.5025834460361
-6.545063439076512
-6.543141032077755
-6.559258693965643
-6.520974086518644
-6.556208715895251
-6.466446916894473
-6.4585833317697325
-6.490077688209233
-6.475618252501452
-6.505121577302529
-6.476438561901985
-6.521218261802069
-6.5993698688660345
-6.393636726444976
-6.518868853543366
-6.526358798940651
-6.492781865929029
-6.488223989725807
-6.496118827291489
-6.545291866546859
-6.603169879188943
-6.587733374112176
-6.561495744372002
-6.532437759740763
-6.539255850219805
-6.551827110944974
-6.533080580117494
-6.57133262617922
-6.544448613206801
-6.562306761706143
-6.56931509615867
-6.530128036031489
-6.521910793205463
-6.580887008132972
-6.58723540948438
-6.622820227082882
-6.60530794822692
-6.610791428584384
-6.608928419992665
-6.606385272120609
-6.57633241268675
-6.575822108854007
-6.619910364050847
-6.563142820115215
-6.638368634737915
-6.533420186455347
-6.62406459564855
-6.541464849994579
-6.582547666543409
-6.511126970898066
-6.497251721762807
-6.5527239434601015
-6.526287094430278
-6.550596705238643
-6.518150414579033
-6.536988870522279
-6.5398466791724665
-6.432305814858971
-6.505209138284629
-6.538087918726781
-6.563397677037968
-6.451325031039168
-6.549654742214763
-6.472258836994623
-6.540307509976154
-6.483552317851909
-6.544325381862823
-6.507726878153403
-6.521951709140854
-6.5513658050031225
-6.527179246238254
-6.522640297471989
-6.568836224252604
-6.53205785755673
-6.527559965744388
-6.540089895778405
-6.491572527065812
-6.544163747181999
-6.571532101410026
-6.471665507225527
-6.548482452141028
-6.594283235469574
-6.529179801269449
-6.566777942495975
-6.571437398151423
-6.509677360821013
-6.592545184660032
-6.574576230412944
-6.60459033046039
-6.5749591182118365
-6.590709597469726
-6.543767777033942
-6.593268997905271
-6.583305541215283
-6.604835320342319
-6.560923567642563
-6.5697998986280455
-6.591511306016442
-6.561334380328917
-6.587456896147874
-6.598775030177553
-6.589562858767737
-6.579488136967706
-6.5880943845592554
-6.628984616145127
-6.554990568091352
-6.546022820870845
-6.633117945571725
-6.622252301948048
-6.593327295442852
-6.5913095547362035
-6.566555467846867
-6.560946283590292
-6.631686484628777
-6.541031781532952
-6.582072327482287
-6.592985341724324
-6.5957388915118305
-6.525255799966494
-6.597966327591577
-6.568050446166463
-6.610687167736188
-6.58561655257423
-6.629226134776406
-6.626628060198475
-6.582392826735648
-6.5358121635881865
-6.622657841714458
-6.614584543963125
-6.619829122424022
-6.678899243690161
-6.542259539345821
-6.560678467202549
-6.6082801687352095
-6.582067392856351
-6.554307871990719
-6.596914052088818
-6.584678999163579
-6.635055535443986
-6.576517857177336
-6.646278628821574
-6.6793059577328355
-6.61141158607731
-6.602528790695775
-6.599542226077306
-6.664766430423867
-6.628763598586359
-6.637882427749233
-6.5923651774242025
-6.603620848093548
-6.58639386458411
-6.6395085259793625
-6.632992727798063
-6.573883257028924
-6.582382940594215
-6.537849962869931
-6.590877223472178
-6.593429698855356
-6.6528762964341
-6.5855460407344015
-6.641772891012886
-6.607820206177852
-6.5793300576138485
-6.582347479231865
-6.635401173503933
-6.654609023511647
-6.622884367340465
-6.661327689122451
-6.5997134102999695
-6.631572802372048
-6.613253870493087
-6.670443673229219
-6.598852429335587
-6.62484701976089
-6.588030250446224
-6.638518755667419
-6.609742379213005
-6.624703422895959
-6.598279321606025
-6.627660752065586
-6.589287327079268
-6.6279011774149215
-6.647376428548594
-6.614222438010905
-6.646367046973123
-6.6921298525482165
-6.595414367255408
-6.618315747103981
-6.617255812317449
-6.659608489077762
-6.628178848379142
-6.62990927476477
-6.618074053655582
-6.615995951549602
-6.677688857511362
-6.6254924222325515
-6.6951398457214015
-6.633684388196411
-6.640863048259085
-6.649616477077969
-6.673507389115663
-6.604384059572919
-6.634045291034646
-6.616659110656215
-6.66759598124645
-6.6269600263939985
-6.61850604470807
-6.677625976245189
-6.637501900819693
-6.640940370065322
-6.696927528919139
-6.669172050250754
-6.641569002561011
-6.64892715697334
-6.673031607112346
-6.663369708721054
-6.607353631444673
-6.640122378495533
-6.686508257057781
-6.664607024781787
-6.67901024724485
-6.665310213585077
-6.657881262337153
-6.650978391906688
-6.697203417128958
-6.689429382712472
-6.676194992467178
-6.592798956848478
-6.648712765256083
-6.636260023064679
-6.66043847799903
-6.716380280011165
-6.596731488079124
-6.638731169387874
-6.605411058513283
-6.684443649373865
-6.642623221261662
-6.735148884781957
-6.681688304843641
-6.653292457739744
-6.666318810518746
-6.699075696815692
-6.610467122240393
-6.651265749621476
-6.696843741400866
-6.713044294410136
-6.623814271039419
-6.673169858880574
-6.586943638202982
-6.604811887334963
-6.652097099088841
-6.631758678919766
-6.6238117148886735
-6.669531567204415
-6.661035964216509
-6.687268445210744
-6.6789633070051595
-6.67886495712549
-6.69308927818651
-6.665750897317832
-6.6471853497685345
-6.648784757597621
-6.709827146210788
-6.680470942044855
-6.650113809256354
-6.6952761656513875
-6.632549757851568
-6.657891963755567
-6.680619086710954
-6.666758111202774
-6.639213735871067
-6.7156735141117325
-6.689685101569714
-6.640174343418926
-6.703701493952711
-6.706691316233712
-6.71780380727551
-6.685801934126006
-6.7488629136384235
-6.6128934723439485
-6.70240790806662
-6.645123465960324
-6.664068397865012
-6.718027357207418
-6.685408923350711
-6.721891364887694
-6.665284438386417
-6.713893449825726
-6.663154349543212
-6.6688551090348405
-6.670213200634176
-6.703285241448246
-6.694454595227619
-6.692301065039101
-6.713888866242745
-6.675321753264237
-6.707521957677364
-6.6798609502943425
-6.733203376524187
-6.760825256823885
-6.674925795561321
-6.678477412801064
-6.654920178670938
-6.683911552593601
-6.68136790094824
-6.647945727404892
-6.689123391048715
-6.682841862508386
-6.7064956048122575
-6.728090479457311
-6.6993133194345695
-6.768833133940939
-6.6651503068991635
-6.717432505490134
-6.747712496938817
-6.692432613989737
-6.700221241164221
-6.671951279560742
-6.72436520614678
-6.715473392858929
-6.6933434465595045
-6.68371326352284
-6.705262757649111
-6.748435586928375
-6.664253650727203
-6.728859934065645
-6.7054891536038985
-6.748432749023926
-6.723553031121331
-6.679871109348404
-6.564455209126575
-6.739457606827618
-6.730182494513622
-6.761271083528742
-6.68697369750905
-6.688768640869904
-6.758277112904344
-6.707106065238746
-6.731321961215397
-6.711426443028937
-6.652780360671298
-6.682368268824615
-6.743387440348087
-6.657373621940032
-6.694455390967462
-6.694279517916361
-6.676748432932446
-6.759663187046929
-6.734262647438209
-6.680416875158286
-6.739642430179545
-6.729287137922629
-6.775377336674797
-6.723146319590054
-6.776348071763841
-6.687584069906554
-6.6622932297424375
-6.70276420228847
-6.731300159652233
-6.685483666937661
-6.6942483531283505
-6.687936419185623
-6.764253255277758
-6.696101091193552
-6.712571980649152
-6.700905561116601
-6.698054657985292
-6.7154805807835665
-6.750510880768286
-6.792002455395497
-6.709362070672526
-6.700664012299871
-6.716073246143025
-6.734009469380526
-6.786317540620184
-6.737989760282559
-6.717822067202237
-6.773481126087768
-6.730233851172459
-6.734123553496331
-6.733269108369289
-6.693028944571657
-6.717357725256868
-6.752855689784008
-6.697897469206301
-6.75830223489086
-6.6889864354528985
-6.74588545864375
-6.752115927993247
-6.751352463888361
-6.77862217076778
-6.615146644668194
-6.746158778435632
-6.730726477775576
-6.763944501501939
-6.77189663896216
-6.705872409351542
-6.684040445767315
-6.75432018534665
-6.731929749082477
-6.770985722104452
-6.768280804350102
-6.754055237726459
-6.7911124640238345
-6.73405197052561
-6.679265970274859
-6.716906819397022
-6.678406764981976
-6.393502721804864
-6.67817365400212
-6.716418207278001
-6.7543141854735715
-6.700052124083914
-6.7746164216849225
-6.735273141437677
-6.792623045482968
-6.7412580901816925
-6.801495229463711
-6.759188886246278
-6.73155865780091
-6.759970642483364
-6.664206248739723
-6.748102406391005
-6.652744345385475
-6.754161900115259
-6.746564029820061
-6.755688380889918
-6.769775769134046
-6.828829404385875
-6.7476047110492265
-6.759738891206351
-6.735214079751059
-6.68189039416125
-6.7838996504596585
-6.762802632330929
-6.7426542413653525
-6.761165348640002
-6.694000947749522
-6.697761477766116
-6.674966047359046
-6.775711733529985
-6.607550232989574
-6.816566862158291
-6.780616692567119
-6.75865174564958
-6.783880122246242
-6.620973232537455
-6.749649329200931
-6.784312443001237
-6.800356740593799
-6.626415775971492
-6.681273799612521
-6.772696405733694
-6.788386652627567
-6.77635029790682
-6.783575474009908
-6.799838803050299
-6.6967603099905375
-6.737445648813079
-6.761753749470187
-6.750634066035314
-6.6723690370629996
-6.800796131867296
-6.8154254655855
-6.61417848769285
-6.786020154362444
-6.7762861486480155
-6.726300974806758
-6.571357854762188
-6.827951008507198
-6.784989461572478
-6.7971428396852405
-6.833921693145719
-6.8574142715384685
-6.7831592814539405
-6.716478431515845
-6.7750100164334555
-6.829495758709702
-6.721020188396679
-6.780235353641533
-6.753265610531229
-6.731036135120634
-6.773450565068849
-6.752534022441013
-6.734135919908408
-6.753448889479931
-6.774052461658949
-6.710800112656049
-6.757054136775451
-6.762208698826218
-6.76598871290646
-6.752302904315201
-6.807650950371862
-6.766789298679789
-6.791767613963988
-6.740510937099015
-6.760763473172912
-6.790944020666537
-6.8112050577387855
-6.774292752381673
-6.7701758532965854
-6.787299195684174
-6.7499076318915385
-6.8221705105447015
-6.797605341525681
-6.829125183268658
-6.733837134278253
-6.798246158122284
-6.835960375005759
-6.758125212631697
-6.79293898636019
-6.742902217346837
-6.783599477666063
-6.755731887943106
-6.770489202647474
-6.811828921210315
-6.790287957680872
-6.786164712651697
-6.80608594100099
-6.809049790571837
-6.7992236783129485
-6.827722172145826
-6.775895309140125
-6.814162414520748
-6.799738602619924
-6.7926894363469845
-6.799670864636344
-6.798794758175029
-6.860512840920733
-6.818108326944937
-6.826168318462469
-6.835161393064744
-6.795569968858874
-6.8188335089255325
-6.781228817929868
-6.839059371013274
-6.844258374468071
-6.802776737810084
-6.866059183421183
-6.804799896619156
-6.798555402960369
-6.814399200772797
-6.801410299401036
-6.811308437378891
-6.830835397059864
-6.815891606845445
-6.799113476688882
-6.820578017525242
-6.741470503488995
-6.871112498749359
-6.788107934527679
-6.76448507518856
-6.855976886797916
-6.8130949501511555
-6.875183376877472
-6.888218600619348
-6.825109153592995
-6.812970575243246
-6.817116578209962
-6.860182944373533
-6.792671236881323
-6.788295772087342
-6.83106871599606
-6.841067062199684
-6.815558678744226
-6.869609452454234
-6.847561806523484
-6.84358388279421
-6.891966650356612
-6.776071493606956
-6.8632406658971306
-6.825959768609924
-6.840593609390327
-6.785881884298909
-6.837703720123611
-6.83282397826108
-6.885888651037696
-6.843354358027722
-6.825725392705458
-6.876229948291632
-6.860890542995519
-6.865581807816806
-6.766283774185786
-6.864173695024397
-6.821884352545718
-6.8719525211566905
-6.862513693642015
-6.8521593860965995
-6.814981610293062
-6.7953748973847015
-6.881795824550308
-6.866869884530802
-6.8535766428679175
-6.806836567306343
-6.883007288277302
-6.818341631901749
-6.8467495249034975
-6.8399837956847795
-6.786465896675579
-6.806072889852264
-6.865525410320315
-6.785183920028089
-6.7628827124761886
-6.805738590115232
-6.834575069091436
-6.874224905852889
-6.851137522719657
-6.8265600946832325
-6.781016067449399
-6.868078906306586
-6.898826631054769
-6.857445697589146
-6.863514798637057
-6.860280644584915
-6.9205868745853
-6.807026922094218
-6.821035290999316
-6.84824044651935
-6.878313330080633
-6.867552489706107
-6.846343933822097
-6.8407841976276105
-6.924876598026195
-6.901964624897868
-6.8514127113425936
-6.853989953522159
-6.87702309286458
-6.908602505281992
-6.8965749738697415
-6.819399840682334
-6.835768563493858
-6.887423882876708
-6.856573222134577
-6.879404703305664
-6.884278111426378
-6.808545604571615
-6.83627776643227
-6.89303435153513
-6.915562049198505
-6.883583920255124
-6.858509752305505
-6.872095783478968
-6.886030204888647
-6.8300782898130326
-6.8566928964289104
-6.9036094183527075
-6.909577055048299
-6.870055353572977
-6.829337637109572
-6.874903161645538
-6.811099679536344
-6.886728747952191
-6.875582041068272
-6.920604531193972
-6.873487081887358
-6.907723856192182
-6.860661129279649
-6.9330753059022
-6.915892847334648
-6.886241522944913
-6.9512400721531185
-6.891596308918704
-6.922629226054596
-6.925777535173087
-6.922168594335179
-6.897137902986066
-6.888196056785969
-6.888488457705411
-6.8543079411004975
-6.881897214409715
-6.914571714795766
-6.919832318691181
-6.920740068288946
-6.84553401113601
-6.887559746963294
-6.940263696312214
-6.863799749263108
-6.863144444951722
-6.871080372662817
-6.939475185777049
-6.8820379046210265
-6.900235831832859
-6.961833734018838
-6.891028215862846
-6.8786871511114995
-6.977784386317989
-6.8949675726357675
-6.8599133369072876
-6.896736224977808
-6.906884066327033
-6.9118360790056785
-6.936019785131298
-6.894980376133562
-6.967383945912331
-6.992929769033072
-6.8937285141862334
-6.939358245529205
-6.890083275379093
-6.924483054618405
-6.864922301918179
-6.891713380798871
-6.951199529244551
-6.91015979309523
-6.918860033961318
-6.977579182668769
-6.929780126543452
-6.9416836419174
-6.915316996955437
-6.941155625132698
-6.908212550097895
-6.913352338435164
-6.845850218176867
-6.952749960653077
-6.819592552926641
-6.952361566796974
-6.963834121806899
-6.946229485217247
-6.955476513479209
-6.907191539903258
-6.914828714000861
-6.949692005492043
-6.898926174066775
-6.926116572605733
-6.898412632718737
-6.892271865862924
-6.950887366138826
-6.894797350223506
-6.950646233789718
-6.956094168883294
-6.962515163214281
-6.948090972617071
-6.940914282797843
-6.972671211043147
-6.880719283728215
-6.921185590234138
-6.9764325766372295
-6.907782194738741
-6.8916255457538185
-6.9138275534075495
-6.969977294776069
-6.927659192505496
-6.914432509199241
-6.906363779955185
-6.966049092433273
-6.918434204463058
-6.956776115473187
-6.946333338362438
-6.951581464512053
-6.94913527374233
-6.921487854466967
-6.942966382225591
-6.951170330678602
-6.93225625712845
-6.972954646540194
-6.920378398776323
-6.937432430549679
-6.908597373541863
-6.95614323027839
-6.8989020257374385
-6.951695559161353
-6.989393334666639
-6.974840069536903
-6.926009058900488
-6.9891868207377605
-7.00191786894747
-6.960298062043375
-7.040292226129309
-6.903709158443161
-7.010454101926739
-6.954526458425164
-6.971253881520382
-6.958400230836213
-6.992594281297588
-6.928690176827269
-6.945987118760465
-7.013380803542876
-7.01032056665119
-6.964218642461252
-7.029845722657547
-6.9939331636235496
-6.970357442871405
-6.916545584555315
-6.995377045508954
-6.990857065182927
-6.963920625360288
-6.986090155766259
-6.959922268540587
-6.958275955382551
-7.006737303272164
-6.976101772976387
-7.0273835412144825
-6.830234516024018
-6.984103120101148
-6.92590079652601
-7.011661326076518
-6.9398095259045425
-6.973095905797321
-7.06823890038404
-6.993435328881574
-6.952301164259834
-7.067691402174579
-6.964949055422885
-6.85793455117381
-6.947329150282581
-6.962366570319148
-6.988423915196046
-7.005459380944685
-6.916203719841285
-6.944651691407815
-6.9598332752778695
-7.035432880886484
-6.937350579839766
-7.009803677496404
-7.004797720840786
-6.972638644985281
-7.0234068889556625
-6.800198607383959
-6.986370123788482
-6.954880752543083
-7.063142095380204
-7.012978654352917
-7.024638344881234
-6.993060617228555
-6.8420823035075236
-7.019621767264699
-6.996671592230084
-6.739362621797667
-6.8577556604472765
-7.038768830193352
-7.0437077452987324
-6.995592981095576
-6.993458193736145
-6.962109395373033
-7.016276456622496
-6.973856694099322
-7.026045158565946
-7.059058016410269
-7.020213745490256
-6.941601769153393
-6.9905129832145185
-7.003319311407828
-7.013312536602361
-6.960495873479144
-7.0687342766044585
-6.978280135231803
-6.957021142612696
-6.994364559664817
-7.007889915948112
-7.037039538428478
-6.99253332870223
-6.935284660969422
-7.019874925780179
-6.9613038816122845
-6.9728569350594185
-6.999640117259485
-6.9937646112382374
-7.0308572794336035
-6.992404617564209
-6.95795256664986
-6.9716542694390675
-6.978836113510839
-7.009810158935757
-7.047800619694313
-6.992097877962069
-6.97670479365506
-7.003866249859167
-6.9663632134805376
-6.996918594954716
-7.078480457855097
-7.05894317924459
-6.986752133189855
-7.047387899754951
-7.04778143718242
-7.045173454055953
-7.02574284934207
-7.093754510517647
-6.98899410005179
-6.9952851696501925
-7.054141397292979
-6.92779638227369
-7.039829869629443
-7.050374290362564
-7.022052694734969
-7.070876078243202
-7.042348348074738
-7.011354851186858
-6.969184584330726
-6.779240629911257
-6.9349817701029925
-7.026099653223986
-6.9882702537816614
-7.039462175283491
-6.8504955329266055
-7.065385581311111
-6.986588670657655
-7.038773332749227
-7.0929582218007425
-7.013943733859669
-6.968234822866615
-7.090100099466686
-7.044927686650422
-7.057254811195403
-7.046671526240829
-7.03956420531722
-7.0278930086467994
-7.014646348125691
-7.109136178851419
-7.0548837326869505
-7.113343273758961
-7.045815830247792
-7.053897044654389
-7.015086729970218
-7.011744948297928
-7.0758687816641075
-7.047191993783328
-7.040742037519528
-7.054306080471432
-7.07270172791136
-7.055747091549344
-7.057684614653666
-7.013065127743156
-6.998500248247412
-7.0576898540049875
-7.0806661556081
-7.028786159139665
-7.041869070329873
-7.03711333487264
-7.067115136881731
-7.021991853838838
-7.089914694387819
-7.022112796585886
-7.018786967563466
-6.996677647253026
-6.997365677786885
-7.09709164394372
-6.994814236982977
-7.100237682207925
-7.093912637606009
-7.095034362565554
-7.057699361263774
-7.044109528105088
-7.1076852886919175
-7.083529888608118
-7.050981049558089
-7.0006287816502155
-7.05818637920062
-7.105334296368543
-7.070983278529521
-7.14031546547292
-7.115945801160763
-7.094936369718392
-7.074589206249084
-7.085082850891552
-7.045806549981134
-7.123265039619186
-7.084178056440969
-7.10404866415745
-7.059635371154371
-7.064333007096071
-7.064182669629893
-7.102074820025151
-7.145001138967825
-7.075275413517037
-7.081274436844893
-7.0501230867647156
-7.077746314500058
-7.078443366658256
-7.025463781930663
-7.082953555403143
-7.095234512523712
-7.099319172567779
-7.103887756874356
-7.036415578710586
-7.070866778498152
-7.05238583813599
-6.977944633097322
-7.090978314484325
-7.039020978169653
-7.034037888775038
-7.05034760279376
-7.023511046624231
-7.040625090953253
-7.038815259047974
-7.081039393359018
-7.020216123422189
-7.046931872783901
-7.10303908673238
-7.114378019225194
-7.108579165978189
-7.118296081221729
-7.045958478281455
-7.1066438293105465
-7.067819554766842
-7.0721261564352815
-7.106243816086799
-7.0944477644453166
-7.062623539630273
-7.0761583545369895
-7.154703383222955
-7.098390885637426
-7.089963888022121
-7.065515468832844
-7.1362980357815
-7.1556624954627
-7.093712912372036
-7.112918064705228
-7.142342721331807
-7.080786464147765
-7.085476100944722
-7.119927809311914
-7.161517573765102
-7.063295989460347
-7.113548510185487
-7.1096199911084
-7.112818173449412
-7.074601916193389
-7.118618848296814
-7.159595518897011
-7.1318616588594015
-7.107556589543761
-7.112809676110182
-7.11906573840011
-7.225850724256524
-7.194375306757621
-7.2035062040956435
-7.161485748007539
-7.1486949365109105
-7.140227664623926
-7.102233241882854
-7.091129389846479
-7.067559118907079
-7.067220638726106
-7.100677768162488
-7.11793902483407
-7.134838194120039
-7.143011277973672
-7.1809027301216055
-7.082862234117565
-7.129725472520907
-7.217186269092898
-7.152410605368427
-7.195829506114684
-7.147933830238222
-7.158352708786933
-7.181496015917813
-7.194161019792239
-7.145301461702125
-7.16574891442245
-7.059231300677158
-7.159165402154881
-7.120941795293918
-7.142151889099917
-7.163183763505014
-7.132914665163004
-7.169322004307924
-7.122468043260091
-7.102861920041673
-7.201224819299589
-7.136149403557969
-7.195996902576173
-7.14001516565878
-7.200569624984144
-7.190731714146598
-7.155825345007658
-7.054993614143375
-7.16025090816637
-7.150534115672925
-7.11252496439598
-7.0800911614120725
-7.117459087697284
-7.142983789397985
-7.16517694680773
-7.193383229913721
-7.136128556490078
-7.103129845582139
-7.131307481575384
-7.156640839332822
-7.2095479171929915
-7.1694208424574475
-7.151941141028752
-7.196370162985613
-7.21280550011064
-7.124274614895587
-7.154198374498112
-7.176934280307503
-7.208053617792766
-7.115946384173414
-7.152672516332003
-7.094509738730785
-7.139974002125713
-7.097547054734559
-7.235698064441535
-7.159235234745373
-7.150342132689016
-7.146219819614221
-7.113091073832591
-7.185645107734647
-7.143500312192501
-7.170370315863969
-7.202580843565809
-7.164782388795775
-7.14549226139944
-7.175144431970195
-7.19209140097173
-7.20124887038293
-7.1984406625526525
-7.255489735211643
-7.218940582238087
-7.2311579337409
-7.108887047601114
-7.032555906578537
-7.182853222806104
-7.2192731867372135
-7.121706780042586
-7.201974631656876
-7.207831882876573
-7.194607293926921
-7.169674396391944
-7.158355765509279
-7.15089949389672
-6.997748035613874
-7.196488974697804
-7.2259286744536855
-7.153817815447422
-7.156321949293782
-7.168619469780348
-7.227493425871024
-7.2264347136971345
-7.12732184542412
-7.162868774464676
-7.188149446668148
-7.1534453054637686
-7.170418382941517
-7.214692952924913
-7.173926408169866
-7.1793908094212275
-7.164243099254091
-7.1715277132546875
-7.19218321908936
-7.182309638644083
-7.2209951314868555
-7.171531920314725
-7.211621510409981
-7.1889742312491665
-7.1544460570239075
-7.17183529616796
-7.16265412492746
-7.1998660495308515
-7.132347243600816
-7.181105552643858
-7.244080951440036
-7.180330525296802
-7.161727184877922
-7.271885438872996
-7.215096859453388
-7.2614505412099355
-7.215244119186147
-7.204653943469011
-7.141739562968841
-7.230120980201349
-7.26426006460504
-7.234548004547147
-7.251273597912192
-7.2374246997521015
-7.216119458095273
-7.220376375424021
-7.292012397950504
-7.2781972744180905
-7.274436409087144
-7.0820916326509895
-7.239109171653713
-7.234065483355831
-7.2059030983054715
-7.247558929602306
-7.27265866390367
-7.234951967131872
-7.198961429090939
-7.247714984470777
-7.192789512048771
-6.983080569647211
-7.252691705124696
-7.198031927314872
-7.2414456922918635
-7.259882030152065
-7.222211524254823
-7.205389905361504
-7.243912209317234
-7.176636963902769
-7.243339808128067
-7.244438177812637
-7.30242151382166
-7.18503867352864
-7.190381246513711
-7.282546469173555
-7.167834834990142
-7.242605280267759
-7.1407122995005565
-7.239921336177142
-7.301076484514367
-7.201910284897739
-7.196494834105835
-7.259146300816278
-7.273273090056268
-7.245493525613758
-7.343328935910392
-7.2617802966322165
-7.2810638057960295
-7.258130034989165
-7.247709928270297
-7.28671154310997
-7.249940891357745
-7.306250806948604
-7.262918053693676
-7.178566204297091
-7.226265114631625
-7.232326721336872
-7.240197412908536
-7.2222705670552205
-7.294184506478013
-7.244221271725057
-7.30603041046884
-7.178309110674076
-7.286392998262926
-7.190714868005988
-7.246530503963523
-7.253433948988544
-7.190825185383551
-7.251693617342709
-7.315047599160891
-7.267388195971397
-7.342977354174618
-7.260253855377349
-7.248285203576521
-7.267254843245492
-7.3152758948050325
-7.314412687523964
-7.2320792197822215
-7.2576730167396235
-7.26093985660192
-7.320674728520647
-7.295050508298235
-7.270679436960838
-7.255614948428702
-7.256689009685473
-7.314737605699236
-7.293079946121235
-7.22220943796109
-7.284880333488243
-7.292746895458645
-7.34684261905895
-7.262474757011899
-7.288258039101549
-7.239078770785145
-7.2972578580085825
-7.354894402792595
-7.311428065741023
-7.274353333913623
-7.306526708727033
-7.239264342670315
-7.227906516484726
-7.28655305563412
-7.1992411002395515
-7.3464341590199895
-7.300578894921644
-7.309748758463055
-7.323398995696401
-7.334505113262598
-7.279728234783092
-7.289886035284262
-7.379049839848752
-7.303470416641798
-7.279496532139838
-7.249009899141185
-7.288990905795678
-7.325155563316606
-7.330497649135118
-7.316463049566528
-7.293012347620389
-7.30205095508578
-7.272751536547265
-7.315392270425872
-7.301068760825174
-7.307538127208412
-7.309900602704305
-7.288413804949183
-7.2790436436198505
-7.296562795134569
-7.331961502929696
-7.258704300073292
-7.258065270978941
-7.3444586218622945
-7.297918016171083
-7.335680125837972
-7.3541359769210475
-7.280892632020748
-7.295516480259538
-7.309730997565097
-7.274968835020504
-7.373088346765677
-7.303195542698134
-7.31295663116059
-7.30152575719976
-7.245048161871039
-7.271155519910488
-7.313789233714722
-7.199381852705334
-7.332024659099753
-7.288168667494983
-7.197840139823845
-7.34914563879256
-7.3680595729691225
-7.331988855713741
-7.33457657691036
-7.335077454499267
-7.237237771934339
-7.236978648537519
-7.26219499373753
-7.341755138847545
-7.3086945409942565
-7.262351586825602
-7.304907775191992
-7.322975628888068
-7.298673600557002
-7.352367075537199
-7.275195967474264
-7.304987457845215
-7.333647728854193
-7.310502129277373
-7.298715592264123
-7.231365318434017
-7.303596979153835
-7.2791229068129795
-7.302622980293392
-7.304358190448965
-7.2696393586302905
-7.315468022502209
-7.21544539675735
-7.259919319065746
-7.325619540529447
-7.29851121314684
-7.31026935454632
-7.295287214589144
-7.345457014896546
-7.343269708742179
-7.312444088291511
-7.337068032921671
-7.342000600301367
-7.345250525605618
-7.3336639400922286
-7.344504908329282
-7.374300513833593
-7.308899036095392
-7.35469534508351
-7.334271497726881
-7.374184929769048
-7.334397024469671
-7.367162471603661
-7.356153417359088
-7.371245104218028
-7.360869668426372
-7.334245664263851
-7.3366023844584625
-7.307443796584192
-7.421181465239839
-7.340052097111266
-7.399297824288422
-7.380635151577792
-7.343714348481092
-7.280525482466982
-7.344144878880155
-7.348421422744263
-7.390833392509383
-7.351734767524924
-7.383624547889923
-7.390292064596382
-7.341746754514656
-7.4112450624918695
-7.349440013628623
-7.42082182441735
-7.348277178492244
-7.427104965158332
-7.310303251758798
-7.340679690880634
-7.418349613204993
-7.333552677581671
-7.357152193480449
-7.360045747368587
-7.370947004552301
-7.346826357517351
-7.396311483224451
-7.337973941112878
-7.39177664103479
-7.348435132953558
-7.375069726271256
-7.408150533418141
-7.373641043345057
-7.333295188069679
-7.261213313183783
-7.291796008393996
-7.413722596428127
-7.377085428202783
-7.317921812792964
-7.387890062499349
-7.396163038703617
-7.369116324447974
-7.380654045009081
-7.3377093682011
-7.363191985751536
-7.30532368353656
-7.375821901674377
-7.337709741317288
-7.362483790602413
-7.368336523546059
-7.310694475256009
-7.334377187301381
-7.4127615887534875
-7.435972968823709
-7.41008241538122
-7.431585854003157
-7.3521199720388015
-7.37722738516853
-7.343623023011164
-7.3710717373780525
-7.398254530477104
-7.497194546225085
-7.3743546870686805
-7.418438661274422
-7.389758303749592
-7.435368870726717
-7.429663276254212
-7.468963473357601
-7.39018315954139
-7.4423051815381855
-7.398714886082806
-7.376186346160002
-7.378246602241879
-7.4390021408612
-7.436135666782303
-7.372092102694754
-7.405199699951175
-7.426016747542125
-7.378625142102108
-7.404296866351077
-7.445920608983056
-7.421439118871106
-7.337361483522622
-7.382447665374842
-7.529526571728725
-7.434409337504718
-7.442144537822113
-7.411251471891063
-7.415293137802296
-7.451821626275346
-7.468221564254655
-7.471105871277776
-7.485345376600776
-7.514882190274041
-7.422431086826899
-7.407553812744614
-7.4214512606523435
-7.426617218492658
-7.46108374802317
-7.399912282731539
-7.435809464424013
-7.336091664420045
-7.43859101300229
-7.391646032820264
-7.358630023891954
-7.448175122994816
-7.429009140918831
-7.447362129685354
-7.4182401467489
-7.503093447874746
-7.485345910768416
-7.45373055771984
-7.485492709729572
-7.464199625527559
-7.407289015850093
-7.403282697192457
-7.444326281027013
-7.467662016724976
-7.447344294224308
-7.501819283767244
-7.433946025222742
-7.469047108829412
-7.510484808493766
-7.434230042389323
-7.504007062707661
-7.417694791161053
-7.501394550057791
-7.488385391395724
-7.578577964235506
-7.402870605041875
-7.434521010680645
-7.515449090652442
-7.443517311839166
-7.461291798521218
-7.569406110760418
-7.5528145980629935
-7.408847686403195
-7.467137377138741
-7.449964708983328
-7.492874028297425
-7.491662350183631
-7.461820097873534
-7.435517504507077
-7.46186895770902
-7.463422060252026
-7.490911987406517
-7.438160458177176
-7.577155536310828
-7.532115761324829
-7.459867129680717
-7.451190985600501
-7.490374904698186
-7.500233505985787
-7.444627319642153
-7.533181804937448
-7.468203810839576
-7.464589712492885
-7.477436231649304
-7.451658456125326
-7.4714826606032165
-7.491776691376107
-7.393822256159919
-7.49359166296031
-7.443589327390844
-7.4576920440767696
-7.492999642437567
-7.464207633721935
-7.492535893664284
-7.552698771557826
-7.44413024623914
-7.523806074299962
-7.52842525830389
-7.545045100626249
-7.461871154187122
-7.450330598008079
-7.459555525652215
-7.558822773981929
-7.571924684659682
-7.483651013447747
-7.5379563243315095
-7.449275886806975
-7.545479406946493
-7.534627683080139
-7.541425681495088
-7.559374122219875
-7.491277398330297
-7.528002240115575
-7.5724916605072075
-7.537889113394607
-7.555419341830625
-7.595244146888182
-7.541543034975826
-7.5588310932285285
-7.563205912653476
-7.452284864360682
-7.525113369118592
-7.5417453360560955
-7.546180837580099
-7.514273024249632
-7.5704162457816855
-7.470606468849411
-7.531390872704788
-7.554352394002752
-7.562559777923143
-7.6067758935238645
-7.539142667370412
-7.559727676697868
-7.609756860547204
-7.620123981057486
-7.592437027946317
-7.569989899701503
-7.547840641522008
-7.53477725615869
-7.52175191824565
-7.611170447452482
-7.540779993682013
-7.579889462079196
-7.550047827624707
-7.526634706769548
-7.510866040953063
-7.566921633162065
-7.606800610402461
-7.5937642013649835
-7.582020485583833
-7.509650816348669
-7.545693801513564
-7.575037090666891
-7.596408909431867
-7.536469632870499
-7.595079119434683
-7.526992935084303
-7.601979888180558
-7.528570567414985
-7.54524608834404
-7.588952621440292
-7.600051121237366
-7.513617268071643
-7.578252087791693
-7.5958747126075785
-7.596251988281037
-7.539411714984107
-7.5689087180388235
-7.600342659127242
-7.66964044890389
-7.679920483512705
-7.549954724152267
-7.583566440122708
-7.556131909631659
-7.559099189816718
-7.573066081619719
-7.622955866612539
-7.605884141860416
-7.537708447184322
-7.6233215988893
-7.7252396641042
-7.592233735564173
-7.624603966974431
-7.629566898740044
-7.550929302437007
-7.546531840011993
-7.575681415024973
-7.613764193161067
-7.524337967670171
-7.558974109236371
-7.542142929302404
-7.570160096798869
-7.599778328508002
-7.646061470016503
-7.606375636678201
-7.617518513690854
-7.664895454288413
-7.674650370810444
-7.6005114294816885
-7.553498932812822
-7.583971291056409
-7.552613202885867
-7.5565367943694
-7.6529120251833085
-7.62561954162877
-7.536407798795903
-7.677557276835668
-7.546240894795166
-7.714552575812617
-7.586344684021158
-7.52327751595992
-7.6212376807357955
-7.611193592840748
-7.638492828049472
-7.611787344634189
-7.6008753663535105
-7.6463622721484485
-7.669681864588117
-7.60864073313801
-7.579832775092751
-7.537202082625832
-7.601368970049136
-7.552549554856786
-7.647366586233537
-7.6902886858956165
-7.618044817444697
-7.560137630030315
-7.7261946158072226
-7.659687047576293
-7.597253377571362
-7.634831008868416
-7.623381735099191
-7.674953242494709
-7.668355949694652
-7.682176226881791
-7.678165606679852
-7.6296772248551
-7.1491590760255
-7.670418692520622
-7.658846587387264
-7.487425074765217
-7.553025432199234
-7.502838880153719
-7.379855674506047
-7.300050743499931
-7.2625840326307625
-7.145341415085557
-7.085639420048489
-7.050899937948471
-6.860588440206321
-6.7921071613026855
-6.7899618626251526
-6.618534957426871
-6.73293333782255
-6.612926529334387
-6.605862098987328
-6.703630993582134
-6.62227688133288
-6.637092685510101
-6.682605252477891
-6.781573610143905
-6.7543277172927505
-6.734125780127053
-6.741647164321605
-6.980314529420801
-6.929482749583183
-7.019292641668071
-6.999156074193535
-7.046094822177925
-7.053282468478871
-7.027089320720425
-7.036407905259619
-7.227344085576663
-7.143670850698427
-7.145020244274227
-7.332145058504555
-7.2061380263652275
-7.2102341485395245
-7.2330256606293295
-7.214025488952252
-7.373300818027911
-7.297437599370531
-7.312185048848844
-7.302423776198187
-7.387436862658319
-7.325731460789758
-7.407095633799431
-7.391470072915649
-7.422731040131322
-7.403056341685563
-7.493218538334827
-7.342029218037782
-7.436600310644302
-7.4572321222850695
-7.442615538677939
-7.431693207329239
-7.432996804891475
-7.4940310894677715
-7.398376694625805
-7.507862880355728
-7.605885199578634
-7.457755949831547
-7.447093287027041
-7.570551693320356
-7.543155947426175
-7.493314938357938
-7.562847244530173
-7.519215417970762
-7.507105505493609
-7.589336596370806
-7.568568564614039
-7.584503849541813
-7.525443034320279
-7.536152605942582
-7.556305823177681
-7.572706260464248
-7.552960189811433
-7.539729272774306
-7.589265951058059
-7.568713046518524
-7.61284385521187
-7.528157181822731
-7.572462785943853
-7.5260661647467915
-7.544848872142841
-7.486654770158826
-7.551059818294711
-7.5545823055648675
-7.426216976067739
-7.581799343413751
-7.611738876965615
-7.599668926475757
-7.6124504417763506
-7.576041610018695
-7.605246116254282
-7.555843028206723
-7.544703013302886
-7.638606105507138
-7.609138431416453
-7.681793630814596
-7.511537774071717
-7.664587874826205
-7.601709876815381
-7.6398152285140455
-7.584852231666519
-7.651672145614045
-7.644827648603908
-7.599561992723256
-7.656552487535905
-7.6277012284056855
-7.579407237914765
-7.692053062749139
-7.60275059145911
-7.696997469190382
-7.6878462625523385
-7.715378901061946
-7.627534448520999
-7.674155383121903
-7.716804250893343
-7.6658234691917615
-7.637875329281063
-7.714381238937797
-7.6722806875785245
-7.639246811092734
-7.701385946926101
-7.663093975984637
-7.693822621061141
-7.682983289620191
-7.630341655969092
-7.7669736448274085
-7.685628776062346
-7.644358411733497
-7.628872032446797
-7.598339933689648
-7.640770776833908
-7.596629296935558
-7.679019100967979
-7.679392895752563
-7.650096441480177
-7.726942705897109
-7.6956886166919425
-7.700178082427152
-7.64263433751632
-7.696123545346137
-7.732114856297695
-7.726532156417793
-7.686744381502987
-7.6405237906922014
-7.672232918066264
-7.630448954565406
-7.6423427707419584
-7.630228886391655
-7.702089624051375
-7.699790251087966
-7.6604562790604325
-7.636054762772497
-7.684014269782233
-7.658273525057344
-7.717775238019155
-7.671996159624737
-7.6447503420821565
-7.637810878976186
-7.6353287449356175
-7.784321491397332
-7.68438976627582
-7.623490760516834
-7.613279128549272
-7.6656949270188335
-7.643151451609498
-7.626848637420844
-7.658771969576752
-7.618829687359412
-7.672207739233951
-7.731389721751103
-7.674222851200241
-7.644533587821916
-7.755561927548392
-7.7013688209157225
-7.692929723303911
-7.7277217667081715
-7.687947042006707
-7.732232997052282
-7.743688409444534
-7.655898965587688
-7.644252908131991
-7.723206619746836
-7.744827953456479
-7.718761897326376
-7.696686477271965
-7.72297284983343
-7.715657307137464
-7.706560819201918
-7.708131784417046
-7.743052337304912
-7.741006546689099
-7.726411781352586
-7.717583721225144
-7.730448537084462
-7.729442081170731
-7.754732545374562
-7.7204049172382
-7.7478057867737675
-7.713556344119912
-7.770710157398733
-7.714917637165662
-7.703274072929201
-7.722506188900036
-7.734752146079156
-7.710190973174007
-7.765677859728493
-7.659312717219084
-7.74788249960519
-7.599593687624372
-7.744292053048577
-7.74162402701346
-7.758763706115812
-7.634675717607348
-7.737265632808579
-7.720381938400083
-7.702284702007171
-7.75697309572294
-7.742325926184842
-7.735055763166445
-7.69329115747102
-7.768251723459603
-7.692651994211561
-7.7679664065014755
-7.7645961807101775
-7.4887191469898085
-7.644306750722902
-7.71584933056341
-7.677410882476025
-7.75872615358173
-7.84178688433488
-7.7307886798125125
-7.721861900044562
-7.770291338077936
-7.715978253148798
-7.795961658861247
-7.6826506654753395
-7.7853158516981456
-7.741332966615801
-7.742696316243495
-7.742998615637077
-7.790813495593437
-7.738096492555859
-7.8180073292587045
-7.7368721402404645
-7.777598868350596
-7.762510913037438
-7.725571788963141
-7.761708923432417
-7.707008019620649
-7.773501696504418
-7.776673894422261
-7.780207427073797
-7.727160959200875
-7.757992669785452
-7.799060785810434
-7.814953898702996
-7.717434676934191
-7.773315732260831
-7.727677498580997
-7.792973884442296
-7.7706430507881326
-7.773073674065372
-7.786371585351052
-7.792407187282648
-7.831487215195935
-7.561321705809637
-7.713224099789369
-7.7711844956640865
-7.7317144201739225
-7.8214238311461095
-7.752476062288122
-7.730404874499382
-7.786985140374639
-7.807051134989189
-7.803043274663778
-7.708319798421023
-7.797012404158308
-7.882840270540218
-7.827589219739988
-7.805192665835335
-7.777364422740693
-7.797945459147889
-7.796921816058874
-7.766800862777837
-7.762347283210497
-7.762110261837887
-7.7584608074559585
-7.758523357209673
-7.786972044918237
-7.747488881706483
-7.886484235584177
-7.760629521354253
-7.640712404803721
-7.785257274251734
-7.807153271752604
-7.765194911193338
-7.683396482969252
-7.774138175605652
-7.80305264776873
-7.817457799247304
-7.732133295791259
-7.795527905128731
-7.868883490281475
-7.773499124773422
-7.8177478092343735
-7.753884645767517
-7.760232841679097
-7.832560344669449
-7.775862924161003
-7.763207457426343
-7.800830185824411
-7.825056392564718
-7.753844926341097
-7.749961235236416
-7.7731296579902285
-7.7627190394941525
-7.780164050464316
-7.853266621895219
-7.822966127189507
-7.744694214200871
-7.809202822118682
-7.815146856472445
-7.829668809399793
-7.83113033567533
-7.8417546252530546
-7.769071265841631
-7.816773499987909
-7.778503690951398
-7.833252592820767
-7.809815890214921
-7.848411770581343
-7.860778472912071
-7.793399678154869
-7.814873414632351
-7.8639218093075804
-7.779656783107858
-7.78709819272785
-7.782623753768722
-7.822543524456545
-7.844681268772965
-7.791831900007904
-7.843106842647034
-7.7941892212145945
-7.870125875889194
-7.834492347712548
-7.846113590558054
-7.828093655188983
-7.800998572780971
-7.858769098146777
-7.765894505078442
-7.833523053470856
-7.772097840408695
-7.796517164164044
-7.840709044348722
-7.847797513593697
-7.813091705247721
-7.8428487782026615
-7.767384024732317
-7.780955497174834
-7.899223078436004
-7.8578472380894375
-7.779832607635753
-7.765412488145252
-7.708366563277895
-7.846467522884388
-7.819169349404915
-7.888247114040185
-7.850737559664196
-7.820283729017809
-7.7698989732347785
-7.828757842046574
-7.809467063164249
-7.853132020896507
-7.785490178044428
-7.851953244055834
-7.778279026858119
-7.769218162099792
-7.80749584925379
-7.785147171179472
-7.796848391943287
-7.857975603497948
-7.72294267088557
-7.80528892313385
-7.825347712541191
-7.7863464582118205
-7.787942778541276
-7.905276104145884
-7.811682423988093
-7.834229096374802
-7.882837798505953
-7.788949060965563
-7.79539655953544
-7.850241275031263
-7.755061677683393
-7.8699194621684105
-7.913358561705097
-7.815677838699061
-7.821622225494773
-7.777433349920308
-7.803131239079855
-7.84675399909404
-7.835947889580983
-7.799189452044461
-7.820691233163503
-7.83537820360223
-7.826918636413083
-7.793004709320613
-7.795683552939289
-7.782497642749916
-7.894662567924567
-7.951558045996342
-7.796334603500447
-7.859687669116674
-7.837582489466519
-7.84984598653154
-7.936935843999123
-7.834539246201501
-7.797944664317362
-7.822894908321024
-7.88939955493677
-7.848639875221967
-7.820394843790506
-7.814833770438295
-7.913750402731139
-7.837730181972545
-7.876776107159633
-7.845035092724988
-7.877132502466613
-7.9228133207262665
-7.811595160525946
-7.8223036462862146
-7.859089630395189
-7.856871864241956
-7.8191394647714665
-7.8717022948862585
-7.9151833818865285
-7.809279384351806
-7.837057233337069
-7.8447472760817805
-7.881615667464775
-7.7886958421089965
-7.868102941401293
-7.802601812269927
-7.889407059995567
-7.6848897146088255
-7.853428697246023
-7.893893215325711
-7.822127901003255
-7.6315148038848
-7.890476869612015
-7.844981979732992
-7.871351505030336
-7.944561211207537
-7.834447737866846
-7.902218393475966
-7.8002008626815496
-7.798994627534023
-7.818400090525021
-7.827837269765379
-7.910793222370362
-7.800140134261685
-7.743729508059615
-7.82160675758904
-7.828372780857769
-7.820611775705224
-7.734111242237822
-7.782449285976284
-7.791769220960792
-7.8000834523617515
-7.74581487927783
-7.728778029410049
-7.7718614454829185
-7.691431097627312
-7.800396731541344
-7.8049220778282535
-7.825426592916433
-7.80946687086309
-7.813377467722718
-7.786145509582205
-7.824463734552345
-7.889496657971832
-7.787467451610131
-7.79953119540278
-7.83945830226249
-7.857646473181217
-7.7813577050059894
-7.824479872786252
-7.866300328114237
-7.897079850528087
-7.8239593879616764
-7.752515592202849
-7.848799802591933
-7.7574761441499795
-7.894161592657214
-7.937221300649402
-7.858378911643183
-7.927432601855753
-7.892485642777757
-7.900825079151061
-7.906958144488572
-7.9845963093154255
-7.859576494272497
-7.9129169154952015
-7.860163427008384
-7.864432280402402
-7.949412695252018
-7.9067321477339
-7.888324148176356
-7.918727287662328
-7.89211357647617
-7.87671985661483
-7.892228710374335
-7.884367619142255
-7.886029405651624
-7.936248842323668
-7.869626301348035
-7.928777784454232
-7.882902791404439
-7.847092111426028
-7.927254356494103
-7.927474111344157
-7.8598281739459015
-7.831150450878955
-7.9703074384500985
-7.871846435042278
-7.8609249243253005
-7.932966633361478
-7.927192418355969
-7.9396506551659405
-7.848427502616298
-7.969070232927095
-7.878993847017355
-8.007086404856228
-7.933820750170603
-7.993104021706554
-7.9472834419347045
-7.859112087580671
-7.936773591508443
-7.920859364174753
-7.895083235164833
-7.935362701556442
-7.958423139769649
-7.88116205365096
-7.896431196848332
-7.95314697119816
-7.978456612430185
-7.905955215326045
-7.836297789829762
-7.951646668618796
-7.849142169661019
-7.959146377832531
-7.945674808530312
-7.875178204950007
-7.923126997278921
-7.963251557561017
-7.870909396164705
-8.006932518091272
-7.953001106179201
-7.9576837859631695
-8.022026468492447
-7.963285139765579
-8.015100905412066
-7.958366398380047
-7.969468889575089
-7.982039908350919
-8.017382312838105
-7.941359749251342
-7.986279987992042
-7.903898474274401
-7.945876929710366
-7.889475012316571
-7.9485577536445895
-7.928049143685178
-7.713015137384168
-7.922569018646479
-7.964556928497034
-7.896713562441848
-7.9051818555589
-7.978930427835367
-7.937127233866412
-7.934260201033249
-7.945037806793218
-7.96004035001475
-7.968136158363717
-7.979918893352142
-7.965426766804891
-7.995727772142079
-7.9477933565493295
-7.927371515245075
-7.923915410391465
-7.926582082714342
-7.906009363081792
-7.974728730002923
-8.022640041499834
-7.938394486040797
-7.995011421281973
-7.985763150827339
-7.972427318838368
-7.9562482723487085
-8.020112371479872
-7.890336689797199
-7.917792089016482
-7.911512078870922
-7.980468642186139
-7.99612012256292
-7.932007237134326
-8.070847053944801
-7.950129646857633
-7.9081233410939875
-7.984017725164809
-7.986616343674353
-7.884045563117072
-7.965816302188711
-7.926143284119694
-7.995113371945135
-7.998224690182487
-8.031585133250479
-8.015880111708062
-8.056550992220977
-7.966423264752622
-8.006348801630349
-7.9785998252263886
-7.9981792056576895
-7.979554465175922
-8.068871396886037
-7.976188984158327
-7.9944414536922075
-7.9968933451232465
-8.002731455743106
-7.969510518129026
-8.080374175988208
-7.980544998997887
-7.77678406492024
-7.820420674141997
-8.02664541065126
-7.787502836888172
-8.056944409721222
-7.661286441554312
-8.041008373414464
-8.016320542140987
-8.008571846521631
-8.023645243489494
-8.071408061440541
-8.083647799268155
-8.027196113589909
-8.095615546845371
-8.029117880856246
-7.913449939737831
-8.028903613744646
-7.972908523029975
-8.041947160101204
-7.988978204750648
-8.046125495182897
-7.9940181512498105
-7.96245011237183
-8.025104535227111
-8.059909968262055
-7.98507890578508
-8.03869006094663
-7.951535327265077
-8.015506118626577
-7.973932800513619
-7.960266628537098
-7.937983431263923
-7.962975971203204
-8.024696816984713
-7.989272284260146
-7.9448353353732974
-8.02657488511952
-7.939346215404587
-8.007984046471316
-7.954949786286594
-7.951304803305437
-8.088748219010121
-8.022923072081054
-8.047228648311588
-7.949560631097954
-8.036285397900512
-7.97935875904519
-8.007251604416075
-8.068691798408015
-7.9854618063052305
-8.059101730219048
-7.91394518296207
-8.013604117331838
-8.002967860031672
-7.985479626974573
-8.078090605896037
-8.098636117579819
-8.093164310248861
-8.07560909255066
-8.035494697404884
-8.122972297383862
-8.110746375750201
-7.984238499377601
-8.183864580328697
-7.967716322092018
-8.153669498016832
-8.010113859432645
-8.097917320111177
-7.984543568380447
-8.017407446213847
-8.01413587964531
-7.988677457210042
-8.012288234668828
-7.942823321563401
-7.846257708582428
-7.887473985032831
-7.8109216305845806
-7.71039619696106
-7.732222299307248
-7.725032042180017
-7.689790372751124
-7.725241974458732
-7.6247333135685755
-7.667151244507515
-7.588994874483288
-7.654243850148041
-7.598225093768772
-7.616069568267541
-7.544899929663071
-7.609694590173017
-7.728088208866521
-7.6491170508953905
-7.719235762479641
-7.7332439301535985
-7.7051231426545845
-7.740306337012368
-7.778478293578617
-7.723548750690378
-7.794728718777813
-7.846495043455031
-7.838164868978997
-7.769214678025233
-7.94749921931389
-7.8726880705884925
-7.904738114676795
-7.880505395873058
-7.888027372042865
-7.969103524807533
-7.948417178039332
-7.9228062900670695
-8.015540019944277
-7.978996514038908
-8.01543893957935
-7.996945754391769
-7.893065706050322
-7.96647467339699
-8.013888082382216
-7.963495978352267
-8.000440037070629
-8.023273373247724
-8.05853786601458
-7.943420456145079
-8.07540529958735
-8.073270305769782
-7.982422121761788
-7.999010009007392
-8.071761007923632
-8.003559942663719
-8.094751095974388
-8.03178843263752
-8.091781979172964
-8.096702436427902
-8.061883771080701
-8.056531700256125
-7.978119669789942
-8.010550839360105
-8.044159066501521
-8.127718563417359
-8.10908186264954
-8.032905185776045
-8.055400661256849
-8.092813878052318
-8.032672465520763
-8.129171010373371
-8.050117963024139
-8.059749171647063
-8.057429973062805
-8.074044376638538
-8.097400711855654
-8.090717224998365
-8.13742147060661
-8.096873974354963
-8.103885392846612
-8.110240008751713
-8.20578632888148
-8.157943414543874
-8.1116375541492
-8.096148825534113
-8.097486162636432
-8.101831801214598
-8.069692993534359
-8.160311229799008
-8.159542918056356
-8.109508363542782
-8.09701245602561
-8.129363820170582
-8.12203535255687
-8.135203106936038
-8.17149884778097
-8.151526585917688
-8.163413541806431
-8.138000326439414
-8.11263390018175
-8.117999457913728
-8.077821807045135
-8.14255446785825
-8.125079534547416
-8.138745974868186
-8.07611178457344
-8.09704785081736
-8.124862260233218
-8.132143142680432
-8.12927542709376
-8.152256657109836
-8.150672351935356
-8.115707049177528
-8.156132095271117
-8.183351082677905
-8.136372412770294
-8.188656098279333
-8.120304762411394
-8.142618831397542
-8.208577789870734
-8.16830811642068
-8.119130239282669
-8.021300962782577
-8.087061588729739
-8.235522019016841
-8.153003215404183
-8.146250305910714
-8.156032629380432
-8.156294391313546
-8.133245063869749
-8.250514277112282
-8.196117515874858
-8.171423679582967
-8.13461064793527
-7.55467722358149
-7.936750417386316
-8.09807823063551
-8.10885270497926
-8.211712048595883
-8.166702506159439
-8.114423409854153
-8.107568388809021
-7.6370300248797705
-8.182314247119203
-8.140950438603083
-8.118404692020913
-7.324855949799093
-7.852448855074906
-7.641659361892309
-8.173232538228214
-8.20588208137047
-8.145876601411878
-8.116930750246608
-8.101410688488285
-8.027722690472949
-8.045484772192772
-7.977733695968517
-7.941122905471052
-7.814477865782516
-7.8615824181273615
-7.807783839184997
-7.884679624010836
-7.887764881828189
-7.7401362568793175
-7.734130811202519
-7.693820034020881
-7.805862962121488
-7.808115458474815
-7.709970098556885
-7.7710217860375455
-7.75757809884944
-7.863114210398743
-7.799153629910816
-7.719980711079053
-7.780252267687501
-7.859208709604428
-7.720624986414923
-7.8088475404590145
-7.8620899914036775
-7.841756980869798
-7.918935017069197
-7.87390820387132
-7.872899845449526
-7.827495917526149
-7.913682269414789
-7.97063419841587
-7.958580585654182
-7.975786833734226
-7.916389984493545
-7.935658661992692
-7.93653966853169
-8.016244631654553
-8.045060338854606
-8.07248932552025
-8.005246308796115
-8.074749498657274
-8.044084815573724
-8.070858761111133
-8.151460690004804
-8.08883368591429
-8.125442118622374
-8.089362826109328
-8.094219437412026
-8.138399807157269
-8.093020696641746
-8.13827977833481
-8.135370517280505
-8.08923498795045
-8.026296172863836
-8.109626976683215
-8.08993202053986
-8.0803884865041
-8.07013218129143
-8.123375487433881
-8.221833971003567
-8.1420656551554
-8.120302023901784
-8.129819926902341
-8.074147627967085
-8.249932724553913
-8.086666305964625
-8.128283042390754
-8.208586975775237
-8.137631516980683
-8.14327622094282
-8.093588224782016
-8.25261552649651
-8.135775323941639
-8.205423122733837
-8.142352529405695
-8.261584648159142
-8.138237211815904
-8.2003132756385
-8.217580901668647
-8.138481484173118
-8.177750153796477
-8.207455507043768
-8.227225431983518
-8.201501801845213
-8.190210823819937
-8.14608102055577
-8.100689365397876
-8.120498394453177
-8.26167724616154
-8.273485128029533
-8.161763078095847
-8.261844528804994
-8.268876119638751
-8.231521115957525
-8.229765182430276
-8.198648728676835
-8.17174544292529
-8.2589432218401
-8.205494387360057
-8.213574376391367
-8.263574063804684
-8.195181635175972
-8.25960293327262
-8.194108389042034
-8.15642482953064
-8.15599811930837
-8.210343898050075
-8.196413683292183
-8.231551758057849
-8.175266843970574
-8.33328404777966
-8.264658831278233
-8.179293029658202
-8.187279023523613
-8.186982044586234
-8.170629192571244
-8.047882569071723
-8.117907397296763
-8.282295182067452
-8.26579906266799
-8.333658000093289
-8.23123696251165
-8.17862906522035
-8.272984190432508
-8.282147760085305
-8.24029292895392
-8.208105514621366
-8.109383218186101
-8.224468724505568
-8.16622566830941
-8.213352128316792
-8.18679921019784
-8.224114564070328
-8.26898036592715
-8.20545896992724
-8.173195315691478
-8.234242263459267
-8.335977243683331
-8.251887568619974
-8.213487771102237
-8.206998995501001
-8.138521805145459
-8.230359817771115
-8.108491112061479
-8.217557553565888
-8.131743760674016
-8.151213394930258
-8.158243132825477
-8.202014194208202
-8.165608784039797
-8.288415946093249
-8.141974072920048
-8.254933820907452
-8.162867033555216
-8.129646346573681
-8.151549929348983
-8.20725973558732
-8.18564744648951
-8.173652687438503
-8.133386882133939
-8.157015086747833
-8.188967266737064
-8.16080207718255
-8.182014324356961
-8.245525186981142
-8.256312439046065
-8.262702126369893
-8.247599179384379
-8.163887927767632
-8.192176608428795
-8.233650065904678
-8.204236178770772
-8.204196513850112
-8.280197919045763
-8.228337690441728
-8.116072811817256
-8.213148973210137
-8.22015758863597
-8.21983609484526
-8.216215639073573
-8.213959156097204
-8.285669682692888
-8.221508304532467
-8.159451686022507
-8.206029040142921
-8.259509192557731
-8.26880936021083
-8.230536586204634
-8.32373948909142
-8.272003782093904
-8.236124944579238
-8.374760823457333
-8.254165178551771
-8.195998544409344
-8.155703630177216
-8.22729976027584
-8.30638225017226
-8.23089373191769
-8.203161189890746
-8.26488411341977
-8.284769489955199
-8.17163933164478
-8.232340548858096
-8.444150572638284
-8.326873330464947
-8.234326861191711
-8.236313655245631
-8.21440936978921
-8.314516006878124
-8.260596914630552
-8.318896566942575
-8.315029290847207
-8.226247594501038
-8.220017951793896
-8.333878341499991
-8.304544609601797
-8.34484260731488
-8.30926541427782
-8.298160734023124
-8.279167541874786
-7.754386305203481
-6.8676304269342445
-5.791099967012738
-7.123983586912492
-6.50490556415873
-6.212929739174634
-7.308756446452583
-7.618232783390579
-7.470786098014002
-8.092348611018808
-8.226979529565687
-8.25587452804855
-8.259928558298391
-8.302139621463756
-8.314378724953698
-8.328922389043129
-8.300248014832778
-8.34921787496771
-8.259757414275246
-8.253751582338218
-8.231677389573017
-8.24528346069467
-8.233494515242668
-8.312680231834724
-8.209470461798373
-8.153799129746847
-8.218919837713806
-8.275383487263447
-8.118949590320236
-8.106428150273823
-8.073585446838603
-8.165005584101339
-8.114039803065255
-8.104643872207689
-8.18568366518454
-8.085285089922897
-8.114586082556015
-8.139945343673668
-8.1480165054688
-8.171146914792102
-8.129302973166494
-8.199139583145477
-8.20070054546137
-8.226846434662132
-8.172754769207641
-8.212493779432917
-8.129335834930549
-8.147353429923482
-8.216498234566386
-8.182009837306778
-8.182164370082297
-8.167737979820505
-8.173284753450554
-8.231305784200917
-8.16250746111625
-8.170013635825152
-8.141814265057198
-8.198590095337297
-8.266419083484804
-8.228527277008082
-8.25310988061013
-8.278293990580833
-8.227092706955052
-8.24717741544482
-8.206756612788212
-8.235317447264057
-8.327549835819703
-8.23920214091187
-8.225212723992696
-8.260617290116446
-8.16702537652002
-8.334495115895217
-8.228488155709725
-8.302093692650082
-8.313313179854186
-8.248708006508506
-8.276813662616737
-8.296151954431783
-8.364745880374619
-8.323897588137648
-8.228680996516582
-8.293416892826503
-8.367119299124125
-8.253912410101478
-8.36113930880844
-8.352958628144837
-8.312470917135313
-8.26314262945307
-8.258950190452708
-8.2588698054426
-8.351763398330297
-8.332994954412124
-8.267914552271852
-8.32909395471669
-8.375986012316586
-8.349846904354212
-8.404938880949238
-8.395072103627099
-8.353798355360507
-8.35068825474249
-8.326180617953176
-8.381760808432393
-8.324227453818818
-8.268677296646127
-8.268988675300424
-8.355741487760781
-8.246854646463197
-8.238668005219171
-8.316887006490145
-8.231744080055323
-8.246816219146305
-8.294990423622101
-8.236575166033926
-8.247952572551522
-8.316011908631193
-8.255687193125443
-8.22445777619131
-8.20846405198355
-8.215552494015517
-8.347146092500093
-8.32018472859066
-8.225157381528236
-8.302144000474525
-8.329159502356573
-8.286949010194233
-8.298214761296933
-8.326397746650663
-8.277538955268055
-8.292727925235432
-8.307778741804777
-8.22194610042669
-8.337080769390084
-8.335148353566689
-8.285506327281565
-8.36281364062536
-8.314040805196347
-8.395370724782882
-8.256669239993732
-8.240159605692513
-8.343194419366489
-8.309166494615061
-8.236932587889406
-8.357849086045068
-8.372078039279748
-8.32711492460598
-8.268055241173458
-8.34632592917655
-8.270866124785504
-8.293359590448569
-8.333352931426722
-8.28330592342878
-8.26715115052143
-8.339457992372987
-8.358313702407525
-8.372230489037301
-8.368144335452948
-8.274520949870775
-8.37529825582061
-8.420585772493446
-8.423381714261664
-8.441302558728133
-8.256547661249623
-8.33934353369216
-8.408102145174167
-8.383111518836001
-8.40248274392942
-8.350826006925331
-8.414891982169447
-8.408786964637079
-8.320800862063265
-8.333934161655238
-8.34426274460563
-8.540563379664576
-8.367302031133523
-8.440125594600735
-8.390813378093679
-8.437529749091984
-8.391988569409873
-8.32293430677383
-8.386079287932052
-8.40104249310569
-8.402559925344875
-8.355041300885967
-8.410469827129125
-8.337848018112913
-8.374211774171027
-8.411744196797033
-8.415192488159864
-8.397936576479713
-8.363969643549584
-8.446305049049418
-8.410842298119118
-8.341370433912848
-8.465596343560396
-8.380361906573249
-8.298218906290362
-8.467825549445456
-8.380331297189022
-8.371855971757702
-8.430938748951457
-8.320348621793551
-8.398099267225428
-8.364487749517792
-8.378850298444375
-8.411210480313068
-8.377184741284692
-8.383840671110008
-8.34755253241451
-8.3445153707639
-8.446902609576503
-8.397330340405624
-8.426383293142981
-8.407128345322372
-8.34529194741124
-8.313045092314615
-8.421873201088346
-8.434699830717518
-8.433298006452011
-8.452920671591597
-8.440562682006604
-8.506779962816767
-8.330153726557894
-8.308875960920298
-8.43090568127847
-8.455587871895736
-8.394356191993564
-8.45386567083572
-8.476363276473233
-8.43787421050857
-8.481054208548189
-8.33937579414037
-8.298336245675456
-8.42891899800123
-8.372890389831898
-8.482957844876061
-8.423013144146253
-8.42990752854775
-8.34328452201965
-8.249030117363906
-8.26359389222897
-8.222743481023933
-8.288727815190985
-8.231180404840401
-8.136956199437968
-8.19497201534592
-8.143962848890443
-8.138149337387292
-8.129638161994981
-8.120624949051019
-8.222710169370776
-8.15909817767118
-8.064143555477798
-8.232755519744616
-8.097788971693063
-8.096963448153202
-8.216618710488863
-8.222001380646772
-8.146335671668785
-8.196442374056371
-8.135878135811593
-8.19123186476092
-8.155819723291717
-8.220839892681624
-8.260469117935529
-8.31191461969039
-8.37057438477324
-8.308005608768696
-8.300915033162852
-8.257674674109357
-8.28190836785876
-8.293950537146273
-8.277120187392375
-8.375867749718306
-8.346946548634076
-8.374452053530796
-8.349947911260838
-8.325032173827628
-8.415412614489592
-8.31507820138738
-8.392645185747536
-8.328612612625113
-8.381341813694183
-8.404811861666252
-8.312457648823752
-8.391377249360954
-8.331832550371734
-8.376807314506124
-8.468700189523082
-8.461637679207952
-8.441229124942426
-8.435761713520552
-8.450831684146364
-8.465618302944058
-8.475803149883193
-8.459956752369376
-8.382744030302993
-8.470823281714258
-8.496781305994217
-8.41223112636956
-8.447825690020744
-8.54834167663242
-8.514741593598217
-8.463000034310285
-8.534565123987504
-8.454473806959287
-8.480519591194476
-8.459032699398955
-8.42999871915582
-8.51854293764938
-8.48875116751138
-8.495770470166269
-8.498516964556863
-8.462228058352801
-8.472627259186341
-8.456227548360411
-8.4791688118559
-8.517835390521366
-8.445421423404467
-8.491833587918515
-8.533714763725104
-8.432364496535172
-8.468796745722072
-8.412768632077059
-8.483006781855734
-8.442587324006244
-8.509559003488716
-8.54102317885297
-8.493380623415591
-8.49747994967484
-8.50498828000472
-8.448263453240841
-8.500038117335494
-8.477552724376386
-8.427944399533118
-8.473726267345972
-8.466207987322194
-8.494150737203352
-8.37366120688635
-8.497717032301722
-8.498036860075766
-8.432993783853018
-8.381638612968743
-8.41997295832815
-8.435779231296241
-8.323147649175835
-8.40341780837006
-8.424183370155097
-8.446863175253943
-8.464030709131839
-8.417485060637247
-8.405197843820934
-8.487017270172393
-8.490506552758552
-8.426405761049885
-8.486265456582798
-8.501660028470408
-8.378253539865673
-8.542547791655364
-8.486050062771055
-8.424162704590415
-8.398428326320872
-8.388894299248264
-8.483618706789295
-8.525405996291399
-8.475106903977787
-8.41304982453063
-8.503270363047696
-8.506948376002097
-8.552155385988362
-8.53490385772499
-8.476760014073484
-8.494883317831556
-8.55976459969603
-8.573917711982686
-8.541549397553245
-8.537389055854037
-8.496847959714225
-8.55303858203347
-8.494121225827994
-8.557862040949745
-8.582557624178778
-8.58501298343554
-8.554034973761048
-8.510807296514674
-8.52246680920724
-8.553312945654218
-8.512086500275602
-8.517822636600101
-8.546002380703639
-8.513462014122416
-8.463753537525701
-8.560952232811003
-8.49947399602263
-8.550083311208182
-8.56629208476883
-8.52214948168332
-8.527267279160387
-8.539937222453096
-8.538538608650109
-8.494919249423301
-8.541493686978082
-8.505168859687922
-8.537930342263715
-8.505591645044253
-8.463336373241452
-8.54639136511297
-8.51249805453117
-8.484729297829897
-8.47911081694504
-8.482880002434477
-8.449647465175955
-8.532741816284453
-8.484636763913521
-8.548102244069767
-8.509411030637182
-8.595687893818228
-8.568309759571354
-8.514402388002582
-8.439876744004344
-8.545091060896107
-8.415892475797847
-8.527254516758683
-8.565725494861086
-8.505343862154254
-8.503731114552414
-8.531193863120532
-8.481024707564858
-8.545963916328473
-8.647017496735929
-8.51278021925683
-8.60241937347375
-8.531106760038156
-8.614279761669284
-8.585715437395043
-8.623618649202669
-8.422635109529876
-8.600326977711235
-8.623393320682508
-8.611776647291414
-8.606436666436238
-8.56452466755604
-8.577608794950603
-8.538745513679576
-8.56391907523352
-8.568712277850642
-8.618164234251324
-8.495612757127393
-8.568663735806238
-8.505159735430828
-8.5463927018379
-8.536665442929985
-8.549900178165375
-8.52918284430064
-8.606381391306874
-8.537163390527995
-8.554594423963698
-8.58109391244851
-8.519085095747423
-8.570137609503439
-8.605255404127812
-8.623982423792773
-8.522559473248842
-8.677475169476443
-8.65333581836918
-8.604990701440826
-8.439027272383996
-8.502908462969465
-8.485880454906715
-8.603266022658227
-8.559765765511518
-8.583132306118435
-8.632296859357579
-8.558263301035652
-8.503515583285921
-8.45167400787594
-8.463260078904288
-8.525632746351583
-8.442553374193235
-8.499271991753004
-8.48564077598866
-8.466407528711144
-8.437229462601282
-8.50714881072674
-8.423231036966195
-8.358524018127584
-8.546037632710053
-8.4674038616182
-8.492281303534233
-8.500214127735116
-8.457890548586503
-8.428239145755903
-8.489109397954332
-8.577687425510405
-8.48322531228613
-8.471107294425417
-8.484860910994954
-8.504133445695075
-8.565670033773467
-8.484468805447438
-8.550563110033698
-8.536185558714967
-8.554812340942005
-8.563014316945447
-8.60843470723183
-8.58449062457837
-8.547137204262318
-8.5485681988497
-8.535953693330129
-8.565529974795721
-8.596348613644835
-8.603365685794872
-8.636342215393404
-8.567304082965133
-8.538862210343867
-8.577303136215773
-8.612401761397896
-8.584055205993998
-8.618840315693136
-8.67996978444254
-8.663812913840585
-8.56132993868508
-8.648650284198856
-8.574731196814326
-8.642506469830856
-8.61306473462868
-8.593106515869527
-8.706489206704557
-8.375915574041805
-8.727128356177234
-8.678780621479454
-8.660485133010713
-8.654810951990202
-8.537376126909923
-8.637713027210886
-8.658715718692308
-8.64614978362796
-8.532181942560479
-8.584402870441874
-8.681742404203346
-8.717621447058859
-8.605063134405745
-8.382016546859564
-8.708886092110149
-8.633202690256883
-8.525006277416898
-8.665273308967256
-8.67448558913954
-8.661779754272013
-8.62798060614134
-8.666792442585493
-8.571981611996254
-8.598396579746554
-8.59258417041196
-8.557859950908737
-8.555335024942863
-8.44891911474543
-8.407188720513565
-8.389623345022205
-8.332308247582144
-8.309676331571731
-8.328902350261297
-8.358735073595701
-8.286989145806663
-8.414618750109515
-8.294642933203606
-8.387627152514339
-8.350254840424624
-8.277182938369501
-8.231404409854548
-8.339670608235222
-8.460257035960444
-8.376295468692316
-8.477700749745626
-8.325985049030548
-8.3933112169461
-8.450928296821514
-8.464623468446431
-8.464169255347567
-8.541450434433623
-8.56711492301286
-8.506352727352565
-8.425812663851056
-8.50278815371267
-8.517636859614319
-8.528661876156534
-8.486354399183956
-8.580780327491889
-8.549925647639473
-8.543732741528085
-8.533698447723548
-8.651471861218136
-8.537133404110168
-8.597441060117486
-8.717924471454332
-8.570730420224232
-8.579811695186981
-8.609340882138595
-8.614259372378092
-8.576631663179915
-8.614926294333989
-8.673171550073988
-8.653282018094268
-8.595464520735124
-8.527102175693404
-8.651447617499816
-8.654780828925878
-8.632128968188514
-8.643585062559557
-8.637983274588803
-8.596321359631338
-8.637912158274814
-8.641444392458954
-8.654485095888893
-8.637135916326732
-8.673300837700737
-8.735262812836224
-8.675465355401316
-8.666008872065673
-8.674740568199494
-8.721325978668082
-8.699420367712353
-8.798822006563933
-8.711592751705595
-8.697483120568398
-8.676556450163972
-8.64038834601991
-8.628629397901
-8.749962012611945
-8.75197794681616
-8.753483969512592
-8.709574794083741
-8.613614643559286
-8.605842217907773
-8.5449124233361
-8.433930647785749
-8.648094359412047
-8.570906564335202
-8.689727760021745
-7.75404156777845
-8.65522156419394
-8.261538955962909
-8.576573824035213
-8.684526615107655
-8.689669566847146
-8.675174599574376
-8.749243962398088
-8.672148206942751
-8.72416222104217
-8.687974444256735
-8.715953634359254
-8.714466606923494
-8.647375533448102
-8.7408936793614
-8.66855747953527
-8.68127819798615
-8.716859518108807
-8.667078212684018
-8.697649498187221
-8.679170903954521
-8.72826123630476
-8.630362974233739
-8.827003481974263
-8.698332163583784
-8.687217581452575
-8.676995507896441
-8.691034971158501
-8.672677028828131
-8.60488526420264
-8.68853502607805
-8.711038967034595
-8.69013994121363
-8.66219500666509
-8.680603724905799
-8.673331693273772
-8.654488869697216
-8.73907720040413
-8.699198576100187
-8.665725903224054
-8.705317733148817
-8.76975078532602
-8.825918070075751
-8.670018727207998
-8.838711814744704
-8.664156470079417
-8.804111113187737
-8.727972487502674
-8.766184342823857
-8.75504521143802
-8.770653252830398
-8.776179182990113
-8.763239568971935
-8.672663815501737
-8.802615979417407
-8.761211383266245
-8.760788363353667
-8.75745764056409
-8.776647160317621
-8.76883406656806
-8.737336942978313
-8.66283011979236
-8.809809821343118
-8.624417059848676
-8.733955942444734
-8.723826315824684
-8.767583789980554
-8.752353663780069
-8.721947664248091
-8.771492939151344
-8.639832719184293
-8.64763243944897
-8.686682251262907
-8.810048206572908
-8.726896217842613
-8.691317853216363
-8.688174244092735
-8.716141703720798
-8.652279601441654
-8.677381714049684
-8.72749843868837
-8.819524958857942
-8.613644958605525
-8.691999771811345
-8.698941990533719
-8.789451525826166
-8.678875964489876
-8.731806911932226
-8.718622900687212
-8.763549550662232
-8.702479279531827
-8.759618869733862
-8.71328456012247
-8.668531220125656
-8.765640758326915
-8.745537811941762
-8.790912428658913
-8.763870131723056
-8.710624844241186
-8.786438433998851
-8.676294300588571
-8.705189408658658
-8.767444267151006
-8.865660619819188
-8.742707942390597
-8.79392348112403
-8.768066536555425
-8.738013790793337
-8.842986670544146
-8.802076585571271
-8.769269324911741
-8.803082356022271
-8.78176853477927
-8.78493573420041
-8.763664037913854
-8.715861970699882
-8.834192925094872
-8.464293485307934
-8.815994180597965
-8.293111659237985
-7.608925764857567
-8.508444841050567
-8.63126852447264
-8.891972259175736
-8.719671951116972
-8.742691914299234
-8.758676372359984
-8.682296496429718
-8.696296354876623
-8.586623273262001
-8.684344280604899
-8.685958611556176
-8.640949027679058
-8.584736476677893
-8.558507941008498
-8.620873856642888
-8.552434091104837
-8.540188078758382
-8.537189522844127
-8.538675248939647
-8.476571143755569
-8.482559736841175
-8.532746634757665
-8.647430328811664
-8.510442876437548
-8.511374754181682
-8.510539473606526
-8.546233610997442
-8.617846078558117
-8.585919891568215
-8.621669304550863
-8.618362196734699
-8.615042800336779
-8.659359058352031
-8.654626322087188
-8.658622376255414
-8.739926071978713
-8.707752974195145
-8.729844279287647
-8.636796883422692
-8.701595028762364
-8.658320707840085
-8.718032813313496
-8.685443554041326
-8.69283751460661
-8.799343437765822
-8.781323709063647
-8.73025030528974
-8.668242406526918
-8.768085557302909
-8.741260933031132
-8.714807264986502
-8.682340913722777
