0.021029941750699856
0.028419771171554895
0.0351631167801882
0.01683605493679606
0.03221670814526263
0.022781838492051065
0.021257027649066278
0.026808280693370917
0.026311784307788195
0.028769789983906457
0.02437107780610062
0.022910524621483606
0.017750573631852246
0.013435458095055112
0.02072019911411754
0.017865651086789003
0.022834475203745874
0.028789087067476588
0.029511054800161234
0.023129254383447324
0.025635825717097913
0.020975272647764123
0.02639839288705496
0.0325702097817763
0.028043612085376975
0.02863058964551244
0.020394396846297937
0.021287415129758003
0.03408873497837307
0.025695707822871557
0.016798081964716285
0.03346931539244446
0.021226756678525333
0.02387320088035542
0.02697997431630366
0.024638587267845652
0.027151549300961562
0.028220491695553136
0.011783855795240052
0.01933371169430493
0.028156208228102907
0.028229398583255898
0.027729324287535956
0.025832589277597108
0.02402808363556339
0.017617581080088943
0.030144114399948095
0.035277731143822114
0.020964084378723203
0.0173137389194245
0.02051548233669967
0.03318216411805743
0.027765742461884017
0.02534541886101892
0.017801689434899834
0.032065204668175674
0.01859739735749206
0.01964248860791067
0.01905627508679017
0.020937488574314732
0.02121225883846847
0.01943982214294371
0.023835599235634622
0.030480738159871477
0.019785850992546608
0.02860531679795393
0.018267749920579765
0.04637878968144391
0.0318497162280559
0.019599737711285117
0.025438644938670426
0.035049868101878434
0.02108611652058577
0.04587970179490437
0.040375692295022234
0.03138212093740654
0.046665217133316714
0.05366510603184366
0.09095810501547148
0.07638889483044208
0.12163808647676692
0.0456167860186977
0.032225014447637416
0.02643833653894629
0.039652024970435365
0.09065855867745833
0.1573318051961504
0.09098172895759599
0.060067264299297984
0.09365403134708668
0.08842181427414955
0.15031658366684755
0.1174927860343058
0.062282859248912144
0.10396713632548042
0.15578412628495364
0.1812281940259477
0.10809378708280583
0.13232446723094327
0.14416916398826846
0.14936028431324108
0.19461922456087274
0.1607540275565142
0.1679426504288896
0.18435402539137616
0.1817419585691438
0.15572637453179783
0.18783133873659366
0.18638306892395956
0.062684799517875
0.07315099749581981
0.08112495066352271
0.054785514362789826
0.04277741202108766
0.06888230656676146
0.10390144620234033
0.07751055835002967
0.08548534112905708
0.07834862841895134
0.0756221943388915
0.08033258879823509
0.08371774034612353
0.04871169085554397
0.08058578186624246
0.0476687894758532
0.08150546637076327
0.05750453617521025
0.08443447902211726
0.07916257218547475
0.053628287725812435
0.06868281969279964
0.09988377025983584
0.12735440703047127
0.050821862833017074
0.0779679298456986
0.11068096769980211
0.06621485718984875
0.06465444159148075
0.10390834752426178
0.093347163913361
0.07363393961252547
0.06479751997960431
0.07777770794240212
0.06369223601811706
0.08418423026923438
0.07411934356681253
0.08383207254162388
0.06873727370141883
0.08263964631467058
0.10689144379949035
0.13062236819879217
0.11347042039483343
0.07952560730400068
0.07407485452955613
0.09389811657387746
0.0980178923080623
0.07868847331007243
0.15839418117370466
0.07714962899475501
0.21315689421933928
0.20215037772295183
0.2720856671842658
0.2810585535139867
0.03455698237887855
0.022740578034498964
0.02851578406059829
0.021211797872112984
0.025044941993868898
0.02682464733120704
0.025163796770468646
0.035435867562308904
0.035249837399566476
0.3993976371410782
0.01494265159871082
0.029606392088878244
0.019042200500019264
0.027049149034495415
0.02252231573574925
0.01743637495239785
0.012852262627280992
0.021886164752697265
0.018227093251293236
0.026516854987657882
0.023898079431354753
0.026377394263122807
0.017402682929082376
0.027958577117554083
0.03214386497180153
0.02214026146786272
0.030279054738295605
0.029145742553849024
0.013143863610172406
0.022424260423358027
0.017074026494137615
0.029010790695642944
0.02708555924593964
0.10024023786062523
0.0428176810122772
0.016769186054812292
0.020511672287888045
0.024526557528159396
0.03288515574619766
0.020690175723095266
0.016686718760200732
0.01801306180327865
0.025610072807099184
0.023032418662893232
0.022813641384660282
0.021471094963999054
0.024139321135375858
0.026941047505436938
0.03368816121267465
0.02887324361848095
0.027210203688580487
0.02760063804695204
0.022609466381674846
0.02444632784670631
0.02177297364752818
0.02135431788903473
0.022047171653171254
0.01753825766271502
0.01877721168892108
0.01749672831784355
0.031162070403615377
0.033673317137488966
0.01365245219543728
0.02271770910941592
0.020102544021258405
0.023807715052795227
0.023335318711284234
0.023386264196627565
0.03132106327562579
0.03311454355810087
0.028119691562361868
0.025595235111668953
0.032313400321289994
0.0248794038933892
0.016329013419597718
0.028347246269810947
0.024596808107824893
0.02254261338640357
0.024263077873983675
0.022400917727535528
0.017794238961115975
0.026938275912496187
0.023112171187799336
0.03549014128458937
0.023227802020655122
0.023035822701147356
0.02908509873083893
0.013721117834404231
0.021621462571299793
0.026422220790278353
0.029466729827358883
0.01979810557615243
0.025316938129871746
0.034529631087398656
0.02718142119307425
0.019444041925565814
0.023452941988541413
0.028949563590545773
0.01906686723815082
0.027394054856397242
0.02783626026279834
0.020135197349983758
0.03274226724139674
0.025848355911751202
0.029787543201760143
0.02760136497935507
0.032159412483559954
0.023724803004419075
0.029605503600685538
0.02012562809643716
0.4881096968935488
0.04098575886313837
0.01890169715231662
0.027520280431461517
0.022407122920242217
0.02300493257774546
0.03371981130220166
0.03284513224195057
0.023092896058988652
0.023285156384710567
0.039809306211427975
0.035909056065469756
0.021303429575566395
0.015956936690888296
0.03018452586406544
0.01871884045530848
0.029890574872331346
0.014459801872060325
0.04151584282850039
0.029644472539360995
0.017376178961601797
0.016798261658379967
0.03245134897986263
0.023273742524451538
0.016161002786946436
0.028171304489738036
0.019695634425488683
0.02030017528163983
0.024951300752623876
0.019368123660093238
0.023027578135319988
0.020870789594305696
0.02525815647849023
0.01980574290324725
0.02755523343390763
0.020901342549820644
0.03342933077030708
0.030854039260779002
0.01749561566185921
0.02676951847804527
0.02688886155543039
0.2979480139709952
0.020461423738948038
0.02742921537662227
0.030020569181976826
0.02563718748973
0.014661603428228007
0.023925972640342512
0.3277800103827039
0.04064771890223847
0.03331115583835623
0.029995429585648797
0.01281599094404066
0.042573821112693915
0.03420905189504884
0.016816614034634483
0.01876231972628895
0.04233437360398338
0.02648564971693105
0.02135573317070607
0.026487147381953766
0.012990723243278119
0.023191464326998205
0.02825409490152146
0.04463683347096455
0.04491403578327483
0.12241911470074208
0.02049962019313835
0.15890665525968456
0.28351455353996086
0.1731056146941228
0.35700404902735433
0.19440694808121284
0.09257579629559251
0.13051471401400888
0.0753314776537206
0.052387605359144856
0.07830935901576244
0.05875378091341842
0.09867814061466514
0.08035728830755673
0.07856886839953489
0.06896211316086467
0.07613389802805888
0.03833011830058673
0.057699603986238406
0.09514764110217643
0.07293007640491385
0.058898622078563834
0.0959415594630506
0.06267169637917853
0.06315271999502564
0.06067026066703553
0.07309836330128819
0.0722728821405222
0.09839290719426201
0.05825640668461621
0.06416193114636587
0.05850028965739183
0.09116659745981413
0.05151377911280232
0.08180687663503648
0.08596911139805659
0.059710959229180106
0.06990541271966892
0.07266797474803202
0.08362922793310218
0.06965375937651257
0.07570664587357294
0.06931219403870326
0.06789605920577915
0.05158215879008925
0.08081095853278061
0.07095371903594024
0.06443789759807876
0.08972446556993048
0.05741641214878083
0.11395553288977954
0.12306764352655584
0.07396621784499202
0.09306333530608721
0.05466278346707417
0.048277113957435884
0.13168354112768324
0.059493660087380024
0.10114152494489406
0.10528615871142505
0.032062225149082635
0.09187734921608907
0.06881293865419053
0.06867656352163376
0.064093929315305
0.09780159573442222
0.10203488273674938
0.07781414374824289
0.09326961083212278
0.06840341251860792
0.07479917957150617
0.05798518137891641
0.0667184610388296
0.12542805560917672
0.10082623446182926
0.08114417263407799
0.08033362537404785
0.04901171744349676
0.07047922370432944
0.07816085266313612
0.06551580977871095
0.04595893512143423
0.13681009821655676
0.0737059464167286
0.06656999065136711
0.10345319368859819
0.09622251535921336
0.06627688388438731
0.09685154526436324
0.07384275661287927
0.06850419064291337
0.0782253244051154
0.0642477037867797
0.07240824065681388
0.051351593390119535
0.07634390483258122
0.07854026827884761
0.06302849626406386
0.08054443837366788
0.08160203763864504
0.0514610008841698
0.06232569757286645
0.04006671112953424
0.0903197599580811
0.05532231769604295
0.09107767476977614
0.10505964021260059
0.09112895809074847
0.061994912361023585
0.0685313136199546
0.11263189154218649
0.10329012473322666
0.08895108776115128
0.07776243747751331
0.07263548012184166
0.07833906869559475
0.13485449120156207
0.06555107020774548
0.1002279028416897
0.069516207365853
0.05937365635062727
0.10034819929354694
0.08034778408141272
0.06224366304795699
0.06358801111640552
0.07438866918382865
0.0663164367192024
0.06906940213849709
0.0705234849306971
0.0487168282247773
0.08532797761461673
0.05214715594195076
0.09905021393666176
0.07204130791279376
0.1062561367492669
0.06770829535576858
0.07383911118372334
0.11034508117454284
0.05688599852446551
0.07617739673859512
0.092030726001609
0.08127462348305096
0.04261840751418732
0.09363387328365053
0.06267495818437017
0.10936223257287614
0.08908808157598394
0.07905921042022639
0.08428298685856989
0.07872617416567709
0.08640792708653462
0.07603287135099433
0.09770149943584099
0.05425439332457435
0.09967070691022224
0.08846684706189466
0.07116205395570582
0.04444545897477395
0.08817063036308913
0.06811779799043641
0.08554380665809612
0.06333237198085472
0.14612894202922025
0.09624211671000818
0.09699176076896522
0.07470960651246565
0.09866857805717409
0.052231971722167016
0.06040381432777869
0.08693646021086353
0.08217162833917815
0.06792248527428502
0.07230864869986411
0.06176026684251146
0.12149503895563331
0.06033540825838614
0.1002483727498702
0.048704108898161
0.06450131953919566
0.05975886749600952
0.06486752660103566
0.06773649478428755
0.05451817465553572
0.08210453196749337
0.07385488432627525
0.06843437758801153
0.10557137180961877
0.063570974075214
0.06973780863663356
0.109244162904252
0.05776610702702672
0.06317721981826967
0.07137787461947066
0.056213808166092
0.09072132129590041
0.06457407790377603
0.12780564053751567
0.08968968983942555
0.1003695344507408
0.08785069251760165
0.16173991868199394
0.07283896940042824
0.12398595679602638
0.05634945176672338
0.045603219962052126
0.06877393081506657
0.05968725468764998
0.180467021097839
0.08256356824193774
0.08521976444120143
0.16609165544753451
0.04704545446808131
0.09122162067665389
0.21216756584468227
0.11549714885695227
0.2146969259807469
0.1302439707099702
0.1893153142337477
0.06853512542457828
0.15566163026275084
0.22595670736512743
0.0776604146535651
0.04938849553702907
0.09713300234996629
0.08941576111007563
0.061460117143341986
0.06547663394953415
0.07571297942814467
0.08038580599239405
0.07887771276697386
0.07595675919515023
0.09810472745038713
0.09376506622892314
0.16050768476681207
0.07349005395662171
0.11875179982558211
0.08153797296229487
0.06224278241673252
0.08945437490403664
0.08344232457222679
0.07723107252145407
0.29708614537066946
0.24097382297724232
0.12324520701176173
0.0690627722302545
0.06736624138456575
0.2357254604594959
0.051610792927668785
0.1136115496334024
0.11085296120012256
0.09813883031242335
0.2468877219305245
0.21515609736466154
0.05734137482230552
0.05488417958238549
0.21285474504680443
0.08418074728186896
0.2241200147854358
0.06299353304139636
0.04716032248986808
0.07150970282440991
0.07487331044696595
0.07862508426144277
0.08274527598064794
0.10265168663444095
0.09650384781100949
0.10399938615512094
0.10692880026855099
0.11202606773020077
0.10377396264223089
0.07340524267201076
0.07955947978226342
0.1055650553252897
0.1508348059613488
0.10878414548041507
0.08079178837812935
0.09068049859043414
0.05391301633594175
0.056720414282532744
0.09256319381691369
0.06971229436599928
0.07213112328087905
0.060899655293219085
0.08732426085465801
0.07318920102324934
0.08822635220194677
0.08902120191576893
0.05538571529416315
0.07828689332356066
0.05486001259916881
0.09127912247706439
0.07803763435045397
0.0881097932698437
0.09721759389461845
0.0773855308244467
0.05988909962722681
0.05712134282204792
0.10365645467960025
0.07770161173547276
0.06941675372528171
0.10950622006532953
0.07801405124259658
0.14992878472333504
0.07284645288007996
0.101905531098796
0.11187587919268965
0.06676916731108427
0.08960907443510968
0.12003383016855883
0.05738462230202092
0.08557251857416172
0.08747861708122658
0.08517295416435161
0.09759094103330954
0.10352165077697012
0.09798171564186547
0.08646463164060449
0.056834761890267795
0.07773625965910194
0.08457106727787445
0.04868240131677944
0.06796716682091576
0.0773860437131817
0.11461756265552872
0.04969375388142205
0.10142791907001973
0.1052207927117123
0.0764170650675684
0.08542143518143765
0.06796870468460779
0.029688066127756596
0.06893154363725294
0.09380633885393963
0.14049436760508938
0.07254915370839163
0.05774288785470606
0.055124038644041355
0.0831712094071213
0.06319637935011731
0.05294194565268147
0.10605129166650164
0.06717169333881526
0.09870008893244797
0.08484136682662208
0.06421716289511908
0.0942172011526927
0.06198734239081957
0.08498902785063618
0.10777526690806409
0.08120370920647306
0.07050250696048764
0.10474253027504013
0.0958285195696894
0.1263024640677137
0.06919874292819032
0.08262677171179915
0.08417116882256183
0.2550967122389487
0.11675593292719195
0.07122418256808903
0.21751477466409175
0.2418705239883919
0.08935853740060049
0.07263228679363176
0.2212301807363903
0.32215894611459756
0.2634809450552858
0.3461647837912506
0.2720755244646678
0.31427354502375543
0.28796811599348243
0.36993862993281323
0.3429461997808443
0.317475536577159
0.284538545728191
0.3591144967100178
0.3282962183625769
0.32497605617806197
0.30853550802599294
0.28929526474696754
0.3069577183730481
0.3374525190558173
0.32268449091486967
0.32130155928152704
0.2911538272479808
0.25635315874468295
0.2986960044912987
0.2816797619552472
0.27684493300586005
0.2399139420179924
0.34041442531388544
0.2214857782063001
0.2670217932592193
0.2866147704590104
0.28354533673957333
0.2742117687292029
0.287696421484916
0.17776670179540985
0.34753237893924405
0.10713878496069237
0.29893411148473104
0.0813285281275974
0.23562138033527583
0.2743216107356387
0.17923079189028837
0.04281755954724865
0.0744874459830967
0.08204151232436266
0.2229817032646023
0.2987695946895221
0.1433350004794979
0.20688083764120827
0.08127398273141695
0.29171800383303864
0.19078055307315445
0.07924289560898481
0.07132583512063302
0.19896058325410262
0.20735362344172883
0.08412834334945624
0.23217256734355943
0.07040470980028805
0.0881209365082498
0.06041214637642765
0.23210586582031548
0.10986230428120208
0.18614359568380964
0.1831765024176294
0.08472672941516528
0.07392607371766312
0.22088684369482842
0.09211127494996689
0.08208292030808495
0.10171695310597899
0.08908667962350238
0.07913341447896305
0.07088585545658851
0.23285763055110334
0.25202805223666785
0.11734939157258187
0.22403767600422864
0.08989539885999735
0.1009997816868573
0.09431939553508611
0.10679657077044315
0.061588033796564474
0.16643818592478693
0.23909262190759048
0.06398550597919336
0.12664539029896135
0.10618340946736453
0.05738764638515291
0.09450413342230433
0.09518888172648776
0.11548843014994856
0.08463349552762706
0.08985378929547684
0.2162019596366115
0.053767100875533
0.11031390625622195
0.08405255989239942
0.0634089646900118
0.053323376148946784
0.07791944006629002
0.07848666893863064
0.05695261333640508
0.09680921759636411
0.10806778971168245
0.09173065432004704
0.12700395169485112
0.14881327247084675
0.09284012224901352
0.11559743035997787
0.08620325078788425
0.07060293555733656
0.10520460999371344
0.06480844248052378
0.13172823469951359
0.06716025394283201
0.07783167651174792
0.15862343574234458
0.05855620854793249
0.07322261920849708
0.10765962993577888
0.08890138653288632
0.0609561897327009
0.08923621276119476
0.06431467794682406
0.06822965308347276
0.1056914958802809
0.12636062733726933
0.11233977124079807
0.12190005648475215
0.04947134191403059
0.21339015776308207
0.06866752925352274
0.09841871893160715
0.05304471232615863
0.10257970150300423
0.12062867365123978
0.1063384611963251
0.06299199002632273
0.05829735932146681
0.07513010698472003
0.10382582793373162
0.20375310754000955
0.09745236250198112
0.08956311431361948
0.13643018454148836
0.07204004708075795
0.10301080208730796
0.10789005696455854
0.09147110687712917
0.07664851559365117
0.09298610223592976
0.08970254226274704
0.07784679223686562
0.09137867459267417
0.09435321449961134
0.25581628444718274
0.07764894651226385
0.06467331184602507
0.08694551159727185
0.25087905777425484
0.07382373433959395
0.25073433947789653
0.0409188419296742
0.09880699570823907
0.14607365752024828
0.044626820491076025
0.10284416598885525
0.07497028527359707
0.10526712548972834
0.10220324182538319
0.1154978165087028
0.11925305183468103
0.2674040520343614
0.09032578191445695
0.05542449281418325
0.12122961671277913
0.11299597287285934
0.08205843388544112
0.06059393967024154
0.13653236511711334
0.09230225678681357
0.05246558994150043
0.08880172069194496
0.056104452837195166
0.06658905975059762
0.07514413531308277
0.08961756500824254
0.08212285631849693
0.09124015906741985
0.08294732029041534
0.054905023416455326
0.23262063272451033
0.08266715928192915
0.1075042551676878
0.08697069204088022
0.10634375698970587
0.1290827702927707
0.05592197126818223
0.07064764187550855
0.10300441843967821
0.10573814577968711
0.18585306570297272
0.07160521996820084
0.10376928336265381
0.27807212187555436
0.0939220429770577
0.07475948365059967
0.06886303089071899
0.0810494179978804
0.062418183725864
0.08877531687186845
0.101091701518612
0.14582888786610787
0.06506506581995598
0.1274340403918992
0.0951462902200873
0.07057647778379601
0.09617873678834904
0.07020931356555021
0.08632672223701067
0.07439219910491347
0.05143525861931526
0.08353607085840649
0.06598058292251847
0.05455119540700986
0.0804113274344349
0.0971822025621363
0.0770886772337702
0.10280876057293707
0.10970816229780896
0.07701184423800121
0.21392644740242825
0.16056656711176395
0.057128793853014885
0.05644442114449106
0.08064870020318642
0.06728622901797669
0.11550474355900785
0.09151113627242652
0.07108172828046005
0.09882673968785828
0.10208408116201308
0.05364218332378932
0.05115540068651643
0.10143991613956309
0.05595100252825341
0.08914510648579482
0.0821504698889426
0.11079359593147532
0.08288867338651829
0.11362851075877906
0.09204836766849718
0.08907498890938062
0.07789711126330319
0.09312754081729875
0.11458576337680441
0.09674052395327198
0.0886301985192009
0.10136157125139966
0.09006514538335905
0.07028335960766606
0.07918910925199872
0.09069428917412826
0.061199900813396754
0.08771893332737046
0.07475598148729508
0.07230994248837441
0.0919969894755397
0.06875037993585366
0.07822523892185612
0.11546958201066679
0.05366849853168931
0.10221999166379168
0.15023922221672242
0.10153138946386524
0.05403352131275734
0.07027985399330373
0.09451820792949381
0.1670405113946906
0.07343317273102608
0.06350936139350351
0.10147874167922073
0.09258244010071846
0.08632711941108716
0.12274193895708581
0.2549693627043318
0.07850648256594871
0.06544745964555657
0.06670357977018902
0.07677048638547741
0.0919295866795129
0.0718681319448996
0.08506608862140774
0.0895232431606607
0.07672072197961802
0.07355883586561188
0.11314400313548299
0.2606679585391706
0.10622866832243906
0.28239903135109756
0.11179615963466835
0.09673555087536971
0.09992757040606257
0.08605168410677709
0.09101940019304032
0.09174333778065578
0.07751831838154095
0.06815859803434719
0.06635901134201769
0.10128726900110499
0.07647788202090362
0.09296771882534491
0.1438384685344887
0.12211360073785621
0.11875303225303477
0.0761733910446415
0.062383583170596765
0.09313264313676911
0.13317227097721115
0.08526099554511339
0.06554684608517831
0.06805128731754817
0.09777073521058575
0.08847202937539299
0.08925797003153867
0.09400884403210252
0.09760720521564765
0.07737159803072216
0.08747394774424615
0.12995459217586428
0.07771569273790166
0.07502385114823895
0.0534122783153473
0.08933229536596791
0.10625053952749719
0.055260929017673974
0.09968061881163089
0.11632308419048082
0.08156081588455558
0.06872528242445303
0.07857017603305573
0.09596688481011265
0.08338075635016712
0.09690336814094065
0.10696961775714664
0.06212055285238988
0.08334978845621464
0.21934371741668487
0.11010908417404945
0.08758161179758144
0.08637435676685404
0.0763569735947082
0.08310238781458007
0.09868563038028214
0.07056228265838994
0.26238179572021
0.13575300164552298
0.16187091659335215
0.24037047214531457
0.28607750754693717
0.3750666813717278
0.318743475206201
0.34199448145363764
0.19043984955707433
0.3122268055246868
0.42741242878521835
0.34519278575477397
0.2927380367766365
0.2830125994111268
0.19675728486677502
0.1160965190485597
0.14957909801141853
0.12355726151988938
0.08152869438461034
0.20979726489622308
0.10497873869770805
0.07442483253642801
0.09080823144790133
0.08792331555228002
0.07151690391775431
0.1141368801722694
0.1495684453233332
0.09846185149150351
0.07364521062206346
0.10262255553412777
0.1533174514441382
0.07359697616001858
0.08598677085836363
0.06455685186192602
0.09838082510383238
0.07312485828034963
0.08604823567671306
0.08471959022810599
0.09419386371877483
0.08216006783491989
0.11932708722621423
0.08219293066494457
0.09225116613492496
0.10071842993400539
0.11755872211466369
0.11614768380641202
0.11433215574309809
0.11582279563109253
0.10409511193528825
0.05960029098171024
0.09122777779370468
0.06549876917205424
0.06940371824425806
0.11684218866494314
0.11540129477704793
0.08867426140887232
0.055646681439802614
0.06206652163770506
0.10935885286199089
0.11084988191529523
0.09956193079744577
0.10109473048336919
0.0916740276616489
0.11479312058194735
0.08128185522268908
0.10599518963755904
0.06435258017810057
0.11098733422713312
0.10164731564647712
0.13520131537401547
0.13766278126514236
0.10688503341383798
0.09308266065202903
0.14580225754270915
0.14583736683973325
0.06632754389995726
0.10994688252901308
0.11670915498662812
0.07794802088735626
0.10854040757500337
0.10307960228686922
0.08608868014920475
0.05272724763782677
0.11768139659573486
0.08090249705584972
0.08712772008124889
0.10074743732412084
0.10426643972256722
0.08041060801372006
0.10430300995840865
0.0989260964549332
0.12744772657390765
0.09089787920617752
0.08705053340279237
0.048779613316004646
0.09077992374264626
0.10406758459113154
0.11289038261596174
0.08398452435192047
0.09696918734152903
0.07969288042467798
0.10903579769068061
0.06279218913803136
0.05557952747284452
0.06684686816293786
0.13890437895611923
0.09629219447518879
0.1332832716404881
0.12102347404404525
0.09237643081361821
0.12112359170061524
0.05343368204529845
0.10376147681799075
0.09973747422359383
0.0653910250688361
0.12466837776086911
0.08349405782811238
0.07745647720407733
0.11465948582220728
0.08221461106123273
0.08781680895733131
0.08412268524416504
0.09576611398910932
0.10658382984145086
0.10780700958406962
0.11278334625871042
0.07786678195831973
0.04693078864631965
0.09316695638967452
0.07595661475833321
0.07159040841950681
0.05663293777497264
0.06867474517060539
0.09573174054818492
0.13228651133349048
0.15190355474971842
0.09910769231597914
0.29225921831396706
0.060407664049501576
0.09564375376747113
0.08078472134362788
0.1046873470709116
0.10794311116381457
0.05338341064702858
0.10271865220052659
0.07856596464836806
0.07372116621594389
0.35612835785151464
0.1494863935473406
0.10312600701318626
0.060758627318073195
0.23835873934641397
0.07976190392977033
0.2951290474364479
0.27137735329995266
0.06540881027520286
0.06875139094763023
0.33700109193733
0.2781035473644583
0.1947407148268089
0.2842296787129703
0.2205350176581982
0.271082912208822
0.2188382988644852
0.08205535151731605
0.272379920121895
0.1801180500430327
0.26743205495802047
0.06392560426416187
0.08368350910337564
0.027219492061470823
0.09876082858676742
0.14243192601652344
0.08301669778739203
0.11061232408999742
0.05847755457770998
0.06811677314681697
0.17043941598746568
0.06875904025966435
0.067672494949811
0.10581919238419803
0.12936716804974155
0.07843502476047179
0.09887713545284389
0.0767444904809583
0.14537764079955895
0.09043248637047965
0.1442197741023866
0.08632263471599759
0.0815372518413599
0.07881693324786822
0.07514152948379674
0.054549693208498576
0.10335079024913865
0.07769037224281716
0.05943739775178866
0.10372179228619637
0.12275863056520338
0.11978010763992963
0.0838791107338619
0.088769103340159
0.13723965092924703
0.08524459015833914
0.08807510028389377
0.10909438513477962
0.08204499384927265
0.10975885354069186
0.07242924305876337
0.07636636884316794
0.08833530308685293
0.13438263614360416
0.08200841132246475
0.05260370756410156
0.11035751620284145
0.1169885195723917
0.05586208888159899
0.08373939112085729
0.10134452753911564
0.09223043293407285
0.08121501737509126
0.08026807958728213
0.11642467497515419
0.10556608546522857
0.08716654358776038
0.05235139568870386
0.07945464347217486
0.12287543013786952
0.11855448825356603
0.0965051625684354
0.07234366593627256
0.08586883176927
0.0833414538121117
0.08338049146909567
0.08313185251070336
0.06609047814405285
0.08764131931805676
0.08001053075408213
0.07177864911050348
0.12782614338298284
0.0945771430844581
0.08865507380162539
0.06548178282139763
0.08488593229783878
0.12341419120217906
0.06835861243711412
0.09149973103484207
0.0758899396648356
0.11555987377499449
0.06606296325937269
0.09665881702716897
0.04664014142022387
0.08648827068662826
0.07379010547214804
0.10291826566749018
0.11792186930444407
0.10728369031075036
0.07706025076212582
0.060493591493259766
0.12506833214526625
0.06710103814735398
0.10789677228840538
0.10987031506900276
0.08678819404078848
0.09876358950506395
0.12564942634411733
0.07372973578138872
0.1291587871824006
0.13464843371659196
0.08245883078825648
0.0351755293620133
0.09053804810213113
0.09045484358211756
0.083687587364008
0.04721905382231479
0.07396511411536928
0.09680267744979244
0.1460090175963533
0.11492516151761036
0.11081734537618772
0.06089250748655503
0.08726926834450559
0.08622139289891771
0.09263334174453432
0.08821222939443409
0.11136081995821832
0.1339502207576716
0.06647810079032254
0.09760787486917416
0.1401345304365134
0.09223653443724064
0.053023398070054614
0.07898717692572801
0.07689401962948314
0.10297182822196911
0.10533951429546463
0.08353619526921663
0.06532439177210388
0.07824603876224419
0.13423980744377248
0.07389052127137127
0.10125151629406852
0.13729248987129233
0.06117919620430661
0.09575311401920664
0.11225171402540454
0.11815739460037876
0.08719329244557769
0.09240715942357539
0.10020878351184144
0.12266398691566728
0.08765796294309032
0.07082702094722662
0.10540813027503465
0.07708200113850358
0.08796033599082
0.06711748248186042
0.08615765811312524
0.057376099434091915
0.07470845968144678
0.11185805801486083
0.08120957730378305
0.06985545998324548
0.11758958554599873
0.08343226942119526
0.13448661058974437
0.10885905180544296
0.1296478198424756
0.05029013891716327
0.08962967591139044
0.0990645383087015
0.10888981455467842
0.10354240088984001
0.06466250506553492
0.11709983218064972
0.09824120962840217
0.09206214455342993
0.0967135098493406
0.09482300417932452
0.10575569654979838
0.10888052970403526
0.07229516901150666
0.1161885973193066
0.06543384087485299
0.101969156247326
0.11351815273463998
0.12551369433606616
0.07784698506866292
0.07877284749480001
0.09458683415377901
0.09717504101290121
0.07208926964428382
0.28610017374971175
0.11806334823760277
0.18501373680826808
0.059713215258424664
0.07187197467827675
0.2770600095320813
0.07345162754095766
0.10011928642948366
0.10978764418124333
0.11025453653885274
0.07976040536235203
0.11170201731146141
0.09885783752751767
0.09420975570181941
0.11351652001894012
0.10852039012478655
0.0944213869622963
0.09286345120855771
0.0861208309320809
0.04525785978853362
0.09241817562266093
0.10893795453398572
0.07982312119570781
0.33912341362212134
0.2887443557167057
0.36845846520074316
0.20576377816462957
0.16210868515229052
0.2472116507967288
0.08979806956407041
0.1001823737408649
0.36937117434161953
0.26287521095934163
0.06415804740012732
0.21774252108320608
0.1450614269736529
0.09032137581220098
0.09516625956788692
0.07446682341541792
0.0703309724452936
0.14484565342487887
0.06847208303227972
0.10395919819979066
0.10030560974111276
0.06644531427587866
0.1279320995687326
0.21474317120719985
0.1004490103792804
0.10467263906352113
0.08614006093984627
0.07301890661505647
0.10822943855044222
0.10540648866212574
0.14530423622696403
0.1017300468375311
0.052734261828404023
0.09213611250931171
0.12720351668052884
0.06535846350251671
0.040445868473968145
0.09557946466044237
0.18449253978046534
0.11478268659918146
0.08790577801226189
0.08263525678669088
0.08788910368088124
0.09114657029135165
0.0709473348641478
0.11532800061268374
0.08062836404972139
0.07505880943807718
0.10051439566860529
0.10268492602953172
0.14362884564436457
0.061555354576635184
0.13455919615343917
0.07707148517500856
0.10375049852005094
0.09708859222360937
0.06664418058914566
0.08527125029837736
0.07128036089323975
0.1078583372828958
0.09721663748096972
0.10398302568652051
0.0949297582754897
0.10637779284974824
0.12284620111457059
0.09291239076541326
0.09732610788749563
0.14205694364579122
0.09170004758788906
0.11652899607986512
0.07356681341154853
0.09830894744113035
0.08697895485304045
0.11306485580250988
0.11032330696461198
0.06169088230025695
0.09003232014136761
0.07418569563254607
0.1191845775883689
0.12896407233822554
0.09170596958900903
0.11522061368166903
0.07298953166309624
0.07484580989763256
0.13624481124194224
0.08067865813545605
0.07096922114541261
0.11785420191546293
0.11313032795741586
0.129718135924462
0.09131585820020774
0.12502643887837953
0.1021407395364113
0.08294728600169476
0.13432739875390953
0.12762589638792235
0.1224650971387236
0.11662680153381307
0.10765603525417368
0.10066283776130396
0.07755741820246771
0.121408049674064
0.12151104520615903
0.11319353490924197
0.11134139509596785
0.07949181894168265
0.10111849290729175
0.11708205784102285
0.0728165674867339
0.05930928769305421
0.10388180908136632
0.07588465791398764
0.08907107514601693
0.054213204262208256
0.1077219710318238
0.09223712522542633
0.1094633177197881
0.09114186350288378
0.12853610846175703
0.14462503252903697
0.13589995077703426
0.0486199250078233
0.09947407168377476
0.125418297567084
0.06232552708237227
0.10365773084247187
0.09292699698649108
0.07093494018933634
0.09739355655401216
0.08480833137174312
0.0820624465205738
0.06583264190857334
0.08252100730815484
0.10616028329741682
0.09417132003971324
0.09703455259033307
0.07979078874581601
0.07472708227255982
0.13757573843741075
0.07920802800828937
0.10495328292234922
0.10000159773929683
0.1292916230778137
0.08523559516964872
0.13527998498557567
0.07701551134029298
0.0871162611724676
0.06118094335143459
0.07736175362043275
0.09290135480148391
0.1915845200078292
0.10879681098566765
0.0705350988920739
0.058312203635633275
0.09907803501400055
0.08944145084075729
0.10840427116522969
0.09113716473487445
0.07911898786851793
0.12878493319708087
0.13986759440716517
0.10647771849021924
0.11391047032502642
0.06639926172178194
0.1465764899875784
0.07125416757471056
0.08901390432357852
0.10711351643509263
0.04656929495708461
0.08094217900654148
0.1121292269619361
0.0902579170777484
0.08880250952768041
0.04970555474453787
0.08890993385076658
0.1159996155515769
0.08196364778413225
0.1031644703946345
0.057304041926683306
0.07677478248099247
0.121271920882606
0.07228071803328377
0.07320293413933857
0.08593133909597049
0.09415760943141577
0.11135127268937896
0.0865929112665254
0.09228650562162109
0.09147840631563187
0.10469500528629931
0.08427945216806154
0.07363683271599164
0.07013634671454769
0.11451496083403458
0.09838708028232947
0.09546477681495534
0.06273307139360268
0.10200602532376742
0.08171670161412027
0.0737732054365558
0.0766539404635316
0.07385296981032188
0.11123361927888303
0.0821191894944934
0.06941180197037172
0.1113048473734139
0.10081196746467541
0.10923212008183471
0.09918854759220068
0.08943090709877316
0.061638386531563
0.09749994960685059
0.09292186192062904
0.10054467877946283
0.06520034649740336
0.11048999903431721
0.10083356341580649
0.10919807513707465
0.09937629964777163
0.09559493328901171
0.16326127623580136
0.16175947134428545
0.09405446347117692
0.08668942962220648
0.08401104617865242
0.05575611779539333
0.07526146372999716
0.11421610489050091
0.07473789460264152
0.08034741150890826
0.10077879607498973
0.085753846095613
0.09826848704976157
0.12660520775235576
0.059366333504436375
0.08651634180324959
0.10773652332253261
0.10161448125410541
0.11239996380392309
0.09250329279940625
0.10795075487885655
0.08012932309836959
0.07811369557202075
0.07963860301166743
0.09317229180738536
0.07749695305171019
0.09044847628457722
0.10061997596884689
0.0936088718412479
0.10002319387254435
0.10594359104642341
0.13183204184716707
0.06940637358624249
0.07583184283272884
0.07811306483794465
0.0934858187476138
0.07813541102091101
0.10208252236619877
0.1080474731390826
0.1337030169356838
0.10460049070539008
0.08413651220582682
0.07961166796693679
0.11565798483478502
0.04046200480430452
0.09711299555402475
0.12817590620394903
0.1571648793608234
0.1107381289370677
0.115013562309155
0.07423232189184159
0.09155133173788202
0.060234640825807075
0.12148094986108315
0.11162840403767098
0.08724439535736468
0.08702004662353705
0.07249037561205258
0.11026155404064346
0.0664835925265026
0.09787767041759984
0.07866991482034869
0.08309289758378181
0.11949964131478549
0.11483001692212143
0.10568450390167282
0.07295920951964412
0.1103796207610998
0.0934941482880658
0.08186787869991585
0.08001835140142395
0.06819556704890557
0.1267541396627755
0.12351665762719263
0.1066054218841443
0.07237824581167623
0.10581386342856873
0.11830698584761554
0.0933555670600515
0.10540407084794183
0.06255676638273895
0.14071440112133515
0.08634976150862855
0.09246638006423587
0.09225829187380012
0.08790344012212645
0.08237402465510958
0.12555884297445177
0.07269905404047192
0.15377410831580646
0.09293531348183928
0.07013505203180531
0.11697258650007844
0.11102931243011827
0.09394675811715823
0.09269493627210988
0.08012259517011727
0.07803309579988839
0.11575143088118808
0.1083511615148939
0.08543846670161795
0.0686428411838012
0.12235708454750649
0.1079137222381779
0.14047611961076686
0.2756602333121663
0.07825135949834225
0.1262774250983403
0.0861446034297577
0.3008523453572546
0.07745695197269929
0.1173015284823418
0.16187116479448121
0.14383388960027138
0.06636861407693213
0.11470852727197665
0.11616507950691819
0.1266003316367771
0.09915241588028663
0.13583556393841234
0.14900030731218186
0.09482829580233366
0.11171639719993057
0.12150825829285253
0.08403618612857318
0.13467439366011355
0.10066984483425431
0.09415635108122851
0.09297728438179596
0.1111137731179222
0.12275378307204822
0.056420989189006246
0.054768858252992485
0.08332311398676763
0.10019767622829118
0.10049700856260449
0.0931210853189546
0.05875115376333259
0.11401759233067815
0.10444824778047367
0.10175800660785603
0.08714447455401783
0.08621707192773195
0.11712450588508949
0.07270164694848157
0.07738160556910534
0.09516938860261884
0.26621650339986996
0.09798804164282697
0.13485031554784957
0.05027615005589366
0.15332818381442415
0.09925237487899359
0.08841209895246335
0.07965480757938619
0.12636783891671838
0.08269338388322664
0.07957379639367902
0.14256232131934504
0.07317707419152084
0.11206027919526478
0.10017784922468226
0.09977278788107134
0.07810512514118552
0.07811387100615798
0.08960329739963147
0.25852001018288434
0.0953321939276638
0.07726799328499226
0.09459149504571022
0.08279814780129695
0.1211435049516623
0.16723875758215126
0.11497213704667843
0.1058960557429222
0.11546834658306938
0.10031832362480243
0.07840177340223266
0.09309362385042742
0.058431367109412886
0.30636904812259064
0.3293684266041631
0.2279945362183321
0.5123055909776133
0.2281831072047819
0.10700697769579538
0.09551752215878523
0.055384483234277866
0.07369884733273006
0.07953927994329951
0.08965749350392575
0.08688636727718484
0.0854524176512448
0.0641640130187439
0.11738374658668829
0.07812123056879818
0.35576234420914177
0.07273941213612996
0.24587522122199698
0.09425272794290959
0.08299727662872196
0.0424862892249547
0.07439737692311457
0.12603915308213845
0.11625217631090444
0.12742655729945818
0.09425305243646565
0.325730275164576
0.09754906789086629
0.16320325860749788
0.07188553529958258
0.11117016903515159
0.1904572165484177
0.15218604350077608
0.1784748161948885
0.1424320706697554
0.37911741807934823
0.06433970424850889
0.13316674383037452
0.1181991831971421
0.08723187838067975
0.3599055559785574
0.11667926207490086
0.12647744787916584
0.12224349755340172
0.31042956476827044
0.3981200701293348
0.11609943433456114
0.10124221375539512
0.09061335489657926
0.10385718359063915
0.07520818058547445
0.34291157675376516
0.08102409066559123
0.11941309765503638
0.1698124073773817
0.38419215149670616
0.13419989664091614
0.10956153816230159
0.34321156020711147
0.09734190988328109
0.07851945366051948
0.11424795275863975
0.44706328265074824
0.0800262039110082
0.14703487037495167
0.08315491056759347
0.12026084665773917
0.14275761053188799
0.08033463586744785
0.08668836514956996
0.1287500313118313
0.10385511600595412
0.08690184274062449
0.11655480299046386
0.0728340038647874
0.0577898188692453
0.0720347958826841
0.08534230055633694
0.0780256290560074
0.10625979297067567
0.1484258996648972
0.12321606918143015
0.07285063088795556
0.1217461857821593
0.11026840864290936
0.12219257446920208
0.04755122717790497
0.10056503915403091
0.09060555863415073
0.1246412556838102
0.10769593247696485
0.19209832071545882
0.08723977665516468
0.11404415136131331
0.053374371427512154
0.10496231465774161
0.09688379751799699
0.1371989590758977
0.09960392409173535
0.0835601676350389
0.08831104273916028
0.11918935401305779
0.08785910446870064
0.10381457720865186
0.10207333945617446
0.07762526336257763
0.06473969143896406
0.07243983247102637
0.047471178689788306
0.13821851330020835
0.07578694024600173
0.11211721436603944
0.08192782779502492
0.09725842813750889
0.07911352839932954
0.149037071550802
0.10238061322803683
0.07892999564790827
0.09111188080093484
0.12516994578216703
0.11931132928023386
0.09144816664023452
0.08713973994796456
0.1105515389250334
0.07233619485236518
0.11031341577302751
0.1054456308972829
0.10674983646048684
0.0943694020221063
0.09665128567951516
0.13534725163963726
0.0848748833339521
0.07259874997007601
0.0469287644202578
0.04056297941054455
0.08561053573958688
0.07591269702219448
0.10124234090086093
0.07806915261863259
0.07510770525045414
0.0851299759197616
0.10728096122048876
0.301850461372838
0.07882076050487648
0.0772872669035265
0.20841083853034556
0.10645153690891146
0.10262623023949241
0.12409520219201266
0.10891446976778722
0.0999825676010491
0.10240457982483063
0.07811848032569618
0.09679357474681018
0.10126852409092606
0.09292619610180994
0.10787491604837163
0.08831928337592414
0.10039818871047423
0.08086694295379479
0.07863872159558977
0.08958827643685925
0.09911890137604978
0.10315117829079572
0.10682957640168318
0.05434665315118132
0.09313200476570371
0.13993754560925295
0.0688475675479733
0.1374374017203619
0.0993163492773332
0.0899752777627351
0.10669033072736477
0.09927116336569054
0.07648381563898003
0.08737200478538586
0.13962434174131125
0.07064167397628213
0.1252246328615025
0.14182013709575542
0.12739723805261816
0.0851900634662021
0.13949996837192158
0.107588802003556
0.1433659333665097
0.1019710213308319
0.08939874535923817
0.10636408937828029
0.08801098748427834
0.1025342131184114
0.11616233923937448
0.09726347353890452
0.08757420395913312
0.11156276230215074
0.0974252069972582
0.04972622197669026
0.11794196386329675
0.06828032459476145
0.08029170003308597
0.14563658851896769
0.13606148623436226
0.10580543580214083
0.09495534406032455
0.1188843912892255
0.12446772321140949
0.1248403257321509
0.10382688131515214
0.0965685300679802
0.08340037398855356
0.08897854845455945
0.11610541710865654
0.1050582362642647
0.12105281618418191
0.10135732390776434
0.1108964388434767
0.06786065100817801
0.11880771481922232
0.11808180686747473
0.10643161439954153
0.06296748951601948
0.11022337276456322
0.10764365869184347
0.12555150657683137
0.10889116032814093
0.12367050048960031
0.09833710150025778
0.14839529655507655
0.12138669991626391
0.10909576158804087
0.1029236044433242
0.1076087494162314
0.09004042853284985
0.0964291248299344
0.13549848439202664
0.1518150630468751
0.14025462971265373
0.09331972445393799
0.09548620864971591
0.13040466606920575
0.0846010388498695
0.11709197072539948
0.11534057502274034
0.13962732403825107
0.10736596274792093
0.06600710030731924
0.10217239041810039
0.09333816233898237
0.12904256218687932
0.09282303955514416
0.10505056718154412
0.09839234663533131
0.12126084081757048
0.09429703914538586
0.11929295956760354
0.08727977381442317
0.10287931622607313
0.10165929420365818
0.07474117083744264
0.08177352700965901
0.08134742345440606
0.0453173790101655
0.09433618281375304
0.08389006147374771
0.13764740413778292
0.11650830322127909
0.13207833113286557
0.15403986522499405
0.09176690700751299
0.0908173773609821
0.1267695301195713
0.0849162770638011
0.07385565693433739
0.07725855800774303
0.10456518526239325
0.06903268352241326
0.11331951921920362
0.12621695177020273
0.12058585907303719
0.09905285649611865
0.135404225027537
0.05353016167403279
0.09028400227024373
0.10558091377985988
0.0965819102988543
0.15543681359894188
0.13244675020384233
0.09652647642968577
0.07560944371280655
0.14512358651035695
0.05377996107643968
0.06570715061800109
0.07614438933492035
0.10286026285524674
0.12125873750758352
0.13004172943857598
0.10282409423517021
0.10353419032244031
0.11407381672481955
0.11057523193789266
0.06396040690974497
0.10068379021177672
0.0910267867312221
0.10664744509358216
0.09986527314551544
0.11056515770203304
0.3746576169449042
0.07139559892155653
0.2390476668437575
0.13857622914384563
0.11885770363580989
0.09528622434304183
0.12806539662026514
0.09078570654057283
0.06735505812731266
0.08726204861653934
0.07545563546836132
0.08733150703182409
0.09595451223773808
0.10733346642418458
0.08150475413483045
0.07345628707524444
0.07410588600030446
0.10339100320662203
0.1069282513575634
0.12277879890083811
0.09721480196736368
0.12520031192818415
0.08091214331795302
0.0810873685481473
0.06428429647051624
0.10682734426770764
0.09239981011960202
0.11998786305053998
0.1134830816876418
0.08964782934765049
0.09256894295948002
0.17010502993303386
0.12635027059270817
0.10302592457934082
0.04874219581096728
0.12844176728178003
0.07198844556327344
0.07660645995266195
0.08265746115414119
0.05509814191967655
0.1009477117115717
0.08555921813517565
0.09362099359868456
0.07645604449588882
0.12417520797538585
0.0921449377713653
0.06710291109697684
0.07703959722084236
0.05770668063032742
0.09261525070935775
0.09957187591024777
0.08991618687848563
0.12789388769208593
0.09105360461393441
0.09247218472816689
0.15109630070092986
0.11522148943357656
0.10312998967972706
0.12828750919613352
0.06313645568783102
0.09749052014687339
0.1167328240267274
0.09580147322731332
0.057275987106666246
0.15042063060567873
0.1083067537237592
0.09178179013440026
0.06735392473292154
0.0565813914816476
0.1173015700774653
0.09897427036795083
0.11835242819735094
0.1471049851758615
0.08508439917115143
0.11498013742248543
0.07015486066878385
0.091433117116207
0.06989654388980333
0.05044864955160713
0.07976548791484274
0.4140585824906103
0.09244432267067795
0.10955564260245668
0.13688548339989468
0.09951883628299954
0.10769366756843617
0.12376173163354971
0.09931081241148698
0.07653148506019708
0.09969926693185076
0.09567922233847549
0.3583445726485637
0.1631132481097628
0.09835343457117467
0.13189705246977962
0.05750200336786104
0.09269193396481937
0.11179324152275949
0.14010770098159925
0.14047535597664867
0.11076398225712203
0.08001102944377103
0.1153383002598527
0.13446102895074558
0.1243891041964521
0.30689628450278417
0.12804806230477286
0.09727578925883434
0.16422106928022065
0.12631237736407006
0.08706389976591596
0.12127366033110096
0.3513515896585115
0.13363176044835934
0.1049879871443185
0.47072144517350917
0.40954643440957
0.06471432883524825
0.10631832319628065
0.08465760677251946
0.1322727857496005
0.096403809183236
0.0837656163139992
0.07686768292167268
0.17136816825132364
0.0944927240573329
0.07783216942760124
0.12651136068636312
0.09281393926404266
0.12399549812314853
0.12488569180017128
0.11272820379524864
0.12300899401225406
0.08809792128561246
0.09044930342340897
0.0672175154531107
0.08343989756137558
0.05985506333510135
0.13731714439836318
0.09029065696153717
0.09267253135580997
0.056088518384268544
0.07914378556745234
0.08413700294857185
0.09067063211462865
0.0951470477123528
0.09312162603596984
0.07834454193640505
0.11277756297073734
0.10020098808122399
0.07929337126419053
0.11937131701676716
0.14727682312019139
0.06616290776720207
0.0845084362896533
0.09533515206043933
0.08354003709606717
0.11698058570119996
0.1557138258294599
0.08897327871993457
0.11947796170428832
0.09505887465182869
0.20292683599351913
0.09786515952839585
0.09229777014590654
0.07398600179893951
0.10334933601363128
0.06485388057228325
0.06353618990705148
0.05260095011738258
0.06511623124347549
0.13299025785289578
0.12499975191277203
0.07270640741107015
0.13473553833725901
0.08252995495448529
0.5704760699593182
0.39596792909098405
0.08485451133404157
0.055351007153755113
0.10602732417788964
0.4371903650448953
0.1081639907564366
0.2462731527098066
0.11503706088763511
0.06694596694469863
0.10225615445741304
0.15014140197532772
0.09382553112643131
0.04592386898810741
0.1086709428664287
0.11377040855881995
0.09700112589907046
0.09953443577772508
0.11429586928178526
0.0951699629304145
0.16312646794377333
0.06542603256898001
0.09669860186202907
0.1392721528983321
0.08407888133617988
0.12877513388057096
0.10018040474354675
0.07731062258289036
0.10309212288218889
0.08809323923340734
0.11247581212631619
0.10376500716876691
0.08653458009903711
0.12597600296049236
0.0740144119552504
0.11422498086718015
0.08643559517761389
0.14923414344245214
0.08181941431720381
0.042211291774439254
0.07756689412755688
0.09845582946531657
0.14033690090585976
0.07641088282620534
0.09759084644431179
0.06571379250888516
0.061949436747943724
0.0880583833037026
0.07790263734159297
0.09245184267119406
0.05524981320715479
0.0902738662701249
0.11774045263878108
0.09396947100161195
0.1526866782393806
0.054102970645743785
0.10813190655922161
0.07158012162084512
0.09992609799374755
0.0765511976854119
0.0899254637870919
0.15432316769640927
0.1598027547987742
0.09087445515054046
0.08400740191668664
0.07002896413324354
0.07903616855129016
0.12403134014669014
0.09095996188895143
0.08219309536455882
0.15707090483286557
0.12051385153989018
0.1257335298483393
0.11303812141404256
0.13094355167470853
0.10362919957784819
0.10073501981253598
0.1036121050670116
0.08587119307157377
0.08938119877935014
0.08269733786097233
0.12552255251965952
0.15035434618634527
0.12533264768563734
0.19244273600063355
0.08106532507140007
0.09818239973085731
0.13751888771860457
0.12775755737103636
0.11125537387583759
0.10438155841591915
0.0871538408886298
0.09115837437701241
0.09975484767231309
0.09495247203735757
0.10464609350577492
0.146125183491743
0.10984728155533471
0.12631902273059478
0.14174443561091843
0.12682185850682282
0.12977883008304908
0.08428066908820593
0.0984488617323853
0.07523319618459366
0.11289667281288461
0.05770774884198752
0.09692555116855897
0.13377747011004126
0.0994093712309756
0.10178275548404907
0.12922035505155868
0.08183243557607355
0.12151423630979241
0.13547493495949411
0.14724659733420917
0.1292858367624316
0.11036562859110975
0.15501602912768558
0.12313983661006533
0.10499686302919949
0.07175123818107168
0.10540071500737826
0.1594166930471774
0.08398909446829819
0.17343935818566844
0.08614532823100957
0.0885487254104337
0.07071477860196547
0.08750720943497707
0.1030771472569919
0.10698873588354633
0.07996611152210896
0.1201756988272526
0.09660861727353373
0.1640211655346859
0.17038627709163112
0.10570964732739227
0.07526514689463587
0.16437096871717413
0.09759327883425876
0.10629676697944221
0.10921605155940488
0.07866066589969908
0.05638626258505042
0.08991828245434182
0.09268127826787163
0.09462365698088168
0.09928377763170426
0.10671050241351192
0.10983769634284336
0.11212285631837872
0.12940700894650148
0.0936865975784585
0.13709726505214745
0.16043310980083256
0.164115113297476
0.09005713740685058
0.11338972060526674
0.07044864847829684
0.0813927019872905
0.09516911584249879
0.08557728107657392
0.07104650681556136
0.09760964175534441
0.09415384852507909
0.11175361050292687
0.11055716195142937
0.12293515667386631
0.09942040067564477
0.10737826636617734
0.1435779536523521
0.08849771859215011
0.14234100241837994
0.10060495415028618
0.0968213572568801
0.09275253206371029
0.09016028080083777
0.12029745801461457
0.09972724263728948
0.06242938288327628
0.08394383382379016
0.11912519265624394
0.09136500037429214
0.10043749056345673
0.13073395713696964
0.12105104579420878
0.08183687369790668
0.08186994117433133
0.06561755824371031
0.08515137209048114
0.11764656467679252
0.09301096283101944
0.1393689945930464
0.11374910581988361
0.11344843374712026
0.1604815293568913
0.08835020303893992
0.12928506386089747
0.10987899306775147
0.13903776422005645
0.11181809796795164
0.11870444443670167
0.1217923785225612
0.09331346604220157
0.11176117660618534
0.11202863543613209
0.12185120872475473
0.1373474734240529
0.10008146672305139
0.09417339738203188
0.12354900550745226
0.09571306519549683
0.15840565771046683
0.08238837301171292
0.09922650069209962
0.10428716527673539
0.09932098978787211
0.07772411013724936
0.11017051577331188
0.12197237124862648
0.09705243752504078
0.1656999491855005
0.42314354400972215
0.11418293823542584
0.0836561563033955
0.060659306022727115
0.11320029530383224
0.1009635663962181
0.14928324298799403
0.11166898307307062
0.10041668353076051
0.1729899559473062
0.4681845562638569
0.1300431059030329
0.08052037765564615
0.08278886364025922
0.08344696104685091
0.12804274955222353
0.11407947878261587
0.1020139846293399
0.14970181138674563
0.14303148425524584
0.09745960494666259
0.07510773158196817
0.12818943464652177
0.10662357738524157
0.1268047175822075
0.09202877122698543
0.1128761617332298
0.12909367651298798
0.12021271085024013
0.1323807513997364
0.14411309566816974
0.084442640686945
0.11571609545785427
0.10515902201374339
0.09057578155566312
0.1097763044043127
0.23180262010486044
0.09938865472749708
0.099307593953045
0.11957968915649704
0.15106361994326267
0.0899597375420079
0.085562518144336
0.061096069669509215
0.13362255847607618
0.10629840023310987
0.08713328109787413
0.14024947601710178
0.07870185465385791
0.050726331353957835
0.10768268990271364
0.08342450042496626
0.07435281710962273
0.09545376775133033
0.12113625455673582
0.1515993659711583
0.07883211792486464
0.1490785559274086
0.10056391913646233
0.494455844616893
0.16179660759003886
0.0700816877086704
0.09751145766451433
0.14772143916537578
0.15471722017468537
0.121841812901294
0.10117921423732411
0.12112771241680707
0.06701920527110326
0.587932404487579
0.09720751166738503
0.1123143049769752
0.08852178169178024
0.17759567887211145
0.12362286974005772
0.12524051385306448
0.130512406785045
0.09300853888202983
0.15634577618451154
0.09010092418910157
0.13451469755471127
0.10674760957795985
0.06884066162925832
0.1852526023125857
0.10743725746648508
0.085299866917096
0.06927290802795356
0.17531466661567752
0.10943148609849908
0.10119163416701811
0.08146699489890158
0.15409078662933726
0.1326841593417838
0.0840094337457624
0.1392523432923958
0.11523242594987249
0.08450626777975173
0.11024103164645972
0.17139061462029406
0.055957356784814935
0.12284057847683319
0.15945932778514282
0.11123565511800823
0.09098660998896592
0.12647875147176318
0.11199767463411546
0.06884631735261147
0.07432903733095819
0.1790708501076465
0.1339268210911585
0.09912384279358508
0.10106940534383155
0.1029518812932791
0.13205030155314007
0.09170111316100073
0.09933016576344134
0.10169131173117729
0.0785897650587131
0.10643062779780717
0.12064812696361969
0.1252012780779967
0.10824795046378041
0.09755980367272125
0.1318558176946536
0.0765099283299488
0.1569412946400359
0.09271586633884141
0.059520372742947754
0.07040843649466322
0.15157966560547192
0.06408115814797138
0.11705990297862427
0.1065055118998109
0.10741238306713732
0.10622890086571617
0.08309263464828576
0.06386256507162172
0.07338417090751422
0.08834256161231836
0.12303863641223892
0.0939178957802898
0.13079499587987936
0.114237871795801
0.1170264100113445
0.11897862095094709
0.12327438693615532
0.10060020630489026
0.12981102520843174
0.13018988423913522
0.09483105035587186
0.1265967675994021
0.09543707993696826
0.10746298656502598
0.10224029332300082
0.09264208018717324
0.11446459713341131
0.11972921819305474
0.0921535886430001
0.098099229858965
0.18812609073210926
0.1446575666997771
0.0843835571045903
0.04630173569909124
0.11645699227885395
0.07515070526938171
0.10811751366837583
0.11753825486895195
0.050302176628668795
0.17309680653237233
0.05022051306167095
0.11209089404139512
0.0911689406482018
0.1542777487063041
0.11556088515064568
0.05837316201749458
0.11696358980208744
0.0678384538937986
0.09722977523066322
0.06826415458081911
0.0682003890497525
0.13661166943223266
0.09911767383456259
0.09272929398718217
0.10488216590324682
0.12452489141205093
0.1238951995740511
0.09705831593024422
0.1981469510338447
0.0581317872731907
0.09223137815534611
0.22227987358700102
0.10157332582224342
0.14818066162259566
0.0870114119471792
0.1466850327507926
0.5415075481284286
0.1311997904723022
0.11177281843774055
0.4695036419096277
0.07348783703019868
0.09360028901584391
0.09931138301766226
0.0766758992741329
0.14550685501558666
0.09316587415337525
0.11650744679782377
0.12927948647090587
0.11045930874412123
0.14620287701767726
0.2297557798895857
0.12675499225883582
0.10594652433137718
0.1339636380303323
0.11098915688127113
0.10924702868564316
0.10150621690431523
0.15212169100714937
0.11125126897849058
0.06465479471202673
0.08629705827274455
0.1440343830476794
0.11357775871743159
0.12585604000700346
0.11541721412789606
0.10496591706079399
0.22346453262049015
0.1225906622582067
0.07065328963071758
0.0981307893280687
0.10757113030397283
0.15422412776470726
0.13412783984214996
0.17422653474956148
0.11360710520105573
0.10384327096050136
0.10191866316104513
0.1310024186983231
0.11121775420738156
0.07536206705012068
0.11691404243902132
0.13242364209851515
0.11576266229665665
0.12274304821938094
0.13026059464508297
0.16606042210792946
0.14022666312955687
0.10050920167239073
0.06844107839809185
0.10481448390464074
0.10853590125706805
0.1188785291901963
0.11137887251857662
0.11585848909209899
0.13686319674242575
0.10458841261924184
0.12095439517011647
0.09693481278909082
0.10328031311980898
0.3339981385249617
0.15218939774328058
0.16256239019475788
0.13786953999630303
0.11417507788984535
0.0984036210770675
0.12124500340730567
0.06776691836933704
0.13402654615917323
0.14815091529504038
0.12419740444076953
0.1106290863574896
0.09869645029092919
0.1656460851850657
0.10883946808124015
0.12969254820424014
0.07954667066202377
0.09831652260268967
0.11664338175962335
0.1295136489224318
0.16171499806361728
0.14542058439677127
0.12307611848538819
0.13449765022489052
0.11802039558380795
0.13468812469250796
0.09918305249054613
0.12109465330599727
0.10612008387585586
0.09844028997914925
0.10760393263938008
0.10567083679973924
0.09794985849942771
0.06334990124285507
0.13526465138027216
0.07440889141163894
0.13434860515983663
0.1344927456281942
0.07758617819710234
0.09911654880392991
0.1622491472441834
0.15622988592976703
0.1360106012666177
0.0789392318300751
0.12145451241786755
0.10926053017099069
0.1889725212804751
0.13312655737090318
0.1329188405317006
0.16546889485317595
0.16026197371731526
0.08440566277519303
0.09456360895156836
0.13307354732463977
0.13278547687824058
0.1270210174122104
0.1353816705211223
0.09818191596342322
0.11023940355893525
0.07138667668287994
0.14367160571935314
0.10376772675567454
0.1572455629491824
0.1154354369170363
0.09299747900338994
0.09785444679041415
0.10243796483822687
0.12901892729466008
0.04500750681711217
0.11311523754401373
0.1290709051808629
0.13324539190578388
0.10421502770050979
0.1316718806959496
0.12915696618761727
0.09260332441213606
0.11262602017166422
0.08439996832305251
0.11599840839660097
0.17407085175081202
0.12947540258979937
0.07035008245766404
0.09070815325531148
0.12358194238451758
0.07008159813558894
0.12284049190847846
0.12121535662150387
0.1029412402136276
0.13251498197225475
0.13377203077857572
0.16848476381578203
0.17047972616208845
0.1549620412735017
0.09530954798100012
0.1560483777650517
0.11658201985694175
0.1352109526441714
0.14006799431567252
0.08629524457829497
0.10185146263617358
0.15305018167714768
0.1675841136003815
0.118858960029318
0.07915992850174783
0.11423834263759783
0.12586869420689212
0.06961147320796983
0.10946048977898673
0.11724174891651329
0.0785804626572408
0.060033308593108375
0.1411532503084613
0.12288316365333724
0.14211047111821476
0.09519815635616034
0.10716839945620074
0.11979089299475504
0.1201956068821078
0.09124779421374063
0.0812947346925099
0.07833989193221938
0.14629151909092666
0.1402804166513005
0.12293591541190589
0.07673987882489021
0.12285971575382551
0.05859852637025029
0.11024950050139995
0.10505925622790341
0.08403198378758735
0.14728282710916052
0.14556670224730522
0.100651486438761
0.1904860920014985
0.09957275837536099
0.11160635720882023
0.1185002447305502
0.09531616584615811
0.0828838999473401
0.11338245637490742
0.12112766769332638
0.09631697732352489
0.11425155392540587
0.18453169009963047
0.09285306260344141
0.11958476127989599
0.09968744077573324
0.15532767923479315
0.08913693624714608
0.10012426812135568
0.11081906142214117
0.11564688225647035
0.12913063787776893
0.11537179577538564
0.07381819127091943
0.10046306672570042
0.09653440697039634
0.09679029784903173
0.11005988037390937
0.11387904518070545
0.13590713071391947
0.09785325294012023
0.09332926134818519
0.11303789462473321
0.14541479035961338
0.08757926274454697
0.14288803076355885
0.1474056585328602
0.11641003161574065
0.09297306953008162
0.05949735929473345
0.09502618197686619
0.1730859009426028
0.13665441235839745
0.09080769672675705
0.12473770103264083
0.13669216191517683
0.170094977573243
0.07186480243221348
0.10806010048903045
0.08786537827981579
0.07138570140835607
0.11935979521893879
0.09083046988596809
0.1003193890668391
0.10254923603371753
0.1356363835546992
0.11213096933294148
0.10269064265841187
0.12181805382047521
0.11055136099235459
0.10345260261679741
0.11091940001926323
0.17278775196469476
0.08111560131814938
0.09283301843014408
0.16930365993051613
0.11731501967004973
0.11801502282989025
0.14226248457623547
0.10813342948482255
0.11997306700946961
0.14426846250861594
0.10738048333891739
0.13698437606701205
0.08896161192673095
0.1389770030002879
0.12708610378551136
0.10290789312555165
0.09306785415330868
0.10064727117460635
0.061790843735815205
0.09675824326633842
0.11444848618845871
0.08121651509964367
0.09235342472793252
0.12128024432074355
0.1317633571347702
0.12160142477298584
0.10700232371741733
0.11261538838349824
0.12474008968049459
0.12418364521845245
0.11166520712697738
0.11504046683480482
0.11895275714406815
0.10204433817565305
0.09667672567053615
0.08514609902224377
0.18429113097123417
0.1573317061604747
0.1310262272266759
0.14055034165963734
0.1298632999196937
0.14974786474880297
0.1236832152941531
0.08684390094743712
0.16571128371538357
0.10519279674123162
0.11712154612518527
0.14267588097246892
0.12978258069703122
0.1747780472308942
0.13984755797413
0.0688579577229205
0.1831397108169254
0.1347584133352468
0.08240545921916143
0.08863744654871814
0.10575019200730247
0.1134166321852154
0.10178122262522712
0.11935413594971715
0.11458671084191266
0.09875264682272118
0.09535572615313789
0.11809985333143984
0.095105522337475
0.08856091347839967
0.15367500289653419
0.12811274232383038
0.09094889962879882
0.0939481781202644
0.10578444154354893
0.1764428682556213
0.1426929248624462
0.09566329400627543
0.10593447140705242
0.04916212011400987
0.11046121787580479
0.09460433773787968
0.08180929260551917
0.13911417779677132
0.1291917030492593
0.2610528082044149
0.12914373371945545
0.093625857700104
0.090523162058685
0.09899673866448214
0.061796229968373195
0.1951749429913002
0.11305100587533959
0.15107375366587267
0.1781441706115604
0.10001877007298286
0.1259760981672331
0.12160323681636381
0.12140961347452517
0.18423691489712846
0.12293764842783221
0.1211936150479131
0.12455252344400902
0.09076016029793574
0.09802162811792792
0.0890818508851705
0.14708701911435393
0.12361957883368165
0.1212229720477468
0.06905614718012311
0.10217632010613908
0.14441158226448605
0.10191335925233502
0.12634442542421093
0.15254381282998988
0.1345657659287925
0.11205588386647942
0.7688017106190039
0.11751400978680152
0.12476178591851263
0.05225251590187019
0.13558429909390537
0.11638532540850567
0.10964259163235163
0.09272174945543589
0.14453498189684824
0.09187933343944892
0.15318061949461445
0.16420838425701517
0.13934267697523628
0.12583380834444913
0.08926224867882993
0.07896440975750728
0.16375655476474413
0.19626725459873362
0.1563834423869386
0.10825895939768981
0.10070076072079756
0.07687344620706052
0.1424146469601887
0.15271637997974283
0.16098350646182982
0.12357835239156137
0.10882909599208516
0.11944470579097932
0.10926667817426149
0.20694845807005532
0.12770174134158582
0.12934588848049242
0.08885495765508798
0.15134537291624453
0.12664097577733502
0.14144917593598821
0.11079067094032267
0.10685169558419805
0.1739517034759071
0.14639710444864898
0.11347316617641878
0.14814847923850805
0.1639676334401592
0.10204751630764819
0.12030818247171099
0.14363145549448714
0.07729325862260487
0.15656790617498406
0.13785232202789652
0.0517470010995213
0.1966185803558255
0.1389433637224615
0.10980062920595128
0.1242209242440394
0.2035425729659244
0.12743147082111353
0.149819088048048
0.14208652799468405
0.12778523432024305
0.10855356677222977
0.15182795776903196
0.12247998147480307
0.12271912082031135
0.10464004230510755
0.13286923901618725
0.18272301591880205
0.1353284352304972
0.11624819929259843
0.10203008287299002
0.1329850731765469
0.20449636827053153
0.16055625601320625
0.16439202512411222
0.17526687108630531
0.14526937010998556
0.10575734108883827
0.07354150833160894
0.10443262609865371
0.10799805088915625
0.11927622720685531
0.12300963082072955
0.12798542251615055
0.11211743316531285
0.15782812766976628
0.11210745989807436
0.17015936342499013
0.0810826681377017
0.1298976304467137
0.1119871193157523
0.11606366024201915
0.13014455568873537
0.038850075371546396
0.17599452983486835
0.11660073757259361
0.09102805229959582
0.1202084849990148
0.09118166397044777
0.0997262477993081
0.10408043597274903
0.14439642801200156
0.1300539885491369
0.10504953505639088
0.10257171031756625
0.08477027147891726
0.12158179438619111
0.10379405954171525
0.11541597275865187
0.08615560316555024
0.12181258301580346
0.10172951865683597
0.08944863062462625
0.14735569347308894
0.10418527077528739
0.15819704074557733
0.0947040471822399
0.1321931638750651
0.13584072667164365
0.10315491542619777
0.10526437237744378
0.14336804770932055
0.11236304596632678
0.11188805116160223
0.1537447722932774
0.11147390392038777
0.16293410843015368
0.14367809543272694
0.11145648317594863
0.16986875046999902
0.07624806107711576
0.13516013841850905
0.144597587766186
0.10849041580199306
0.1270522316155628
0.12226964594861717
0.14356758111443368
0.11431873113715794
0.11335561566055738
0.09262685884490691
0.13133789449248726
0.07837382062435465
0.12835908174253968
0.08599029920651848
0.15806796332451636
0.09211153176511044
0.11043220442128435
0.09888409040327169
0.12894338552290202
0.11351151421060195
0.104598243818496
0.149048752737215
0.10135891343016563
0.13981781077162503
0.16652517503967088
0.11841876116168687
0.14456136614795778
0.1091349172390641
0.15872558678234414
0.08113299080015757
0.1387272227306537
0.11668863880557516
0.08610932484062711
0.15051762756848885
0.19997910209984904
0.09946203279283734
0.12094217025921145
0.10841869105791789
0.12667992684505816
0.11304288557669417
0.08845933753244292
0.07241003763926945
0.1544056315149622
0.1815816784784038
0.11860536049704051
0.10903720119666069
0.10982973964074978
0.12416303420203316
0.1747235321414065
0.11790658563643362
0.09156867727338562
0.10902753954184008
0.11356991794566065
0.12602585210804565
0.09102463892882434
0.11668485307921632
0.08375761554351681
0.10364898195872856
0.0620080145659931
0.12373681125036098
0.10209109434194942
0.11703608108837328
0.119797045804279
0.17511040423058424
0.11377583334692791
0.1340989992388657
0.12527666190061712
0.09148160541120753
0.07989724010026826
0.10658753068271452
0.12094439579923741
0.1232816831856112
0.12565422483019845
0.14872090705238736
0.1094501386410036
0.08225695780939092
0.12105518644333474
0.1142870071057837
0.10445559188148781
0.1409150242724448
0.10691126052876515
0.11955653176284793
0.10159369205203117
0.12710223034790055
0.13565126785283266
0.10822001223838709
0.10458107987060225
0.052029110862796504
0.1695858641588
0.04929150298925754
0.10033716227987635
0.14223910996576358
0.09559844669722531
0.10472817896427139
0.12552014227923722
0.11190770469697918
0.1164983857509381
0.09753384250310408
0.12119212537717088
0.11203599027099269
0.1398325217753462
0.09296523736944662
0.08853827749011797
0.6389446907087553
0.10359716589486183
0.07897976568707013
0.14002563209011537
0.10366087778279158
0.09627332637564785
0.0929358334535719
0.13059522865840484
0.14841747799993538
0.09459900080679125
0.09168961423234835
0.11357315277235232
0.1374483591236393
0.15369548079738463
0.1495394184338581
0.06259627360166335
0.12856266173921488
0.1538599033500141
0.09466802391437269
0.07442328362961995
0.16678970765200285
0.12550247070589632
0.14303205004638225
0.10059712889665505
0.13387486832821496
0.1876706000574804
0.10833682591744676
0.18217384921663368
0.08354007069699033
0.08755549554907759
0.10994325478042725
0.10331568167487969
0.15609864230447248
0.07403647888336048
0.11273030987924226
0.15015209914232575
0.11983168729301466
0.08635526819992478
0.0858463505140715
0.12255801631895076
0.09201575530555148
0.6811699432290029
0.13115634648368601
0.12354797159281071
0.21158281282250704
0.14193300490146513
0.11340385895515348
0.06472206810483223
0.13380543113057897
0.09430535045204973
0.11279430318007691
0.07857839868154014
0.14402694552779688
0.08890878001886096
0.1299993468456766
0.16610288111149882
0.1686920434815005
0.1175854540499602
0.09621543714933713
0.15388754752479675
0.1234307166520152
0.12117784943006965
0.0959036785889405
0.11866823273565924
0.13592488162618993
0.08416712411246646
0.10743033078718492
0.08022377739676284
0.6035344373483237
0.15401363782305028
0.14581594655525446
0.1387035652367808
0.10161063761091903
0.14610996851646318
0.13085195150257725
0.1279346292090331
0.09116123777285685
0.11746758265767855
0.07094942518068455
0.13660218830423632
0.10598819418232688
0.16905028433789
0.12139746319991218
0.13095288924863063
0.17184435829726094
0.10220091339113886
0.14498079581728143
0.14886911657397567
0.1492912771670516
0.07689499985861774
0.11836316112224389
0.13391682503900318
0.10071320359801093
0.140455464668377
0.12307724116960604
0.15750028293269386
0.14033806797931217
0.14453552288070545
0.1586479412214342
0.12063691727823808
0.15492011670830041
0.12528979265454618
0.14233354998348502
0.10530461013765777
0.1528161647154034
0.11849126825955271
0.06277442445383868
0.08286307238544492
0.10378051355666533
0.1169216549405309
0.09002698859955807
0.10350401617916707
0.0961323783065071
0.1219694965518354
0.09819432872110423
0.13777256223749093
0.11150702213567656
0.12111970855892473
0.11821997917260554
0.0946098423430833
0.1291676816845777
0.12267563728170597
0.1268415698717657
0.0963337338305764
0.14338092099101926
0.09212929576180182
0.09891517226877201
0.12239773691248361
0.1840106352328217
0.09944462816950737
0.10124536250537902
0.12567310408860397
0.12948676954179394
0.19396613685747174
0.07507119389851936
0.1429280677677561
0.13743288947147353
0.09268792567686103
0.22353739670850448
0.26610235790824166
0.17634205034430916
0.153355626979303
0.1462478581712863
0.10425918762250977
0.10858213732217116
0.09289057919176807
0.09163285527344465
0.09822612915617454
0.08648122946969684
0.09396324409959853
0.10244775178931634
0.09774298195306853
0.08403020716960033
0.1561188800123167
0.10399990557273077
0.11232906553551086
0.16349571885435335
0.08033173807215258
0.17534017117118433
0.14089930895996186
0.12220076270408793
0.15654620303464906
0.13321405001635414
0.09352702472307504
0.1224591667554395
0.12208726277681398
0.1518646750606305
0.07864937505239798
0.11601913309608664
0.13377881320520732
0.17722085054980968
0.20449312413558127
0.10457430921750584
0.11613303873255713
0.08622764239054208
0.11320202482231126
0.11165642922800437
0.1289875779789292
0.10894181590292777
0.14710681073463175
0.16240330234849873
0.11049645397574809
0.12380343142042224
0.1036906708087738
0.12603277046148406
0.08650016667922265
0.10480821396287408
0.10052701070190669
0.15845411459564676
0.0738418984459923
0.15142986478607723
0.12449290178958884
0.09925537415287337
0.10238095791528966
0.1388912165790618
0.1308577141548485
0.12293936276722646
0.11087783667959514
0.10507392946387525
0.07477494654100852
0.09778119884140149
0.11292273085501893
0.23595478755276567
0.1139311736696224
0.11542576748728785
0.13739553458678924
0.11260191449479126
0.10465524995092891
0.08501869266195348
0.08401377699502596
0.12683485201192993
0.10814373425106329
0.11318113093971376
0.15017805253421987
0.11115186890962467
0.16871893033890495
0.23170164501533075
0.09611765676532227
0.2684602753023274
0.09638743125107509
0.4719822455229507
0.28942448306992297
0.09128157123008135
0.15585693489723462
0.7070294780768701
0.10236472567299056
0.1123227559599613
0.14196899012748593
0.11744573820688767
0.136235806375415
0.1182892461639768
0.15674904590388314
0.11861189039846977
0.13218401826197687
0.16768426861199673
0.1179261329888469
0.10289368356332054
0.15704863967847163
0.14778563503502587
0.11234695701172644
0.13636993222948998
0.07527324357398801
0.16242745882780743
0.07288813605757789
0.0840639718602053
0.11617834819118034
0.16597500741962595
0.16061548403833983
0.11590078565857245
0.11959734592965937
0.1183083140290198
0.11805350783987638
0.11041772508786706
0.18794434522244302
0.1691149935283237
0.12680062908652842
0.15389211329829305
0.17538991386948677
0.10824431383284151
0.10001064336458193
0.12326894971852302
0.1891507255055835
0.10150238827931822
0.10837200905268841
0.16447637998695402
0.11738736799170292
0.06609376784006679
0.10527617916352745
0.101752994721111
0.1360245818412124
0.09625956246995347
0.15588992269298854
0.10936800133457165
0.10046062538634086
0.15276455348674317
0.15233495298748273
0.10272290412855226
0.18598176271551703
0.1104629011441168
0.13672963539110883
0.15501674367579377
0.08064901391341159
0.10311392140316919
0.20966101566327264
0.14004938776238787
0.1380981432750701
0.12136845779091997
0.12827768058559455
0.1535277487736208
0.09558688718724224
0.11905763948469954
0.07894155072356483
0.13409411724804277
0.10241078332941772
0.12225987468556994
0.14306082953171367
0.15361920328007175
0.14616784204044997
0.09119306881277266
0.1864183118381867
0.16789928432435142
0.13553578731606036
0.1370087723725004
0.06374529691697764
0.16755986517093094
0.1214831703998685
0.1506382415625396
0.1786888485545773
0.1097277249388165
0.08768252114911337
0.16882343965359986
0.08901794944131139
0.11843286614364226
0.06075438327493478
0.16414079245660707
0.16343782649505803
0.11341510765874994
0.15136014284483112
0.11055216036323787
0.10105053677560132
0.10824989212686718
0.1274684515690724
0.16833024883193154
0.09970395631629957
0.09169063795898195
0.10535966052822084
0.1394447819416611
0.09484854703577288
0.11339387197793178
0.13384655602994733
0.1475145858545104
0.0958916021033778
0.15471611412930691
0.09508882893657501
0.10589152597864762
0.08348971001377438
0.15068972380356796
0.11288675947434569
0.09058707859255083
0.1892616914231523
0.12700582334130409
0.13641797634684838
0.15673203755691503
0.11630685687535854
0.13986198652566692
0.09736801188084188
0.11457406944195705
0.10438237010247978
0.14528413670429646
0.6511702889646056
0.26918766052461107
0.11834161883338208
0.11775844531055794
0.07291177354720055
0.10648052706004925
0.10036938251325658
0.08159695045761013
0.0982839955236847
0.1725901992548118
0.1564202360866647
0.0916121861139469
0.16938769595817554
0.0863277659183545
0.15881436416994305
0.16585142258462526
0.1746716545360357
0.13517960907379656
0.10963521689901666
0.08849127816298369
0.13093137504529948
0.09852725694207495
0.10984892248265547
0.11700967911741914
0.10257782703624127
0.11977621049399709
0.16748835520044508
0.12564693981439554
0.13015679676730343
0.1305081001227989
0.09607665137143942
0.1243026533545427
0.16359912177932034
0.1295112309061547
0.10214046171771962
0.14148331553744684
0.1255267106587469
0.09416882236375568
0.08679037578746
0.09711273442490398
0.10032998973013958
0.1497475572873229
0.10705184026095307
0.13172057416203764
0.08393777195554568
0.14943414764538926
0.11786315262974933
0.13412402641425047
0.1028981563338449
0.11906235413003644
0.11396723183792652
0.11406795559063225
0.12571401362670295
0.1201852586882512
0.11297461260417929
0.10449330318922778
0.07609875798417381
0.08871714771048006
0.07168402876097511
0.6614899750001639
0.7575738820523654
0.14815464511673557
0.7348856541054316
0.10932326323085717
0.8038113904628829
0.1019868977897227
0.1497962383356621
0.11468009307768992
0.09080587656487503
0.14667617464206725
0.13456537278813432
0.1202229668785501
0.1472421226359111
0.12238313695434172
0.12854550711010052
0.14358716984454495
0.14019550310997958
0.1251623379852509
0.18363551460748245
0.11113530620068204
0.13985723661102545
0.0839743478394541
0.1304492679843945
0.14289947250069251
0.15591768840511944
0.12685810069320846
0.1521746957237139
0.1323938847994272
0.16004839556459025
0.16206712670150183
0.10432421230091117
0.1618327052131303
0.12287349171270422
0.11137372302330698
0.10204383741095782
0.0628751509324148
0.09949172866331497
0.09104820055858559
0.11840001012764224
0.08759114436931911
0.13064987669145342
0.16358210467946582
0.12248557345392001
0.10080967135985884
0.12478169800540749
0.15082706967207274
0.11356613849609098
0.09307532623363918
0.232933988792154
0.12516002940278226
0.12437381967535033
0.1400911952801501
0.16285919481864164
0.15147708414989391
0.15158234873089882
0.18208607108642272
0.17125515618003018
0.11185096726360685
0.15803852244770936
0.10286119310249273
0.09754953281906868
0.11996368811074565
0.09576083971230792
0.11264534701057208
0.051013738755897715
0.12623268997397358
0.1847138422642745
0.2439286072759991
0.1304747920621221
0.13994516513975808
0.13809245211954554
0.17278757143911264
0.1521723802182118
0.17489054023789508
0.14822867352201968
0.13836679174114422
0.13954335918144248
0.12444193944144197
0.11884655219676618
0.09050738508600882
0.13821096784590214
0.14037869311688084
0.16869435639389518
0.20213222382651905
0.161691761874281
0.18142291712488479
0.11476366805265285
0.10409146045357644
0.17799269913978485
0.11451180301220125
0.16444612673038078
0.06914601793483809
0.1081164019489113
0.11581955474624299
0.15272148333211005
0.13728770656987324
0.1176137364921062
0.14866100542512875
0.11562477046061166
0.15646265347656896
0.11895451888624163
0.10994256306154808
0.14099824684094384
0.08963458569756974
0.14978546829217818
0.12469245841358892
0.18677049401316553
0.10132351183273473
0.19163859169175737
0.1891368931904833
0.18272659737006566
0.11916884464148003
0.17414983434406886
0.0995481028694296
0.13867672109562143
0.18732954683001998
0.1437703044907894
0.10634513712108598
0.13116366401388285
0.14061084184906256
0.12702515252606583
0.0877081274407024
0.12660756828740527
0.09798329275623388
0.1411230619756917
0.1357003301864662
0.11240536132581702
0.1699566420696683
0.14372877675534607
0.1821298057532296
0.17628632386759338
0.11282388393436853
0.08040229182092509
0.09779755862849349
0.11352106748456108
0.13949813004925993
0.15829147940351143
0.05565275470684664
0.12064940295055473
0.10840791161047765
0.1551894892719885
0.08454917584534392
0.1552744217476719
0.11306554728708068
0.08194292325934856
0.19336280047050972
0.1446592752923918
0.10525735151004025
0.10836558050815412
0.10648837123367326
0.10774804845621923
0.11179523141598541
0.14509403602090287
0.1836802109034473
0.10668773554600462
0.1450961518871983
0.08815717140849785
0.10318215699988177
0.13121830626662617
0.1362437150930837
0.13679087888419839
0.07892049240673135
0.14310494344308203
0.12099388147185546
0.11141656861401117
0.09616275280769952
0.1492838292792898
0.13227453460113325
0.12300806315250898
0.1296649245533995
0.1589513839914953
0.13373455808722637
0.16990523769101423
0.056062696936992
0.11656859777853448
0.10983616139347394
0.14550069738573781
0.12777370156934534
0.14124780399373946
0.06762669593836924
0.12162930114457865
0.12594848086942703
0.12561750566062332
0.07491600225323103
0.15712634683524207
0.11919735822018665
0.1614884456498096
0.11781511826785022
0.13806358277628394
0.13785591377306725
0.07729228604569051
0.1483418102157018
0.12299585937001506
0.08202375970772041
0.0945320848116377
0.13944644325509892
0.1787556552446403
0.12087444947401131
0.15863850873094684
0.12588479645211073
0.11320369220618699
0.12110470790744873
0.14756520215520516
0.08706307300324048
0.11676053418814353
0.25309064022922406
0.9533472535600772
0.7827340209987234
0.16639876691701053
0.17208905473176977
0.05981419471735315
0.09184074183876993
0.2102162654324404
0.16848063226501098
1.0435869549587407
0.11501004886220109
0.1067162163051844
0.19682448413124123
1.1544626347058022
0.827447138083428
0.9365332184990897
0.11075866375160197
0.12735495620075699
0.11377252388961358
0.10444610738889545
0.16314142343393293
0.15658040894627978
0.1447237397724494
0.1275511928300255
0.15472037940150163
0.221496921517969
0.13289471809865847
0.11725534324324788
0.16713398840232116
0.1657500110648382
0.11544055349828763
0.11424078329545789
0.1669654089780105
0.09036621508600072
0.09666438863523821
0.16799643771794803
0.12980560383313886
0.13864859323321885
0.13956911608738506
0.11034974976812997
0.17764039030496354
0.1934298682685831
0.11489239325150839
0.14202586802912667
0.1142391001856
0.1493557822275563
0.15135336858939388
0.1102533442319273
0.19431223276619564
0.2068421601381908
0.16203288565635268
0.1726360973930967
0.1936179497443629
0.1327903493052913
0.11611970496162764
0.12508261489936134
0.11131533527141875
0.17784135897678513
0.13129688765077682
0.16603951048353494
0.17815055400159066
0.17591297107282608
0.11246156179629796
0.13531052783690714
0.14125969634154142
0.09828701445713418
0.09761639207170072
0.15579606059732007
0.15365262744240749
0.1615186337108973
0.16874396619424656
0.10411751161298667
0.14194369770467277
0.08414795474390696
0.1331177772155578
0.1008002176760891
0.1422251080270272
0.13465428095874374
0.10747129472102374
0.14724706073888752
0.14175288620848156
0.19765016667321328
0.18331553034873663
0.20455531449384579
0.11043435386938556
0.12068299589045242
0.14506438066372632
0.1482218405993881
0.1120797709127394
0.1840217422102688
0.16197837663610765
0.17031238987442932
0.16082309593231522
0.12472122473005175
0.1684353362626576
0.12984511878902769
0.1249490059300356
0.13341173329649011
0.1545839877784935
0.17794127535928095
0.18522612193539795
0.15989972320632692
0.17177327883496718
0.09089368624789655
0.1340491123160916
0.15304305408735144
0.14344634475352683
0.12941208539159793
0.12440578567584654
0.13703910572808684
0.12051958437573325
0.19120268141886165
0.11457481095606552
0.11721750652279195
0.08229988944099016
0.14483958291825252
0.15904015101036398
0.12967948492509726
0.1062825880308429
0.12790812457867803
0.12831435769097102
0.09923237747098201
0.09736559636522844
0.09524183653581396
0.1309342493926567
0.11986343424648216
0.14551267656998032
0.10749361631937202
0.17851564521409383
0.1661154556382207
0.12834228856151098
0.09367178534078191
0.17947982145111893
0.1408327140367088
0.1545487502771334
0.10650858419046512
0.14166596367868034
0.06326535237343336
0.5752414670580276
0.1076352270837578
0.0989905793241864
0.11645084192786913
0.12265430296007304
0.08389926773757855
0.09666229932130607
0.13478581877941745
0.13525828900023928
0.07437408680933225
0.16355687792234258
0.11237530446262933
0.12301620771597266
0.1313923820016007
0.09958440506926444
0.14926145769288746
0.16756484893987833
0.09718689560205358
0.17658405133665664
0.09185685992448071
0.08576210967728777
0.1285660617954128
0.09800058880919177
0.13644094800535517
0.1271732495979578
0.10140043975374613
0.10106777541792096
0.1348484471846764
0.17320864597337607
0.12427330589305248
0.14539681660816944
0.1025381498342012
0.11100643311816287
0.17693295596759617
0.1435206627333067
0.12437618427859072
0.2057164939385957
0.2029079744112027
0.17492020823949597
0.16534685829885967
0.17281649528734006
0.07422893285654292
0.1452632713344254
0.15094811484254778
0.12715986376104335
0.11012968542582159
0.16041714804309054
0.11815687777057084
0.11689065471879517
0.12606184285841654
0.18227336061745908
0.24337094127590667
0.10619456353517895
0.09031335438071461
0.10591840555259573
0.1596026564407117
0.1125070644143332
0.1309684316635215
0.12889949697491557
0.09265477453734165
0.19243221137675
0.11669203532167868
0.145650270177451
0.1530313552466451
0.12756612267562292
0.14355085961225647
0.11097617705119873
0.14186445589580224
0.21801866791061147
0.10848751908532457
0.15510754028109142
0.17335740152410511
0.09183729240961662
0.1153356404803415
0.1219999495879456
0.1368998723460946
0.11378104837999947
0.1360329084092113
0.10177730091706813
0.191017773667741
0.15241992217682002
0.10862523358698734
0.15270250004659242
0.19246974450943388
0.16279448955377906
0.1949634066835234
0.1953423810031121
0.17856325138467383
0.148983441713365
0.20470312102082294
0.1429028144622645
0.113306540587157
0.11521890138384243
0.12660470840697
0.07085244920311405
0.10536615585478261
0.11395219206836159
0.18250815290684405
0.11728641556914843
0.10236744047769682
0.07885770951464757
0.1165881712655855
0.11938172987970175
0.09471239221875066
0.981282375555872
1.3449497772300503
0.7459701927121337
1.3290123570095682
1.2316876459672768
1.0907658518259338
1.0810225300514393
1.0866288351406583
1.2469651560451103
0.7953630622320772
0.15059368317811375
0.16152443513925813
0.11555463737885943
0.16835784631056652
0.11698289464310777
0.09777788750827808
0.1766860182646267
0.15735813803655935
0.14473433574216643
0.07301721094969307
0.14252934938596784
0.08446208544658222
0.11275443941665618
0.07683074724174267
0.1324109059323431
0.10214655261654129
0.18960455239001814
0.11865612119510882
0.10180293455114867
0.1553221246086526
0.15043128366634545
0.1553669765218464
0.14930025643011557
0.13400465182178237
0.19898199753720622
0.15316033639514534
0.09463521826941645
0.17502189133748822
0.11342489259522892
0.1694542463722126
0.1204291768664048
0.1216064795875143
0.15199460537943504
0.10817990646195615
0.1480028815812263
0.20974898735367045
0.13377047046034862
0.13353718681532578
0.07604065737243981
0.13985177259782183
0.11873064834995736
0.1839627083644192
0.13802464314505536
0.14230426757393666
0.1251205150988641
0.13301901103567906
0.12598355860891075
0.11534482272864578
0.15217716354201077
0.1609607208387285
0.06479049838737044
0.13202082115118893
0.13987228398716064
0.11865955250167427
0.14043088259171854
0.11405690341971747
0.1308271058850781
0.09803821307502002
0.11332100292286355
0.11830011515429979
0.18209595133993964
0.11900116154228198
0.10796209376453539
0.19710651925270714
0.11003068486009138
0.19062698106713868
0.13679232634636107
0.21286340086991565
0.1084579939892478
0.1375172724705705
0.0885946211492738
0.2142134341597035
0.10543809240938766
0.13857205354916965
0.04235382148837078
0.14448608384965833
0.10851926372521076
0.10434921189389817
0.1118367452449471
0.08888514828803096
0.13493322614340889
0.108876634542028
0.13254277755411065
0.12378219534338226
0.13670350940558884
0.08180565700102517
0.07255784566818843
0.11796567045256881
0.1336529591883103
0.18166665591140507
0.15759345037827122
0.10331355271110568
0.13310952276493865
0.11027588144170722
0.0827881390514807
0.09440544964424558
0.05873193537827399
0.159281466110869
0.13531657770160616
0.09230938059661745
0.14312397372498392
0.1379963922568765
0.15164530565068154
0.1124700323991205
0.22739574037218388
0.2080886136779594
0.13963794187087317
0.14901419251922904
0.11679108680979255
0.12466600668771992
0.13272505649993654
0.08103937896995206
0.11214739344384958
0.12923259654476152
0.12064115799976126
0.12483491581028834
0.10303150438939404
0.09986584233605428
0.17323611151304721
0.1645490143232187
0.08531299955075343
0.19991370634669897
0.13520964111331774
0.18244036047769902
0.12092944641349727
0.1344417076668539
0.21495573247691313
0.10158433540716405
0.12891378648993349
0.17137163272475112
0.14815612950135626
0.12340153081956128
0.09724516824596399
0.11115236321862634
0.12018902222338541
0.1842242125533239
0.10944395958370115
0.13102119713067872
0.1561324288213545
0.14090639701726487
0.10572109590665425
0.15112507471420325
0.11510752300768758
0.1050985478117402
0.15131176430950083
0.13826844533969412
0.10705117844228931
0.11924833595961012
0.14537544080039622
0.2290659867173142
0.13284131039107713
0.10698925403764512
0.11865926074203113
0.10423510444585463
0.20991376639998635
0.06956683058009502
0.11767742505021112
0.12817113283514298
0.12842738964605388
0.12966711034558703
0.17013063577303122
0.16945384871320804
0.10140588504146364
0.1551817605801466
0.09861445698608697
0.12147459261497832
0.1763487829326378
0.15981082977641242
0.14103793003680035
0.12578149410951328
0.16749584523293354
0.09405829330895121
0.06973553553210995
0.07962410170917043
0.13645589340186312
0.15612248444460938
0.12909200173322588
0.15111998904582077
0.13147818286942553
0.114828341044161
0.1484179286273613
0.10944511863658396
0.12920773254544235
0.15541245001845774
0.11005940738055764
0.1351307976172168
0.14557169171254647
0.08024292167536592
0.1269701600127161
0.14883903739291174
0.12390174108176476
0.09307380465924334
0.126005249559856
0.06837504310625041
0.14613827911307836
0.16151080080873953
0.14242062764063126
0.14920877053592665
0.1315404670573962
0.14098423407526434
0.11205684022520396
0.1348545363592169
0.14824965186430084
0.13046636230430939
0.13077882731599694
0.09846272766449243
0.0775220137085333
0.14726676975417802
0.14122754048434427
0.10668167900513616
0.11143256127271775
0.1247806450876701
0.12446139546838628
0.09834940005605078
0.1602168950261477
0.10607223990106168
0.12596478210806608
0.11760429068242637
0.10779620248393704
0.15808831830951792
0.26822943722332676
0.5909339483791406
0.16529833822811998
0.18607479747153263
0.19646807746332384
0.18781217760437194
0.16073803357445438
0.14759662470298027
0.1830405438813771
0.11699660490335038
0.161413669643831
0.15092659221163116
0.09365380184242518
0.18817102079494302
0.09149130470297695
0.13941793019496315
0.1786570062341815
0.18527663579432813
0.1372937315488544
0.1678036248226091
0.12144567641817469
0.16222360708109376
0.2464139866390705
0.08940849818473082
0.16568612059096502
0.136607254182643
0.194395556854751
0.13489921992599233
0.14288139900692548
0.1410728323651745
0.1653206694388385
0.1720726069921859
0.10399546267713014
0.1049817487894117
0.19549787134173996
0.2245448960349462
0.12018027713570915
0.19683268438298243
0.17920069423450932
0.14781954332611663
0.13817829361961617
0.11881752166660592
0.2082097652472515
0.14900213405071572
0.16031149931030217
0.17636345023900485
0.14135817371658796
0.1251877304537396
0.06472352369161731
0.11529281040119879
0.1421508357269217
0.1512326602929522
0.18120432169049663
0.17366218415390608
0.1537300130919824
0.17515296881842132
0.10501443389485143
0.20309710481013785
0.1218181251118461
0.16118030273042613
0.09018824666503243
0.16397019939049615
0.10235402548257458
0.13556357196025753
0.12888289245556966
0.09118773198091736
0.1347872631323121
0.12352908333250337
0.13418915714111931
0.1856545532177244
0.14483396424848632
0.13748364884241096
0.1786855905753462
0.15518893574103382
0.13169034864272047
0.09301959590585121
0.11596700548579603
0.09741414517195333
0.07969111386034337
0.13043463451497236
0.05344597081963547
0.18894766701891322
0.1277765383527518
0.18643701281502975
0.2034699466813186
0.1068102334655136
0.08279018439440053
0.10058145119222264
0.13041967248477196
0.15636848740480225
0.09942312981542575
0.13039214698682244
0.16863905589389752
0.14544746723842147
0.17020951732673165
0.140058150883867
0.1384649372938974
0.16388138135111704
0.1542391149740684
0.20634535645520527
0.10020127663075952
0.14766777695304398
0.10842058600998587
0.134851130615319
0.14918744507858386
0.14759128666722396
0.10536993362077476
0.12928519937601424
0.13014602672091116
0.12440464617251988
0.08874704193698289
0.09691423234464194
0.12107933112376211
0.1132923690100022
0.19372974128365994
0.13779916879315102
0.1930896205629779
0.1252143655991357
0.11959225641542455
0.17431413764569245
0.12659750871771847
0.17769047201284455
0.09806808468710758
0.13074537447053253
0.11757856278804019
0.1512305191319101
0.1454857807253043
0.18548241530689633
0.1182951648858576
0.15776967111462312
0.11892151453707565
0.11708454701351526
0.13539942539716068
0.11960092678977452
0.08024984215469033
0.12831878394009308
0.1353657398620541
0.14101492944193833
0.12452876480031441
0.15259428577790699
0.08047435532417958
0.186822018649258
0.19257703162146259
0.12063424040999725
0.12975538530825423
0.05824676078610756
0.08310418058070734
0.16895935943291504
0.08317137744320302
0.127100703842244
0.15641578999982736
0.22558741961211742
0.13814006450153263
0.1594684360691235
0.16708388707950153
0.12397123923576156
0.13505807417051452
0.196866999146119
0.08673959430449549
0.12801276529291536
0.11527448778869885
0.14677106667863107
0.1576881496355011
0.11653946107257654
0.10826292286218196
0.11225339421755091
0.12699928511094677
0.13671646848318952
0.12087144859253585
0.15587230911097472
0.13936476294382222
0.10230370079313318
0.0860589454501153
0.13174683761240102
0.1621016406796304
0.16046382697395786
0.08002251529515625
0.07275973630175625
0.06704572728890454
0.10518254977591662
0.1066225464955286
0.18367699439015062
0.14787013024736284
0.1519903781393998
0.10649153411911697
0.16183672990008185
0.0751679671536467
0.07971585499095232
0.09419379513293584
0.18098321212154192
0.09400677823819902
0.09702125583306526
0.09717867110447535
0.1514134090171057
0.13548483798305552
0.14944635289629815
0.18039677371634022
0.0980261731390317
0.12453764288797517
0.14456887348765535
0.1330241497459735
0.12952270728144938
0.06727353158187654
0.13826390650038178
0.14743222539759548
0.27279907467867476
0.08338925451416641
0.10208684438148437
0.22619812653607277
0.13406023907985865
0.10775174987358647
0.1272165199135576
0.11988405472717784
0.10131310410949816
0.12162985224365064
0.13231913167394904
0.09384012493662164
0.09631124511056748
0.18124105271767488
0.11116864778982359
0.12313730472595166
0.15718568705934174
0.10407633503710485
0.14305715632002505
0.09888078091266612
0.13946561029157215
0.10473260704372249
0.1486898821657751
0.1091169976244975
0.10193451388232298
0.1131110270032792
0.1182683588114154
0.09049812910882256
0.07092598102141041
0.1598606785838634
0.26692035424561317
0.2900868194282569
0.25130719253024936
0.09091392589665727
0.11870893472616546
0.1109791522596185
0.10035371210502395
0.11208954579290317
0.11224653548887326
0.1283093586873596
0.16661058575815596
0.08584356591842127
0.08789585605778259
0.15520699942110114
0.15955595577065484
0.13852226532549738
0.1284410155784016
0.09083430439236291
0.17214301735969345
0.12932232999844404
0.10980895800628046
0.13241507662136556
0.10721642521071881
0.1356637761567788
0.1307333652577462
0.12011899056419827
0.143999450778675
0.18323771853395016
0.14946245969207286
0.17830790639307242
0.09359713278116494
0.1329760874870983
0.1322259969620477
0.13540145857675498
0.12871144127442277
0.10642671009787028
0.11971017649111551
0.17391496484113864
0.19422928264607875
0.15345010265381173
0.1401098214507156
0.12099110463137942
0.14140857065320647
0.13310780826045107
0.21426485536148782
0.13719009095318097
0.160109824707739
0.1733629275548694
0.1499027276146734
0.145369327515925
0.14798081277046177
0.17670857053991496
0.14762655819849035
0.11816185276248319
0.1278152083137032
0.09443051683413341
0.10181126105857595
0.09653514381270573
0.14522784942722536
0.09142147346416753
0.10932387502898835
0.16582183888051932
0.8824760779124488
0.13963981419556096
0.19039542222264857
0.10814652977099552
0.1656612246551967
0.15152918655593672
0.06411843794766708
0.1396747150096336
0.16976252478203285
0.07709636872141383
0.09228040492017717
0.12394800694248284
0.1185926079689622
0.14875496534171292
0.9571078449552071
0.106642754457943
0.1369512541532485
0.1332967452193007
0.15476267041162267
0.12668527409714417
0.1193267374517391
0.17870936942053375
0.09201329644346562
0.12404940330076347
0.17551755924447565
0.14015002424905354
0.11030789587467263
0.14534958417506647
0.14342668737422534
0.16508550950013237
0.1384637245157749
0.0699126112893531
0.12218639410145206
0.11887878718333045
0.1517309373889667
0.1890717947588818
0.17273410128677072
0.15132609378538286
0.1452216654777454
0.15904227474124147
0.10069539025324589
0.17833709879500267
0.11473484819932536
0.1102534477013263
0.11099606341238662
0.09899856204055478
0.16278365944738155
0.0937241075147217
0.12460907408695132
0.13983919661453617
0.13300711034594506
0.12446527062105496
0.19426872983430502
0.13395804840411418
0.1268655322264225
0.16562178202437122
0.17956865222427573
0.15194808225437528
0.17438918544401238
0.12968971825519118
0.1586877793164877
0.15230533357212786
0.1224442492008188
0.19411882105416683
0.14315212880496003
0.1252820236177172
0.08373202899110788
0.10288139839118324
0.13679467347304713
0.14968279436344478
0.1166362569534222
0.09814764166864615
0.14819296693925366
0.1435191676352855
0.15910500963795698
0.11649486883152754
0.11151326193270608
0.10912660601301848
0.24969527657406707
0.11248645559821106
0.12862826714852388
0.1652711224308652
0.1213471541778968
0.2380373767211503
0.1383340281691216
0.18745257584564515
0.09732380914946917
0.11934576534951225
0.11383139121754157
0.10525736817698979
0.09637684150132587
0.12766441557676314
0.09051291656159108
0.11443704954405973
0.16324712540615063
0.17524443970852738
0.17393261230744683
0.137213391385613
0.08285796190331408
0.29159157256766666
0.09297985649854858
0.1605977405641943
0.1305836544623564
0.0467794399659372
0.15862513213374999
0.27007138443929213
0.38113784121090116
0.9264641073682781
0.23388840758938473
0.15162294663459377
0.21179856351787849
1.3656611853265455
0.1448365060911427
1.065430211840427
0.5317079063719595
0.15038337348156405
0.20139577256533553
0.182589439990034
0.14755397780086554
0.15315798946579048
0.11853010500248592
0.17008896632005632
0.0972254474035807
0.06542024284585414
0.07543431685379118
0.14819326292722326
0.1307094492191613
0.14868922727119874
0.16221960647148628
0.12096984564377694
0.12251810974621817
0.16976939578456024
0.10424654737473837
0.1138461789652538
0.09789565381370097
0.1490564910052406
0.14801371628125035
0.08691052761991637
0.17491074887847266
0.1394563454941137
0.14139133169544768
0.1421346390396743
0.11405093546745067
0.14026035826494207
0.1844006325007152
0.19021885547624368
0.11178043559446256
0.1419508040875817
0.09460823672517873
0.15530302875607796
0.13845756636780968
0.10603169245412361
0.13792903568342657
0.11950545669350507
0.1505298284536221
0.13017829315346138
0.16080791411317943
0.1008129907442639
0.1655571192574065
0.2571951990491046
0.1337581064229917
0.16543545345385216
0.11822111861246883
0.1061440245531617
0.08378713015264944
0.1450241190274661
0.16275591942366563
0.13373063488276987
0.12302622170360755
0.11696115958953757
0.1338808052249927
0.11990692719327394
0.20022844179684215
0.17552727889312697
0.1258810254831808
0.1345533980919954
0.10456786074253777
0.19035432500696559
0.20088108381530656
0.20926128548855075
0.2092363321931051
0.18918955597524503
0.15099757571588637
0.11938757696277477
0.12928917261129447
0.14132882290797277
0.19501136961695648
0.17282337754248028
0.09493913086613853
0.130710001674177
0.15125364422166768
0.16568800036931575
0.1686104263706202
0.14726730931325963
0.1284288487809906
0.05554514967279015
0.10509914371636594
0.1892503502182328
0.17742261163730025
0.12282742498483792
0.15144761130600934
0.1694330878395455
0.17842904682808639
0.12071537359674833
0.07503655833444
0.19833806481379623
0.1311844835319463
0.13104433609400934
0.13481634766747405
0.11349072435711403
0.13485939151740736
0.19079736219307072
0.14497659929998385
0.1587763434928074
0.18562819497506436
0.17690106423665472
0.15168769788856112
0.16134592384568078
0.14717636835691703
0.1639265560198101
0.12250298284269645
0.12426259915569356
0.2257408489587743
0.16992010735792948
0.12168740207310016
0.12668243140043706
0.16342624016656915
0.09111523441477098
0.9711370078331355
0.17682430628160967
0.9587118588886551
1.3611520941440474
0.7284093459660765
0.321789537703673
0.17013727871054452
0.13207893291878128
0.17384937159901764
0.11175193258848234
0.12625889025717102
0.11316440813313594
0.17881602995009752
0.12301898660928873
0.12572400500719688
0.2106867767334396
0.19316585216392215
0.1599755830741928
0.13034754812094446
0.09312130658818155
0.13233917457732397
0.12605005385629733
0.15719497026820337
0.12152942421542166
0.13937691682486347
0.15155171645504467
0.15984385474652849
0.1793806961276475
0.19381655367605374
0.11988587945042585
0.1901889332973534
0.11671297686381418
0.11426262203464907
0.15017940000628308
0.11449356789380767
0.09949946183022945
0.22132717214717582
0.12443910630212267
0.1466439699262713
0.15044272964994274
0.16500534278582962
0.14856485512392867
0.17717243598658627
0.09158772454878107
0.10914428406310085
0.1497764251801131
0.1496367578497062
0.17103453629335638
0.12263672099915111
0.12007419450889731
0.15822628101429217
0.07795898005759759
0.15254268302104318
0.12520038220791407
0.14564875672415892
0.08641602573419423
