1772.2632059642674
1476.3782582724675
1236.232673346066
1038.0364845632068
876.069631388199
741.81632649936
631.0314015327035
539.0920890820585
462.7251933538594
399.23176093938116
346.1774114433989
301.86542099755
264.57850357019964
233.1479244970531
206.54466425357205
183.92615521074956
164.57230862093053
147.98270590574694
133.6971553724354
121.33751152207032
110.59839433558135
101.21835690969664
93.03830299033608
85.8269671148286
79.44471829938692
73.8002969974036
68.79410077946697
64.33084916075458
60.33375329301228
56.71956199460525
53.49926118811898
50.55115772508999
47.892634461244256
45.479283520423046
43.29249904693091
41.239510904360145
39.401696562916925
37.73383813346106
36.17269383326788
34.70411267330542
33.364769497385105
32.12443584152169
30.97364931511728
29.89402891423525
28.85962574525779
27.90702823046868
27.012978181372883
26.170884350505567
25.380017352421724
24.643044984912365
23.910240479636958
23.276805114379712
22.649281409440025
22.012735275497008
21.4462964977431
20.929586734544415
20.388959760347646
19.893169840166482
19.376097180044468
18.957747436647285
18.4936025567155
18.047923840396717
17.63744249833773
17.2404267744933
16.84515384823895
16.47106426164912
16.07793747488506
15.724200064278993
15.44281448729208
15.107532254886904
14.758566197998773
14.459829100555758
14.167262841799081
13.872822592924596
13.575080660170364
13.313111242216008
12.973176758329481
12.79293437288472
12.468470223862264
12.181073592362694
11.942683768666607
11.70450254398014
11.487093759293463
11.258179702828736
10.983652249843153
10.82109435753019
10.593935402779842
10.33619068732992
10.149645206655887
9.946172886015198
9.75412950301751
9.540515656969454
9.372395433016754
9.165664628503093
8.924913966253738
8.767366132125336
8.515894214125991
8.41684756849917
8.24727647675558
8.068063222273654
7.886193900771835
7.7326830129670014
7.490044524956753
7.410723489010116
7.222951135922037
7.050546741327539
6.919349156359428
6.758815312477154
6.58109422425318
6.515417812796047
6.319091537333096
6.163119973366642
6.032306556960124
5.957657163206377
5.757135574809572
5.606288752241436
5.502803560640482
5.333341444391873
5.252277708665276
5.10695784623493
5.001102713534078
4.876087363610725
4.794218104890954
4.617860006390129
4.4687100941262194
4.408813080649682
4.308314688452895
4.0903065500082265
3.9989536181987058
3.9316393147800066
3.861791176475352
3.718815162562168
3.6063814563413383
3.5437086663957866
3.4272299179771744
3.361908292803472
3.2009180902448913
3.162429028327734
3.0524465836974617
2.9273066457418033
2.884505294298559
2.7841151654664364
2.71683067210366
2.5846312016851343
2.5187974856889888
2.4133805521053997
2.327525809620347
2.250539182878661
2.1726822898581886
2.0250328910912225
1.937216729483553
1.9435655913548286
1.8436002318458238
1.7498703485022724
1.6568747385474927
1.590664212035672
1.5095052109021472
1.4279590451059883
1.393554393348411
1.2453876714558432
1.1711974455052492
1.0781721843965635
1.1012426536445938
0.9873721006932581
0.9541452507631658
0.8076643295805855
0.7771314769230596
0.689231338659763
0.6625291759872854
0.6079788612626229
0.5595498191985865
0.5279888328504343
0.36256280576956823
0.35784280795059464
0.2528819080436149
0.2391434687616318
0.18865343773713203
0.13919710965687565
0.041547171771230754
0.02797628871488085
-0.04475859264380384
-0.18476180164689027
-0.16595807158323758
-0.27801136436048285
-0.29618475567501135
-0.36294772301540823
-0.3908929702298678
-0.40698608347280996
-0.5152923917690458
-0.588567249914052
-0.6531704917795558
-0.6362167028244405
-0.6776540726069027
-0.7383576233086194
-0.8263282592896655
-0.809574140685513
-0.8993052380784345
-0.9962111301004551
-1.0042750544185288
-1.1092017501550941
-1.072846552761175
-1.1185105799780524
-1.1799496450587796
-1.2020438766220123
-1.310951712504853
-1.3884120578812713
-1.3417551542453738
-1.4016825961892625
-1.3622248152976209
-1.4813898511047494
-1.5361300656510093
-1.6332673408479566
-1.6042651477797607
-1.6556786828933927
-1.6135383297181556
-1.7381115799176685
-1.8353225998169407
-1.8720548184362287
-1.8401471116192036
-1.8957523766794389
-1.8891556544692838
-1.9500469200049708
-1.9327824127658983
-2.0439086910500235
-2.0849660818736324
-2.0796479052150247
-2.1906927042020565
-2.1841195835483873
-2.2528803263169097
-2.2708901853603853
-2.2631685342026557
-2.316727550009774
-2.3262458149143277
-2.3566585342906072
-2.4168283531650077
-2.4793179342053313
-2.4583443804093017
-2.586869333053786
-2.5383238570986117
-2.5740269779720673
-2.6503816002965124
-2.6498059188973975
-2.6353962222346667
-2.7002515852254625
-2.7462799388804036
-2.8056555662408607
-2.7969064388575173
-2.8107245258691003
-2.7790733299058052
-2.854761774117449
-2.9725487988082135
-2.8963681306253366
-2.9280574515838063
-2.9675603146150813
-3.1096675975447474
-3.0497061229067386
-3.0686919584429746
-3.140483745041431
-3.1131549994955066
-3.2295102436959384
-3.2546378277367305
-3.22384575552757
-3.2888343928234622
-3.253241870383333
-3.239457162748891
-3.3189304601999994
-3.3520329520191385
-3.3409010769651255
-3.4126800571515767
-3.522946741437045
-3.4762375278823825
-3.5033491283547216
-3.4078545420914823
-3.555243035510127
-3.583920235132547
-3.510202768278347
-3.5563971795600793
-3.59679656815825
-3.707118672012786
-3.6979294653657884
-3.7636621751504684
-3.6881871537946234
-3.794687175950772
-3.692587001411053
-3.7020576619685173
-3.7759963422989147
-3.845036633846774
-3.7638709369892993
-3.844540751995269
-3.919330766337116
-3.937898402734961
-3.8805240664256946
-3.9222269953785225
-3.9698474671588997
-3.9449812053227533
-3.93280605421646
-4.019529660587234
-4.071868305918623
-4.0763827061608175
-4.140022928930683
-4.043187013151263
-4.17254017550352
-4.10746727754403
-4.1280320354614615
-4.271114233124449
-4.169242307819132
-4.2225682240023925
-4.173358705874595
-4.21158388226213
-4.2804737389557905
-4.214765529386393
-4.3310051573467225
-4.244656792334406
-4.358594962181204
-4.370931873090872
-4.28272970618846
-4.421158413089787
-4.387114922566336
-4.544654083330232
-4.411289190817599
-4.37428914912773
-4.496025399502213
-4.461182737399314
-4.492874876438081
-4.571565857414044
-4.448271039139694
-4.5007571676780636
-4.578968577383606
-4.606437851497452
-4.60764201880352
-4.632364102741193
-4.753742635164976
-4.6420987652831585
-4.632385729035501
-4.634255000257254
-4.670993240606489
-4.6810699937772
-4.725635984151943
-4.795273372786202
-4.769068311866994
-4.763862656272045
-4.72000792878667
-4.81889948037687
-4.856093669851881
-4.811872075705056
-4.887043898079736
-4.889279052988571
-4.943727732120667
-4.873001435085706
-4.900038613030148
-4.9545514661112655
-4.953156538054419
-4.90409148165641
-4.893460997895299
-4.958201564683452
-4.979392909416126
-5.06125817793055
-4.983795413703144
-5.053504410924582
-5.073044491106138
-5.0668329725535175
-5.092176756263282
-5.041117749675163
-5.043318939988119
-5.07479296844402
-5.146080691262661
-5.09271708786866
-5.163579867215969
-5.216755159124375
-5.188439186614552
-5.1806479129947896
-5.214326429239815
-5.167084005025048
-5.213765745947978
-5.188596779405701
-5.306408817648611
-5.292609400273438
-5.2141255888658335
-5.296687554868498
-5.286861753300716
-5.309542799155171
-5.2664041618520345
-5.348780831526694
-5.320157160506374
-5.332867557191875
-5.35323956707574
-5.365953269474348
-5.381559610605332
-5.458867944283811
-5.37922887913788
-5.418576583621331
-5.3680885139402825
-5.354350107418446
-5.440257672679022
-5.420932721337506
-5.502799804112138
-5.436291241046675
-5.490880591363483
-5.5443774303560245
-5.4826601504224515
-5.491523156256516
-5.603977381404208
-5.541167915159971
-5.536456687002295
-5.481210606712162
-5.559313102972099
-5.621318097752157
-5.608766912712401
-5.599714368236927
-5.567173394644419
-5.589518712720877
-5.628874660761661
-5.596722282598115
-5.6905783488509005
-5.6340806431682795
-5.728928291155604
-5.675030266822603
-5.623761300048553
-5.656797605060061
-5.670901379461155
-5.7460780460723795
-5.714729395977568
-5.761455676471321
-5.7800524215313365
-5.7344140799810495
-5.684191260899769
-5.752642054013304
-5.733629644040382
-5.8781654337453535
-5.823509456782329
-5.78897577455484
-5.816657317656119
-5.930431306273099
-5.878121393639202
-5.904856052374392
-5.762087541546734
-5.85936115672321
-5.858571681775135
-5.811601484128019
-5.869834852565089
-5.890843984502983
-5.808951520383808
-5.84829002613688
-5.917338028594003
-6.014449141362561
-5.929431603889105
-5.967214114576334
-5.982115759106153
-5.880870654738793
-5.945382539947066
-6.002442062172481
-5.929712474010997
-5.972068197937007
-5.953977530562275
-5.916568954129126
-5.949039892053587
-5.941869614060349
-6.086158789217739
-5.964982840726214
-5.998449801352208
-6.021841150595811
-6.093946170418864
-6.0303676333880425
-5.942506388086866
-6.032708294529464
-6.087529369846748
-6.136097002877783
-6.071693441740557
-6.110533173476598
-6.167074205514432
-6.217070089059124
-6.147846526498014
-6.108691839403968
-6.203321271759691
-6.128502309614975
-6.194554740164288
-6.113345912955243
-6.181192871677185
-6.126802916115555
-6.227408151041161
-6.202803263883022
-6.200338110698427
-6.1980230960450875
-6.229295581772629
-6.139729491038164
-6.2311038922087
-6.225940434335799
-6.131901288251196
-6.193114564151393
-6.286711462978028
-6.211534479869971
-6.220689231668241
-6.248929384718373
-6.2695138329995705
-6.331069797803077
-6.329399899615332
-6.280487570435446
-6.313038544726076
-6.325418748889973
-6.286402374279307
-6.321748843642172
-6.360159295523662
-6.33849575224076
-6.37467440658461
-6.340264447134178
-6.331675793084514
-6.402322209205159
-6.291264512232665
-6.41932213012635
-6.460058306061528
-6.451014476120054
-6.348821183416904
-6.3678947168254965
-6.316138517298513
-6.469337039863143
-6.409560626349505
-6.440978310999473
-6.417650581425782
-6.454736764198614
-6.443735360198493
-6.412006029992772
-6.43016505186056
-6.499840254673121
-6.480890882996633
-6.394079979162793
-6.572762274715479
-6.453143908722641
-6.441857177222911
-6.492159302995581
-6.574853646904578
-6.525468761562405
-6.535401131510939
-6.525143268246436
-6.477891063785234
-6.488935373007343
-6.573244146231359
-6.5964329271528985
-6.4799754834013275
-6.627168677272422
-6.571768034577407
-6.577428124661672
-6.597275121631778
-6.514055647910375
-6.574581201602408
-6.648811065484441
-6.5781052318044635
-6.554235789496267
-6.546231951749539
-6.585811727545594
-6.577962123296899
-6.597821541279199
-6.507197252306058
-6.667423919716348
-6.692165354306788
-6.6536367284598725
-6.580280243198636
-6.622069647234277
-6.619439870726051
-6.6379721867584145
-6.684343568159917
-6.594740847740899
-6.60414016874278
-6.644525707263608
-6.6701347983174095
-6.68482350418552
-6.704309926923738
-6.72592762871214
-6.6775666165412915
-6.691027243669298
-6.716194583622446
-6.6973242786773755
-6.758921386836608
-6.67141693769183
-6.704479641562343
-6.678552051192293
-6.689485306886069
-6.740497664123753
-6.716948097319468
-6.789454458475875
-6.865438428467383
-6.7757775560703015
-6.848248057652256
-6.779887604071511
-6.727396098869145
-6.685614570489577
-6.730477855602411
-6.805905297901051
-6.750876565715209
-6.7729684060354005
-6.768555727556151
-6.85823233644436
-6.805253485252918
-6.821185965290694
-6.806372935557936
-6.866570513832399
-6.791415138667803
-6.830979643380508
-6.763587064177308
-6.829931703494225
-6.80683142006221
-6.83144112856681
-6.751591696861464
-6.900645611064059
-6.802200050015291
-6.859108884427328
-6.917439590306447
-6.863990196980762
-6.773543956778534
-6.851871540934131
-6.86178621788676
-6.855098158202174
-6.883877411197891
-6.862931020371952
-6.909262804419668
-6.874289121643324
-6.843621083699368
-6.894414437909943
-6.92605008708365
-6.936688964891108
-6.969752565360635
-6.887600509507985
-6.901390709491493
-6.868506644720177
-6.951324853355189
-6.991255554315157
-6.872160237828412
-6.967213125160504
-6.960803841668741
-6.990673002015495
-6.968805743493677
-7.087541821917603
-6.902428855661646
-7.069928793880457
-6.98066628781487
-6.989807774864014
-6.845563944422196
-6.8975386613059415
-6.963218484332258
-6.857655899103168
-6.967942079230948
-7.05067816658206
-7.076507686565773
-7.0203940003061
-7.022200430715351
-7.125726988195604
-6.9862044220217046
-6.999238147195896
-7.052960126250989
-6.99680499288086
-6.986386321060451
-6.983199142067668
-7.0126959202952825
-7.069855266728332
-7.068673284891372
-7.020122901152916
-7.024616370621757
-7.045885646749418
-7.02286825115671
-7.035167008579475
-7.073846921366901
-7.022012696652145
-7.074744336694019
-7.12501943113893
-7.123568096039867
-7.063134482069
-7.082949212932474
-7.112013261796917
-7.132152411771975
-7.004826946865542
-7.109039861531828
-7.038133228733033
-7.043754412831773
-7.168738147950972
-7.132808987821609
-7.007581682528832
-7.06250715219243
-7.129926799405142
-7.121661371561814
-7.054957931377001
-7.14986474467936
-7.098081901653021
-7.188060945951785
-7.126743670526159
-7.048729167818691
-7.137437098325077
-7.190039803363473
-7.115107504652473
-7.173104228647256
-7.162309260679621
-7.243557662403399
-7.100841383018812
-7.243588432003931
-7.17016361115234
-7.20449259464029
-7.099278046193499
-7.154009266342789
-7.145829684772133
-7.168014119932529
-7.209867155272164
-7.17844481519207
-7.2317397322287995
-7.22304498852299
-7.277349325347924
-7.206609767356241
-7.17942138218616
-7.17153563844438
-7.269386391157892
-7.223726818548733
-7.133109043534879
-7.177168418235173
-7.204430311717525
-7.217664597852641
-7.196100644142866
-7.265782430013648
-7.234164749808944
-7.26420392211038
-7.26669259213722
-7.223273981938096
-7.245781224675447
-7.24458757986681
-7.283540924836554
-7.196256843329728
-7.1929612204339906
-7.203201710666594
-7.20817206185233
-7.2630122733624125
-7.241760521909611
-7.273355486429963
-7.264027356354105
-7.369792216922939
-7.254899536998041
-7.208781644617986
-7.220715105998909
-7.30283447305289
-7.249520338426388
-7.263248154774577
-7.292085318510989
-7.285689338492931
-7.310093147967152
-7.23946311589326
-7.277536291927574
-7.346491779021322
-7.333031755790625
-7.284559910797935
-7.329696189047543
-7.322626953876503
-7.301347836902412
-7.3273920156147545
-7.332085046973386
-7.319313484854601
-7.331837109874441
-7.305457697103842
-7.367350518043281
-7.3960096676218585
-7.433127174589266
-7.33530988002452
-7.3207650831321205
-7.3286591857308
-7.330366457828591
-7.428042619849243
-7.336741602917792
-7.384224140734266
-7.383919089840991
-7.383713026010007
-7.314953496507481
-7.42237469090275
-7.418910890792223
-7.358859702302602
-7.516004488245037
-7.358345087867561
-7.299988493044282
-7.449379552329084
-7.3505134091932804
-7.362163038099903
-7.392430550340784
-7.412499320816448
-7.4661163713150875
-7.3334608786450275
-7.405078956783531
-7.487491858392909
-7.362550613278803
-7.339115835337264
-7.325138779119097
-7.4136169679786565
-7.300583781568588
-7.330044030881133
-7.374528147281648
-7.512591389770335
-7.416203957120574
-7.458013094212274
-7.469403583093778
-7.367383620300278
-7.413250156749618
-7.438874674724094
-7.462815370309755
-7.425716942932422
-7.451501620934657
-7.450063339533431
-7.404574855381084
-7.464663197715891
-7.444403432936664
-7.415934883303921
-7.400331414422839
-7.447422572558992
-7.455349278866407
-7.4756200305216245
-7.309283009109528
-7.4812078084698985
-7.550806195837895
-7.479586209033227
-7.472789134879389
-7.509429518924392
-7.470115400488499
-7.473710055427429
-7.538152144097494
-7.566256623371912
-7.497964959840241
-7.561553992109395
-7.518436053299059
-7.444210716133906
-7.590257211663107
-7.5395055668144195
-7.5190062010915355
-7.490952933977532
-7.457135123115393
-7.578228113104038
-7.494700397483708
-7.4505795810626045
-7.466461094137043
-7.555879549420375
-7.486028479209977
-7.63192862857133
-7.556220787952334
-7.531278570328571
-7.47025086123258
-7.551613904788052
-7.537657097506335
-7.588179439266938
-7.554998251448303
-7.628757496204783
-7.542631070003683
-7.494889257555669
-7.6372155932399926
-7.601918879151206
-7.46187869287205
-7.540706529397948
-7.519886307430468
-7.503679441832474
-7.638591729303268
-7.595221295141261
-7.64617085019388
-7.630970980930967
-7.614601681375558
-7.582420818087129
-7.694752447671798
-7.5556554104788125
-7.549663002381337
-7.649982420988613
-7.607361590205445
-7.65916153394307
-7.539600910961244
-7.528673070245031
-7.641880692878266
-7.637902359491516
-7.598835997340612
-7.641697936091372
-7.607560595235175
-7.587055874345805
-7.612711682437759
-7.533115254491264
-7.5531129860928345
-7.649578728131079
-7.589294984584065
-7.643526558783373
-7.569001220344815
-7.558822032810973
-7.626167857849637
-7.61337367094814
-7.596435777888772
-7.658029229459046
-7.591032863149263
-7.607896589079316
-7.576809161314147
-7.72145282172557
-7.758880072175805
-7.661702043508391
-7.738767609807489
-7.659596922591681
-7.617991097044218
-7.675309373063269
-7.62773108118714
-7.691161607682168
-7.6933018829256
-7.65764073375228
-7.6593724262773994
-7.7033302314214795
-7.649866777037204
-7.565047599319652
-7.650428180081308
-7.5851225043155655
-7.713329571760406
-7.643828438056436
-7.725534621487213
-7.689361010353915
-7.696522952896068
-7.673084967808947
-7.615314221054554
-7.716631189175057
-7.702162584842717
-7.6975959156047145
-7.751446690635245
-7.745881764357657
-7.713633710994561
-7.740150859430279
-7.66968564514052
-7.638853213516812
-7.72797701202505
-7.72272776397426
-7.7367560011953005
-7.675738572589904
-7.7157231475558365
-7.721424191519455
-7.675451039305712
-7.6837122912405
-7.731753547250138
-7.7870311110058665
-7.798497830833256
-7.625862437580857
-7.757610812334708
-7.727700483241495
-7.828943398756784
-7.766754512797066
-7.789618851686638
-7.764806328237842
-7.754736911367549
-7.728394515045427
-7.759872049035995
-7.769004474662662
-7.739070138418201
-7.776301211991758
-7.7573671878743715
-7.8271833354710925
-7.71238763830485
-7.690595578297979
-7.729252845013903
-7.756288697636967
-7.734909532706135
-7.788641658477966
-7.836165596547677
-7.787319271123353
-7.868565454046909
-7.728942035698613
-7.826696708137167
-7.80272300751852
-7.80183619194756
-7.763474569594988
-7.850582644452221
-7.803334731668049
-7.755962347905127
-7.66015008707819
-7.778939506233773
-7.737749493764184
-7.737078554074152
-7.808311847441491
-7.846593676918515
-7.792025625991046
-7.742944767253447
-7.793160326343785
-7.790813770242245
-7.800199309804519
-7.7210009315754
-7.745302676480292
-7.712724907606082
-7.824884364826075
-7.792599114173837
-7.8423773328659525
-7.832111457640195
-7.792472918845724
-7.780524470480302
-7.817806122964187
-7.855401971421021
-7.819165841113433
-7.863271992173243
-7.848784867519945
-7.7642738764235935
-7.902997578157436
-7.79581406306205
-7.721177911121224
-7.838593095340447
-7.853342874678664
-7.741232015884954
-7.952313158871852
-7.8337990247098395
-7.76389007868859
-7.824996851688197
-7.804133825700204
-7.868124834840884
-7.911779808503431
-7.828526503813319
-7.873843602417383
-7.926684102059294
-7.901197922829685
-7.907266750075689
-7.918346147462777
-7.929876896494284
-7.891347897764669
-7.818144177024884
-7.798271135112199
-7.81992925934642
-7.845371575327167
-7.842008331419166
-7.836514792099461
-7.819545769251291
-7.765251900945322
-7.862863507960758
-7.89066290081454
-7.879749111950592
-7.8421073174410125
-7.91092444750123
-7.811202672638628
-7.880010350514389
-7.8412859453486625
-7.759019837711108
-7.846884056680756
-7.941653856036905
-7.881813355399203
-7.889351306763484
-7.934772051235164
-7.905089072770501
-7.819943820031327
-7.908202582232055
-7.772324312346933
-7.916496996910666
-7.9186900525830985
-7.970079894829784
-8.000638446793127
-7.952023415841634
-7.986240258118523
-7.820716868506249
-7.927535615113846
-8.013433346264963
-7.926309121978607
-7.906888085753497
-8.002505352652788
-7.938021653695509
-8.03096533831349
-7.926090633039775
-7.864505367088966
-7.995423801089448
-7.872064341636971
-7.989245465019706
-7.855155782133159
-7.8710413877835865
-7.895069123964312
-7.946669171325779
-7.909937512424617
-7.969402259147099
-7.991529213076628
-7.9795751829422406
-7.896420781664955
-7.9577419276492725
-7.930477541954066
-7.893901905600434
-7.909071082811121
-7.971728677609352
-7.901996451487076
-7.992125872697066
-8.019718894908932
-7.969998681421001
-7.925461944450614
-7.9071612976512045
-8.007214882890116
-7.863472884752617
-7.977129383673859
-7.8506785751499955
-7.974503128792503
-7.937194308897721
-7.916836898648379
-7.948535181226166
-7.95620459407686
-7.981505107002481
-8.013038191807485
-7.877654511268675
-7.931487658333378
-7.954243434737588
-7.960225262742952
-8.094083283316973
-7.8692065536658
-8.080036210830661
-8.050406721463336
-7.940205202231503
-7.984492470713535
-7.9811939634276445
-7.970278797753723
-8.089574976785519
-7.927401855794611
-7.946642520640015
-8.041339021349007
-7.987979576561561
-8.015066818661202
-7.9849220882856
-8.001775716966062
-7.937717607382133
-8.063252014264505
-7.9721305429048535
-8.015415091084707
-8.005375963912256
-7.988981081072687
-8.053166546301227
-8.033081903221444
-7.962098879773244
-8.01511337943443
-8.020442364653658
-8.04559829051209
-7.951675309992041
-7.951901522775391
-8.058326423942928
-8.01246816268284
-8.179982804293205
-7.920448019453419
-7.906916119453884
-8.0706068998383
-8.000867612027049
-8.068711970086083
-8.120500064432074
-8.053388089573449
-8.138186695359868
-8.06426816127922
-8.118781795613945
-7.982372481375801
-8.10312002670555
-8.09861346223615
-8.082954162837469
-8.038991740159842
-8.057151249546264
-7.9633768976869606
-8.130999368280738
-7.96561588567149
-8.061863382842635
-8.067912376147618
-8.020619853928297
-8.08210070427338
-8.07557381849727
-8.101927355414906
-8.153454140163662
-8.079011963478989
-8.040828030254227
-7.978251381076162
-8.149400913482848
-8.00763824278964
-7.993869422892414
-8.035371979437134
-8.11172946255481
-8.082526611067296
-8.044008497662544
-8.04631589134999
-8.081968793570736
-8.172678548671492
-8.122526832940851
-8.111912819270808
-8.011745398193273
-8.154542183479542
-8.08204555569985
-7.955105820320141
-8.112278038886911
-8.131245812738037
-8.106881957424214
-8.153735822615626
-8.085330007841373
-8.141311271502367
-8.038401208207874
-8.09043564529419
-8.095601232032157
-8.074503212339797
-8.154920166555234
-8.163500908693816
-8.124822810747498
-8.031549180144697
-8.145432307322617
-8.022158603042794
-8.175863599873272
-8.1249212109176
-8.13608654095097
-8.18974255705173
-8.248678772512099
-8.100744864694914
-8.143723038689002
-8.162100005690538
-8.107661133267674
-8.131196366598363
-8.088082463209252
-8.112963918242784
-8.069794183111048
-8.030796222084138
-8.126486287157885
-8.14262873615137
-8.152758344229765
-8.022450854017194
-8.038108522694692
-8.183468976553575
-8.121305582045627
-8.053551393140006
-8.187144854806702
-8.101000458119682
-8.186045830918257
-8.16091443792728
-8.054348440757769
-8.134645745696785
-8.130441390143725
-8.077587219144304
-8.158115390073045
-8.136740699052472
-8.174586063635218
-8.251204770731412
-8.230821248079057
-8.136935626189196
-8.247780622898324
-8.077457570539101
-8.147881270225504
-8.177895178409221
-8.057743975690366
-8.053821314642594
-8.150957406051756
-8.12467765187389
-8.091659891730187
-8.175530819312355
-8.14961005919461
-8.14764960779048
-8.082177368435323
-8.20395009775776
-8.272822234660177
-8.20894296080557
-8.188900900428784
-8.199118926585479
-8.142681108258898
-8.244878045841729
-8.213559016739064
-8.117269193851946
-8.114483253615507
-8.221484812004174
-8.257819528947172
-8.219255812449086
-8.201042269341343
-8.177679089080915
-8.243465961180389
-8.267032153225886
-8.174741520839246
-8.184424013392126
-8.241930493266018
-8.18426103757867
-8.20934106179356
-8.246249302489824
-8.286002844364125
-8.106074419916885
-8.177137881889946
-8.157026693063889
-8.254869074611916
-8.275072684663941
-8.227015264977924
-8.17843068760287
-8.176266066225377
-8.285943958420361
-8.230669197617935
-8.292607352271371
-8.271091253318332
-8.198515392564827
-8.143496361148598
-8.274153746811368
-8.224401988425784
-8.27844030194038
-8.195079686073624
-8.151887220713665
-8.2223156715273
-8.276335765067941
-8.208297029841574
-8.1595532204608
-8.236712030390917
-8.299358948108482
-8.195942517778795
-8.276274521407172
-8.205818637851108
-8.223819523492542
-8.245916989157491
-8.212169938685369
-8.377755277242903
-8.279406202146367
-8.251933584644972
-8.27443116940692
-8.188349137571933
-8.258265357101749
-8.116746139074026
-8.292595792584727
-8.280985851755554
-8.224841485869625
-8.301104264673109
-8.201295142943641
-8.276639642122069
-8.219567751358424
-8.090728750884955
-8.257246268833425
-8.330959486499182
-8.196247584869777
-8.281922835294578
-8.348318880696835
-8.203541442365976
-8.32786357934036
-8.327550200768597
-8.132707937635569
-8.235576840702509
-8.232879053275596
-8.280071093679984
-8.335618077934503
-8.396829732496785
-8.362495702916197
-8.24856138296514
-8.297611127749922
-8.28329511644838
-8.323262858576795
-8.260581939770864
-8.30899322785096
-8.312713915863643
-8.240063995845487
-8.26048734112724
-8.215278929365963
-8.243868155877541
-8.304340659660728
-8.218056059439034
-8.266478642833167
-8.134231432060508
-8.245951114805608
-8.274135485000846
-8.277078585089116
-8.264030402564797
-8.296379256685793
-8.271126572427479
-8.32324705070038
-8.28944962433576
-8.279277278896506
-8.185653719774185
-8.293460868435373
-8.328152741106607
-8.2712897200251
-8.219704094480244
-8.315723370557915
-8.260172144815021
-8.233281297186238
-8.29906329885933
-8.406340510158273
-8.302054649710383
-8.245711697450224
-8.251351412602945
-8.278593960047276
-8.30560413274797
-8.291699346218659
-8.3286665270356
-8.37792812603414
-8.287012120978828
-8.379476193355739
-8.250358173974716
-8.3114089948155
-8.313556334670299
-8.310893635280825
-8.244846055801712
-8.366942108071424
-8.333917805211595
-8.36953095878591
-8.271792635573595
-8.33515618616627
-8.328390173752489
-8.344415277981089
-8.337296450621551
-8.305705952604438
-8.30676313167843
-8.270420020492685
-8.347314333184364
-8.287528232972113
-8.33255488664018
-8.31955730089464
-8.30696809627778
-8.340822422033796
-8.31447516693412
-8.382859203925833
-8.280540625211275
-8.454679690735215
-8.390548280853027
-8.317813860498452
-8.28726450167077
-8.24073953272316
-8.36625098444866
-8.335122200327746
-8.3167557396954
-8.324188345388544
-8.391060359036778
-8.309036481995557
-8.252741342501393
-8.307753923119842
-8.18773753550434
-8.427807190132087
-8.377200667466267
-8.292983440461724
-8.396559115026447
-8.335531527243612
-8.405963346613337
-8.382383166530818
-8.301398463498279
-8.329513949855786
-8.325778379695327
-8.344591688655504
-8.371470533579153
-8.343833986249205
-8.284460232372005
-8.418564939469013
-8.230781821186794
-8.356223414056203
-8.310735590201912
-8.358051161143166
-8.39313006880809
-8.380562785286271
-8.368473388273172
-8.351758218333732
-8.320735215428229
-8.389547319042839
-8.369643629535865
-8.304394613744932
-8.285867235663863
-8.447887087182622
-8.330302671003137
-8.314391135046241
-8.33661005971192
-8.393974256624896
-8.330687322519907
-8.288888862206674
-8.416766426549172
-8.387514988285291
-8.361168599902744
-8.430107971381343
-8.277274661329129
-8.418178614306633
-8.345490863200888
-8.317930732765491
-8.404771600919792
-8.357955431372153
-8.289571250149026
-8.402653151623351
-8.297742102625646
-8.479581529756613
-8.248367449803686
-8.362341973856301
-8.428966912474499
-8.291954589032457
-8.3809774022585
-8.345333801199025
-8.367693960908186
-8.35936059419805
-8.359470471826752
-8.408968721521164
-8.438116982720054
-8.446506146880601
-8.295838474899345
-8.393299905852794
-8.340214745801111
-8.399065974727497
-8.426252901905881
-8.454509561115437
-8.41635487627188
-8.42771722904353
-8.477825583937218
-8.407570600551807
-8.449001971058573
-8.35792824913678
-8.45202667973476
-8.460838827065436
-8.457417983593068
-8.36853408741705
-8.48350844436991
-8.430968318375331
-8.384656306955105
-8.361260051957801
-8.288491772809683
-8.322314746866946
-8.431528017976461
-8.43393289330501
-8.332104194420745
-8.374856437141842
-8.391320503117312
-8.354068650892463
-8.376006770029365
-8.385163473921734
-8.445742499878824
-8.319593045345561
-8.492169873896325
-8.352090002290819
-8.361224563235952
-8.366026117051266
-8.457138598114232
-8.423867507024621
-8.415435021926076
-8.464097637721782
-8.409769962074469
-8.448959849114798
-8.490801664760303
-8.432278091845708
-8.42684888670674
-8.457245124756675
-8.336874705802552
-8.412661073426056
-8.443609324935746
-8.329935651557113
-8.434160552387636
-8.446378981478807
-8.30812691635785
-8.453595950668467
-8.435310267262379
-8.416544285534973
-8.454160406811841
-8.455101995541444
-8.463141473428847
-8.424601385200502
-8.493466350743834
-8.351377665325899
-8.468088333264237
-8.45826528672055
-8.459956149622036
-8.367863118942378
-8.413692014582614
-8.402987029558762
-8.402236705080808
-8.536026358574299
-8.487244560871108
-8.411500062355154
-8.403744159463967
-8.401942352454208
-8.434279335696917
-8.48425925802403
-8.336429530520352
-8.47826185017696
-8.44235310698697
-8.452239828698245
-8.47108348815975
-8.449193471815958
-8.39019229111721
-8.483652291673886
-8.446218958533189
-8.485067795865891
-8.396388770527246
-8.389461343423026
-8.347184071317015
-8.472556745195366
-8.44627011749587
-8.395412366127259
-8.431913183894716
-8.4713545665696
-8.461495799603956
-8.442316159600473
-8.33473141245688
-8.37744117048462
-8.513131047846263
-8.419805053115839
-8.471709259881717
-8.388573675448976
-8.396633281467084
-8.525980095265199
-8.34581114987472
-8.390568444116786
-8.46184277040154
-8.418740882799694
-8.483645896517336
-8.463786619335936
-8.521144660227753
-8.518333070888824
-8.476716031787406
-8.367939775118888
-8.43552429600612
-8.475604451116732
-8.454157349392641
-8.459719242530653
-8.365821252697375
-8.451382328570054
-8.383924570474553
-8.471858720640979
-8.461091070736654
-8.467521755034413
-8.432663001844302
-8.422926509719684
-8.466617844470845
-8.399000814727515
-8.48455484493834
-8.490978631925389
-8.443440010655
-8.37856223421687
-8.387778066513457
-8.488501776789171
-8.482498803026557
-8.490108823515389
-8.588404591863263
-8.492573062587303
-8.44996151463168
-8.42212883886983
-8.469643387385394
-8.464623213884108
-8.429998748624076
-8.395198120929981
-8.428098650561656
-8.473804282528935
-8.40404682727165
-8.540344391798325
-8.44375777655021
-8.389749571752345
-8.482800396535891
-8.509090549876367
-8.463486711388947
-8.443101227734093
-8.434715900162571
-8.55558353483485
-8.420864827448645
-8.493716653287061
-8.377106821468272
-8.493017540388315
-8.424942568165623
-8.435228719493805
-8.48004891023648
-8.482028491300575
-8.532332660732408
-8.484409387334875
-8.636624186500384
-8.506151412908023
-8.42494555612758
-8.520358364427436
-8.411300567863961
-8.448927993727347
-8.40730317770445
-8.451338111527523
-8.475686164778674
-8.415259332161758
-8.475286634791606
-8.43528219894751
-8.42904558789263
-8.484478370849443
-8.517058518525685
-8.496868880047849
-8.482310182790298
-8.426960542141058
-8.561505884580319
-8.470841565612956
-8.396690474500529
-8.464663823119656
-8.563331900810134
-8.473309134246907
-8.581860940110394
-8.537381336370878
-8.586016718707574
-8.466797794933099
-8.554055355351656
-8.500782534172835
-8.513928448141261
-8.49900687020872
-8.54117170951305
-8.492891686259266
-8.537290384774577
-8.578245836186007
-8.491525122910208
-8.477542295554569
-8.536195006238513
-8.476480577362418
-8.44885338236614
-8.543977065093525
-8.496756280795212
-8.489285924213796
-8.464586192895254
-8.532547028013331
-8.435403699699492
-8.428166411305865
-8.570540702000761
-8.495270186883332
-8.506114140838395
-8.486575951149142
-8.533164265590534
-8.415819649797651
-8.495659611181184
-8.478608201290234
-8.579896934686102
-8.53104934848451
-8.56122469373272
-8.56187700723896
-8.517583046508893
-8.39905971130276
-8.531124617773107
-8.452918281582262
-8.493777637665467
-8.560896119103122
-8.574967729113059
-8.514737541228019
-8.476774876735078
-8.589060063279872
-8.524669607815008
-8.535709348420609
-8.578681920732697
-8.568795299665428
-8.441504720842847
-8.551732746277645
-8.483920249875789
-8.54754249055873
-8.464290338474806
-8.517907392042158
-8.519821493490786
-8.568999915233064
-8.57784104952228
-8.479109730034251
-8.561095954764243
-8.49027780916517
-8.45388467387443
-8.56930173033233
-8.60960443201879
-8.569405967038456
-8.475238144416592
-8.58085166134427
-8.586375778455976
-8.605862100009979
-8.4701012062636
-8.56369560486044
-8.534912113879539
-8.568447186502786
-8.516958622944333
-8.518808344880513
-8.535151157245437
-8.545286108749659
-8.642479386538287
-8.627934763829861
-8.606486133595466
-8.568164483066578
-8.520425047596945
-8.546285378012959
-8.568353519541192
-8.499375741868958
-8.532522690687964
-8.519064048253965
-8.623978499309986
-8.573858873175503
-8.544118952990106
-8.618370485593758
-8.479504357625675
-8.597569767911848
-8.650768302051992
-8.598073806668774
-8.548956679729239
-8.552324517583122
-8.63271581414293
-8.532579719808691
-8.571561078766303
-8.512441208649433
-8.572373867683487
-8.56665687617627
-8.484863943000162
-8.632118486900772
-8.58116692205624
-8.650090176368524
-8.628784651855677
-8.458006482078046
-8.58264576368065
-8.62293557189101
-8.637814498316498
-8.568495163135827
-8.591539492749385
-8.539201887755647
-8.60857375675052
-8.610025336512079
-8.584065042603441
-8.596179888193097
-8.425793922852257
-8.590354537382417
-8.61856061767259
-8.532276801158533
-8.562090206537611
-8.513171090941787
-8.516426017792597
-8.617092254399363
-8.564293608944004
-8.540534310193244
-8.652647416961097
-8.523864005336568
-8.61651028180043
-8.534447039829638
-8.630595751877069
-8.535436055109873
-8.475667490195496
-8.497661063858837
-8.565759265234858
-8.526443950206474
-8.561802246036482
-8.538282740619259
-8.673094758074246
-8.502092711692212
-8.56908410354868
-8.532714717920712
-8.545718247005157
-8.521195333048999
-8.582360770614722
-8.571158875924818
-8.533563206926988
-8.626875739239816
-8.677088462820349
-8.581098258330863
-8.63755930468987
-8.591015258007793
-8.514030380373345
-8.634066958595731
-8.6174260266657
-8.57402399416293
-8.587519539054929
-8.515570700654553
-8.559511083997554
-8.590406424194997
-8.554799790801537
-8.524976377472163
-8.492842220111521
-8.657394876313253
-8.59602790625066
-8.547456746375575
-8.589621264436111
-8.566726920900333
-8.551514597668726
-8.498562947995115
-8.638776899780323
-8.60609597414762
-8.584865506361895
-8.650735138193175
-8.586227497161675
-8.553773192309952
-8.565819356585335
-8.607791180073974
-8.553296080893052
-8.650563283156407
-8.602587888138464
-8.580757643320172
-8.616896633276264
-8.589581117237554
-8.528963211787147
-8.619453551326814
-8.509371186087824
-8.57035916166763
-8.532784419463935
-8.567619992671405
-8.585150615573493
-8.541275020070408
-8.596831000146253
-8.675386987037768
-8.57011391601073
-8.68510228337695
-8.53466310047306
-8.55306535873764
-8.534802206536012
-8.607611243567714
-8.518946991281084
-8.598237840574237
-8.621135268418895
-8.622414432705646
-8.700100046039843
-8.583936007507342
-8.513053677858348
-8.612123507872765
-8.630983704472964
-8.637425377035663
-8.590858033131866
-8.561019487617907
-8.583317206722079
-8.537100907136894
-8.604971009423712
-8.556903397845703
-8.610962489030234
-8.532781125298646
-8.68084577929334
-8.696760482876888
-8.544985950489746
-8.561947700938985
-8.567779124400884
-8.55805593665522
-8.658658782453061
-8.598061557727586
-8.565759810919308
-8.622846724524054
-8.647926129490406
-8.608579378866438
-8.6001521383653
-8.58809774291154
-8.565639057198666
-8.654322657918579
-8.59077276417127
-8.63750211841059
-8.584905464887163
-8.559724233405566
-8.634703606061718
-8.688439302808211
-8.62694875398177
-8.588705558551196
-8.605113938461495
-8.618000220718192
-8.659049593048747
-8.681931894809788
-8.776340808048426
-8.591362632901381
-8.6664517252868
-8.668119257943044
-8.656312940206814
-8.565252894521647
-8.571776222401164
-8.615927307917593
-8.593700351985941
-8.602111554384136
-8.687996403707968
-8.576829101380843
-8.654222167235982
-8.60971661000245
-8.620455203971096
-8.702558215594546
-8.592606091099844
-8.612644398533673
-8.608838815511477
-8.590270691100773
-8.685303890779707
-8.57427733285957
-8.664545811452717
-8.629233693458435
-8.628645625041765
-8.695081206877537
-8.58279586665824
-8.60994169567726
-8.628711820256
-8.617630769293507
-8.636329200558235
-8.563614747017802
-8.561557483572392
-8.675992734049919
-8.678335686916503
-8.683945962207927
-8.535877875158626
-8.632718752155363
-8.711350157167356
-8.589142071688403
-8.644048146124357
-8.559745533083262
-8.644438260785146
-8.575360126353138
-8.68002299205716
-8.669294077488368
-8.616869100141322
-8.617464636066531
-8.686683499245655
-8.75366282638346
-8.589251083862184
-8.691096203679608
-8.6809282912398
-8.677256940749439
-8.638698376197338
-8.57728903154171
-8.641180681374989
-8.577737107740322
-8.753359089644936
-8.6252418726168
-8.702082939035616
-8.707678486288176
-8.552266349366919
-8.641380090807791
-8.596639579488436
-8.66275341737564
-8.676830736136237
-8.635376149440566
-8.668849671917727
-8.646076717303883
-8.670379641546026
-8.63799013370683
-8.633178594672998
-8.565814679513492
-8.612820909710758
-8.569326422904249
-8.630570813449882
-8.630323351515775
-8.6846112822072
-8.655044842353737
-8.651713814483122
-8.61662404007584
-8.715325113630513
-8.589576445473384
-8.714056092475667
-8.728224357132053
-8.624760932137123
-8.642516119048043
-8.553506081422517
-8.64337392811791
-8.626131627579626
-8.660262929043032
-8.656219498190655
-8.701405511376544
-8.712526884275112
-8.710012251569557
-8.621170841766729
-8.653590397603615
-8.786249569495562
-8.686312087484968
-8.729673719129927
-8.591976016591932
-8.685908456879787
-8.626299910505596
-8.636971471056855
-8.657252514478982
-8.778669189514241
-8.630990426410122
-8.69995421025926
-8.679691712689877
-8.723114531288422
-8.746009174734738
-8.690881198977063
-8.717242279691176
-8.70479310177515
-8.646190843700733
-8.688427131347737
-8.687248688422262
-8.687081682784756
-8.614580152053248
-8.710331877842455
-8.719336591076091
-8.675739594158188
-8.615053431977024
-8.72788757362318
-8.626510924083474
-8.677860364831941
-8.711915290202716
-8.625165413277312
-8.629780245589485
-8.73751207445842
-8.601454318715346
-8.553573795301949
-8.633951446648114
-8.713816170081492
-8.678101615121477
-8.62375833048007
-8.629220438729872
-8.585610725501164
-8.681856794601753
-8.736625170236776
-8.688121141839657
-8.7112926288271
-8.710623929007605
-8.7340002153446
-8.622205045259063
-8.61377831940536
-8.639381001893973
-8.767741666583147
-8.677953842348003
-8.694769752299333
-8.685712499750675
-8.731355963371161
-8.715250728840603
-8.678040060165813
-8.627486322825453
-8.674153649092215
-8.79394790023999
-8.671020681767182
-8.64444287617426
-8.706359081042393
-8.74202236329595
-8.719106212512512
-8.721368605648905
-8.6468961472625
-8.601640000554756
-8.669167039044934
-8.751586917243701
-8.772484028397303
-8.66264904343446
-8.678092132435074
-8.693904467950475
-8.651987437642479
-8.605968075213061
-8.684360062527931
-8.736225008366267
-8.642447504595271
-8.653001715266042
-8.743057177632407
-8.730940077738955
-8.575468483758213
-8.691267053490305
-8.715130280527205
-8.768717110492823
-8.694427878761239
-8.668296995718853
-8.674259639176372
-8.660286695575317
-8.738415105657758
-8.728389482257661
-8.702915328323936
-8.689479316426143
-8.635458307156258
-8.69617879256485
-8.752337147978274
-8.77586061107657
-8.670800606856124
-8.684242225555652
-8.610452253152037
-8.700440862509128
-8.733640252468241
-8.7609428110909
-8.68210980202064
-8.613145279459465
-8.693544148902362
-8.741626483412857
-8.683083077727508
-8.642461805787265
-8.654630204403665
-8.779027211150902
-8.710288903170673
-8.662834150149667
-8.784443255652311
-8.688901416058888
-8.682180529545068
-8.874199454474482
-8.686713530938556
-8.70710639086584
-8.63453263882668
-8.74143136680701
-8.731655882292083
-8.74818031546386
-8.7595131912226
-8.71655052519828
-8.779482611356407
-8.730047148404948
-8.832450372267779
-8.587136121900839
-8.748858129878059
-8.629923394049657
-8.65729293052748
-8.727806284656566
-8.749672391838926
-8.707844388789036
-8.793001445949745
-8.676377653303666
-8.75337595433413
-8.699228182877544
-8.686059721273237
-8.716602509864593
-8.714726288155669
-8.756571502732012
-8.740788064511921
-8.708304066472904
-8.762333908824141
-8.731896151181616
-8.760641544768204
-8.741629847721944
-8.646449683273215
-8.759340610310362
-8.691038794550616
-8.677597797640553
-8.739987764941139
-8.705016655372743
-8.705426258760935
-8.709765258519013
-8.694823262776783
-8.771807667388858
-8.755817071248376
-8.713821449647487
-8.750815501043913
-8.75104075227933
-8.706415808613498
-8.816664791654121
-8.791302299730592
-8.846294213584212
-8.706863512670855
-8.718831367775909
-8.738299567148362
-8.795168738298086
-8.797991207958644
-8.630223742596078
-8.67072936694859
-8.769666058736924
-8.729083402486088
-8.75629287445608
-8.771594519982346
-8.76153514433797
-8.667081415068825
-8.714876191874623
-8.64515924651146
-8.733720239609575
-8.727478183123463
-8.784754375858453
-8.6769239239015
-8.790589472213833
-8.683663580900491
-8.702485682797013
-8.71894196189727
-8.703590831772173
-8.777890776274857
-8.832503504883912
-8.716968948949077
-8.763043391445038
-8.73523352885294
-8.781601644333705
-8.832638653044285
-8.720285386505811
-8.839539359101053
-8.734715526910497
-8.764985248319634
-8.78966721607625
-8.827836290869307
-8.750012640823142
-8.768742554468302
-8.773408008517956
-8.743822598281955
-8.70163776903662
-8.831076742355464
-8.821234010918253
-8.739313354336375
-8.746755489613014
-8.71253794533542
-8.753937919052964
-8.77120332683406
-8.727086666863347
-8.691263129745145
-8.774882692578732
-8.809084209469951
-8.762877796116495
-8.847683170170317
-8.772562827684203
-8.747376868273477
-8.724536025246218
-8.740846888691712
-8.724508952261038
-8.63533395647478
-8.846335827147305
-8.791179491412265
-8.816421423208405
-8.844891225890727
-8.796099996008165
-8.726202927281012
-8.6562651401511
-8.735636112050472
-8.82123157978746
-8.809132895895127
-8.738588229307911
-8.73878586143404
-8.715859316033264
-8.787291661389117
-8.735648379813888
-8.751820515347813
-8.75064820955994
-8.78807574878651
-8.797001980174265
-8.711607651712944
-8.765116391727242
-8.748392385216192
-8.864769554764614
-8.790246538289749
-8.729564976765774
-8.778978827008057
-8.804607021877237
-8.74673526118886
-8.740831071087388
-8.738389760476673
-8.716271597634458
-8.8010883992046
-8.77616025443711
-8.70120270492765
-8.730906858610384
-8.757906564968327
-8.775063157064
-8.78655913081766
-8.899120533824954
-8.837688689747527
-8.72572153738324
-8.773400707539777
-8.731187688390177
-8.803185910613434
-8.819828403210959
-8.724800984732203
-8.896505406255544
-8.708325591283103
-8.751277999851938
-8.839472283064707
-8.77330076420381
-8.83097901440525
-8.751002795633891
-8.731490616299006
-8.812057358718949
-8.78881608875991
-8.823494654536711
-8.78840383324029
-8.806477313812314
-8.83270273552374
-8.846920003881719
-8.803452885795576
-8.742393768194466
-8.70340823178748
-8.795307799195578
-8.805004089962308
-8.791946914997771
-8.759666464759889
-8.792848838068819
-8.738237099912123
-8.76442278451365
-8.87677128110827
-8.790651486976506
-8.767900229216263
-8.847557512905329
-8.911488322099377
-8.81984777527465
-8.771218822417103
-8.795849596155955
-8.782107052845346
-8.742984418675404
-8.823656091485786
-8.749340262785447
-8.788734604390001
-8.805850349813234
-8.875482883684205
-8.871939827740828
-8.815880036904876
-8.801670948239128
-8.819241909211952
-8.788900212865622
-8.831909075484733
-8.812893293644263
-8.75323151841266
-8.814244337654982
-8.74679846035169
-8.79676424264128
-8.831820915617222
-8.913606602179073
-8.825459413528021
-8.817645766250184
-8.84857916090962
-8.876851419909839
-8.838638471752446
-8.88248974467305
-8.859851963679176
-8.796110254707761
-8.801613616500005
-8.75743775048195
-8.86559307346343
-8.834801000142589
-8.87437631473897
-8.774358891886994
-8.803149508967012
-8.862786009175645
-8.783112748134565
-8.826837175127917
-8.858457655550888
-8.848217735245793
-8.828322774416602
-8.830102224134084
-8.86362263165647
-8.798181411699098
-8.767638932310065
-8.77225102420192
-8.832121166796911
-8.76574936503525
-8.868282367372023
-8.834918498066413
-8.721911092847616
-8.829311902486031
-8.800351218954159
-8.88325508122035
-8.807811638366816
-8.822160365266253
-8.830558534176847
-8.747775277154073
-8.834028004764123
-8.747019768852804
-8.889944841783558
-8.872648321468644
-8.809025176037037
-8.812946613242074
-8.788934827545962
-8.846042101937696
-8.83024167951939
-8.8098176105507
-8.828826846261313
-8.881105890746054
-8.839907962496493
-8.846474830920098
-8.900280380494884
-8.890884313405797
-8.857852753246414
-8.836362583075443
-8.831693844875451
-8.791401648839669
-8.848510846608216
-8.837659714184817
-8.94866415834438
-8.818039040032758
-8.814296024134412
-8.902469303512298
-8.894112161338073
-8.916945998637937
-8.856592355875666
-8.865601934060578
-8.871595328337426
-8.832626460785866
-8.868732958305882
-8.817367215238958
-8.89345914055582
-8.91718570123176
-8.89399363130662
-8.875194487329757
-8.781477973511102
-8.833197944480421
-8.900546994137596
-8.802217086115432
-8.905269356266972
-8.837657071998454
-8.866856158823282
-8.79499141243853
-8.790374222590978
-8.840065195235868
-8.836336590316881
-8.837010303974555
-8.800526850736926
-8.760043551429801
-8.826710051780465
-8.90356536299684
-8.874890179785963
-8.91112988316577
-8.768158543813101
-8.911710836772418
-8.80334251058241
-8.865642406231588
-8.851464334729824
-8.877069076166348
-8.80253868973742
-8.850686344375495
-8.891629470207787
-8.897797977414966
-8.896793849572548
-8.864691256910206
-8.862385710334232
-8.991968665970045
-8.856395686752144
-8.840851009851662
-8.90384454291898
-8.804306102540144
-8.840189369318296
-8.831233129723689
-8.878549650777858
-8.812677631155578
-8.859957268298045
-8.888203261111313
-8.849841532448222
-8.834865748197785
-8.814602202221847
-8.916125992282595
-8.883363049774172
-8.83951236795261
-8.786349696227976
-8.850947535142707
-8.982131949704165
-8.941704366998295
-8.920582575680523
-8.888720830295856
-8.901853337015584
-8.874078183819746
-8.843856429484978
-8.775670900757468
-8.793309198893578
-8.829888690736732
-8.86662112409465
-8.897846269936862
-8.84398662426138
-8.857985275125628
-8.894838269900138
-8.796214569964295
-8.936679959723866
-8.973993426467702
-8.850279346683848
-8.885080586450705
-8.973480876156849
-8.899978272666692
-8.896125065383567
-8.974040686123244
-8.919109167144052
-8.922751661164162
-8.764064436711063
-8.859992452277467
-8.815451379105413
-8.83096041978365
-8.927465674661507
-8.878591662090743
-8.918906213531853
-8.878891126586
-8.84002921738922
-8.971996670304147
-8.907824176598623
-8.854678171761076
-8.954320626599516
-8.946619239899343
-8.96691003735136
-8.918618499757523
-8.834435931970875
-8.878952927374206
-8.845567381912776
-8.938301229675867
-8.884895176961447
-8.941728483172664
-8.859859871552164
-8.903656987609649
-8.999513942706754
-8.876390667404293
-8.868564195696205
-8.87339032318266
-8.92022873208323
-8.956046555346362
-8.90843210459991
-8.878323506101891
-8.88855748834769
-8.93576602275562
-8.856602782434392
-8.861384406053011
-8.956969852006212
-8.950289740920109
-8.8568358053948
-8.881541425712635
-8.867333183250553
-8.849268725126578
-8.854051028054315
-8.953145437939733
-8.901807559519424
-8.844755745951593
-8.936802698951087
-8.79618521691238
-8.901102264553964
-8.866605173949466
-8.897817903805128
-8.904781434030424
-8.820987263923389
-8.81938225412591
-8.902983775666018
-8.874793090774194
-8.982040431199481
-8.937867478838767
-8.939726049415981
-8.883583460881892
-8.974862851270334
-8.816092511460093
-8.889442641984324
-8.954246639560106
-8.869538511885702
-8.838512831727376
-8.908658326378726
-8.841897573515686
-8.991894170742281
-8.855548083797482
-8.925703837377062
-8.935816265354905
-8.877451947857521
-8.976302615168889
-9.023303528584057
-8.897235224761577
-8.972362525207272
-8.871954667849884
-8.910997944934795
-8.951375847589404
-8.869349581882384
-8.902762640955316
-8.896827567418125
-8.9001966649963
-8.905689808433763
-8.964751613671524
-8.886497529348006
-8.923940671084575
-8.849616691822654
-8.872384984605977
-8.936335445991459
-8.937309343198596
-8.950742191901204
-8.90226665112838
-9.011358578704764
-8.952003723845555
-8.8992289827416
-8.879838733670876
-8.878432688983839
-8.911359799980326
-8.927585775495901
-8.919774850098296
-9.02902619916898
-8.934131996610558
-8.94183726915284
-8.981323984339294
-8.970058409781956
-8.981920864990498
-8.97304633290815
-8.963029463885505
-8.853611687238297
-9.010153813225783
-8.984216898673429
-8.961144908065275
-8.922382345788872
-8.937014959546309
-8.917510033377107
-8.908326510377197
-9.00231879279645
-9.013444595600674
-8.950217353337575
-8.973877982244876
-8.995933917583551
-8.903031824044014
-8.896005078857318
-8.980031609769853
-8.934481257997037
-8.938840176352093
-8.86437314773424
-8.976920772382524
-8.931391106654674
-8.916323164375266
-8.983841192486958
-8.862847946796942
-8.954185735607826
-8.981940346333076
-8.977194459965883
-8.946102770482629
-8.969165367131408
-8.949323100360358
-9.004608264128654
-8.958319728721424
-8.969164166341733
-8.90824966112923
-8.906497629771485
-9.016025945680667
-8.87364544548299
-8.973777889470648
-8.885798703105058
-8.994236074966526
-9.047753073690073
-8.958001774885856
-8.896814918211826
-8.986486010232285
-9.00364451740509
-9.016903814401028
-9.109062903492525
-8.954067689546084
-8.993690081905417
-9.000291307669935
-9.031008016260984
-8.989038735149888
-8.971852274296044
-8.991520523803826
-8.997660521427628
-8.884604365536074
-8.953949412706448
-8.926050591630528
-9.006006003041024
-8.866511861535376
-9.039607549266355
-8.938117847193002
-8.996314252715754
-8.911063070790572
-9.00984829393839
-8.871803680059218
-8.931006881027047
-8.972050454357749
-8.898072383367907
-8.963687128954545
-9.023121959966423
-8.981828543465786
-8.980663560214879
-8.948632046724091
-8.94854135862873
-8.924622922545923
-8.982164018192206
-8.939800884583732
-8.940209070443196
-8.984682543732893
-8.93371017775596
-9.040525355735255
-8.968344812362101
-8.98515746806
-8.956519978692874
-8.968406392830046
-8.991804300649111
-8.93686954970021
-8.88681169768643
-8.954319935804145
-8.962872276869502
-9.041394441298424
-8.922579146146397
-8.947171029119868
-8.91341484203634
-9.003904996612738
-9.009342318578502
-8.949507949852858
-8.870577459049054
-8.944386036646767
-8.860516159044085
-8.915460762562708
-8.973463184291518
-8.941027497194352
-9.02695700034588
-8.969302859683479
-8.964488501150324
-9.057007341661047
-9.002955125574823
-8.944219633277056
-8.995155730006264
-9.063392006699818
-8.947598332012
-8.988664946932321
-8.87458468707799
-8.972848109385403
-9.099573874020846
-8.998035763850462
-8.99933701264587
-8.968756130080102
-8.942580223475614
-9.01095354019968
-9.005811928782915
-8.962787288897408
-8.988171962488952
-9.032562474587987
-8.977284580958088
-8.915974135171775
-8.948659996357629
-8.939904866859811
-8.888223328030364
-8.900242724422997
-9.035793802881958
-8.942879484653972
-9.034478576327306
-8.940375909156632
-8.898006044786053
-9.023188992698753
-8.88192722250653
-8.93420877744095
-9.04574046056892
-8.984922597102909
-9.079538781100942
-8.928240255979611
-8.955484965598984
-8.951397079891112
-8.889990421659176
-8.972596505717288
-8.968496908086687
-8.931168191749776
-8.993322072485908
-8.952609405475808
-9.002048849764673
-8.989392357004546
-9.064280321974778
-9.016963723227496
-8.893861064584327
-8.919170424388517
-8.92441206945711
-9.013768514558162
-9.02099618586051
-8.965649662236293
-9.003027564231402
-9.008351094384006
-9.00727272347727
-9.00642466499014
-8.971089706988668
-8.995651410192307
-9.044549233772562
-9.009901963038732
-8.99940509974167
-8.94822672372031
-8.992859726216802
-8.956317712307314
-8.986123125629923
-8.968631611674143
-8.968066812548349
-8.992207992395072
-8.859243451740683
-8.964421051891987
-8.98589377087924
-8.959338782339579
-9.012019430111271
-8.919847861298877
-8.998453356320843
-8.987238025128937
-8.904457727161452
-9.019884640387522
-9.01460642197044
-8.963925194776175
-8.964344425163112
-8.978195400257
-9.00037083256253
-8.927829759187022
-8.987827403901283
-9.007639578430446
-8.959093095811655
-8.978591681930242
-9.006396452315078
-8.980306047863754
-9.022470329509963
-9.02642875369549
-8.979829996567473
-8.978216186359132
-8.93839833358388
-9.088129455119413
-8.957083814271739
-8.971671126593538
-8.99190497074463
-8.93842678183274
-8.952910006108867
-8.994811168048122
-8.982192081041694
-9.019903538912752
-8.969151881989118
-9.006307983879642
-8.98355424180368
-8.999537586207278
-8.992758018010697
-8.935302294475193
-8.97669214929325
-8.969245064592288
-9.031367280706105
-8.906703861390062
-9.011590588089682
-9.077062522378888
-8.982761482440292
-9.014973134021764
-8.970088160349285
-8.962111600618602
-8.958220160496252
-9.032460673151434
-8.979592405204771
-8.992219503811633
-8.975556606133457
-8.986978884664486
-9.036941935144764
-9.002720022104729
-8.97237185640295
-8.894584079536138
-8.925252979125919
-9.076584388295467
-9.00992359597339
-8.954987118091228
-9.047760534405986
-9.026443550662917
-8.992659408966627
-9.013034675671747
-8.960631985731581
-9.009723278444573
-8.962142806153999
-9.003375498492863
-8.969041483581098
-8.986921950160477
-8.98856942929658
-8.93754290157615
-8.982001403763027
-9.040749183275063
-9.064836899440431
-9.0685727598464
-9.008621121599987
-8.97633552453167
-8.990139192207948
-8.93911667877012
-8.967999613718964
-8.940610618112348
-9.126785708875
-8.949537250095677
-9.024864674036944
-9.003146504175238
-9.017765912968898
-9.043794698330794
-9.077417715544014
-8.993102873882224
-9.069602526916183
-9.020837577904123
-8.946794421007409
-9.01822303932533
-9.001813731018403
-9.017230747590807
-8.975338939215423
-8.993374224742212
-9.06580734953796
-8.923014208641867
-9.001245400998284
-9.072652785072517
-9.008367339300975
-8.88447301317747
-8.989222423054128
-9.136848253848648
-9.016480311442738
-9.037559876751322
-8.963987763587483
-9.019517036983958
-9.042554165257215
-9.05681099741058
-9.012165587310639
-9.091560730906883
-9.109104219613982
-9.012266136341612
-8.987956471206633
-9.036729529715837
-8.991987045490694
-9.07170972153307
-8.99695783369103
-9.028923199477772
-8.938405797447222
-9.046689461142442
-8.904804367961516
-8.9205047925018
-9.049108607624516
-8.983333038119504
-9.02182295941486
-8.976242879223276
-9.09212669892131
-9.063695552438988
-9.050077818990543
-9.074118367456991
-9.076052567857081
-8.980696011911467
-8.959365390261292
-8.992929400046723
-9.0642968316628
-9.022715717481544
-9.045483506415092
-8.947644233122
-9.057374656279986
-9.039943034089243
-8.946395741638204
-9.063714441495044
-8.98270630719001
-9.031611276188872
-9.000306012273096
-9.148335872655744
-8.90828981990937
-8.920720133578426
-9.103746489549804
-8.952810175978376
-8.983518213702355
-9.070061926116333
-9.015000403019025
-8.983659747093213
-9.07722755443319
-8.963783855597821
-9.016230071687652
-9.034246996634096
-9.010992693113977
-8.96251591736247
-8.969635615131324
-9.008409197445415
-9.015423981018445
-9.026564480922298
-9.09355954770902
-9.039123748050729
-8.974852839282446
-9.001479987882076
-9.04614493334643
-8.983682977770567
-8.94887899143591
-9.064460480725138
-9.019259173347129
-9.00686826793668
-8.942384087419597
-8.969025010851288
-9.02532177824408
-8.952246356358007
-8.870768010061434
-9.037540286140432
-8.951252608787172
-8.91383176828678
-9.016622507893555
-8.966558217734606
-9.01912292598156
-9.015329698862367
-8.90739608699033
-8.988116207710659
-9.039083118695464
-9.044712771256258
-8.992152861714837
-8.920829214810034
-8.920095504517503
-8.992629121812378
-9.070903378655908
-9.059425386885213
-9.093641777322402
-8.96077573738769
-9.051711438221202
-8.983106255822673
-9.051878206920966
-9.081161671341407
-8.934414621660963
-9.078370626191171
-9.008937740611614
-9.090726243694482
-9.029613823348939
-9.108922168402394
-9.001647958661028
-9.016078025395995
-9.029724195531712
-8.986433733282402
-8.971542719935321
-9.052485349299994
-8.967077128194312
-9.099295939662827
-8.99060664296694
-8.985331443723888
-8.977225854450943
-9.007135471079044
-9.050912629585685
-9.068518612925189
-9.017062472062845
-8.986496171112973
-9.090460309679662
-9.064365147282428
-9.081984038752282
-9.07360969786868
-9.008252566572496
-9.027992663185861
-8.987373533133484
-9.076531125484628
-8.992839665613209
-8.98933031067071
-8.97794258827305
-8.985111199866564
-8.956454660793861
-9.020881997022805
-9.087614670069888
-9.041160523440244
-9.067878089586502
-8.94617354256791
-8.9801818667222
-8.990077212911071
-9.123704729469102
-9.02887012522534
-9.045822769553352
-9.012464604478806
-9.11961440447948
-8.992058465121136
-9.022989140205244
-8.994560655851675
-9.066322485602248
-9.001831067127814
-8.985480537618674
-9.026909632742875
-8.99693562890428
-8.938896350536941
-8.994507405908365
-9.050789742038328
-9.14178470532076
-9.088341963774633
-8.985269291790852
-8.980339363523324
-8.974897914878829
-8.979355526453594
-8.964836015395313
-9.093413332607653
-9.122447189107211
-8.967928770943518
-9.031200201471039
-9.118254040618913
-8.995327298936145
-8.982423163867386
-9.047241062921993
-8.971343335412042
-8.965722453358149
-8.937478581797224
-8.996079936147828
-8.952934321759871
-9.044594602974852
-8.962760245064349
-8.958651439032513
-8.956052841214042
-8.99191883449837
-9.02670464444876
-9.023487661768923
-9.049108571310843
-9.048338015635498
-9.016508387526507
-8.982651829130642
-9.00796685289794
-8.99436217563815
-8.996579062154282
-9.001567501337835
-9.02447923452181
-9.013222771558345
-9.0671846896669
-8.933710958231172
-9.128925609128952
-9.020015895805578
-8.912313607602597
-8.991810092915753
-8.992452357738433
-9.098707449585582
-9.043436578228995
-9.062307267308341
-9.070652698286963
-9.123097478948512
-9.027684869954326
-8.990381767576118
-8.946470315899331
-9.015021041576755
-8.946919610222835
-9.043150426835412
-9.081851054831779
-9.039331971401303
-8.943274433227321
-9.062826705205584
-9.047200662600877
-8.985498066367958
-8.99524129631686
-8.99558657743274
-8.995809842649928
-9.068552344384896
-9.06587280501793
-8.997914119591535
-8.99761018178929
-9.049101882544575
-8.99972540689672
-9.061633144732943
-8.934900750635641
-9.024429891071902
-9.030465113103388
-9.007500297223222
-9.019262677814064
-9.032094006933946
-9.035388651277517
-9.055425445763257
-9.077830491277274
-9.031765244605543
-9.011469936937933
-8.997031120428927
-8.982054930842224
-9.075380730728654
-9.00812566389435
-8.980016685618098
-9.03340306364197
-8.981024941530016
-9.03963310388289
-9.078402372869782
-9.041353582688766
-9.059306748595976
-8.954369552986
-8.974957278484526
-9.111773756309521
-9.00103529290348
-9.09030635990551
-9.047346441368527
-9.06216192930067
-9.045079508964838
-8.971063976027509
-9.028129810368029
-9.17864046528331
-9.032690444740252
-9.056699197782269
-9.137210394645184
-8.980511752643315
-8.99798355621057
-9.066736181049581
-8.991656745550712
-9.113663804769606
-9.007614586734604
-9.094818423317617
-8.994306496132594
-9.111460255746014
-9.007634810914206
-9.069642960917186
-9.122347278758772
-9.104573810487162
-9.022732237908453
-9.049067118482805
-9.04175971497554
-9.024660204145494
-8.99529683412272
-9.044208503426045
-8.951543293643367
-9.003362694586492
-9.08543657619686
-9.123201003190326
-9.153452902012802
-9.107897714185416
-9.051681983273964
-8.964403227904521
-9.099174633565049
-9.114157238799455
-8.99682775172054
-9.101196647079133
-9.027204963212677
-9.042140706913356
-9.084025623671975
-9.049430818136019
-9.078846491538659
-9.113837457961464
-9.099200252334528
-9.106202925962286
-9.066046371968108
-9.030434175253047
-8.996635264778373
-9.058320908826456
-9.017092211657241
-9.083065017133364
-9.08143811426221
-9.145660760085622
-8.986640673448589
-9.033202111697976
-8.939060559985297
-8.99301520776423
-8.97320148871049
-8.967166048659342
-9.06521110899753
-9.03848892320247
-9.041656453249942
-9.065385623366778
-9.036255053886718
-9.122647895023407
-8.958893912700274
-8.997748268478013
-9.015777207160296
-9.01280866345384
-9.063161100758569
-8.956787590043794
-9.092993763619251
-8.99603091492183
-9.059961937564273
-9.006673182761137
-9.124897855683662
-9.061848938969964
-8.989720160855397
-9.045824753574651
-9.024314910213453
-9.014648126438614
-9.150228751753069
-9.01020345210917
-9.110185506114211
-9.14682258584182
-9.120712383588376
-9.047508749572431
-9.080565521864036
-9.134422101153636
-9.046889428390974
-9.064429157362085
-9.136657651082059
-9.049313186891302
-9.0454287977345
-9.090262074818579
-9.090047495453122
-9.086587689249717
-9.060698658682748
-9.018196101653741
-9.152683626057675
-9.07188117798899
-9.02062945618066
-9.029141826197328
-8.966728196328722
-9.038442069767013
-8.988683335685366
-9.042776821486305
-9.048082273254684
-9.035455033679161
-9.10934777415858
-9.05831803092169
-9.0504344376586
-9.036815969801351
-9.071598465240564
-9.106646069190608
-9.111839054777267
-9.089593551058588
-9.025723586723656
-9.056823293412746
-9.009908974729683
-9.028530042658401
-9.032953655670715
-9.111448954642666
-9.038828582306705
-9.032863771535434
-9.003729521918833
-9.032128921136684
-9.011475711483433
-9.102347255532456
-9.055462240912112
-9.00798969144023
-9.038282061158109
-8.98372388791349
-9.175678895893812
-9.069680580358668
-9.002599169755952
-9.007390142092158
-9.047276175333414
-9.027818132409744
-9.011553974397705
-9.034192004123524
-8.978552336326828
-9.083360427931378
-9.15553215719793
-9.034853585871693
-9.041901788226394
-9.156139881876474
-9.04938641607945
-9.046463603765986
-9.097607472826537
-9.048709657731468
-9.12176831111565
-9.109241012429639
-9.025734900670537
-9.01311557131532
-9.079119001107044
-9.104749259576465
-9.082052523460453
-9.048162084677388
-9.072139469833063
-9.09566099292375
-9.068412019115893
-9.047161354581732
-9.136614145961355
-9.138475166625726
-9.075296233854914
-9.106516231162827
-9.106790882819443
-9.092808301992575
-9.167474863313943
-9.087634507667161
-9.08926425785936
-9.046312213309623
-9.161080791073537
-9.075832444045572
-9.0696174275194
-9.129810358497616
-9.142392976741073
-9.080272414163561
-9.128152297530757
-9.038031679636928
-9.1635396965419
-9.033501180020767
-9.081224708845676
-9.129313441078871
-8.77508140372661
-9.022409689922256
-8.669923552419979
-8.993488719855938
-8.340354824858366
-9.079259480893318
-9.021255695766394
-8.404271231749016
-8.623521140699337
-8.839765373151904
-8.93987386498729
-8.826648076257658
-9.109961606167515
-8.705110098928136
-8.977780452922861
-9.028296071187325
-9.020390701453286
-9.026702993443799
-9.154667511907187
-9.04271728970358
-9.012818901581344
-9.07995921876776
-9.051167485298192
-9.107198050836734
-9.011319912087139
-9.077010913841102
-9.002286431295607
-9.05724916404566
-9.055985740284672
-9.051540146430382
-9.035196183582848
-8.866397201312031
-9.054079387556015
-8.785524433918772
-9.049070404838336
-8.979885769554164
-9.030435962816432
-9.023788615133792
-9.082206861417779
-9.06046168961461
-9.035045775732623
-8.99975384432434
-9.024838171435174
-9.047705584355072
-9.044600228960581
-9.03374533781737
-9.002622140642083
-8.90902272010211
-8.99493634838381
-9.040095296499297
-8.992853911997937
-9.053535583684129
-8.957657454505371
-9.059087814805569
-9.027987528998189
-8.942297569074963
-8.885599657897952
-9.000515411544768
-9.028648794966708
-8.999195911214045
-8.944100000769474
-8.958589190631114
-8.94303676902685
-8.924903047167229
-8.926135672809606
-8.946114786791075
-9.061408615394848
-9.025276030405879
-9.033346053834869
-8.992499468076073
-8.998370508044772
-9.038755187287757
-8.980898794199906
-8.903237984985893
-8.9310593969439
-8.92289177773772
-9.002121294717492
-9.003487196650438
-8.884449974867039
-9.052326011683913
-9.022177470825346
-8.948978179970858
-9.018005067017553
-8.984862540428722
-8.954706057857237
-8.866429936750869
-8.946383501503083
-8.979391982370128
-9.049911029896435
-8.89012716150147
-8.995946087847608
-9.062931997416015
-8.949727613390854
-8.98173653840683
-8.959706132847707
-8.884796416513211
-9.06516885788138
-8.937158627865093
-8.921232337550762
-9.002357386180739
-9.018385721946467
-8.927874086665069
-8.993433033614654
-8.949462106490012
-8.95998082568228
-9.016706459898549
-9.03638461999627
-8.998566166963446
-9.018440101790347
-8.985924323919633
-8.92213801267126
-8.996344012637007
-8.989108438197906
-9.007197691724022
-8.984303792731959
-9.03462288482423
-8.940697953211917
-8.98879171504712
-8.95358827838364
-9.04546967009263
-9.033767613391252
-8.951171129483132
-8.977949640414215
-8.981448886846389
-8.924302356125825
-9.003396203225824
-8.948751028901123
-9.052038887892342
-9.06390899737099
-8.97928851892477
-9.026168521329614
-8.978339017954871
-9.04922348331103
-9.073726831781924
-9.018046363616609
-8.977933820149621
-8.96101248994178
-9.046434614409048
-8.89704022813678
-8.958686663450846
-8.919014819149117
-9.031324099284186
-8.990555380282654
-9.042337924699993
-8.970047092294873
-9.045744014896872
-8.9722979421592
-8.911372248657981
-8.999653298061288
-9.066109610939874
-8.888536301060752
-9.028412843219568
-8.97828294665343
-9.010724203688921
-9.058370003665674
-8.96477314835568
-9.004023386103523
-8.989425822192496
-8.9612452288077
-9.070015946238406
-8.994399781913133
-9.022625720224822
-8.979874423111902
-9.064153143616364
-8.99985936859572
-8.943039740364133
-9.012784133487845
-9.019508289927744
-8.945731948453842
-9.0539262077855
-8.91462380260702
-9.038157319271455
-9.032166266948904
-9.009194477659118
-8.960310245366495
-9.071271426421076
-8.98066565168769
-9.09098764361649
-9.08904698486
-9.02156219817222
-8.97203080401911
-9.063816921162648
-9.035943976555963
-9.077575820314618
-9.107514392673208
-8.953319438674136
-9.02547134693362
-8.977556673111847
-8.971736060680673
-9.068900349987437
-8.945986214954884
-8.93116798700984
-9.015841663752864
-9.024000718473877
-9.00658399089105
-8.969122931257193
-8.906951999430333
-9.083742680527397
-9.09372403143687
-9.049500330552688
-8.960878125346705
-9.10533834597046
-9.038523594222966
-9.011804533163541
-9.136689466010246
-8.961868228180903
-8.975101415611148
-9.016519539238244
-9.100749049324675
-9.034083601690147
-8.919390658803561
-9.041331809901514
-9.037466330278447
-9.033948501201044
-9.09553198998374
-9.102735063406596
-9.048798867538416
-9.118403061201652
-8.929694144795732
-9.050433096507845
-8.976080650556662
-9.01477848066389
-8.993350737990468
-9.048309198733481
-9.061817439844297
-8.983654843751417
-9.04317307414971
-9.020061061972376
-9.055588993960944
-9.055780480419745
-9.079783623644989
-9.05053853560326
-9.044292354571434
-9.060138450302563
-9.063739101754352
-9.066352272405446
-9.036736863816396
-8.90530298732198
-9.061124336033684
-9.045405818815032
-9.070455396856756
-9.097332066978826
-9.025559572296956
-9.054162400020916
-8.971892249406023
-8.982668150270166
-9.030265645338309
-9.075501010560819
-9.153978862450357
-9.028809938902006
-8.961894984747167
-9.070477552628818
-9.103465823265969
-9.073463403771445
-9.033153891133301
-9.061929495889402
-9.02952058708287
-9.067939779064508
-8.968915930903677
-8.9455636194279
-9.034573482185117
-8.972446586277929
-9.08748828466523
-9.051560056572148
-9.073358334422304
-9.0491285222981
-9.097296423825977
-9.015652841569874
-9.116566019329838
-9.134749458867264
-9.005028990719794
-8.987241181339916
-9.058422167685327
-9.068179023059196
-9.036989781297056
-9.071322138516763
-9.10387273882515
-9.11144912538843
-9.057878650341499
-8.990255881354392
-9.082084681632272
-8.932752976239957
-9.123686458043526
-9.155148367449137
-9.081194564673769
-9.124419835435523
-9.087696891048521
-9.09701560770256
-9.086580390173907
-9.182473107515348
-9.070801459290008
-9.135799690709316
-9.048035016139552
-9.041447717556292
-9.110082582227243
-9.080407670725611
-9.066411201505643
-9.076931277970031
-9.060520342535625
-9.016526975709988
-9.066841787443874
-9.028706736321276
-9.029543102558799
-9.117160074696711
-8.972242400533148
-9.056269616768846
-9.02520927566001
-9.02515014620303
-9.104387131288624
-9.100637061022805
-8.995230327281872
-9.012407300681991
-9.094082362685183
-9.061140146795328
-8.989949650852097
-9.063033934431878
-9.027516108887317
-9.142827149758991
-9.011426938027551
-9.142224707779775
-9.09943361638203
-9.120082078601618
-9.111343007723802
-9.142353654111146
-9.088712834327211
-8.943472994675934
-9.083631792658926
-9.054785620188731
-9.064257152001428
-9.045169930026155
-9.060439614055726
-9.032974887601872
-9.05104380372849
-9.099616192135858
-9.076424362471387
-9.106364131088037
-9.019223508411276
-9.062231957398962
-9.00928190502106
-9.057130034679245
-9.101479870287534
-9.004135309714542
-9.061260431698479
-9.112391886923152
-8.966305892248071
-9.1307977335616
-9.108628578068997
-9.127484292100645
-9.129519334449737
-9.124258142542352
-9.178639955581849
-9.065334001784473
-9.076551109854519
-9.11420302294607
-9.162713453841565
-9.136815690330168
-9.135127636953028
-9.00660665631388
-9.082147324789288
-9.0269730486729
-9.171923961412103
-9.076565596037995
-9.127997579157956
-9.016106397248466
-9.054865998201139
-8.99127755248706
-9.049284557965443
-9.060479951938209
-9.07568578473662
-9.093978361671644
-8.987592934680388
-9.075426826371379
-9.128968078598106
-9.107184351621248
-9.11116766410304
-9.125792744369276
-9.086766079375353
-9.09972662670254
-9.093469702230022
-9.02525240135194
-9.058048201333294
-9.08024159268076
-9.156096413348815
-9.120196954723317
-9.093865387376402
-9.102228285182752
-9.076834156233788
-9.103423984696208
-9.15976858758258
-9.008254503453868
-9.034742470709874
-9.041215378867888
-9.07642679571814
-9.111381266480612
-9.112670716138055
-9.167288830781482
-9.06081163481901
-8.9993678002481
-9.115028532207711
-9.095018541246228
-9.007208578198178
-9.089008711637593
-8.981683323437077
-9.135168679576969
-9.070630080793066
-9.116746140524086
-9.181616724348826
-9.178033568157543
-9.04766735674246
-9.135284747986764
-9.040516508082911
-9.05739902601046
-9.108097437352132
-9.156206189985884
-9.088888782010066
-9.105276600570601
-9.071506758813873
-9.046723666609001
-9.017315383785537
-9.110672982639304
-9.068458182980548
-9.158716477882574
-9.149267179122099
-9.12734932890514
-9.140633686104193
-9.152831240259282
-9.158003473650334
-9.19385304479569
-9.030197019161333
-9.146207909595644
-9.062920584911021
-9.148490429599285
-9.145859627126182
-9.086421492465176
-9.179147477556635
-9.08949315346246
-8.99566331077968
-9.141579990815353
-9.081110071315491
-9.116588400839133
-9.083514424808659
-9.181574600022959
-9.10196360392104
-9.1098518564157
-9.14689897260468
-9.169951818091864
-9.085711064621309
-9.178692395909609
-9.067191754505158
-9.123351768889231
-9.09115954597152
-9.035351701114122
-9.036091068446478
-9.05305436130598
-9.126168126390757
-9.111802455064248
-9.033948941198124
-9.142534009484278
-9.018886444905377
-9.111978407980738
-9.03184326525085
-9.05845468586978
-9.19839886832637
-9.11900070950918
-9.142914562136221
-9.062974327453405
-9.13003329143566
-9.083443138760341
-9.118562761411267
-9.1637580050251
-9.048775192918493
-9.16162881577288
-8.97217387425277
-9.112221564050285
-9.128686592265138
-8.996800359520718
-9.103475877333386
-9.204851823672016
-9.154168532543038
-9.175022855553463
-9.10012427451514
-9.096674304516359
-9.119275249307039
-9.047164012783375
-9.223687938742122
-8.987640104559864
-9.166495342184877
-9.051499665571816
-9.165395970711135
-9.085447167566553
-9.08489485502371
-9.103237926523148
-9.08180057871081
-9.167433040492979
-9.122157147146707
-9.020838206140693
-9.156192368235736
-9.11013536481408
-9.069207292696104
-9.084892999387922
-9.1341269621644
-9.10012909283126
-9.159191715260492
-9.15311239042925
-9.119838013494954
-9.062986072024511
-9.12642939577195
-9.082358425929765
-9.101084853409052
-9.0900964152277
-9.054306052282683
-9.174576875576994
-9.084265013259774
-9.138337284958846
-9.129152049344157
-9.110142493129063
-9.077142515446196
-9.148087038150988
-9.052970090990389
-9.099751599016535
-9.113965052068446
-9.12290249955762
-9.11355390882029
-9.162982001540858
-9.046490476118938
-9.108200575502744
-9.080229735566228
-9.071109520100302
-9.138820014400446
-9.09847945739354
-9.078683174632179
-9.075977480056945
-9.115813862705615
-9.201710032929503
-9.173969117998258
-8.991764260138083
-9.113742894387546
-9.121410407617772
-9.057361154849328
-9.093884648727178
-9.128833406979352
-9.155459398632447
-9.037675385875993
-9.197664817023492
-9.101106777025887
-9.09479666616577
-9.135326949899659
-9.072920984898195
-9.085281855721455
-9.162272934622548
-9.158575642752568
-9.178350890569922
-9.166136390020393
-9.126960094050489
-9.143676707342005
-9.074493416667366
-9.127278800199324
-9.12530642488044
-9.15532488851366
-9.17625002962709
-9.09767039273387
-9.137111829146281
-9.170472793525931
-9.11387311832952
-9.240957479796087
-9.130582098927372
-9.108700227068036
-9.080567436434533
-9.125223251841211
-9.117063149106915
-9.120030679633542
-9.19421896614393
-9.142645496215714
-9.160010719707062
-9.167836328406358
-9.219896263854146
-9.159497390357553
-9.163599309877128
-9.155280465147428
-9.13167806344004
-9.146016970555882
-9.12765826465719
-9.136572329580313
-9.229998425521677
-9.175396212979514
-9.158138862073406
-9.130891570206524
-9.146375681829168
-9.119856581150705
-9.12267381175223
-9.269555025244886
-9.200940426220523
-9.078795319176034
-9.109769852196804
-9.117089990464917
-9.04106849474755
-9.116864112883576
-9.13943117304475
-9.151162025810137
-9.05305121013847
-9.051447047514598
-9.146496108652768
-9.06021869606425
-9.156105034002406
-9.077355544225169
-9.1029959876908
-9.123860426175531
-9.15423363232991
-9.192620856031338
-9.174032582534563
-9.1527434849657
-9.130568943795017
-9.106070001812695
-9.14616598897816
-9.18494771670633
-9.090601250979994
-9.012425422037865
-9.142742173600636
-9.223350145766139
-9.104045408258356
-9.146275934438016
-9.127684928071387
-9.099738096343305
-9.136738151152423
-9.201043973440159
-9.173676075392505
-9.1343426811466
-9.157994493463358
-9.065822983602015
-9.178008866240633
-9.128896621328046
-9.08011406877772
-9.066853785292306
-9.11702215577364
-9.224759026049876
-9.089002397945315
-9.131327770671394
-9.134530250603575
-9.111956565992653
-9.14296409115462
-9.082418319482526
-9.217313306304504
-9.198657438582282
-9.095975922603687
-9.147367866798318
-9.142750604068558
-9.08855376186776
-9.175910769743044
-9.018956231439164
-9.138380514413985
-9.147101605872027
-9.17564794128052
-9.092561267172485
-9.113203251700211
-9.107039542960264
-9.140092885084066
-9.133569497654273
-9.114114053706164
-9.045096971300223
-9.101989273374056
-9.185883708139675
-9.219902449279296
-9.147176171925638
-9.171717371855157
-9.14991931838446
-9.267421224550395
-9.184678289907366
-9.15840904838633
-9.097676476792332
-9.175554413205777
-9.129798448680972
-9.151537601695171
-9.160871966399037
-9.074438490037593
-9.225688864329811
-9.163988056942388
-9.142093331113683
-9.162041131983454
-9.1133327681645
-9.236833141147654
-9.216957264021039
-9.135670950291905
-9.18023659708858
-9.12811840960998
-9.114507813125162
-9.120531211151459
-9.159368688802312
-9.153574026078768
-9.10089197680825
-9.205332442664337
-9.205169028991504
-9.120900061992753
-9.184726857026018
-9.194869529345162
-9.252802916719256
-9.138975920710717
-9.200451715074186
-9.221540838058576
-9.172288736966241
-9.216776851043123
-9.132259443627422
-9.134670849108174
-9.093175332156077
-9.152786786966393
-9.18401010288757
-9.154261150330932
-9.112241659633911
-9.142390921868094
-9.192815631815877
-9.124995180369343
-9.15481052522107
-9.141166179902315
-9.094108920915872
-9.2789362165095
-9.062589828471383
-9.137655534603034
-9.227253477986807
-9.135115844876976
-9.123806506706762
-9.059133138123673
-9.223150582577109
-9.11614668289431
-9.196405558555771
-9.140285181962245
-9.26193156909631
-9.1474754106915
-9.181721701102832
-9.13872831231204
-9.10418098584803
-9.15827951513599
-9.159334168054505
-9.233233696792364
-9.217648589539067
-9.13141712541377
-9.140280467393302
-9.03341460813778
-9.079074283798915
-9.23381059450927
-9.25019628486064
-9.143715929885934
-9.225643720690142
-9.22565187746442
-9.16995082554424
-9.197378175380265
-9.112506592324086
-9.118151445734233
-9.23501023756374
-9.166219685630507
-9.141690211006438
-9.141009768481881
-9.140097230466836
-9.176310498099213
