2.163775640204311
1.5784019632966269
1.2924253391515979
1.0454685238001518
0.21050643334067096
0.8155865132880453
0.2696233678423806
0.15682079572958046
0.12238749164480543
0.1925928656007544
0.042316950347157004
0.10655946346680108
0.0769929442215785
0.046557565223710434
0.05449622563708292
0.06572472468271141
0.027518133678422225
0.03094877836687689
0.025655135237634512
0.021727011468675155
0.028774365070993898
0.03676889197308328
0.02937414397974214
0.034093975590272725
0.026674394187795995
0.037748715380109085
0.05765198525039609
0.024153654552573393
0.024219209513451113
0.029361208987316204
0.02601009088450973
0.03778694876929227
0.019359650034890742
0.03191052229305132
0.032885882889043205
0.04045739204437419
0.05718322808383625
0.029180163880300508
0.03598271782264485
0.049325684424314495
0.055256089215812376
0.03286336618424026
0.04212726398217746
0.015277451014862112
0.044784632072950845
0.03635750188923589
0.07197493360768692
0.03413809076778378
0.05131239802473444
0.04080080324005752
0.04614651826111801
0.044605661945950136
0.056350501215872775
0.08412208112079361
0.05723544049290958
0.042285340198560145
0.04344706266454091
0.05066822876752942
0.07931997800299942
0.0664315167302158
0.08018379330148664
0.042108037428395965
0.07568675453416922
0.04702227507595461
0.059009600519054385
0.08583663646942133
0.06891257806143482
0.08205168390951473
0.03598662271996813
0.031204792589921752
0.08807901568498049
0.04872546608260932
0.025023622967844224
0.03516884827116299
0.06677271468275743
0.01745822479236183
0.07521120720137224
0.027311767219741257
0.03236065230297841
0.06057311180525761
0.06144312395499417
0.09286367838481485
0.05876344589919061
0.06297526445334628
0.06159336988332921
0.0659506219892612
0.04128826687051315
0.11530251777106446
0.075536136677753
0.05556212434472903
0.035579115387107334
0.08647435350218288
0.05983424525833128
0.04792234673724828
0.09959910611392862
0.06682847033158389
0.10068405302890428
0.06831023256863658
0.07684529479677504
0.06385737402766868
0.07757966410297047
0.06304292399745445
0.10131461817448055
0.04189251966950591
0.07954254701790328
0.09885202495291577
0.04413216563148408
0.031136397321182924
0.09678613760954997
0.03029013951552874
0.04748121557779241
0.0757135308874075
0.09617139617410651
0.043990550259806076
0.06083926169560708
0.09321068466315388
0.0654394948123152
0.053312135143359696
0.08854536171178823
0.083077044961246
0.06480364784604035
0.100102411436832
0.04379487173681791
0.09516671406183169
0.14476043086537713
0.09803734636891112
0.07547810515902861
0.17910392541543252
0.09452220773649603
0.08662276681140463
0.062037987658370666
0.1098189103045743
0.11604618078111702
0.0859441609831498
0.12061193269775893
0.07582809422447638
0.08134340644445805
0.09020675964255957
0.08828876785382725
0.09907517096375613
0.07788582899370813
0.07289561549318307
0.04855009722885765
0.08808270734249342
0.09339785506261435
0.04562578231096488
0.1362052518079338
0.055904382075114806
0.07477745976181817
0.06547294917764639
0.11562422337056105
0.09097587696801882
0.05819748205126753
0.10614173282863278
0.09850700099104924
0.05591619133022846
0.11610804143843964
0.07009370400048884
0.07691789311999718
0.10780996038188016
0.11784139630491154
0.18120391793107965
0.12254535114187183
0.10764895917161761
0.08404433471841562
0.1340191851322048
0.1575847846717595
0.17120285401417146
0.09249543360921068
0.07718222406623805
0.07550450397473232
0.09109215305875
0.11935800873576417
0.11438164899840904
0.13375650617043908
0.10375221296336057
0.12113737461661271
0.1125162511306373
0.07389556374050452
0.05765487726528061
0.13546368163904077
0.11910668801132812
0.1420519469942443
0.1405157691568525
0.08356406198755766
0.09296839207974264
0.0776205375377396
0.10643779738407559
0.10643549836354968
0.08049655703460391
0.16617201401837867
0.1168359812830036
0.10438828880446749
0.11134721051705118
0.10827939200953847
0.0827876538773776
0.08685651109655021
0.1522333356446092
0.11708761576931834
0.15218832106681618
0.08003244199747152
0.08927484978854304
0.13538636619366565
0.11610507778366214
0.13579105205477465
0.12557832243777317
0.09182776302381168
0.11631865450565995
0.05971755591614038
0.1018219794702041
0.11056912981044963
0.1496140235899267
0.07823155694113776
0.10196745391688403
0.07142503329417936
0.14061471736839098
0.1361478412791289
0.0691863620390495
0.10171120928401868
0.12684333528531305
0.09626497662405693
0.1269353889001065
0.10506396572944635
0.1097844933055569
0.09523614430400502
0.12192883449198068
0.07424608893783026
0.09369777998041877
0.17280402548609974
0.14530135579239326
0.11489888037952219
0.16199145483269276
0.0905985969698271
0.11914439599778846
0.10831206564161333
0.09573006733720917
0.12992554848115892
0.13294326241636928
0.10956820775494049
0.08689872395295974
0.11112001364044345
0.11018987018018192
0.0764606215364675
0.14217967571778717
0.0905525145210736
0.15158841396626258
0.13043160365617884
0.12724281824446593
0.11746146169945375
0.1039046684528748
0.07239099196437138
0.09698741602386515
0.08942116023550249
0.11841485173469267
0.12503642039909393
0.13447146255418177
0.09705456224159588
0.06728658279420145
0.10800033989251757
0.11249731945390574
0.16984584269412517
0.12647661849511185
0.15418049301942519
0.09552093147362306
0.10390149003817203
0.11955987373483253
0.10637317778033395
0.13218961060440143
0.17194029824006987
0.15100699383449445
0.1379748157107516
0.1517867983135489
0.09529842684441615
0.17982800810446403
0.18203829104611619
0.12158677622338232
0.15022504552087368
0.07547963662661189
0.09427282495907757
0.11484340311843468
0.13841747628371145
0.11889073260482985
0.11411297533679025
0.1266303815986304
0.07846943913678517
0.09301572766847283
0.14476520133623338
0.081720058530865
0.15460584759210505
0.17053318020197988
0.09757112501242296
0.08935787254273299
0.11824828290651165
0.1974505347724535
0.1057496595136874
0.08613337478321946
0.07760339721095959
0.1297502088842163
0.17758284122308096
0.1540882124800301
0.11644332649622548
0.09869928904404748
0.06428394225057966
0.11815204457542308
0.10915892944049851
0.11775202680546801
0.11180236846356847
0.07313332323938242
0.07471200288253772
0.10624013499563942
0.11844317164747627
0.19127378418674038
0.09883788914515051
0.1548566877490109
0.1301211483655078
0.08464573233064428
0.16503846747825315
0.11612502843383843
0.12444708655099798
0.11016160476250995
0.08680464163609122
0.12926708465624517
0.11621464691928894
0.13018702668575746
0.09477545402913867
0.08061080846753893
0.08396568123714025
0.10482580912203929
0.12941381730752938
0.12028560683894725
0.17196572122288803
0.12151927846819983
0.1140367613340767
0.13885535030368434
0.09606542895968856
0.07000132179175413
0.09392611922697178
0.14502069792759092
0.10375118327314077
0.15100143149333362
0.12129136872941021
0.1522927576855792
0.13288025046042487
0.16548524480241183
0.06868766490210355
0.15121265533337638
0.09366333042419153
0.12784283145192493
0.13334326759286536
0.15204223685009718
0.12107074971910294
0.08051191096072288
0.18745641346580777
0.07804983667682064
0.16154120079951045
0.06520687015573405
0.10904361619405585
0.08341830453150494
0.10278711931600332
0.1360121241150564
0.13325156291910378
0.17622161486022064
0.14506518147578798
0.07896114295482858
0.16815131659636504
0.17271632257047156
0.14088274087750233
0.13070869116318498
0.1950242683089781
0.16451673464593355
0.15171135512930084
0.09045979612233424
0.11993430228470205
0.1031028848314113
0.13226353801190102
0.11552450092549936
0.1035314827937341
0.08392852714660083
0.09368820976285078
0.101632741234249
0.08264565082522636
0.1302895808625872
0.12035432158081738
0.11559558136438518
0.08754260668741289
0.1492705501145658
0.13293010302213296
0.11951390078978112
0.10087763582212049
0.10785113802853682
0.12235472946084616
0.15430423837692753
0.07673407731430427
0.12263059195341493
0.08791444097158431
0.08630166440045378
0.1106812542869947
0.13300675715576168
0.12254130317384619
0.1638645471705569
0.06649886957547418
0.1645177053401626
0.12527831850173976
0.13794434454883522
0.11324230546592236
0.12789104280598917
0.1362326741693532
0.16065134340885603
0.12653848348498134
0.09253495244501042
0.1464726062322482
0.09714372354282169
0.13130654810229928
0.1358988558250423
0.16938510156395822
0.08236718052715081
0.11416191658089864
0.10531492398700065
0.13964126386012474
0.10485534601897506
0.08945581532071932
0.10861135062810333
0.13242764559083361
0.1470145369964417
0.14944694622453544
0.1142512178293918
0.1151739627395461
0.09979610789378368
0.11233698141077976
0.08641696777072544
0.08419819242574471
0.12131116480879534
0.07626457374931063
0.1738675503368343
0.1216632892517963
0.11199198992147043
0.15551758994697926
0.11135422779214252
0.10326679636201597
0.15088068399537238
0.1565441723449151
0.1285393912935644
0.11510036005990597
0.15263137177512226
0.12216963298326465
0.140097219522256
0.11335298828662088
0.19061737227433664
0.14257908813281253
0.14843028734587374
0.16454506317121595
0.08969523032178668
0.08552749917959827
0.14358817601631918
0.045640432912078775
0.14652815665187394
0.1076790809213267
0.12955356453364916
0.17265908474490482
0.12906971714211807
0.11469325212944684
0.10877948202859594
0.11940799427851413
0.11425610602732258
0.17370652511249865
0.1449996029795066
0.0676147731819162
0.10818942876948454
0.15479997426677242
0.16129121821617443
0.18980526903449446
0.1177699133889373
0.14538281846681253
0.14397400961888443
0.1479292177396767
0.09230988483737204
0.1247417895550688
0.17960879943941727
0.07114532356683613
0.12333398517137052
0.1422422110109636
0.13329486648477742
0.09811833687489938
0.13813543175153745
0.1425021422600034
0.15361684428461264
0.167448942379675
0.09706831293060553
0.12297580486401946
0.14669522682253142
0.11384895835922627
0.14203474153505846
0.13392290964444697
0.13919630867573154
0.13955376870244995
0.1530534212137138
0.12085805027596
0.10218455257914387
0.19848979539064132
0.09485588539222949
0.11166532731788623
0.13293117446511987
0.17761084166141938
0.170702798417475
0.1670853027552494
0.13324649973489058
0.12035512994904574
0.17232405167195974
0.1450250133570827
0.17306505772981576
0.09714719928024333
0.15480904348860264
0.09758864430568175
0.07773617212023459
0.16606160270034448
0.1623895964712867
0.19095141954835518
0.10039444129589936
0.1926506980375217
0.11611491914523314
0.08446214003988398
0.12861247802854636
0.13230168410668522
0.08846150232558458
0.08443655190775855
0.09021054752487907
0.20378487448240892
0.12058009220727484
0.16079333953389655
0.20423719801219095
0.1781453737982023
0.1483997261222565
0.14710683464169247
0.1482117319468878
0.13715444729877224
0.09328854576745235
0.11187729917563057
0.1255566677364645
0.11403855467788403
0.10967109701638292
0.17983664874979263
0.09213735182960442
0.12998863427572768
0.10102740034529188
0.13705535249291317
0.11104899046530578
0.15842491655532884
0.11698318852484861
0.1371104457351821
0.08387970063587291
0.12378634566605272
0.13893397291292678
0.13288612582901763
0.11906164694287866
0.1445743068068364
0.16375221082735114
0.13368965127762641
0.15305493050353486
0.12753953421422037
0.18091995163185975
0.1636106064489238
0.14945984214807256
0.12021456063324303
0.12146316773863963
0.13997844226857445
0.15174158637288757
0.09002511307492628
0.138692720485201
0.15118016195513428
0.1370717981643325
0.08518345472036555
0.15398805447732433
0.1283978454047208
0.13783946407695122
0.17407767205308242
0.11323878983384662
0.1365678254727198
0.1384605893868989
0.1504161605788767
0.12363851653109773
0.17330990261160303
0.13716392943897646
0.1321623532113018
0.09538561015484791
0.13386021593400554
0.15020752873492121
0.13653676891997416
0.10647751378495213
0.05743596659500334
0.16327695882131274
0.15023095596844635
0.1547905508449339
0.10032397047503969
0.14895556323188755
0.1330221943233313
0.14752199858687254
0.12290280193344001
0.14313590931071488
0.13408539267130992
0.11048657211632112
0.11979044862504809
0.10065955649607994
0.11593903313421758
0.18500125264796494
0.13006022365162992
0.12104126272806669
0.11907368556027788
0.1627307162745703
0.15421984187816995
0.09577570787356611
0.12615149686971724
0.1575198238237519
0.12921573939505812
0.19779031823373272
0.17046157878936377
0.14657884343365385
0.14303663039795445
0.11829068474055059
0.14457024711301444
0.18431051517202043
0.16123956741171125
0.13641812501131753
0.12585231556506468
0.13354629318622632
0.15899210258442814
0.16039425423200587
0.18537266468545605
0.13395237899767298
0.12464288491625648
0.16636463186644143
0.180505982030214
0.11147783459580775
0.12817624116543955
0.1297136524018888
0.12898988216923998
0.09629649444527734
0.10227212911946328
0.11120907800381685
0.16065403169214565
0.10559946173349276
0.16454131964083438
0.12309442669284004
0.20325099923510834
0.1176567047836901
0.12774989123906705
0.15944297004530905
0.14389326843428826
0.09091858041750918
0.18840207219476704
0.11577842324746644
0.15997569022507735
0.07681952886437
0.16585391914592798
0.19007349826228995
0.17158295002390742
0.10468800452803834
0.20233887824245378
0.11124876681355368
0.1060746160394066
0.19823022955909797
0.13192765589192687
0.1713565542156872
0.16013255241865804
0.15976693834294417
0.07429038906954057
0.16114992864401512
0.15290266570113284
0.1506399817082671
0.13066995239545337
0.14055667583490145
0.09910850943874633
0.07107828885609176
0.13736927570789248
0.174916129669273
0.1286631659469974
0.11699516050423714
0.11266798980896243
0.14801889927602002
0.08567490045548552
0.14416584430884843
0.1826369532043827
0.19267582659328703
0.14192003996579503
0.12304737809852094
0.1321007999794872
0.19902347703207926
0.1287532473917154
0.11263124911657962
0.1638428881250377
0.14810529569912784
0.10485344438115243
0.11314409438928448
0.12808622574365924
0.19464230276306183
0.12813577228323056
0.14858758646359405
0.1736882817005038
0.11464516674620016
0.16523320544732276
0.11654556069088377
0.24796259052933808
0.08539301769057674
0.10430755833912107
0.20334598526123582
0.08577862199908777
0.14659300045821075
0.13489851103555792
0.13286549987988985
0.15631334457896112
0.1783596548563205
0.213830302127219
0.1584546093369864
0.13825672013611906
0.14113125500920304
0.1785079867127088
0.14849369845543742
0.1734019763398237
0.12302170563647355
0.2164058323148822
0.10707509117582067
0.1454473191189038
0.10573849572286824
0.19207011244528518
0.14376353829500937
0.11719876100378138
0.10628639558703623
0.10924568757466493
0.1534995757084935
0.12412681599210264
0.16790644403777993
0.1724037730143036
0.17137204635258524
0.12704681515578095
0.11154571971184558
0.16971089346084026
0.14872958254568902
0.10096337616704669
0.07274369971522404
0.1721479592147901
0.14121334025478452
0.15150715834687006
0.2016163797423471
0.14174595212272842
0.17556970310127076
0.11645134988434735
0.15347348724993165
0.14112541324034714
0.15768868339162173
0.13974180777616307
0.10352005075233296
0.11591201846203993
0.11279821665933179
0.08582376989526501
0.12317070165801934
0.1475348483335102
0.13425896802130952
0.12214021297571544
0.1159184468554202
0.12692321939625456
0.2241799215290615
0.17663421495027712
0.10053628485210409
0.1615313052707544
0.14252776525555608
0.1407261338270684
0.10578153575852763
0.12076318031258915
0.142201816195763
0.1257505436035792
0.10591658955967972
0.13575121047374544
0.18963723339608063
0.13111376271862304
0.12706366224596038
0.1642565253173085
0.12237480786906811
0.13515366759708514
0.13399776102300917
0.16678890007516586
0.18558849946445014
0.11167611739256335
0.138200600329653
0.13492560779791923
0.16697475519455635
0.10425256573208774
0.07244080546029683
0.20754068402958104
0.16831285235456042
0.14374148049385294
0.1455053767304862
0.2155563212264253
0.13555417060360417
0.1782232600251097
0.10049119371446313
0.15462099846515723
0.13995692161785941
0.08486233590095925
0.1552864770055929
0.13692555990859276
0.20348649922277667
0.1117574234022544
0.1361681439153859
0.15405866933346787
0.1527683124338974
0.13339132671654128
0.1644058143652663
0.10526182436228246
0.18565998153376131
0.08073833031575833
0.2150131363474892
0.18125052890499221
0.1460663167162561
0.13036037042565246
0.1437168664182083
0.15128761371594027
0.17393308826218237
0.12096262574288068
0.1808488170717291
0.1594749533560646
0.10776444821594047
0.20146645797438478
0.1441616835219574
0.19055379117204108
0.16586450577267975
0.13799024243465613
0.15019090899651277
0.17399669374795146
0.14710651374915565
0.13706539186973585
0.10353777450170618
0.08629578610927692
0.1654500480871874
0.18931138665918296
0.13890906342756393
0.17669889923152962
0.13482769918449622
0.16725930209148457
0.14273429107344693
0.15963783494630795
0.1991982970134732
0.1892510919123994
0.11386992382130103
0.14949516639571572
0.1232628839205828
0.1705248884694614
0.18359458048465577
0.13194494240623303
0.13883688779573283
0.19051948451543838
0.11587585717235264
0.09888526361443854
0.2112820858833057
0.14421183668001597
0.11204190873790146
0.14467379529350627
0.11907817233880628
0.14596014812667613
0.11373317767696307
0.12465507075610543
0.12974252530260527
0.09555779160956482
0.09040840969057928
0.12931491661397881
0.12785141263683023
0.15902021578636155
0.10898182323378901
0.13434479426963036
0.1606940772552552
0.20610057766136358
0.11147647723314105
0.12703316508328197
0.1509732616010368
0.17284737865612532
0.14789334922324093
0.11777064460580966
0.19484217883489094
0.23266583887101386
0.12349467940313823
0.12863047462189697
0.17334771730671228
0.15164906195164266
0.15309423097018976
0.11138037331624871
0.27381402745084105
0.12864118186781406
0.10805382446942509
0.24352495936943352
0.1056744039372645
0.14245193710750245
0.1279370727156839
0.10924031649985726
0.18784135592788884
0.18495438490275445
0.09152870087786241
0.11436263435572178
0.16841421251700317
0.1646208983951305
0.12957677884981794
0.1496900844159684
0.12414373039559827
0.16701374285937412
0.14050870476914343
0.0865239572825946
0.09386632869065645
0.15389539396770155
0.1589418236772633
0.15965373317694423
0.10293307674962388
0.21232918523750247
0.13026969606677474
0.1454611056926255
0.16530100110682783
0.16330819582427725
0.12946797125751106
0.10202227967943016
0.20584622479212908
0.21181525771273932
0.1275234517464089
0.16266077575823948
0.2526632640719237
0.12616843952966167
0.09669303721109987
0.14687139605857463
0.11061779953693164
0.1179505160633775
0.15030514563522498
0.13471419471857543
0.11076940299018555
0.12923415857531342
0.12763513887437894
0.1412877950293644
0.14310411128133715
0.13926278721342042
0.14155627353684108
0.12082335962509738
0.10386893833240682
0.15293869210213604
0.12768786458672318
0.11128172835544779
0.18862733577964558
0.19712255209947324
0.11773236624376784
0.11309085504769367
0.1860220923876615
0.15304495276554003
0.2322082974835036
0.08958189599071432
0.14628239622498518
0.10408629081567376
0.1376575788071797
0.19071001227173706
0.1483216223270524
0.15227573658342988
0.1265780584675997
0.15998335466711402
0.11102351656343154
0.12478342573168762
0.15940516814219177
0.148815250834506
0.15861152206823342
0.1634932439186665
0.14962191603370326
0.14355990968914728
0.17119050818313103
0.12940662962719873
0.11035674759112624
0.13456499071188804
0.12263378023346048
0.11211334207833744
0.14991632072202482
0.1336821036902232
0.09279879370467754
0.1210310245463444
0.12798143851658622
0.14611434181905342
0.1576918393429323
0.11059275483397023
0.14620749563278068
0.11976523064911372
0.18343983204042263
0.17096652541267943
0.18028429555374664
0.1553613605254185
0.15367270523799276
0.11097052597822614
0.10970503170632426
0.13415015974769764
0.09288813001268487
0.22281227426163214
0.15717475990310775
0.10356732212725961
0.14086301460680847
0.18626364172492335
0.10983044730511905
0.21228998030577964
0.11648394228715009
0.0751267858307732
0.16432017742585486
0.1478339517736628
0.12461916394210554
0.17112960180981474
0.12668534393309025
0.1856580142616615
0.10772132043642116
0.19718694927573463
0.1706676311695364
0.11194015001441815
0.14865077864243612
0.15216312326402298
0.19909527563539572
0.13028459918508437
0.11843476553049653
0.12248680664321498
0.16728820024625926
0.10736845617695959
0.1365838670954484
0.1914069080548266
0.14209152605783879
0.1802838749685594
0.10607433122661591
0.08214291201960862
0.18624503388899796
0.17358798643630388
0.10590249979715977
0.1725243278295042
0.14250569090125678
0.06528362204476569
0.16802245026371407
0.15529574294360943
0.14664814983162297
0.14178477195865388
0.15787767491164417
0.135756076343565
0.21916965000260402
0.07836130929650534
0.1228724399953255
0.1440922022974693
0.1509306927798605
0.20517800849678036
0.1446665442890744
0.187648272666792
0.14399944228060407
0.17398939291906482
0.17485403610537506
0.08331725080837626
0.17994107055081238
0.22743667432559583
0.1754232929707204
0.14890412127646274
0.13719677256215268
0.16477302059070958
0.1960939100877377
0.15841369737701508
0.14351604583758404
0.18864335292203377
0.17228593933787245
0.14859108366146334
0.1846136621648198
0.11433480982602673
0.1337134650385073
0.1367884535279593
0.1596397617663101
0.10076071502980974
0.18144517346838057
0.15848402972270817
0.10788957265197796
0.11782414984389276
0.16442488061012628
0.15469386867919535
0.21954647235290775
0.16165238768618712
0.13312073517991035
0.1174456749928152
0.08695672291527877
0.1826362210210507
0.14638200423203013
0.1426619238009714
0.14552259999085534
0.22432137626533277
0.1667822411870874
0.16115453047645031
0.15538838718785572
0.1817907481797264
0.16161676485094373
0.15662723542427434
0.14986871494163972
0.1838325676069482
0.1631643835187693
0.09042408278673081
0.11967318942720197
0.19048680487720926
0.08723765591277367
0.1877602125848509
0.17303915394258224
0.11159670881175199
0.1332952887105594
0.13451542957871096
0.19745592361522205
0.12308712422029894
0.13057446833697597
0.1252461332199622
0.08523540294247588
0.1535186333086533
0.17378072508514755
0.21034885256416735
0.14838413951182206
0.1561460012693962
0.18322894235315618
0.0963066868326933
0.13055102784475386
0.14702546359211197
0.10700198307982618
0.2845251212568989
0.1537135257898377
0.14784445537380955
0.16608345911329472
0.16166615992635183
0.23730361690935825
0.13952305867088946
0.1439068670633869
0.17647243476178895
0.14320288664780412
0.14875426521910678
0.1765885707988852
0.16858343601005277
0.11970238358137351
0.1642091818455705
0.14843520619813214
0.16045281044387777
0.15415255753208953
0.1239589401863774
0.1463793727650108
0.20726347832872405
0.17794637619499137
0.16417704559784865
0.18555439909482058
0.1812735474948884
0.18245600835857517
0.13335761131494958
0.24301499140732066
0.18408104073487427
0.20001783062552106
0.1373858129801544
0.15262015724196354
0.16380825008193084
0.21141288254398757
0.1277730736724936
0.11635187519986147
0.21288318710521734
0.14111838719291198
0.14709367854498379
0.14473033001131536
0.22154946710360465
0.1586744651883258
0.21069839003934063
0.1510170024358601
0.12740453779949668
0.08253451059031126
0.10370463580366109
0.17312860121762141
0.09203468877200101
0.13413521549489846
0.14152877498109767
0.15707940084448999
0.15221720473821165
0.11849501707669252
0.16782295749298248
0.13458350090123897
0.12997143159929195
0.15852771677982988
0.14561742872933772
0.19062280537900866
0.17369958049846043
0.12107473840434044
0.22312719445412696
0.13874402684504936
0.12983465241917214
0.14348699683002572
0.16036445114949496
0.14727038693537023
0.2228259854263701
0.15687276963136276
0.2146463739138932
0.20848854065670414
0.1227131102929967
0.11267940467224107
0.14114883399237985
0.21020343066508124
0.13861498010307224
0.13556897966932058
0.14564620482471446
0.19813114470652676
0.09978744281348474
0.1270411848365274
0.25139750143398365
0.11055309173071433
0.18883621216388022
0.15455393222701416
0.20106664074896327
0.1760158760386727
0.07925357229098472
0.14004582678533328
0.16478179389510006
0.14383662187485752
0.19051160172458276
0.20478714020428163
0.16183695692970154
0.1338204151921077
0.14564871346613392
0.1446910282364989
0.1451422221180277
0.16393681926026488
0.14235390856165916
0.13736125156975795
0.18529671191676003
0.13481872243491266
0.10628973001207223
0.16294304282807393
0.1179290156111342
0.16995082612899431
0.11351558699861451
0.1503580896521563
0.2049944111098206
0.16098960064605128
0.10270067422773799
0.13593875384574158
0.22311024854236536
0.16542765426565686
0.13623974584391896
0.1521463345010995
0.19133074965707067
0.212132591351066
0.0812411858721469
0.17262795587595875
0.13976980101233935
0.14040032916401066
0.21164052881268117
0.15241406371585206
0.13474436435998505
0.11608100626581622
0.15177419294419925
0.12507996774791746
0.20046200347048046
0.14765225656438755
0.20485575523908772
0.15468703681750223
0.2050649280259798
0.13993670741362743
0.14412668382560712
0.15762614434882075
0.10964164955772501
0.11650228047311507
0.15406905510309274
0.17172561703425704
0.13175764875901322
0.16248818203476598
0.19275806752299554
0.1294893272347447
0.11399832460822489
0.16386834152619895
0.16511859145311275
0.16761866396069172
0.16622244087069368
0.14495523889800677
0.12321336566822229
0.17307990419274558
0.1589644326142001
0.13912272772616058
0.18493788149765314
0.1875413238582263
0.07004245442798619
0.15299991542049865
0.11919074650594767
0.19603531838253513
0.14386937357458893
0.0886334946729719
0.08676255819019289
0.14298879983017646
0.15576901168167076
0.14992374949207216
0.16056232752490956
0.20334490768787272
0.15290201410825902
0.1430236854207549
0.10961783102380228
0.20308926170281447
0.14969032047607445
0.1458521813138129
0.11733292417112062
0.10561315229017967
0.1974828272127242
0.14254957813148408
0.11219342669295305
0.19546281690794637
0.1176743464533963
0.21472929642909466
0.16638254411839928
0.15855220482317758
0.13688087840750984
0.1386115438762027
0.09132646868869937
0.1448277526438345
0.2367079473699571
0.2026499523156584
0.1958392533765997
0.09158756421284599
0.11736341255634525
0.1328471773178763
0.12762243187609656
0.1637479703203344
0.10769900682038935
0.12224363106286035
0.18827477454658126
0.1859718583968483
0.14057168371033107
0.1503871784772829
0.11657592063938584
0.13465199557118307
0.13379802273080096
0.17156820532100742
0.1697651879172928
0.12829088345599027
0.23805404048933476
0.13891381678832604
0.17455697466903983
0.1336336242932203
0.17549147379727995
0.16899454243757284
0.12199129413844867
0.1406430626294678
0.19627628291351118
0.15079549277057075
0.1226924386303211
0.17290282806072113
0.1518618115101058
0.10167782302309626
0.2418600567308266
0.10374683819263135
0.125757869634108
0.1062546633300639
0.22320019496937574
0.16284816968819682
0.2002102696139391
0.16578041980536337
0.16818824313564337
0.17609331042357293
0.14689312259876053
0.2233726272029593
0.12461709483575832
0.11656334556376549
0.1883167263514658
0.14710661908403722
0.19131508182254103
0.1232660263660592
0.12047894695301092
0.16835986972942546
0.1783934198611594
0.12753614468693342
0.11858040445556121
0.14187475386022383
0.2402910596134114
0.15633200089233523
0.13361836055732226
0.2302855448990641
0.14725922398666486
0.21879291325869646
0.11478014841944376
0.16727894816872615
0.16747753706308374
0.20612027493960028
0.09782355998850584
0.13354884603980344
0.15801202623748187
0.1331925687942246
0.1427531206640872
0.17606710739053438
0.12089501392921655
0.17960200741679147
0.13837045528365896
0.14449497594827052
0.0906110313214222
0.13136170073207348
0.11920760996527587
0.21291125507359512
0.18438405364369884
0.15141463199703248
0.11560798445326682
0.11279155840963354
0.1692131139486723
0.2201085104341421
0.12524278120358157
0.12589201215087759
0.2138093470315729
0.1431352142741084
0.1541722360560174
0.27083055068786216
0.13064086139268266
0.137732063203756
0.11843078398085922
0.09198449518072462
0.19194447774464177
0.15751840539142042
0.12206544017675533
0.14081467225639535
0.09887284398356419
0.2128715361552233
0.13218720760484912
0.15937561017584279
0.09293477125385484
0.1986171318805783
0.18020870887405524
0.10956670858051507
0.16801414337153014
0.09399083061298105
0.18334204496014977
0.1339351209775274
0.08028722494759731
0.0760710673915301
0.19704049324884196
0.2134863928688409
0.1369038210946144
0.2563065306501851
0.18557327487240743
0.17713168717443875
0.15325770545682837
0.16767332587254347
0.13757571405620495
0.12635960974884541
0.12189751141972746
0.19286897806698833
0.180146665517361
0.12818455428978598
0.13410499590878025
0.1022531303674176
0.10643799653710304
0.160630342937552
0.12076662009402842
0.10061281586353081
0.11277311075381688
0.1286414477055504
0.1481970297887134
0.17680642295392376
0.12390506717001117
0.16023623558628605
0.12996444549623948
0.13536608803400677
0.13905927350279682
0.11845360042241287
0.1120825293530723
0.07717690390504883
0.22377332535897995
0.11354174666780062
0.14152459130147146
0.15842753323780878
0.14629882199557703
0.09999255280216783
0.15090097444298126
0.1410467770465013
0.14234716071498363
0.14602672560645336
0.1918568903201822
0.18541691311205435
0.14206105048576254
0.19290476586697788
0.11342010550697897
0.18151178515576943
0.18373603859599488
0.15496251587586327
0.12895316841382345
0.13907641384236966
0.18455045809163992
0.205205021868286
0.14711820776586576
0.06870922270719837
0.16952313616302084
0.21582794928898263
0.12472946437511599
0.06799321181729544
0.15339889845949306
0.1064913343507807
0.12360491963827087
0.15153459781865927
0.1018127580987584
0.12195274124740006
0.1307994317036529
0.16435311057199734
0.142708760812515
0.10294400698199963
0.11396776456945379
0.17185995623665848
0.127230963525067
0.12997821843695184
0.19687524489427957
0.10678076755029764
0.18472573304495202
0.1369903044036376
0.17641722861092463
0.20906709549515665
0.11580297736753901
0.1335316559979293
0.21917575131997394
0.13366991636485956
0.1829445412859479
0.10168124519167641
0.17077558277400307
0.15532689383422188
0.13804306107004657
0.16536862745922332
0.14028797843570315
0.13725445010473603
0.10471097473461362
0.17727790567389504
0.15372672663983808
0.13344369571474543
0.13368490171369138
0.12163235356234574
0.12339995392714247
0.1204030152708569
0.09810784667354888
0.11014159490969139
0.18741868031253056
0.1721952657297317
0.1444899584626021
0.1436580030803219
0.19118043086557177
0.16807606461346938
0.10153972103833994
0.15893962839272002
0.203334566160055
0.19478460700857425
0.13587601957175707
0.18366976441667626
0.18091829047710267
0.11745399909591352
0.1805921548388039
0.10964745703376398
0.10623706424951415
0.15579782153100205
0.14832909429194732
0.22500473610281074
0.17293367269067866
0.09476437921782409
0.13647429712106657
0.16180736542346602
0.11981324625611402
0.14967659448677292
0.16524386535802071
0.16662804169761586
0.12437850394639771
0.2306741561617625
0.16790387315847025
0.14215231868213013
0.16416504195034218
0.19631663220511497
0.1375099462049313
0.15859671573474862
0.15427004974241154
0.11903757183674915
0.11042542262509056
0.1306213626464474
0.11715505582891296
0.10784499632077349
0.12303003949181877
0.14201007247973896
0.1187781361220869
0.11308259935830507
0.08018948657095545
0.17418862068140056
0.12921350209949026
0.12057091442079317
0.196661654192894
0.14980981975060395
0.14024209955446168
0.13751852544522772
0.13719720501151175
0.22424050700012949
0.13861133564899641
0.1707134655770262
0.1623597158192916
0.12299341930418742
0.1611209241730182
0.10448094638292008
0.13209719564118189
0.13931030077646192
0.1996403832677136
0.19832712021322615
0.15554773413290793
0.20039703957984337
0.12382839738613685
0.18898585366683668
0.121773555778616
0.1467360395332328
0.20365949973125577
0.18764410111557764
0.12116682253942032
0.11072675532188175
0.083746863672567
0.20036376917527438
0.12843105449683398
0.13908653548415936
0.14404511587537183
0.1534559214380059
0.17006626125015037
0.16135382967048117
0.14787677193021806
0.1242996225086283
0.1539267421667409
0.10556854828003168
0.21943816244609576
0.14241869745540883
0.1647543437058451
0.19702808166840435
0.20122718742804976
0.1629798701116425
0.15213609111385534
0.21160673398042745
0.12357499477719915
0.18033583717015836
0.17434995290342328
0.14027271474265515
0.1449148499253324
0.10916147011728511
0.20021905964502817
0.15779613205400614
0.10097828382399898
0.09377643698214297
0.17861050891894364
0.1736489711817009
0.15431124081667624
0.19266373462806588
0.09724790357778075
0.17430756840806583
0.11606898521541417
0.13195866817807847
0.1263400509950747
0.2248919943366493
0.11506190789129928
0.15760695139569394
0.19884049026399522
0.14604576916602724
0.1349836540735855
0.08043769049223651
0.1905280316420013
0.14012382932169382
0.16839236403417202
0.16158071333536198
0.15944108636273085
0.12546806185810502
0.12854348781500832
0.12334700335675436
0.1473288864420075
0.11192392905542603
0.18859841859050586
0.22546218697902246
0.16539365283086246
0.19298346210471148
0.14203429973162432
0.1924469002342051
0.11872142597226548
0.15529989059597918
0.10291075619559896
0.17840014925093917
0.10768922523494188
0.1501046576865106
0.1747817293570446
0.13117013417902443
0.13214551414245115
0.08863386091026894
0.2091564486150681
0.18769505240308249
0.15380221109309225
0.11082533774116943
0.14567179918713427
0.18417716082217012
0.06313568388037283
0.15494868593594285
0.1697189337886847
0.19664236172705124
0.15716375266212934
0.1738855326010522
0.12392760128763948
0.18291823385192096
0.12265130112398165
0.12903514657915494
0.20958307619313207
0.12344578629364387
0.08712644971150785
0.1464118435926459
0.1427265239429342
0.1221618848031396
0.14725583591066704
0.16670429253205496
0.14324632627362607
0.10119507503353256
0.1286408940535825
0.21170500643585966
0.19758266661014845
0.09127943927655237
0.1553114483270176
0.12075758050732982
0.2479519245681239
0.17497650024193426
0.15739985581641658
0.14424440919629555
0.09689692422475109
0.09761585816840576
0.18199814968816103
0.14827193379578427
0.11802047298483032
0.15259790607329923
0.0981477343510011
0.13970143126957374
0.1251968150134599
0.10491863088186688
0.16855056385906086
0.10399190064083952
0.12610890542234415
0.12526368069626692
0.0815672105244072
0.17353066426048913
0.10631794161690922
0.09974939230693741
0.23448525010144677
0.0909451120822077
0.14626621518003044
0.0878589998296014
0.20679327823992716
0.11852741003452047
0.13537786473251506
0.18322587507360197
0.11021701842079966
0.20464717810151584
0.22902568551461866
0.1510088011216498
0.15021396421018696
0.13534858052554632
0.14375228210111565
0.09444732366947658
0.09164133461418983
0.12549177204843354
0.17015106441833067
0.09524566634732348
0.20840194340317061
0.18160516883335423
0.1619108494986222
0.14318347428914277
0.16738480371181233
0.15186789855983124
0.18461400259208222
0.14431250697569667
0.1641881941340109
0.18514849966432687
0.15289150160122122
0.22017613397057545
0.12687805098802044
0.18639845715060877
0.18193933495542702
0.24162757295125073
0.15520767151158568
0.14788177062575317
0.19408432447946825
0.12049169714483363
0.21466701214157682
0.16001941435869446
0.18903022855862678
0.17430341078846157
0.16782357111885754
0.08390861206837263
0.13163967274140276
0.10386799418353129
0.21205110163481483
0.1342418834199194
0.18827198624419642
0.14682955456955185
0.12147039539745035
0.17195049687379924
0.1805920334888494
0.1578773214393503
0.20865785691729546
0.13027954310165865
0.14907599481748912
0.14858482146844998
0.16012741986967313
0.15529206896517891
0.0837892403828684
0.13240655303970933
0.1980862835918825
0.17160381911081465
0.1339385149882576
0.10189137299906068
0.15123210157526523
0.16333386232902414
0.12641777147381902
0.13118787840199056
0.13398311274790406
0.12339107911442021
0.21029396437182005
0.16330281747686365
0.11925556285949492
0.07532268428715147
0.17392513083944977
0.14324253050426633
0.1823751674076558
0.13910800095054038
0.30443562905430044
0.1655234275751645
0.09475442225632745
0.14510807199593362
0.11351538682400127
0.1371140507168371
0.06953717918823561
0.1653574892283307
0.11739731389559105
0.11156113476541432
0.10649651900629309
0.19124658743150005
0.1376691910331311
0.1804058970467274
0.09535778796553716
0.15033077096703418
0.16804078570685463
0.14063966277279796
0.11049457908045726
0.17351005847232254
0.1404215297352384
0.1395472655031233
0.1392688311351245
0.20241531714773067
0.18153306795380977
0.14597636942495343
0.17335201259282348
0.14606158702239264
0.17598182323040554
0.12227105327458611
0.20005290151611052
0.1716369971804824
0.14265933819177315
0.1621050914151027
0.10011750219357539
0.13465296177997935
0.11207399397905797
0.17330847251027898
0.12133222074388444
0.18968282011602725
0.11786905332646198
0.19120310994749276
0.13558287038386393
0.14975616460818272
0.1606932626130004
0.15160965359823658
0.15949090102602073
0.08895143635592957
0.15235157154930493
0.13671055559622097
0.17364908718647176
0.1486478738706399
0.14652669702105828
0.15154640900849306
0.10945274054935458
0.1667415281416063
0.1502838984552582
0.12323961248664216
0.23128316069600655
0.17860639326974959
0.2937731580496065
0.15449227875010982
0.16887422296695287
0.1831046005026241
0.15147458461650357
0.14188991750200683
0.161208991214954
0.21272065757945785
0.17716223896287978
0.20862726662333478
0.14493554436240108
0.11911253418938839
0.13452015396307854
0.20133126224768486
0.10498517020887191
0.1228369152376711
0.13587352671649594
0.10810959815191656
0.13637749239933958
0.18027195642344274
0.18372013844691937
0.150778292859257
0.14317405919903164
0.16173958398287258
0.23066026015063334
0.09509390620943974
0.10859895252741732
0.12245362292526518
0.15182818145369806
0.16056910695101898
0.17654209929181267
0.18397775104147152
0.2039326506482341
0.1511335336553917
0.16592474097009893
0.12406328265148366
0.21953353920531402
0.1937591545400389
0.12831222416164748
0.1223375809349448
0.16302402682103234
0.16817000467398668
0.1388919862505826
0.1748441209667403
0.14853235819833507
0.08463567441287535
0.21635766109455057
0.1202636990538714
0.11394246685054081
0.11453793721405066
0.20318855553028087
0.2068603388306072
0.11211458428988157
0.12945914172627887
0.1715774388799271
0.11741024654513976
0.09949685513184858
0.1938698561711345
0.09525395819120072
0.1771683149145481
0.09499901952622682
0.25362115499408494
0.16082282878722803
0.12925277636012214
0.12145372713391792
0.16319817594656502
0.17799719969056402
0.14460229451584666
0.17899822931509188
0.18945016361072745
0.12787067480714404
0.1269179504378631
0.09849900717745423
0.09842050331852426
0.24198525634390775
0.12302988794396702
0.07563368377945441
0.12485829356012274
0.1390419944279868
0.19291336534262882
0.11265166706715475
0.1729863279908433
0.16823624283552593
0.17227009522753214
0.13697695699225168
0.14506253914043296
0.13911368718387238
0.11252928858540992
0.18436101609319916
0.14479565221797974
0.16288855258964807
0.12051890304974253
0.08719446265185912
0.16812911687709414
0.07968437165005945
0.17137244891668493
0.17725544462977588
0.19568030206097184
0.1338990081107522
0.10608413213156424
0.12671013338402712
0.17612813934787366
0.08531503470192883
0.11999584940384433
0.12228572143875803
0.1517821811926215
0.0864199859274965
0.11008948588913264
0.17616511026839535
0.11120669099275396
0.1557439924978458
0.14216873538769303
0.12251146702439412
0.16582147398376687
0.10701105940368791
0.13048367594980376
0.12937006880365287
0.1669208883791428
0.10651832081338951
0.15619423446339034
0.17012497158229595
0.1536375345054986
0.12221492598653354
0.12797162119704378
0.15506764333381004
0.09577223699270172
0.1396923113236396
0.12688931096044623
0.14956410041770077
0.13600712409248888
0.18273512302424708
0.1369285807987192
0.1304606474592454
0.18940081030182884
0.16732314903521422
0.15945182061671487
0.14967473104088122
0.09013504119744328
0.09355148974154212
0.19564600975229948
0.15469972402064644
0.15601606176010288
0.09206414357199863
0.2008042704423392
0.13772330137841404
0.2032328391171604
0.15991859729819402
0.1495909516014335
0.17041110994460448
0.13738280429623084
0.19617150618141835
0.11777464590636409
0.16070206900494663
0.1496561454634457
0.11664520183070938
0.07619411241675998
0.1605907060057005
0.14880967904652545
0.180818928744694
0.11948144352586008
0.13069105358763264
0.1601771399464504
0.16928246196798533
0.14617528710049355
0.13401656928716102
0.15089879714422838
0.13032542085409032
0.16170884537160754
0.1436967172902098
0.16920059520264533
0.14643745181531836
0.1728606547097146
0.14895884966889616
0.13583082719335046
0.11499780610724843
0.16957675113003814
0.11388164846133961
0.13986676961927652
0.14323147001358918
0.1086256354013587
0.13469762514823777
0.1567198385079529
0.12210668227022624
0.1584219688438716
0.16443342858982798
0.14258075661680683
0.1383066865825204
0.178445370322271
0.1509735470901946
0.122950703907969
0.14454155862736712
0.07860872205597463
0.16563404469839774
0.14558219013404006
0.18324047341222102
0.08852435033997402
0.1466692097395798
0.16809696575591865
0.19686710699640075
0.1796084097074574
0.12094579561184222
0.12285476102698968
0.17090234496018297
0.16403896947642269
0.19789569492705442
0.21218312783114973
0.18030851372531104
0.1772072480524862
0.23202543940972573
0.13231268341461602
0.16152938521295396
0.19152725834534012
0.16918484626556418
0.15096692854786956
0.16222765598219302
0.16895261508043719
0.10628074578728243
0.14631776326830462
0.18537455850375673
0.16351376981357219
0.1229525660164027
0.11271026657652657
0.15796043521889921
0.1567071237033469
0.22003232611002155
0.1507889462149752
0.1885035681446205
0.09265257859078355
0.1443867089935053
0.19991553132475695
0.09552012103277159
0.16096990243698608
0.14582406192395703
0.1675377025591969
0.2013660152328777
0.1414657401406869
0.1785786665537003
0.09907413906408664
0.15472524219443162
0.13891984200354218
0.11810257859681723
0.11025257871039834
0.13113723089474688
0.19008690113913915
0.1721014244509826
0.18167768276999247
0.12508495658300303
0.1691806225440729
0.092281755910952
0.20284881018537848
0.12208688503477025
0.11925642741928318
0.1495064817004173
0.16045478574906508
0.21897400385140522
0.1732263018816224
0.16022189363152273
0.1000618635613687
0.24280967297774778
0.13545749445691485
0.2191435265559452
0.1550764832047267
0.09811403880827368
0.16068996028855603
0.23402538788234273
0.19937576106855975
0.19200613007737657
0.20428441636166056
0.18775715593092185
0.10415363482410976
0.14461832099025995
0.10445700910232904
0.17248017950313668
0.08555391060586444
0.10681330864263405
0.12922587034569982
0.1754568107416487
0.17170678903157072
0.14608650018764582
0.20526326097798736
0.12255558034651418
0.19733178844634863
0.15842321345174415
0.09315914229997514
0.08911398241849816
0.15099642179040534
0.0925395242916715
0.17288160810309905
0.16871393126217682
0.2147516420613385
0.13796541717797653
0.1787503664481568
0.22013022484279074
0.14234909240049373
0.09394036540707693
0.1466450028910053
0.14674432431947565
0.1746355049404459
0.18915647808259647
0.129912759972563
0.12648886691810812
0.16073178501737925
0.1384315671554526
0.17055354506201326
0.11667664788673796
0.11195470960807069
0.19734151164198713
0.19183850069093697
0.16253661495545255
0.15635509158767993
0.19250689437309979
0.10239323657208266
0.1673965775928724
0.15833711308308354
0.1359722293786767
0.11145203706276403
0.10456215785468766
0.1488818314448832
0.16603740889235802
0.1658039086811863
0.15214285538143385
0.16449359624261306
0.08691755182042823
0.049759068747559816
0.2172889108722257
0.12596685100826324
0.19472869716575522
0.1662894993038158
0.165920513490708
0.19544571176861253
0.15880810945894888
0.2232115930087313
0.14934347210042104
0.20515070310681766
0.09594849306129569
0.15320624863654816
0.14176858085364738
0.12201126558022633
0.1539913119572044
0.21382901471541693
0.14420963998699465
0.13525003573998848
0.13687141002801273
0.16308329110109607
0.17034914581605065
0.17622572548895804
0.18738398044047244
0.22144772766058468
0.11369804324596078
0.14586928957065928
0.08246605787912446
0.10818145736440445
0.1247464052744196
0.15462768097907434
0.18050031346905746
0.11687838183962672
0.1402656020110309
0.16120098173592634
0.13156365005567017
0.15318585762606132
0.1430372927651584
0.148047411371879
0.13123245190604735
0.1254089141795069
0.16171914936690304
0.10775473223890943
0.09117389549325952
0.09087490997051333
0.12850915093876322
0.15528926179058591
0.14283716154462367
0.19653560334207287
0.18781402390253088
0.17606099932730002
0.1742597539234765
0.16467959922026504
0.12855920482546035
0.16154911393768828
0.17215668344773413
0.17393718722799298
0.11486017518975548
0.12489117235472812
0.11211595322466336
0.17871423031791536
0.2490850988916968
0.13611085779060733
0.21886678280825325
0.1383673262301826
0.1410507737168575
0.16351797284874486
0.19923885846773187
0.13859653253554213
0.13619348988899588
0.18705839739346358
0.10831178968170597
0.20519663870636706
0.17190944899722307
0.1975099953209272
0.14421254090675123
0.17427280258175445
0.1256752132593357
0.12790339614637267
0.19632206174960223
0.14137907600210675
0.20279105972981962
0.12845488531809565
0.19471903887717107
0.17510577088890203
0.1521957527932643
0.12413459509890833
0.09558019451214085
0.157124822274879
0.17133949924498312
0.21064238191462445
0.15210193982537967
0.10141600724641142
0.11180195842352914
0.13643881555206305
0.09221080886927879
0.08076652081237838
0.14169353590347053
0.13985975629081263
0.1313306271226031
0.08393641679253433
0.15183649914190542
0.16785332678068793
0.15378529135481273
0.14423574090573413
0.19812895438861947
0.17265621943742965
0.17191629743706532
0.11786322932296939
0.150095280986659
0.2377731129268089
0.10465016463504881
0.11499821627561707
0.1532341819417147
0.14654918189544178
0.11416598476148294
0.12134438485435772
0.17623925643336233
0.1518148660227245
0.11724163017833013
0.07310502559014145
0.17001987637725566
0.1149996493028808
0.15921215081942985
0.13245273869512952
0.14448718621172332
0.119731390515235
0.151703243879729
0.15623440035126526
0.19875650115803217
0.10734780327013166
0.18758088506840692
0.14212590720221366
0.11562518495442524
0.1407479576665889
0.21668688251724533
0.10712132273754914
0.08532903633043455
0.2446845174383712
0.161423284171508
0.1426193833907212
0.1371323287212094
0.15004153698667277
0.1402104543349536
0.14704890253135428
0.1542770785960448
0.19096487064334783
0.06574724078735146
0.19814836185753903
0.17002584392861642
0.11759034491704982
0.20991143989152866
0.1367305457190674
0.21020899085013817
0.16578372842952083
0.16622333021836258
0.14136504714032086
0.11314859086889972
0.17650057736703234
0.2133115231701423
0.12914538519370958
0.1595351570515756
0.12477096694331007
0.17129369388951848
0.08739775182161966
0.1896321096138912
0.16859154626802458
0.09829099142041084
0.14256446511668952
0.17092903475092389
0.13813868713307717
0.10648054374453325
0.16755155598727325
0.1046705470994856
0.10302339764902813
0.16265953708124156
0.12988636000738388
0.20079243418039325
0.10966228411890619
0.11029802726216457
0.2205436002400056
0.1115231203902731
0.19868281621009953
0.1428658783250559
0.15475744922625895
0.19133116241696196
0.11682412717682288
0.08780111092616824
0.14758060618265378
0.10666903491280127
0.19826995532078692
0.11802275510951234
0.1304778149216009
0.11619379534883037
0.12264817671853553
0.13604408808472176
0.2044061708378022
0.18697468757392002
0.15307655454111732
0.1055898095323216
0.1665791621482935
0.19204929561034206
0.17425861022585246
0.15195347727335945
0.11487992167051471
0.1742058277422596
0.1590548997336011
0.1687222295736453
0.12259144666627726
0.20344231798027004
0.19127794217086608
0.20142906037078057
0.254006028231448
0.12432963861104562
0.19148037261850315
0.18198729509433043
0.21090700265161574
0.1868749231922771
0.12216583163470948
0.17107642244830248
0.09223969836679219
0.1284352138045767
0.13717889399752842
0.18706106333192576
0.17510096592257382
0.10663763344363111
0.17980639740922547
0.138198119441102
0.16651111953966058
0.1757493639262285
0.15371584497307547
0.11278226057339907
0.12040115214891084
0.1417148196099692
0.13468681126637394
0.14326287774328242
0.14621383884375375
0.08174051224590616
0.15221635110513182
0.14979392096460142
0.08838019849722567
0.14573884538720205
0.1541135751126643
0.18111252420027052
0.183366630555071
0.13803552220988421
0.1795476491941911
0.20268277483010946
0.17891601701668802
0.12854969883469208
0.083744405511853
0.14435403912232894
0.14598771503988095
0.22608667593428847
0.14092837353110155
0.14885556742982559
0.18283550642063617
0.11789502783375556
0.08681807575558746
0.0975335319926094
0.13401057804000166
0.11979613636775845
0.15586268417237278
0.2034201976764232
0.18470155026667687
0.17560447056961564
0.172366662819076
0.22216270782139713
0.12581711583245134
0.11905774871176916
0.12424858305991378
0.15878064306864836
0.1160179608412372
0.167868811681349
0.13716533135816694
0.17046156925918235
0.13545944169086224
0.09065642348755183
0.12372390234807494
0.17722806787768214
0.2313914567515357
0.11231435669581546
0.19428831090502097
0.18470974206453653
0.1637573311401813
0.14029453411578893
0.14386134163021086
0.1144419457474362
0.15556550032296412
0.13095078264856252
0.12012696147288798
0.14334355264619383
0.16641520626594616
0.13362956874454268
0.0968404590426144
0.2017063548783078
0.13105872430580265
0.16481715684880313
0.1927594856360203
0.2274693011307179
0.1251929897122994
0.10828105385638723
0.15272940365538218
0.14399795175605765
0.18325581786242925
0.12576955429098613
0.19330320880771953
0.17416196976207313
0.09862051196936321
0.10672419007957398
0.11080007908754108
0.1402134674322456
0.1386375605440726
0.16672790615154404
0.17238110128978432
0.08479863879019005
0.1012139923416669
0.13405482290744636
0.1470398629888693
0.10850108506431065
0.17958909490181119
0.14908715851071455
0.1731166780945555
0.1535551512320496
0.22899491971570302
0.11352265439726497
0.12595705765753085
0.1656701645291723
0.16280341472970716
0.1445718361021672
0.11670541864189841
0.1774360476324808
0.12789337599709846
0.1157364705079994
0.16063394804714115
0.16374669824161237
0.24007544966424835
0.11184208716137689
0.12871535178256682
0.13985190692901267
0.10036195282598341
0.14268976887302295
0.16902765573777329
0.10917149535455913
0.15513015973595584
0.1726083569380233
0.07889601365020842
0.21743844407364613
0.12868483480667176
0.18225040851840035
0.07614875054791286
0.18882741260472535
0.1392106651750298
0.1442538351772645
0.13145177992687834
0.1707716225133925
0.19066776245439926
0.17339587614987426
0.17572912441821859
0.22779629306295082
0.23045166872332093
0.10984044192729776
0.15114242559757546
0.18873889344453892
0.09956776071736315
0.14563121910251037
0.16537151632259176
0.19376722846111163
0.11775591152474565
0.14534552446112897
0.2345769207294963
0.12261209119053211
0.10012795317217009
0.18454773389859275
0.17015955258050414
0.11392358163140287
0.12202398877168902
0.17209731631106262
0.14511388026939417
0.11706412500302502
0.09881201348555682
0.13820993207231005
0.14127286125781013
0.13565044292727446
0.1824104852663438
0.09802734587585073
0.15646926056508542
0.21298457176830915
0.15152761182677993
0.16241859186475716
0.11056133500818409
0.24097608620515582
0.1197219779101658
0.1127405402057977
0.12548238780559667
0.17627721543102245
0.12855149823499723
0.16649604575624022
0.1851500326881125
0.12298499391511884
0.1282163730494782
0.10511630163217066
0.17329957023980733
0.14220803079349498
0.13235861096960713
0.17414666461657488
0.21824457471628894
0.11279745812166625
0.21147634841352167
0.1217767128175539
0.1617614026266295
0.20770788668885343
0.10502657715157963
0.14754690738650278
0.08856804461973909
0.17595308403757431
0.12312465067101025
0.18832457365484892
0.14107489193436534
0.126604697439519
0.13018883022392538
0.17251787145978528
0.17944508730543163
0.18324783123092822
0.1578527251368942
0.18692193648914088
0.16688930925987944
0.2197635862004176
0.14231475676133334
0.19263595106617074
0.06792287168529326
0.2295863479522114
0.17366786913765764
0.1024653163907469
0.246658624198932
0.17056916668598687
0.1678828991095418
0.04770600580158278
0.18721316543223776
0.16528507606765006
0.16321804038385812
0.11932278411005103
0.23351660588838635
0.17018718495282623
0.1242295814145194
0.16975429263448244
0.07706015389591837
0.12111125599321228
0.12053350296498788
0.14559566859201004
0.11612893974710346
0.13963282495523324
0.2283997952009366
0.11856936231642691
0.09575107169547681
0.2153576528145156
0.14122249160762854
0.14665301494541352
0.08016263969474673
0.21681737773424253
0.1748549195863029
0.15254014874720853
0.11326178419269237
0.10736898102805399
0.23472036631972562
0.10726165948641063
0.1539525312703352
0.10645577551265246
0.13360441030120107
0.15076065024393653
0.11350269136361477
0.18498394948465927
0.12241220199018833
0.1285261325527284
0.09402877073484785
0.11537139015669091
0.13639580641603757
0.1555139326273787
0.08967139203816475
0.11421383188393137
0.18717150208450048
0.11743928949686916
0.14135854789685257
0.16084870431885404
0.1758900590553138
0.13646240682504684
0.12093522494931032
0.12755662352724248
0.20156819302075624
0.13629505344309692
0.15236457760278782
0.15445973744821734
0.18297660634795046
0.20182924728091384
0.14467459190866847
0.18885375091443876
0.185466170559208
0.11894137275277197
0.16235183176920742
0.1563506136850137
0.1532791816528727
0.1459079825695367
0.17422898513118618
0.13541185566710137
0.15541830152140054
0.12169777102406366
0.12261391727859848
0.09712223105203924
0.15600899601193183
0.12896895526819546
0.244792926661675
0.16676681713343408
0.1562974828591786
0.10379825269465234
0.14356989767774056
0.10089612082113784
0.19568140215662816
0.14652614195272962
0.10144240465999398
0.26509385647399936
0.0772369223175941
0.21672634097048657
0.11846670072116396
0.15651171436425002
0.12855526365302358
0.14571402885597484
0.1974673975468466
0.1503522342042913
0.07852321912978215
0.10759320442928287
0.1396302619457199
0.09424498995728552
0.1836591332616832
0.11267038587956808
0.1881770750966424
0.1630197065867719
0.14887055765090562
0.1416015680239581
0.18383111390641452
0.14184894854771296
0.1062800327491619
0.20291498150164647
0.08259666332562265
0.1128681000294546
0.16401303854253832
0.13971391847084183
0.19906425597571353
0.13101465871804435
0.11655592434034284
0.1616415222157286
0.1584413676955337
0.13112492843204032
0.1227368906939387
0.1331652719583154
0.14895455101214894
0.16925631431139268
0.14036811565648727
0.11384021984699853
0.1436184248413154
0.16781707920298744
0.26507292478043165
0.16364381409868745
0.11789178678079272
0.17082404903567674
0.1455786445607947
0.14340157887736094
0.14312010437745315
0.19492356565375
0.11415714696488576
0.11276532219411779
0.10903126805127888
0.15988199349034618
0.13414267144131273
0.1284162956670078
0.11719644497100509
0.1619838834250516
0.2730390415951469
0.14689536480819565
0.08244032598786012
0.12645047314697525
0.1524261851754317
0.1604001219996254
0.10456641824062583
0.2227298085425452
0.16462596912833716
0.12881886225721126
0.12776140885818257
0.1851508638829688
0.1518462073110812
0.09573825547492755
0.11600173073725295
0.1401648494949664
0.15476117177299292
0.19821967573644325
0.15835534060436673
0.12509415744295443
0.13970820411448673
0.11541489170369566
0.15130741110328302
0.11144231020676026
0.1614815249132143
0.14371789111997507
0.09299069832497207
0.11474725509592773
0.09482871712603722
0.17156401332959745
0.17239917719659772
0.0910945315118473
0.18944899549536012
0.09873972096587369
0.16813473094765435
0.16025609313988617
0.136360844654613
0.14443947802267426
0.12439992910867183
0.16461454813134394
0.19164308819211204
0.12324760368513529
0.18020989636097917
0.13659275301864315
0.12228412386607643
0.09199802193817824
0.20198382760580488
0.1521267333595436
0.16692388719407278
0.09848479644821628
0.10106762565007871
0.13252920008923652
0.22244368800229353
0.14459759413446727
0.1727788604593127
0.16089155032766855
0.16971306371326014
0.17122010713114708
0.1932731192817588
0.11935370821902504
0.13921197002512425
0.13044331620534746
0.1337689224891545
0.14103041622562162
0.13355252557866581
0.0877112929464596
0.09768964904302832
0.16114180630856723
0.14237324201362125
0.17260354874358638
0.16509664860345405
0.11270677773521527
0.13973947845532642
0.1555003867499332
0.1910940697702273
0.15544696889134169
0.10991261358656046
0.15964066128600243
0.12750433679715606
0.2527367385911717
0.15358106596827534
0.13554400167328248
0.17092530255333852
0.23084264943629074
0.13288980214760865
0.12488644494523328
0.22113327133262384
0.1503892431887263
0.1680035893953437
0.15140615233144528
0.13276718225164733
0.19047328627916002
0.12848749187091918
0.15109001751811968
0.11659006898531091
0.2260168874116478
0.16549338187552498
0.11419658203083165
0.13434891564781634
0.1385712777886706
0.1461524022391834
0.0947805312298679
0.12217575983166372
0.15963502065360677
0.15648431294295276
0.12560096171791413
0.164768477042915
0.16456604701118363
0.07905452765949043
0.114944460912527
0.08624066417469296
0.12399405473291851
0.14186473907796293
0.15698041998850765
0.08241479830222241
0.10927371906771162
0.14569825228530714
0.1114153517468594
0.1514827147008188
0.13926291781730107
0.16605626558059047
0.1601240358307279
0.09416196655742866
0.18713474989569753
0.15857948684673875
0.17125538350688926
0.1254780553163468
0.18534035429267554
0.1640767050413795
0.16052270944135458
0.1714829562486363
0.14099754244874171
0.15140988076639414
0.19457823815623196
0.20367896308089015
0.18178647982964632
0.1062531971480809
0.13068693585027608
0.1558368711118624
0.0807204846331495
0.15702969076661835
0.12343452766053846
0.09715463248383244
0.08824172892467609
0.17526729785564008
0.1222641065283579
0.15983262909730087
0.12487596520701917
0.12473142500688887
0.17678708856458128
0.1455007701480199
0.13214692016500146
0.10588536264552278
0.09821327100276113
0.1678892007378235
0.16682124415596075
0.16911325923513668
0.12697969841121187
0.21910865111583036
0.14906687079256456
0.19758284282383964
0.15289476708055713
0.09112823625157984
0.24259599419477748
0.21347856842513077
0.17318545084769438
0.24333244159038164
0.17257313275221553
0.17628890542315498
0.12903357210117197
0.13625321404823448
0.1268292045143186
0.13759715453152324
0.1623573659332819
0.1254589102847014
0.17308258537803242
0.17405798064364547
0.09197881911574984
0.1814763856843568
0.17097604609307046
0.16210594877344006
0.1528500200619668
0.1269915910942512
0.17154299455538327
0.16510822694805605
0.10438353599217301
0.1654567885377542
0.08539398350121342
0.1422788960721776
0.11923011824470957
0.12996349637224788
0.16878053706243723
0.16004333938628965
0.17452214851322922
0.11309182344233676
0.14316690745641508
0.14607068083978636
0.19029536133751832
0.11273449887774528
0.19694275582602358
0.17190773820401659
0.1579595536268558
0.150556300187365
0.11762960942273817
0.14733104769967054
0.1879634663666847
0.12818952431611003
0.12622069483480994
0.13406787937820164
0.14400112495051975
0.1532369774772765
0.08597639262427907
0.14130614773141623
0.12389223201306111
0.16213416207439382
0.1294099519655746
0.2211997382095484
0.16391530306821517
0.13134035921383322
0.10139025639498546
0.21260959132222865
0.1317331874299304
0.14012042929344404
0.1716662398295224
0.14955719713572152
0.1622799110620601
0.13653373398220492
0.14899980093108742
0.1563971321875291
0.1419450378732673
0.2140433678716434
0.1142996061806854
0.18436353809687697
0.14177762901925836
0.16980331820365407
0.14679775323047378
0.1617056223507793
0.14774943103135957
0.07688868427571563
0.1511255285210448
0.19692678062111646
0.17408214222700455
0.10572747646859329
0.1423736127736672
0.10546274879043865
0.1020782459614173
0.21221686983134508
0.11497468146031135
0.09231898341797928
0.16696624966719506
0.1525138104406978
0.13239328635053862
0.09879673406709252
0.1534075992558224
0.16214901345645788
0.13850240675388717
0.1587214914343381
0.12204197253027853
0.150117482052566
0.1646179769621736
0.11881424662128957
0.13927985541425186
0.20803340962772343
0.19598726421128962
0.13470623496016068
0.17097996160016204
0.17684784703878156
0.15875218362288865
0.12271517500476518
0.1437599217282976
0.19687603668356016
0.13809124099658696
0.182167751056797
0.13863234779131062
0.14784720391328046
0.14816836778340792
0.1563004606247521
0.15583918488711504
0.1260717723978105
0.12628795570926926
0.1578331306778883
0.1824200269796292
0.14318217540301945
0.1779351396774433
0.08728291190011203
0.14547342922820047
0.0868121193554995
0.18504988024051464
0.14088137518245486
0.1356419029950917
0.10186496462730518
0.14629300579145985
0.11947009989877105
0.1865400447622314
0.08297775559889846
0.10043399958240766
0.13346070055247725
0.12856798676864684
0.13130182673317908
0.11064827235313339
0.123294564702957
0.1496505347277376
0.16975244452971822
0.11111519660116882
0.08425627920696147
0.15732935605529044
0.1674074261735875
0.12735752763688696
0.12219770751853845
0.1206787034097563
0.06537150551645939
0.14285874220288414
0.10055548338582716
0.1646371484067602
0.14272795735529453
0.16068796901415977
0.2103824803124813
0.15817671734024302
0.1355833610377895
0.13194318471050206
0.13498520822016852
0.22279591025262305
0.15214301732072585
0.13757140123511036
0.14786688726991942
0.09905878583406816
0.10859070353952255
0.12150569623226111
0.13532407018325857
0.11953388026811797
0.12988669026396227
0.1286952207044054
0.1266547834650413
0.09741933431734989
0.0849135303976842
0.13979480942117475
0.08177038043834389
0.1707065994602487
0.2203427030329443
0.1850259953720789
0.1360611331365452
0.11482811099597337
0.0811259171929267
0.16642672833761887
0.17182487713785638
0.22960910524309833
0.1017263333666729
0.15839637045328545
0.11541778231519564
0.1278620244931326
0.16519851918218212
0.15270532085502134
0.1406225290124431
0.15099840524392957
0.09649066586790488
0.1612816438235148
0.1426646231299738
0.11103251596118907
0.10235230331777337
0.08122737846498532
0.08990705359750822
0.1065337645750044
0.1060048261781444
0.1800043498370091
0.17846139613158687
0.11318016209930935
0.10408682286499658
0.13518647655095914
0.16298115459032173
0.16312079247166097
0.14420470828848497
0.09637929574383648
0.109718719808112
0.09562118136828367
0.06841771001828954
0.13225534440581263
0.11372418302478664
0.1233165718288863
0.1879023396500604
0.1525263425190491
0.10982600874245921
0.16814154907733497
0.1662322680263305
0.159364572640246
0.17388574225849407
0.1262422418797537
0.14092665701115992
0.12283865916110916
0.06755005895318414
0.21490961827378757
0.11904723898319702
0.12845668338013616
0.12436910728485669
0.16039889612059777
0.12292883536543125
0.1226151521245643
0.12574911175691453
0.1560338890636052
0.06945551054595989
0.2007957616932891
0.13746238996841448
0.11357264870845127
0.16170802012210236
0.16635736674736193
0.18772339089650636
0.12861478008726276
0.12883922108457085
0.08221938062715291
0.11130714442264868
0.17986794864662567
0.15155636859479377
0.16770759856418296
0.1552186701481355
0.10556855346992391
0.1686320950850334
0.12325282060623083
0.11485601287947607
0.12075802419140814
0.10367901172051398
0.11709887397053359
0.1382724478640496
0.14845815742464474
0.14823207053607698
0.13174592080401573
0.16175715885186157
0.11518135837673106
0.17588506252730782
0.12339041415835346
0.13323012015024538
0.15479723081827074
0.07807578525113767
0.18853078537798013
0.08507829791223309
0.093028515667451
0.09780369910348971
0.12214209373469934
0.06996315425331426
0.10077252324800261
0.1570177183995493
0.17213334515574383
0.13227992093180632
0.12177786063509352
0.0879650003649066
0.16648696158644383
0.15012853192982176
0.13976255566514117
0.14988944973233073
0.1309755249151292
0.15147695939015238
0.14215178757857447
0.17614238708060287
0.08044745834135668
0.17400152738633076
0.07820764875833595
0.1570066171622201
0.150217057848329
0.1005360113622835
0.1427340080758554
0.17064883212704607
0.11643811351047106
0.1599625197770596
0.1742620471923982
0.1392234592358755
0.15378007539250563
0.12468982298675843
0.13607235454721253
0.19902594341697993
0.08397056346146843
0.1618388484183856
0.1870812041174667
0.14775180926667494
0.14576349498771188
0.14187386328227616
0.16153853041940278
0.0896613079251232
0.12355904829095615
0.14216481180121288
0.13696586830858623
0.08912106539383129
0.13521399359181788
0.08901738814089977
0.17585943803945708
0.13875904690124863
0.10971896371709304
0.09354125141163218
0.16686577562173335
0.15039287505450918
0.12260098963221026
0.16429182972527778
0.1484578332166776
0.13550453129458986
0.16219441573801027
0.126264954724252
0.1796830031062224
0.10449749981878277
0.19574414462880366
0.10609576627524424
0.13961449199503093
0.13713789084078698
0.13120275085833263
0.16151191615531305
0.23051230926289296
0.09061216407771493
0.12269151746926592
0.12009801382515833
0.10454403641370534
0.12953132041541024
0.09295639233613208
0.09645557478392855
0.16639889384136297
0.23312087194367126
0.13154595205293243
0.1074595710556279
0.09079567878076428
0.13939789875504982
0.18337948629366796
0.17670871950437167
0.1390954828976914
0.13520918341806284
0.19254359503762933
0.11472205591574959
0.12480841165150458
0.18101328748695897
0.09592394129385837
0.11490099100224617
0.09657741655132322
0.1782343957740723
0.10347692524773758
0.12914683823418624
0.11952152342501599
0.1807891583987296
0.10550362887875184
0.1388742069334542
0.1442114986075499
0.10434580404330163
0.16721426317256724
0.1432558196281803
0.12031153275853106
0.16435083542472273
0.14027038773093578
0.19188501325227691
0.09702255005633174
0.1282695440989004
0.1419512181882701
0.10279305956046161
0.12609564831658973
0.1465071181148203
0.10549209427503008
0.09666310230274319
0.12419025486049284
0.15252349030172666
0.20863330337654665
0.06754704280318038
0.1128940826560238
0.11107046186202789
0.13260094423711416
0.09012112047535935
0.9220166891593972
0.14400954599851937
0.9775324275225526
0.15581203683881567
1.3294836591702324
0.056920980563740384
0.1256100553122732
1.2209126098188348
0.8076779152398204
0.44126195954596686
0.2579511596820062
0.8499901252281489
0.10590538537726149
1.071101122662347
0.13424096609163094
0.0710747257145335
0.2116064843957968
0.15570141494649262
0.12968424571349954
0.16648334470136317
0.06423886970446761
0.24956679591537043
0.12442126021996978
0.12815267911546446
0.12453469449373526
0.13208506258688446
0.10977809329252579
0.1463227720238317
0.1257624216319402
0.13948108163430936
0.1101805251135213
0.3372632360564088
0.14436758978210742
0.4921887613592391
0.13983880126168088
0.13936957965157842
0.13181145766499458
0.12204441975775439
0.1606208752732459
0.14382968083861683
0.2024912577478192
0.10162489440713225
0.12116705214717548
0.13932801714624757
0.11778881025921797
0.14753906673241257
0.10110826240164042
0.1517991850177238
0.12228094304695532
0.10311336330236816
0.1339879065442953
0.1659861647183996
0.13499972984359143
0.1378524926775454
0.12898201108222765
0.16179752785722598
0.17472888043334725
0.14655096941741666
0.17605012681454088
0.111255875321562
0.13156114920613804
0.15895685464339113
0.1906378821998942
0.16650745080003385
0.18148469809960774
0.12213652315793802
0.11904157331976242
0.1894258231502456
0.18629734315971727
0.13753686323951245
0.1771506812390672
0.1314636269811774
0.1761329113375661
0.1507459186149923
0.15048367658854875
0.2161805414103169
0.19055476774690647
0.1458239668425106
0.168309800224636
0.14082585969636485
0.13398197305820395
0.1431893187146633
0.20351955853910914
0.14661677203568393
0.0926863793529804
0.10337378423712797
0.12513269528348264
0.13502388050376266
0.16992890383755344
0.17965872613097486
0.14184026308883013
0.14070262704777983
0.12463937838947944
0.17726546222568149
0.16385737157176275
0.13998460972516782
0.18346118647108595
0.20726278211777227
0.16665847590262547
0.1775030421435345
0.1912620216041995
0.1471729548886657
0.19286837383381408
0.1639924932032724
0.13320035949143375
0.16938033524341223
0.14581346306703724
0.1306972024428616
0.2076794039373154
0.1864247083508961
0.12295898320489203
0.10435855405905428
0.11684326009028148
0.17313843516993435
0.14817772868405016
0.1317947068750709
0.1696806083759162
0.16062870057002698
0.12261077313645188
0.12423579270036385
0.10248022237582712
0.1424250366886558
0.18277735229515724
0.13472085480616244
0.1103964800371284
0.13454373470753966
0.1436362758729231
0.18900691544362508
0.20630566353653948
0.15850466177375677
0.1858202758602761
0.15000897397604085
0.09718607529180973
0.1608356163155721
0.0981466510891908
0.1721517966105706
0.1755839470184769
0.16648463016265957
0.13917093374581155
0.1225546742559892
0.12000139881145776
0.11497159106526574
0.15414082154581868
0.159595128890002
0.14549600708802102
0.1381165128587908
0.16649154176767364
0.10779376444028346
0.24311988678518226
0.1821889965919403
0.10674459509994826
0.14091109974026142
0.10121899652448811
0.15960988799078554
0.16725163030900655
0.15624154900164505
0.17557534522403273
0.09412054195032073
0.1384516886248972
0.10971069218121661
0.16249506496396204
0.11250805217519415
0.10154499087071714
0.18555951750973879
0.13908402181565063
0.11870450296997995
0.18142858573876414
0.11892952193380008
0.14569452183575862
0.19545339162203373
0.12803064165757017
0.17504195668753206
0.16426151984899498
0.16093389839213443
0.14963267073709616
0.12641320675561263
0.1490615219114682
0.10711205735295817
0.11429487746061584
0.18591405998706534
0.11840294683729688
0.1318912060120211
0.1639411002718036
0.2441666682350059
0.2542131528587219
0.2099116900233256
0.14458455763167732
0.10826476306402473
0.1600637100212336
0.14535279059044406
0.11133477089194403
0.12601240040807865
0.12213014891966768
0.1514054621618099
0.12817003906358057
0.13603077547540954
0.12914248518743185
0.10420085804854447
0.06331287865136541
0.11302075593241537
0.13250654630825792
0.21243878483303485
0.17765800666650344
0.16278350695353663
0.15052412287433875
0.12191179532255447
0.1337947565091074
0.1228203580952233
0.16107522686056563
0.11956384605601891
0.19772846042866127
0.13202132262640148
0.14497813651172614
0.11625005855570442
0.18010032983690516
0.19864273045806968
0.16535145072069496
0.1509529191893893
0.11477042832953367
0.09211236959649265
0.14659112133924698
0.11461739290655826
0.07367857659831445
0.09984637445686569
0.12777717658696966
0.11242837131385852
0.11653492630580499
0.14031041351021906
0.18691723305679483
0.1380847562396026
0.10665871964656176
0.16605400553136357
0.10406746350954495
0.14505602537871748
0.16527511248975427
0.15393834081460114
0.13808775609187904
0.17800909691501626
0.1043549399800657
0.1265899608748322
0.17841416633355178
0.10090534415280694
0.11869808246697688
0.14814171938157603
0.14459099122692973
0.13255927182601754
0.12263778802274337
0.18686950349771217
0.12313046224639879
0.10379060255921113
0.17880672888777313
0.18925263949547694
0.12868712205612468
0.16074220069082004
0.07441189799259779
0.1640835691633123
0.127567947165076
0.10100586961576587
0.1646659967070467
0.15796061438198292
0.16881634776396304
0.15870568340134075
0.1150870813164507
0.13482000933514343
0.108583422861689
0.10248214427736115
0.17998565706557645
0.17259100896627827
0.14951770319297555
0.14162895743924758
0.1651879876682708
0.12391343512509345
0.08221416917827756
0.14048425824758742
0.21133763205267725
0.10458802041488702
0.11912137421589994
0.17592388506439505
0.13421166682119592
0.06840423831986676
0.11442491737797653
0.13593941533533674
0.1376136779917277
0.09201807755737086
0.1729352720982497
0.14701921497177844
0.11441347024208909
0.17790498058526755
0.1750018265455386
0.10220952271566819
0.17588782087578106
0.1261379047809747
0.18276562767512194
0.18031955734746363
0.08865266513628872
0.09888498351237936
0.20428938374864977
0.16992222007094637
0.17386339794095546
0.13305820797558085
0.15881346303463073
0.18312194753689837
0.1460637985477539
0.12550615570234755
0.11991517278106964
0.15455117652909878
0.1295053446570808
0.11491710003068027
0.1467609263471123
0.1653352279628011
0.1483264699966729
0.13300757707900732
0.18887898636665332
0.12251538072457634
0.1514567619204365
0.11491118350032195
0.10018649372933264
0.1752821794939533
0.14922143436265162
0.16595846631591638
0.19456771376353793
0.167555623242216
0.12301169377120998
0.18943672082253607
0.09981987306998197
0.12415918410823296
0.08874034973266193
0.127423291031655
0.12210648133718055
0.15964443374242696
0.16135508203926568
0.08527743466577647
0.14820723099529007
0.13871094894936276
0.13208991369656375
0.17639818492036383
0.11938385925886487
0.12632041838632205
0.09033595320583031
0.17717660173225325
0.12141663283188102
0.14252207741094347
0.13499170514544045
0.1276675380068647
0.11864114976889385
0.2230615854053256
0.13166302404420532
0.12097343016740997
0.17220500734811145
0.14008182913674572
0.12765445185274504
0.12518252743022737
0.14226683880618257
0.13147227503875256
0.1297938742113832
0.14436104224154767
0.09559344937255886
0.12107727529372216
0.15986776710134298
0.0888943095861078
0.12914536622885284
0.13153032372673015
0.1341777886131512
0.08986277546266225
0.21593064672739265
0.142333262331136
0.10519586073678724
0.132625149082532
0.13867732391807489
0.10433298986441344
0.15698744653463856
0.16838821678534174
0.15606438969410574
0.14542030287189284
0.16486145267069216
0.13644924754203364
0.15099640596232522
0.18263873062801791
0.13897749739260631
0.12014043942738409
0.17756294289351435
0.16378385015672586
0.1788754236912569
0.1172424199524973
0.1425302234522231
0.15551797951285537
0.13185049225220363
0.08441924193755787
0.1663048843822797
0.14203102238251225
0.15405752600585704
0.17933591962654755
0.17365671191278229
0.10046847151960103
0.19686551764900923
0.1563633713811295
0.14507144321673618
0.18816730701262058
0.13334672254087043
0.12958586849257822
0.11573722866983246
0.11181263383379718
0.1126563079443712
0.15164534260348847
0.1461200333559397
0.13445781372561727
0.11868314140238576
0.15651822830544287
0.1414905333898769
0.1439673958459903
0.07689197305335142
0.09968569834782137
0.1279515924330205
0.13196062555513302
0.12819246690044359
0.18176442089229067
0.12095582820447831
0.11688418904672182
0.08258123480595123
0.10554151783469488
0.13915518845572392
0.19773745266191867
0.11703661634529829
0.11291982910142723
0.13974485520486632
0.19162425759574872
0.1566177978380145
0.13015934403264937
0.19675419538502434
0.1124633581927204
0.19438012580511066
0.22473408305772954
0.1250673758942422
0.12725877513056189
0.11501349521901323
0.19495359603388893
0.15990373695962545
0.15713970938647556
0.101620707124872
0.17348147143962114
0.16150913507965753
0.11659041282514172
0.12544655781858796
0.09565721435990414
0.13963577132722282
0.13245065256555905
0.17708734037819143
0.1335400651458598
0.16260917983003503
0.12942903415760268
0.14412718833497795
0.1871427777405327
0.11655168845970221
0.18638614783503965
0.13834700536546318
0.12233650858594974
0.10347291049781654
0.09841640198346378
0.12556571906926803
0.13080344519859596
0.09633804621630578
0.1286889932564844
0.15415973464858015
0.1715564595502033
0.11854628338940819
0.09799359960193596
0.10956671842371424
0.11146730334577884
0.08637135958976658
0.09350632225168276
0.19213155365932422
0.13334323308616725
0.14841054176721472
0.13472143356632083
0.20890727848691218
0.21667783382518843
0.12236000577311407
0.11833013036143196
0.19148041384000197
0.14719841891120153
0.17817128090435325
0.10405991793624349
0.1957005367001687
0.12917585521590597
0.13237780222432785
0.0988035398564255
0.07726106365952559
0.18989387988325487
0.20545378460631164
0.09811461878475312
0.1497245655932503
0.16179376855498628
0.1148335175179119
0.17595321171776954
0.16094500698351988
0.2138100098982171
0.12234899325690966
0.2140505825120393
0.17414676317210223
0.12066711064760373
0.12148061260433039
0.1768602957772866
0.17335920448647452
0.16634563946882244
0.16312996443631242
0.15082876992186284
0.13739333689247246
0.12100179325332583
0.11761056653416219
0.1372628587413827
0.23458188986466486
0.11350349860217686
0.1767172928163931
0.11019276868064685
0.13998597712561522
0.07749522357409505
0.13511753091713175
0.12781956455968654
0.16619472589443937
0.13616760103484252
0.12445968450960711
0.1685226046555732
0.11035665532704457
0.12466694310601753
0.10366606022738462
0.0742236503033693
0.14227558280561292
0.13923784118598959
0.22521376792958858
0.11562572245276186
0.18512952748966044
0.17862562493458378
0.1476879648403653
0.1663738504783682
0.13995444224012912
0.11909775895572874
0.12448099070243816
0.0916307783767193
0.1832986623009627
0.12314651180759405
0.13299209684891178
0.1371730051881225
0.11528853050731534
0.05716697865579163
0.15871692073168542
0.07457392302914971
0.1524821999815573
0.17297435443737852
0.11872553682208895
0.10027006232775947
0.13867164556658584
0.1615742658910392
0.19389123044978843
0.1356704701537921
0.10068832057681952
0.1067281991683659
0.13373483152508125
0.11293807389985323
0.155032968005283
0.11414038745254926
0.136493544709565
0.1088814450272942
0.18600232831434577
0.12749607082572503
0.16315101469661147
0.11492873267054941
0.08764611645953374
0.18681739877607353
0.14713226902674492
0.11132688512568366
0.1381738495664506
0.12274103901593061
0.11065569675835057
0.13429099511713105
0.13093350896406675
0.17513598494964555
0.11900474869050057
0.11167703109441889
0.10912016413293843
0.08075156595187583
0.12242734904034457
0.17021509336372817
0.22800471915200393
0.09138635433300968
0.12393264038043406
0.11459020536864814
0.14403600103620506
0.1662992781661321
0.15647040075814378
0.20218876894490304
0.13257179179043582
0.129128581165578
0.19860481486541978
0.16782337016659551
0.18144093356180552
0.07988673169401933
0.11048586984805858
0.16083771082563575
0.11499451453493048
0.12806810600137378
0.11335343949165637
0.179423681919458
0.149233808889458
0.15825966130041458
0.11480995640508558
0.13806621159377858
0.17834883324479883
0.16716596585773108
0.17580052997231724
0.15412814878713238
0.1716226125464187
0.1656169649175554
0.11475553447512828
0.14052937122666567
0.17001781821587092
0.15299895068016003
0.1127635770247942
0.14577510912194303
0.14894840522591216
0.1333729963721281
0.18014020570523517
0.17674341307538566
0.14164037974084018
0.10847910399454559
0.2090835823904269
0.08724797329301082
0.16998431818026616
0.11416251035060648
0.14298655857788423
0.17877444871585743
0.11844594289035018
0.14338033663727384
0.13296257972424477
0.13755949870788498
0.2028961589111266
0.2004295124105398
0.1136123215409499
0.16723517064305723
0.1157054736827421
0.19065565527593084
0.09764040642081054
0.08778565652262109
0.213916632637729
0.11734559351630294
0.14789231621781093
0.12794785738305886
0.12323943289731723
0.13896585043681914
0.1367543094325266
0.12454108157993098
0.12593833817074818
0.13447099492792977
0.17109411108781852
0.0934502062050115
0.11702697377759351
0.2001678633335849
0.13490248028141918
0.12696445608062065
0.09833178658921414
0.19130428639256045
0.13067392118671878
0.10267060972202713
0.17103154107623725
0.1433202412351491
0.1735487320875039
0.10782057888340424
0.1743224746047822
0.11831224146566549
0.15147245498043646
0.09083799714489378
0.1950333355877058
0.13529379400169558
0.1290818304792793
0.14213075558506127
0.10664008003209012
0.17082524312824912
0.17827701492299908
0.14849192564628985
0.16935129851415323
0.17837884179592164
0.11793692495426716
0.07789049234974064
0.14210309336713015
0.10879761696216309
0.1734952566627845
0.12562092249777096
0.2045251601879717
0.0874098759459455
0.18474429570450965
0.15591853369847433
0.16651203784241578
0.1485756518990418
0.1166237471837623
0.07813227852815113
0.09676912417996288
0.10380166306724012
0.15081490131874173
0.16411950878040613
0.15684279035067938
0.18160481154927427
0.08985956996855157
0.16730350686766055
0.13898820273764023
0.13557146726337937
0.1461265701557287
0.12228700442090316
0.16848729948254196
0.1630469401974214
0.17807932605580945
0.18467782317647535
0.21353134804923335
0.09784995739370356
0.15479113864764404
0.1452954715909655
0.16144542169187376
0.06820042280309702
0.14452419260873384
0.16131540831448557
0.21215926671909102
0.13769083450119213
0.14747649777036154
0.16211711298118223
0.14297330538257602
0.14389166356805586
0.11889777695457099
0.17447429046889879
0.19694073745012425
0.1762037854916321
0.1673410961574117
0.1866642794641749
0.0992230761009292
0.13846557560734576
0.13133765012222823
0.17292432682602918
0.13052249946774946
0.1728392293364415
0.1561545472087724
0.14138819327404353
0.19172924370963823
0.13740691350291157
0.11844738764168287
0.10915131663668891
0.17010298679157543
0.18618551003966774
0.14336293836076186
0.13205326011601579
0.13467596681346997
0.12443316821523934
0.12592170691271112
0.1351691368930537
0.15078530619939082
0.12531008944220198
