-5.489787966381257
-5.486178716893707
-5.490320649651581
-5.470809859720399
-5.481337257539368
-5.483879129949821
-5.4803953994429015
-5.4726188771575925
-5.487767939196311
-5.487996099819283
-5.474115256357095
-5.462233294826422
-5.4771029783955685
-5.472939825210155
-5.480499121369441
-5.499093568531159
-5.477084669668633
-5.473597825668594
-5.473972261323974
-5.486669729046995
-5.478716950996148
-5.470333572834534
-5.478491194558191
-5.4959130941691114
-5.480601676516837
-5.495533833015242
-5.491404446472744
-5.481264924292333
-5.467180018494432
-5.482672568836648
-5.477300514364128
-5.484676990480874
-5.47707311971886
-5.492073804089113
-5.493823872003345
-5.4678166140340565
-5.481715202020417
-5.469905991468873
-5.4883192262384535
-5.477430284235233
-5.4953046323377785
-5.4834869534170885
-5.47989036444021
-5.495500274398705
-5.490267886702045
-5.479368661773943
-5.4740950561580775
-5.483727595665603
-5.491744543215217
-5.49519762781873
-5.472304391300909
-5.502262733694994
-5.48686008682102
-5.487635608028351
-5.482642796598466
-5.482374331312485
-5.507266830041559
-5.499711278996364
-5.4949303889867
-5.484471842336104
-5.486437674976721
-5.477061104871362
-5.50499238580547
-5.496698667778479
-5.493496665529977
-5.491637585345406
-5.481027869372264
-5.530318199185257
-5.50857198177488
-5.510145051202883
-5.520458690323645
-5.516545166818528
-5.503671793563704
-5.534550934046866
-5.543291008802722
-5.531703176767149
-5.532393853601263
-5.511924519200702
-5.553865226816718
-5.505770814240236
-5.513711855844286
-5.538016705297179
-5.5933838285430575
-5.520407457916814
-5.538867628962315
-5.568612718340384
-5.579105168420448
-5.558317609256842
-5.662272889505814
-5.554869267309092
-5.5484125655529475
-5.575803958253131
-5.677818600150822
-5.627970632963159
-5.625678073015454
-5.641618928821679
-5.696998439152011
-5.758680720746241
-5.759083675989832
-5.775309431157634
-5.821747780174063
-5.905416571665534
-5.865697091762729
-5.845521122813342
-5.870961271615
-5.849311267874122
-5.894344467224339
-5.9172608036498655
-5.8480278286840806
-5.984522092859891
-5.9688382807585345
-5.950027994175204
-5.951751265023567
-5.992504629276281
-6.035868530021258
-6.011583208022601
-6.024161834185844
-6.040057991667155
-5.990858464425247
-6.052376034783632
-6.053692179505247
-5.991042596662075
-6.016293981811083
-6.015837958094217
-6.003305100740151
-5.915714183511315
-5.9563375381028765
-5.877788393705917
-5.9225932189845425
-5.8664993824153155
-5.9013804960915115
-5.879067267692077
-5.922386024225622
-5.84512110729991
-5.891752026429053
-5.896173492035064
-5.91281734608724
-5.8730638198144645
-5.873835155828967
-5.855480342297881
-5.837465315241509
-5.87175872749931
-5.868641319164879
-5.937694347101683
-5.870660540147003
-5.894793101723718
-5.95944560719602
-5.932281314857519
-5.955144487673926
-5.980728455994801
-5.9860566650139395
-5.978942632990628
-5.944084207438962
-5.969152251756928
-5.986878869552005
-6.030387901053932
-5.977669024057964
-6.017409824865027
-6.042809587268739
-6.029056612096831
-6.096611317065323
-6.043003960511045
-6.1068678201850135
-6.019150900896053
-6.133652569569535
-6.065022429024444
-6.088067959459322
-6.11579923469956
-6.154829602294436
-6.099769309749743
-6.128936912603008
-6.132674769387851
-6.17046315873182
-6.083295828397773
-6.1913713217101005
-6.035937637937265
-5.917950230201232
-5.8434900902146145
-5.835156619373322
-5.883331944859528
-5.545262335836113
-5.697079927948457
-5.722389452589081
-5.614663070628698
-5.664796401077672
-5.542799270540363
-5.568385914979784
-5.493855200998768
-5.520063516831117
-5.514494983170058
-5.506212180316913
-5.507397400092776
-5.530190907360154
-5.559445883716643
-5.532454586876333
-5.509115989821989
-5.512473607780233
-5.52891541283978
-5.576820244360592
-5.586634900453427
-5.693991379926262
-5.514155344367884
-5.506737243690219
-5.515019402139977
-5.506929080073273
-5.521926756970082
-5.520837582252043
-5.5919781377262066
-5.6348460429956475
-5.526432344555035
-5.516334541189597
-5.588709861983018
-5.604892193647307
-5.588439545253477
-5.584328048666158
-5.535628898769716
-5.600287567674859
-5.52145108993975
-5.620449391741272
-5.65928361809254
-5.736131300345393
-5.544044710502175
-5.628802739290778
-5.687832376720059
-5.7792515709781656
-5.906483823816489
-5.753004926949792
-5.770807365343348
-6.0656648131827255
-6.011207407992945
-6.076653590032442
-6.12423456901326
-6.175587849122533
-6.200370483805384
-6.195117742016466
-6.14471739425654
-6.2378894583087146
-6.144173012158327
-6.218211673320835
-6.1259440680914645
-6.15386998375444
-6.187946865866611
-6.145169593316922
-6.139342904797138
-6.113026540582517
-6.214547845218145
-6.100267902088936
-6.040890023180047
-6.095729785381973
-6.175926821960945
-5.975929245694805
-6.138288970218937
-6.072288686488161
-5.987777619478896
-5.703576945464044
-6.000912227393737
-6.053220024915927
-5.997031830802429
-5.909324419341065
-5.71896789030108
-5.918965113457368
-6.042416097156346
-5.780813015728201
-5.908155459400167
-6.030682286758785
-6.027868277853645
-5.98222446370898
-5.907946391933802
-6.006656459596964
-6.060074318169946
-6.081777379423439
-5.907018345898866
-6.079235560022248
-6.19017089896189
-6.029033703531262
-6.16691684067054
-6.058167731684124
-6.0951684958629
-6.212209571728258
-6.218324223412871
-6.083153960566568
-6.178101843888198
-6.162079920734441
-6.190158120291704
-6.045469451885657
-6.082096718897716
-6.195484894659631
-6.11375217081961
-6.1611433343721105
-6.110120434032918
-6.139474308233272
-6.171146395644321
-6.032094516195186
-5.929713785557372
-6.10435612084302
-5.9710595479149795
-6.059571436806974
-6.113066663187173
-6.223656434437136
-6.062361051169074
-6.011037586138574
-6.034811666931969
-6.1562939742618425
-6.032929369617839
-6.184319011539618
-6.106319532354798
-6.202152910476335
-6.184302738590836
-6.085337001703174
-6.152562543368891
-6.156814326802884
-6.183059749581668
-6.036202766530017
-6.25023045399687
-6.254289352207435
-6.225017987906188
-6.230432152055648
-6.193355484143113
-6.178905200028809
-6.17513062730223
-6.22030065993854
-6.171350209344052
-6.199896951002697
-6.174947157654738
-6.174465501492367
-6.073804068314023
-6.1740434122836785
-6.075951809167181
-6.168864611576002
-6.239656270090549
-6.184531604130796
-6.17068228566378
-6.126635068616649
-6.154998514764892
-6.1021506734920665
-6.241999440586804
-6.112981577865441
-6.210416017276321
-6.2398531346603034
-6.093623795225534
-6.178151400818004
-6.2203562831724994
-6.1110105790203875
-6.174484882558416
-6.145186820450672
-6.17840710556921
-6.246815823969818
-6.158829041121461
-5.970147285303529
-6.222459367724786
-6.164308238779489
-6.240954506444296
-6.233949626172649
-6.245170441225495
-6.23843791083135
-6.155655919287973
-6.173536393522708
-6.227541960036962
-6.224214574505318
-6.186704302552384
-6.202328674359038
-6.265743882402956
-6.225170036093098
-6.213538580220961
-6.248380201360476
-6.299725912048032
-6.108528747540042
-6.227607089749869
-6.219687842014795
-6.19479835054095
-6.209127629679069
-6.206027316261162
-6.279954133783642
-6.22442850236314
-6.150033291560533
-6.2362885534293575
-6.280066686454202
-6.206463634042361
-6.2089165303579685
-6.250574148030066
-6.293450947602218
-6.1389148960135085
-6.216584088267952
-6.242750820739957
-6.219711173362292
-6.2337648069973195
-6.2233556079299595
-6.233587954236709
-6.208698490572581
-6.209829899309837
-6.195994138015658
-6.252173993098477
-6.2245936744468935
-6.248947395012464
-6.186186515412351
-6.250690358255371
-6.250049271575238
-6.222028256237926
-6.25700491900907
-6.259789809745364
-6.231784007554262
-6.2892081318880635
-6.327252009317303
-6.243056201942311
-6.281875212830679
-6.1870905700867525
-6.11518882009507
-6.026600199089532
-6.197600100802235
-6.1956253265736505
-6.182137566047476
-6.128436162648295
-5.985454240958436
-6.190193002640855
-6.04118933276013
-6.231016189605922
-5.963125744147991
-6.049597965152279
-6.1764020687632435
-6.094137174410239
-6.2275885386741585
-6.114923529747364
-6.108017190197991
-6.285296351766021
-6.184730865504548
-6.249152029069357
-6.177133316093207
-6.24295557716872
-6.251329725856494
-6.129041386945243
-6.176383770858183
-6.230053382743806
-6.237157242784652
-6.234760463414313
-6.28413848432405
-6.254949580942231
-6.257817072214584
-6.233832330183383
-6.231998609726261
-6.236356790685713
-6.192632516902022
-6.197103415626887
-6.154923080909922
-6.212611888546378
-6.162016269249488
-6.255270348151782
-6.198855653060782
-6.14722019758512
-6.144827500069241
-6.122247797320845
-6.066757144349709
-6.157427884114994
-6.064185526907267
-6.122539953671399
-6.092105214893696
-6.114960155203053
-6.068606584027452
-6.108483929529162
-6.054619074178504
-6.102293681281919
-6.066137802043709
-6.083610515283539
-6.160531104098175
-6.089200476679877
-6.092958711157005
-6.063358108840693
-6.096196482794757
-6.084850894799573
-6.1020922373751025
-6.06362243459661
-6.106204692314096
-6.131691408043334
-6.083823697682778
-6.108868219237306
-6.116935020864804
-6.1210957080057184
-6.104631812614643
-6.143636993949344
-6.172740967769196
-6.132498406418334
-6.105147107834485
-6.11946294262199
-6.114779028651707
-6.212778285774747
-6.099241535185875
-6.175919593122865
-6.133768777441706
-6.149512306380613
-6.169942138444109
-6.128130824871117
-6.1326737439089145
-6.139573911527909
-6.128080806628804
-6.106982374612941
-6.15503409758755
-6.170835496260869
-6.172033823641874
-6.102214233227511
-6.186221209042394
-6.195267537221503
-6.1310128333543235
-6.178993740528671
-6.215858497776695
-6.180987702439843
-6.181281702018705
-6.196987842122706
-6.182560364991497
-6.179197444247297
-6.140543619732197
-6.110024453987155
-6.081477915542121
-6.098936138243209
-6.177940849241523
-6.091723472995044
-6.075156603401533
-6.163795123697583
-6.1024555923958115
-6.098765048698151
-6.082471405966819
-6.108482408472184
-6.121977979360246
-6.1341832872201145
-6.157465772425835
-6.206115110717223
-6.1565488855552815
-6.147983052962761
-6.16654625152766
-6.21218140111534
-6.2067929960544745
-6.216896801425175
-6.23227184361405
-6.286222296020867
-6.22170564760669
-6.229653191377626
-6.25246683461553
-6.224336912680109
-6.309123747465923
-6.331621251108885
-6.274174313391475
-6.258925865300277
-6.210003432596765
-6.275148377440286
-6.2923032988642404
-6.232749244056893
-6.306689868595246
-6.328370539761573
-6.277834036923867
-6.349566612687364
-6.271327508833415
-6.304146147424973
-6.241822558625774
-6.2534048716115755
-6.284513131899724
-6.351833579556827
-6.301340700092357
-6.2472284018341355
-6.290601220693186
-6.351019830993721
-6.314320060439027
-6.3706204897853675
-6.351564078694304
-6.324455978204801
-6.243318386614152
-6.313253626566341
-6.377061075864508
-6.251361002332926
-6.316699821318984
-6.24769612440637
-6.304329501294177
-6.346431243176424
-6.302440951234477
-6.3624393029610795
-6.262888139456943
-6.273832379347661
-6.254842767874465
-6.280195299330572
-6.311478675803187
-6.2718819093960745
-6.263813051472554
-6.303524515912281
-6.297602999892294
-6.276342868557165
-6.271127787774983
-6.279055587041775
-6.279647563749776
-6.322367623901089
-6.283004985575612
-6.279217022324993
-6.305717597318154
-6.256469661210827
-6.219906473085896
-6.2619917123638915
-6.275296669317278
-6.288788434592664
-6.300678251899644
-6.264841051362079
-6.27102842554192
-6.2442872362158655
-6.254389758053971
-6.300851188993584
-6.257280984336866
-6.30364754450963
-6.287213145044537
-6.307183098939165
-6.360894903633451
-6.365395816499645
-6.354848381541424
-6.349576895811424
-6.36974484236924
-6.376957457499686
-6.352191525054483
-6.425415701223233
-6.3565532939042875
-6.392242622440405
-6.334566039091537
-6.317794267786688
-6.301147530051419
-6.418192427518118
-6.310145237217302
-6.259869473410353
-6.291140034160399
-6.424018940226091
-6.267515950642881
-6.251744528202047
-6.3484683496841665
-6.409777807088156
-6.347712266461375
-6.3590440633137035
-6.4037415967855935
-6.416826885492618
-6.329665075929982
-6.369471133733608
-6.367746954352833
-6.35598722192747
-6.414725735335158
-6.406668691908596
-6.410715004416478
-6.4085334474947615
-6.381666611383973
-6.324775815820211
-6.448638334140519
-6.397083281747971
-6.4002419240775446
-6.451536425302222
-6.378283826054505
-6.3640421756092245
-6.398108574422342
-6.396632941990119
-6.4105264528491395
-6.392070747477089
-6.3969098102988715
-6.438545019957779
-6.365511642601944
-6.411662130754589
-6.422217047524049
-6.401539093633175
-6.418741343405438
-6.361067071023209
-6.429854527337226
-6.383846514816236
-6.452245728802355
-6.3741172894473115
-6.297014502183322
-6.398018154772658
-6.411078691424037
-6.404297068866106
-6.427743259796111
-6.398942669804694
-6.46757890997031
-6.416267724543502
-6.404261670692842
-6.453185680880125
-6.399254642944487
-6.380348222614844
-6.429836958645672
-6.383582092015901
-6.3039888808807945
-6.405353736325499
-6.392301576132521
-6.322724385690966
-6.339321142845702
-6.450112939462231
-6.502229898421934
-6.409620902593989
-6.431715357880503
-6.406235537390415
-6.446656715608542
-6.413883687123132
-6.368952729280052
-6.405819514745315
-6.458401610862023
-6.409877817305224
-6.429652394790654
-6.391235527339261
-6.470200073281602
-6.3134512957442075
-6.37823086474678
-6.418059175049628
-6.463723741432034
-6.423740566602682
-6.449722360273758
-6.400835887776196
-6.423190380815697
-6.370335520491875
-6.377415245623055
-6.39722200216816
-6.421854802842116
-6.4737018090714535
-6.477156180909579
-6.446044808876966
-6.415175361302906
-6.45943253982214
-6.4242993476675245
-6.481030765125012
-6.448201131307655
-6.471173311929743
-6.470653778921933
-6.456564081343586
-6.444779855328924
-6.42075459499326
-6.404170614445467
-6.475275808213997
-6.4671519324763835
-6.406441949331413
-6.487567864991735
-6.428223901751114
-6.458161675328782
-6.460163487319952
-6.419681220477802
-6.356286626486326
-6.483175937140057
-6.425564327518686
-6.448192650574557
-6.433631857880558
-6.458450679379574
-6.425212254187301
-6.507892637529459
-6.451665555106686
-6.447862345375931
-6.475156977052659
-6.496833265175018
-6.4639271525501245
-6.443975535708025
-6.449054317235305
-6.511198736307754
-6.457245540153593
-6.496624019861914
-6.413892994368211
-6.385197316533464
-6.424649234846768
-6.41168459452839
-6.329628837772799
-6.469042190730659
-6.416439176638587
-6.466287617108496
-6.4864175692075055
-6.439152225557695
-6.481593458504523
-6.446862925799339
-6.339978273853293
-6.461552455951398
-6.43769833303861
-6.3348520202561005
-6.366444644960108
-6.405239701230217
-6.364021504208177
-6.411782829955111
-6.432781122530587
-6.3849644779326455
-6.487289643197329
-6.449181313286118
-6.359541961992719
-6.375571391197333
-6.356152454797123
-6.322540668128712
-6.48761562235959
-6.497346692028589
-6.489734591680729
-6.495771517221366
-6.366348355079661
-6.471336106913231
-6.488650905473936
-6.453845734340719
-6.45838711322091
-6.461521876981355
-6.418796555502006
-6.441436279151848
-6.470741300181811
-6.488083475387376
-6.506206426371204
-6.454112009052418
-6.422650372960726
-6.478187066237273
-6.508937580694727
-6.463636328205894
-6.46829410901283
-6.506487639059991
-6.480216669550231
-6.448077225619122
-6.458418489880137
-6.494002711114908
-6.5170974573843665
-6.460414893999155
-6.499690600769089
-6.509992373025381
-6.4512781307530265
-6.419736797965425
-6.512690713243817
-6.477418170183757
-6.4298683771178915
-6.445471127020996
-6.492225001561741
-6.474210723447041
-6.447213758681386
-6.475911948028852
-6.457546584156706
-6.515675700782683
-6.413818277631404
-6.5240952210963945
-6.497900394527882
-6.496563636579548
-6.475026563629848
-6.5468972881025955
-6.527679459089774
-6.472263029305113
-6.469076035767429
-6.597038743852906
-6.457100517013615
-6.502488645656249
-6.470915750675617
-6.473001364397122
-6.44365115538774
-6.587227804388468
-6.480499356759903
-6.540358361906003
-6.482460922433565
-6.432559890430291
-6.514050736709942
-6.433334362581741
-6.465618344207295
-6.466635474727808
-6.456728272092942
-6.44151467482336
-6.467185537286774
-6.464926235248015
-6.512003287883286
-6.513093548180009
-6.512155216507917
-6.526515616549125
-6.457186708097447
-6.479311682644514
-6.485465386382799
-6.497091120404545
-6.438478745960225
-6.492536117463539
-6.509165078877114
-6.470421063241502
-6.515844916136459
-6.516632809973427
-6.478860167329653
-6.503612999061386
-6.4601520522235845
-6.502282067588926
-6.487442403232885
-6.491557660338369
-6.52337218688695
-6.475547601050986
-6.534542914372029
-6.460032530844406
-6.576742266975831
-6.520709975620875
-6.535247675782381
-6.5083705321497725
-6.495425896988301
-6.547739564589169
-6.4993319379124435
-6.45029185277405
-6.492554229877908
-6.473580532000797
-6.516319125503725
-6.4838873866846
-6.517538862747639
-6.575006470697864
-6.541863340349777
-6.58591942832005
-6.512164049361015
-6.511172998326441
-6.558509517354233
-6.471735552278019
-6.424410176946367
-6.520264561099326
-6.559577642711338
-6.493347054388329
-6.559273777002247
-6.553713949251878
-6.42546832373425
-6.481680135276372
-6.505267736783757
-6.572797624267807
-6.536358590551217
-6.607801057939094
-6.565532318731552
-6.56022971772524
-6.525702927857343
-6.550388658239303
-6.558913885089026
-6.429875500866851
-6.481339505642075
-6.524885997041347
-6.565315859228433
-6.527105896976301
-6.522044218120368
-6.576000718683232
-6.514504312560696
-6.505219823921511
-6.477543850739727
-6.543019861226859
-6.509015941155932
-6.5134552852179
-6.502680235490679
-6.628119081917305
-6.435054921758097
-6.5525136080408295
-6.547249618316302
-6.532964677296242
-6.557614286245388
-6.626851527055177
-6.49805273286724
-6.529724112972722
-6.5143502411584
-6.588276428046786
-6.528412937475442
-6.5002557535384895
-6.630554756175389
-6.567373437622099
-6.597431105976402
-6.521928498145319
-6.546452734949715
-6.530684899101582
-6.580972153445519
-6.579501067540733
-6.507572911314703
-6.5761945495890615
-6.606221774473657
-6.549316196464339
-6.558879876490917
-6.525765537130832
-6.553637354994016
-6.580017701642639
-6.540308661112544
-6.498963981528009
-6.565574215819919
-6.588286176312038
-6.562930369524789
-6.587475265051339
-6.576051764182489
-6.609418538876508
-6.542218545555014
-6.584346169256834
-6.569403791806161
-6.551368780337531
-6.5105873917373955
-6.549654571613015
-6.637274519160258
-6.56107252202171
-6.543718805387167
-6.559659906707852
-6.511845266038252
-6.610279223138304
-6.525851978702384
-6.618754527206483
-6.542416989247695
-6.501293038164838
-6.525312826687489
-6.564746260439036
-6.548166453971506
-6.625405598361069
-6.5533192321142355
-6.504156069921655
-6.554782453014678
-6.569356994282429
-6.550102631939584
-6.6063687582166315
-6.49579834368316
-6.566476466402811
-6.626053474879495
-6.556502788339465
-6.590686965643127
-6.578362633502978
-6.562297553858556
-6.55938820187388
-6.555090062820309
-6.5671542493542745
-6.61607230911509
-6.585736409364282
-6.600700577024554
-6.581888420239924
-6.581391155830154
-6.607150302515146
-6.6059298755543825
-6.601264496754535
-6.566503661751025
-6.604266191880612
-6.606664692509196
-6.585721107623659
-6.552835171720419
-6.543532502722411
-6.565022325596849
-6.566802679954954
-6.5987362478141485
-6.556355985275925
-6.590151088604789
-6.60891332631378
-6.553228201112759
-6.569165588064947
-6.600411214376066
-6.55634104325225
-6.616536218028833
-6.52609259637191
-6.568846387788641
-6.609226581045873
-6.613145081370121
-6.519638465970876
-6.614157323804308
-6.582101603661584
-6.6188102830584015
-6.5549337655150275
-6.546567426547241
-6.583976699277895
-6.476517323861426
-6.499369131970465
-6.568950501039926
-6.611371101280141
-6.540764747915552
-6.573691383100727
-6.539839535373123
-6.5286827208881295
-6.517566179412945
-6.516192858760942
-6.5410923621859105
-6.582395035362275
-6.541339402668554
-6.573631707666826
-6.511543518224037
-6.54898953624458
-6.472963301955224
-6.560191266298492
-6.543465221026435
-6.580459724014244
-6.49451128275865
-6.58420235527079
-6.530162634849863
-6.533495246382675
-6.561597863513012
-6.58177370340176
-6.584021482804626
-6.557943853172173
-6.5374181678050505
-6.608030147958137
-6.535611328516549
-6.500254640840111
-6.572643031531907
-6.561693143667981
-6.634674607117649
-6.590914257770729
-6.580155937314379
-6.58101383024659
-6.560306259505158
-6.543846667320075
-6.561239795453457
-6.593625889544036
-6.5350121160172385
-6.553875504144085
-6.604603406571286
-6.607512864045802
-6.601099133318922
-6.640545291290905
-6.636280323550446
-6.588783668505025
-6.594468417120829
-6.664559808612438
-6.601382616298356
-6.632106915757657
-6.612693705039391
-6.604178179756795
-6.598832653048579
-6.644619962883159
-6.57901819861344
-6.584878264288541
-6.609733461163654
-6.632589203688098
-6.67066945415786
-6.636747142179819
-6.612715570535444
-6.603809988616501
-6.655689355646061
-6.649425271784285
-6.56108032073353
-6.632017011077199
-6.608789769730797
-6.620450903819777
-6.661686770650357
-6.574909436476424
-6.6027988555873325
-6.683697358561654
-6.655220104548348
-6.640739524900389
-6.668169211722613
-6.626946887250866
-6.626284990199259
-6.605862087898818
-6.5679794707967565
-6.569548292415461
-6.669811536859966
-6.64165448751823
-6.607695745449828
-6.665943993261905
-6.651765126438551
-6.5478630943571545
-6.627345651794212
-6.631359070576798
-6.648993750811181
-6.659584112759865
-6.641767676614139
-6.6476713445811955
-6.6031742291406275
-6.6367216202306984
-6.70119658854013
-6.6494990627957185
-6.664804726660702
-6.647961990966296
-6.641996870036294
-6.627038478757507
-6.6521634463375054
-6.679309294815965
-6.6650556670039265
-6.6856743945619606
-6.6414859997088485
-6.62276789172354
-6.623716134675167
-6.709538491112773
-6.696242266100697
-6.661009523320754
-6.640339774769628
-6.7639468315936675
-6.692754702024506
-6.691672031211763
-6.652538644973067
-6.732057777256514
-6.595047130969315
-6.701565419620749
-6.656113256904058
-6.61877725479813
-6.688003645736156
-6.6868801601174575
-6.618263433001218
-6.539127214544116
-6.698488458825934
-6.545322914847849
-6.643235147096383
-6.616477254597226
-6.621653446543686
-6.671243104472322
-6.674513822445483
-6.672959523978135
-6.650493859940896
-6.678229697455643
-6.665393296369196
-6.672364494862439
-6.697795230287231
-6.706479685351983
-6.666867232886924
-6.649666119893604
-6.69758657563958
-6.6621296241294985
-6.693898002349184
-6.6582942509836105
-6.643151270835308
-6.700919043272553
-6.648449989860556
-6.695361759366212
-6.637896678815348
-6.681197440654838
-6.590665201223718
-6.677892557843113
-6.620270564243805
-6.60302605538056
-6.680893464564733
-6.645602957726837
-6.648481789594924
-6.678769009145746
-6.706329816830078
-6.649584584839518
-6.588716325119653
-6.699792258647133
-6.6635814885142555
-6.650461500922647
-6.6229252262982925
-6.653620063352891
-6.694846277781562
-6.685907237750936
-6.643396602758208
-6.658551785830754
-6.647121260731236
-6.65828634603626
-6.727005324843161
-6.682330740261176
-6.710598871942185
-6.697422173971205
-6.616593110161709
-6.6290940993391105
-6.689280355555225
-6.697958929223559
-6.6477486014885345
-6.7200197181173
-6.738893361687179
-6.663234054978215
-6.66488572869925
-6.742044182436657
-6.678472526294421
-6.679961750823162
-6.702669863649999
-6.733049673504502
-6.671048210660513
-6.700798481669157
-6.768101659822626
-6.717846276946888
-6.70951808261249
-6.709333312705927
-6.757158567244293
-6.720260965788289
-6.757434015108647
-6.694122825921605
-6.705995498120467
-6.647197762403472
-6.652921620190795
-6.710878877241321
-6.7450004613491075
-6.676643293580156
-6.688262130228678
-6.721961576278898
-6.705296556451508
-6.712068387867243
-6.733142391980909
-6.682487951142601
-6.67129624775249
-6.722290502442461
-6.644860658817504
-6.7348497694229215
-6.740647662787031
-6.742925437635333
-6.713651786637489
-6.706526743069034
-6.655766573489624
-6.755983239387641
-6.6879637809388335
-6.724498410626942
-6.680815601435244
-6.729483374602136
-6.720795978610063
-6.738916159395313
-6.723844748677291
-6.7289935510456935
-6.701076682461203
-6.699780778762025
-6.72521905873201
-6.73193606040715
-6.731025557856954
-6.691256541138215
-6.764079314468447
-6.7417646474557245
-6.760414346838101
-6.722451536683
-6.700541667902009
-6.707873536316487
-6.688721170279291
-6.6763995575093364
-6.725791605982332
-6.783145513023898
-6.769252378287739
-6.749425211489765
-6.738924175971746
-6.684484570726267
-6.680289087095712
-6.705125064817586
-6.709323642729131
-6.698186553226957
-6.733803689471642
-6.670695720557903
-6.781438975827307
-6.74670136040605
-6.7163390452577225
-6.762455653842318
-6.765865336011483
-6.685976862136039
-6.662477297615363
-6.708137408563873
-6.6810674294714705
-6.719636916375859
-6.788336287867326
-6.764240746042126
-6.768288615175701
-6.7208918226678165
-6.790893403966987
-6.7249634890521195
-6.7977832144824895
-6.716094385216339
-6.770634782167197
-6.677142652005997
-6.7124524732773185
-6.772023537799327
-6.763128311265518
-6.70904371251944
-6.7900824371955615
-6.807890726753385
-6.721938654969856
-6.7526074647469105
-6.811311497876396
-6.750240587804841
-6.761613973380754
-6.7653241544657865
-6.7356773217403205
-6.735708242143197
-6.828936772105009
-6.797827712386391
-6.776604319631041
-6.792334448272841
-6.773978063071261
-6.783094657747075
-6.819827610688788
-6.747153836409584
-6.7036625597489605
-6.792557986286986
-6.769197410744178
-6.7994590628499
-6.74772041509582
-6.729882719787018
-6.776743372175543
-6.813926729824918
-6.759137658732687
-6.733533178551486
-6.744811420042296
-6.8026480053756835
-6.729869798463776
-6.832359607505953
-6.757627980737269
-6.772238795875364
-6.752221346877971
-6.7985189088264795
-6.757439149887815
-6.758429504632662
-6.779568016458114
-6.751338159153895
-6.691140602135545
-6.633337809665048
-6.606445158712517
-6.734508341499413
-6.623054074883746
-6.672895809486828
-6.650329321088193
-6.590051183548976
-6.640779632209625
-6.549161216641522
-6.593210580220144
-6.517105657515917
-6.550764245514968
-6.575461363120294
-6.515269765887028
-6.546344663461622
-6.561442067489039
-6.550319057065348
-6.59118803378976
-6.579898878196293
-6.565412491994538
-6.583965629064204
-6.606179381692542
-6.492532176204406
-6.659702388842819
-6.573146369885359
-6.583607229789646
-6.738661443825549
-6.612698717899986
-6.658101594179612
-6.6434815703603505
-6.656790245827295
-6.7448348523810004
-6.671706801644227
-6.658965210214259
-6.664078680053246
-6.67383228144992
-6.6940784122958235
-6.592401959611635
-6.71018665586465
-6.6497526137306044
-6.716880652574069
-6.710997715279382
-6.716266105960017
-6.76933732754149
-6.757212182077376
-6.66397529894585
-6.668368256595134
-6.767965814471002
-6.753868920660576
-6.730653801200024
-6.690154632885504
-6.767286902991606
-6.714653937548714
-6.744086785690354
-6.7895792689040295
-6.796608129201556
-6.780770114657584
-6.780668027253568
-6.821323803016459
-6.827385836623875
-6.828944414562466
-6.74358698032591
-6.735916658120866
-6.732497762923337
-6.810260413618656
-6.711864983653388
-6.845693634707607
-6.8315356268102
-6.765942430957544
-6.791235605639443
-6.7992678209857065
-6.805576489384052
-6.8049786874284806
-6.81154262010754
-6.882945018112963
-6.792959788850775
-6.855754798332924
-6.767876135089764
-6.807631643027233
-6.8045421251719365
-6.860466313121236
-6.7935847449081095
-6.809374033791362
-6.753620802706171
-6.7605193008718745
-6.717832329391839
-6.822450801370668
-6.807619807260281
-6.8036879214921555
-6.868189628627872
-6.78585652693992
-6.814613631961229
-6.775257018924231
-6.814001700962653
-6.854137953620544
-6.811590703479261
-6.823385249398945
-6.77878995657272
-6.810823474004303
-6.8615465429926035
-6.790631571677327
-6.8389674915317755
-6.762801248615453
-6.8359259402083685
-6.823584175208497
-6.78396466257053
-6.853943953464533
-6.854937443212299
-6.8383034047728195
-6.8291510790050545
-6.854868458986488
-6.823248830612099
-6.850196597866196
-6.86662938720908
-6.776816819985793
-6.756803800089942
-6.818447554158317
-6.798568074673388
-6.839281142131863
-6.823309145679932
-6.830947806576474
-6.889242438626596
-6.809647981091526
-6.836233840269298
-6.788872081949129
-6.845658883900983
-6.798618999952936
-6.803129394048246
-6.881886438924858
-6.83799558881293
-6.904407263134452
-6.795584996838464
-6.844589448978941
-6.801408097096831
-6.877384404884367
-6.879818020985315
-6.8424701418776905
-6.832761687086334
-6.863055225714655
-6.89069260105721
-6.8455561252282395
-6.900048712469901
-6.879214962186755
-6.820914380075182
-6.881773408215945
-6.867697739592628
-6.828553586719972
-6.836544991303187
-6.851247319168916
-6.882082175438244
-6.882015789074984
-6.840241906516457
-6.8425957236248385
-6.802439018263438
-6.87906942042805
-6.921843087218689
-6.93248237484659
-6.885842280284433
-6.890396698143504
-6.863351289398721
-6.835441990437538
-6.8165208426471855
-6.854289085932916
-6.860865989902783
-6.910326399640521
-6.9394140486180405
-6.854106489212765
-6.8767001918333905
-6.886263683599143
-6.82837411039929
-6.943939320292728
-6.858392633181182
-6.8371533294662825
-6.869866577580047
-6.862440746945841
-6.937853660137662
-6.880243463102009
-6.9152721179678585
-6.902477398845846
-6.920104098853368
-6.800881310932269
-6.856117917539047
-6.846616036186787
-6.960669094458035
-6.939005718706349
-6.924554209991979
-6.919251320607284
-6.935118003593003
-6.867047720705067
-6.90520016893069
-6.868633355968663
-6.914123788330979
-6.910715954934954
-6.914361477721599
-6.8487281969749905
-6.922062334574846
-6.871131837008213
-6.8469307066252885
-6.8852485355169435
-6.868084434843317
-6.890238402445636
-6.874870803860856
-6.832965291425016
-6.819210734119472
-6.850592474662939
-6.979552686109425
-6.8745477321456505
-6.898057608375642
-6.877158423430174
-6.85702402927892
-6.8788028978486295
-6.853631742710177
-6.877605747842988
-6.892171239571228
-6.93669255868144
-6.935676238301811
-6.871083929409707
-6.868533531943559
-6.833501879892991
-6.948366994785975
-6.840210947617486
-6.859996320992422
-6.903618488669697
-6.882115269068952
-6.890511588039321
-6.890241780453291
-6.84917152057718
-6.917738670441292
-6.846865254283536
-6.866971095074447
-6.902785818362047
-6.876804139839115
-6.882610978392143
-6.8884870463699714
-6.83602821340167
-6.898332648168182
-6.896483411503798
-6.889100125516085
-6.855826710741295
-6.918849070310775
-6.857349323723145
-6.905950328883549
-6.88555476487172
-6.955073016624834
-6.89435306668821
-6.900691142657907
-6.934686041371403
-6.928026558775099
-6.928148156036601
-6.948068471736294
-6.93770388418552
-6.8963203818706695
-6.900857427889289
-6.9332742862818355
-6.924133883712969
-6.89877024340024
-6.8823731906131105
-6.916518189455978
-6.881543809544667
-6.869766032305979
-6.909438107833562
-6.8982189440671995
-6.999387107646982
-6.93258241491221
-6.969089498645875
-6.957903690856786
-6.949377617668794
-6.876015907658619
-6.920849790902205
-6.9113141535238745
-6.885582364879146
-6.918262875272188
-6.992394143334204
-6.9740248685756345
-6.962545127005225
-6.954877525786589
-6.977351682792126
-6.954758538412652
-6.9416876845577695
-6.930713660697567
-6.953266474490789
-7.020213915366035
-6.910113007250906
-6.963274062328883
-6.926661934236598
-6.908501125226614
-6.905199290144182
-6.991050863702661
-6.979361877773197
-6.92631522010046
-6.949318434827539
-6.864271189378049
-6.965210899221141
-6.929873435378339
-6.956716820866159
-6.923141286502233
-6.945541612700305
-6.955675479275889
-6.860882025045901
-6.885536583914586
-7.00387549285043
-6.865008978769466
-6.9181057397145445
-6.895406157921371
-6.956665531507027
-6.875106642181812
-6.925076144339878
-6.897170960810192
-6.9391078977766645
-6.909089830944834
-6.967558973877155
-6.934179910266036
-6.92044968319885
-6.94724524616149
-6.955928811108937
-6.90526623654078
-6.914926689208797
-6.929923144302208
-6.879489612543167
-6.961968881750619
-6.867095146154964
-6.949027050048336
-7.006040776899649
-6.898347397297468
-6.945757777247053
-6.9958286297824746
-6.970107015606868
-6.99872530704819
-6.958451481325014
-6.933883253459939
-7.039296885793819
-6.859259139937837
-7.030913754619502
-6.933659401082574
-6.948340041088169
-6.9333658739727815
-6.950555623054834
-6.949757246899921
-6.920212076411613
-6.966730301723465
-7.018415134496848
-7.006973415461407
-6.997757849441406
-6.9102844289044345
-6.968898386896632
-6.9584423534675155
-6.956907669401058
-6.983033282669334
-6.945735135452485
-6.90828710263413
-6.991700811940546
-7.050679011916427
-6.970902857332544
-7.012770942910205
-6.941154581779674
-6.987575856532479
-6.9764758737330315
-7.016627467693789
-6.979367581855946
-6.987139476265762
-7.039161863553618
-7.0165530775523015
-6.920704682683493
-6.997038443784359
-7.006241591800239
-6.947093473291297
-6.986666075204262
-7.008094858705897
-6.988039619848365
-7.046788045168696
-7.033120720436634
-7.025209486634798
-6.979368890390191
-7.009327858993041
-7.002256925670409
-7.054853247604837
-6.979737256171122
-7.055230901833781
-7.053286072550851
-7.013897753959782
-6.956289719991169
-6.992779234288064
-7.007188936398501
-7.04883147229025
-6.978438930883652
-7.081089649838986
-7.026074300761852
-6.9816121539455285
-7.008083630838671
-7.002094508343024
-6.994754230362936
-6.996068467462883
-7.044408955080687
-7.009172869835362
-7.055729946913458
-7.068425290639498
-6.9853441055036445
-7.019045703611626
-7.046172931743692
-7.05943845013845
-7.006463338353249
-6.958774541140752
-7.075659877950978
-6.940269472006633
-7.01477879717439
-6.9511934709387395
-6.987221483134234
-7.02920197941847
-7.051800838975446
-7.051874172375718
-6.986154545209359
-7.0015115488067385
-6.992303626259328
-7.09969861117195
-7.028186133740663
-7.05017118711045
-7.070002276515428
-7.050489977862113
-7.041691828267567
-6.999426295029858
-7.054733745509164
-7.066652109403266
-7.043291667890504
-7.0557221794675655
-7.0385857450727345
-6.9865038852442645
-7.019076310458363
-7.011059359799868
-7.0393762377153655
-7.061535476058409
-7.028945845251437
-7.093260470355521
-7.036846167750372
-7.0391801806720835
-7.0052422977123845
-7.037425881796359
-7.0300928400674625
-7.098628402299821
-7.046712750005355
-7.042435909735599
-7.039670708718529
-7.093223992408058
-7.050733801039549
-7.029830380524915
-7.101478130352695
-7.035177645123326
-7.093241053799888
-7.018963972765954
-7.024801412104084
-7.043276651559127
-7.041699799007116
-7.060593161101629
-7.109404378639377
-6.957807260178345
-7.06321825319252
-6.983647149472708
-7.059735558912194
-7.043538815882389
-7.07206793008892
-7.072793447265143
-7.050825470734316
-7.10807540025705
-7.020079700117144
-7.047954269477008
-7.053820026974112
-7.0800336797891665
-7.058556126939201
-7.107083487845083
-7.0321784321559155
-7.090203329441076
-7.034416652652654
-7.056435870262376
-6.985281996268842
-7.095144619014583
-7.086223757248565
-7.061843630053892
-7.050788621931379
-7.011262834031434
-6.996558777676438
-7.116685138207522
-7.0986802417808
-7.100204085013964
-7.1511134432400185
-7.026748150052947
-7.063579080191388
-7.034220297790887
-7.145277108355336
-7.014114639490302
-7.091127743212354
-7.028509543552902
-7.11390357417396
-7.104248194316617
-7.088350166859725
-7.112767246315285
-7.044626620037213
-7.043236404368625
-7.062040368582747
-7.083876250945899
-7.128063888080106
-7.081859401085215
-6.994595833919338
-7.10610385521533
-7.102756100117356
-7.1512261436579685
-7.035638012995591
-7.103852486624408
-7.093219057958189
-7.082459564143628
-7.106670394967111
-7.134109114952634
-7.078524994797376
-7.11217449680168
-7.117215755332345
-7.129305850889004
-7.10022775273236
-7.086594784501928
-7.110448547728101
-7.116363153908705
-7.105794344686585
-7.04907947039993
-7.101373484097079
-7.052520901444862
-7.143606893203866
-7.101984497737897
-7.037652989633518
-7.108695171317058
-7.057233739717673
-7.0636192448621244
-7.083783221810837
-7.065022300506332
-7.09059613057803
-7.0647064559989134
-7.069735992007235
-7.105736681345947
-7.131423481487849
-7.095319161447846
-7.112449507679154
-7.085812963668521
-7.051175498749682
-7.067920338365686
-7.108637750683781
-7.095704233848513
-7.13193453647162
-7.082155064136533
-7.075786262489235
-7.130791163588281
-7.133784649088331
-7.101428197614684
-7.129615683269117
-7.1638184171898125
-7.101037235232731
-7.094430403459661
-7.036004995448083
-7.088095110949597
-7.147908862743762
-7.112874206259566
-7.068846184916602
-7.102554187508793
-7.108235071819691
-7.064673726052895
-7.097306525068067
-7.137282380064055
-7.067961291157221
-7.194312175747935
-7.076005880086297
-7.12701819890254
-7.15376539571528
-7.171291335654566
-7.155186791753974
-7.2306149758270255
-7.119929587933777
-7.128214695243635
-7.125479617563183
-7.12028150952971
-7.155962285181902
-7.153303834982136
-7.188436700360192
-7.0843451226930085
-7.144368746268633
-7.118946646447696
-7.1800889516883615
-7.165096385957994
-7.090080868812672
-7.118659610641195
-7.104132582402842
-7.1728436822961035
-7.159119023298313
-7.153888228485018
-7.116041350226644
-7.191022817669996
-7.129571072041874
-7.147531020322899
-7.120038514706342
-7.104856795047365
-7.073973865329229
-7.195172631636179
-7.0959212586408045
-7.151413293691611
-7.175811778889241
-7.204741168134865
-7.156427848150542
-7.111456292435701
-7.115630704949982
-7.15291384425303
-7.222508237400767
-7.153649732353173
-7.0720568767328675
-7.177281319238443
-7.226565852758076
-7.146136934959746
-7.199073990367203
-7.1614598480072305
-7.194195334073474
-7.179062044907848
-7.201464260104236
-7.167240085489403
-7.181518925294952
-7.1832369431703045
-7.1818953217295505
-7.139704033802423
-7.1320100459276965
-7.17847093174316
-7.192703419744479
-7.163357246819512
-7.171010109896374
-7.197317389274182
-7.1749986118896265
-7.169611486597344
-7.205009152010664
-7.1578123698976786
-7.238040573016324
-7.1980439106824665
-7.137226909767046
-7.122982039304259
-7.1484919815456465
-7.173119761191039
-7.214690284037214
-7.1739568963441345
-7.178562970854441
-7.24619667560437
-7.186460549524032
-7.175583381726239
-7.16193927970329
-7.256755797767315
-7.204662754598373
-7.0973630061216655
-7.0364872866463095
-7.032071379579964
-7.240002535957558
-7.07453509490687
-6.454202357473041
-6.92589899876531
-7.07685769305048
-7.103235770930209
-7.197303738131938
-6.993458903428307
-7.139822397561632
-7.180693100429409
-7.085309071333852
-7.082642212225848
-7.1093590773828055
-7.0508488822198405
-6.974685184879227
-6.900145685239711
-6.877931808078326
-6.8371794559996975
-6.871986028136037
-6.748269316300934
-6.700068383605949
-6.663339612816912
-6.60341190422283
-6.680038761137268
-6.678198977194178
-6.603022049451042
-6.610735124670848
-6.60873877565614
-6.5508047948173385
-6.551206105851115
-6.596692146320887
-6.6140256750109145
-6.611788757630013
-6.666413451238572
-6.627647832836155
-6.639125262492311
-6.703012329767258
-6.603932867405103
-6.7039233971519
-6.760235843472358
-6.809811075894405
-6.812594731922712
-6.7755100751972
-6.799579912008302
-6.816695170855489
-6.832116344070269
-6.885841760760845
-6.926072867657043
-6.856928358552468
-6.927452315682526
-6.889058681127451
-6.8871496554689315
-6.9435727068288235
-6.977414300886058
-6.932849415972763
-7.003755989991555
-7.0263237996719745
-7.0377925429856845
-6.964720329639443
-6.9933224442131525
-6.984577008607985
-7.060941095722983
-6.985142162733583
-7.109378888535905
-7.00862044128268
-7.043621818410305
-7.029416288276268
-7.043840712576092
-7.003379660672413
-7.05940036731588
-7.009676660727971
-7.015095568113158
-7.0184152273505065
-7.086366123474398
-7.083748661011722
-7.09415246144556
-7.003636954455978
-7.166382272213479
-7.103886619994961
-7.09486863482161
-7.128775556944996
-7.0647902091873975
-7.090630780786542
-7.156256871568044
-7.058164972286665
-7.150554461332516
-7.081953341838187
-7.114928949970218
-7.181334199444684
-7.114068708527424
-7.165501947281417
-7.218410303259336
-7.156884112996628
-7.198223443971489
-7.151046652422298
-7.146895793261364
-7.0962680548923265
-7.153195812699505
-7.1135309637716055
-7.174075268197381
-7.193028037201782
-7.140656110580071
-7.1612386878713
-7.179043095884213
-7.175784241830785
-7.14024434483726
-7.173956980898659
-7.243893426430998
-7.189329485066498
-7.15174863469824
-7.228590082625612
-7.146687073547516
-7.223754421779979
-7.2025381003735305
-7.165249546833554
-7.142044316349488
-7.1596385411093735
-7.150256267474858
-7.191464513301263
-7.221482555972813
-7.197153536137748
-7.161373851539423
-7.20606213425136
-7.191289108410089
-7.253124019537265
-7.235543871662443
-7.1850121294642495
-7.189542662835786
-7.180961232332692
-7.145617223332206
-7.173307420517664
-7.224243501741326
-7.198068236826278
-7.313595304530043
-7.256660064251168
-7.251975125935052
-7.21728137291627
-7.253530973593263
-7.245150313349362
-7.2188128670014144
-7.202430233929606
-7.212820498375294
-7.112630747246387
-7.210374090757277
-7.254441337783141
-7.21563567088968
-7.207496962045685
-7.292469741310203
-7.165022480106872
-7.221791008668055
-7.217163610871788
-7.199143890024259
-7.146006518620036
-7.250995740634199
-7.240037804041894
-7.225562336662588
-7.213785814192201
-7.265333485254731
-7.2187752150212745
-7.196267521320829
-7.209153550191019
-7.262769313597082
-7.170781864026029
-7.223561049969153
-7.256655426204571
-7.16618376127041
-7.219774144320896
-7.209042431904932
-7.245220224740763
-7.23942596861712
-7.242664717708461
-7.274826018339593
-7.220729345555786
-7.205772546714197
-7.249810041500216
-7.191039468317388
-7.2850220433378725
-7.262030158530519
-7.220337238097928
-7.203618398177814
-7.218110831214112
-7.17677260839282
-7.261043405898232
-7.266225988625282
-7.3053353068302584
-7.186499024868579
-7.186492856964853
-7.223893280526387
-7.231040567923934
-7.291240326452627
-7.253754385933613
-7.2815725636099735
-7.190966885139861
-7.244124711022836
-7.238784780241635
-7.277345186367464
-7.299686028355682
-7.254838727579269
-7.242805674692185
-7.336800618844556
-7.276277888803829
-7.29782829184542
-7.270136834199754
-7.264678988370683
-7.208735078684173
-7.285972382269033
-7.314807783633814
-7.252833371184974
-7.229236723047193
-7.268675846922012
-7.2966549770170435
-7.21425881101243
-7.322724653190737
-7.283213722590124
-7.227525370528506
-7.298828462815433
-7.2527209958234415
-7.339722705122203
-7.297895500230169
-7.267473867171069
-7.277601744146104
-7.199745350473041
-7.23287660367797
-7.267351489897975
-7.2550041124211875
-7.274517756494911
-7.1832143632513565
-7.297979412477716
-7.266189554397385
-7.240152076981888
-7.256783268624746
-7.271774369751249
-7.257229002774991
-7.26456102838522
-7.257394114593204
-7.210081677085056
-7.2904518336564585
-7.309966827296687
-7.253734305719812
-7.328681865905551
-7.258654075106098
-7.32308523310224
-7.290265061648634
-7.22311404206164
-7.209558524024667
-7.2538719389307005
-7.313285486095601
-7.292676102571363
-7.254864334532328
-7.2354099121725115
-7.30657673451357
-7.283892350716082
-7.3106619119426846
-7.2780397901155105
-7.2990060009176325
-7.248903483454329
-7.1797878137500035
-7.314312806023967
-7.335536379967157
-7.2643281689696595
-7.311716199775832
-7.23951207631956
-7.3127379468358145
-7.2612379625316015
-7.295504699221988
-7.154018457654506
-7.229439726461994
-7.338989153046761
-7.266586208973573
-7.270642697072768
-7.291560369229008
-7.326285758895537
-7.177949061321967
-7.27906585199959
-7.315374045776739
-7.305338377901951
-7.215599811254851
-7.278696314674502
-7.35013002634317
-7.299519452732598
-7.258454127028981
-7.3011251794946705
-7.3002766334221265
-7.333028295726336
-7.230114710873337
-7.344070353320645
-7.289196499896275
-7.293624709835417
-7.334645188833654
-7.288715257274848
-7.282823222548251
-7.31888891091534
-7.292998875696871
-7.34500881218035
-7.259295271182819
-7.289162870999632
-7.316609164864722
-7.232278465755804
-7.278521510261317
-7.2681070017763
-7.300588178102996
-7.312928025828099
-7.418392294372772
-7.270623424537281
-7.2328962315849585
-7.3175377657848815
-7.291552326344657
-7.285065464581592
-7.243108280266263
-7.285762156427889
-7.340059709750915
-7.316663718672908
-7.3019090134999365
-7.294451413118108
-7.297559187397709
-7.30385597112599
-7.308041982202501
-7.292192847591335
-7.298485376140289
-7.316696118822984
-7.26516724680064
-7.365465355820065
-7.303197656716925
-7.268464737132573
-7.295664482491732
-7.315581037298931
-7.296772629947544
-7.370354610165447
-7.274140190666258
-7.29552450054085
-7.327841713261309
-7.31524145832658
-7.346374944192212
-7.302565654761452
-7.294014371172498
-7.313739016549632
-7.269977665233913
-7.318944388043914
-7.293771654392787
-7.301651558382545
-7.341658611376402
-7.279332567245113
-7.353160959600451
-7.313881253144093
-7.3033513723200345
-7.297590524473809
-7.316112901792039
-7.3571619975644245
-7.283733989197495
-7.3121870129134265
-7.3561632779081165
-7.320000506519978
-7.324410465884132
-7.343402276051063
-7.298369325365747
-7.278615248388984
-7.3327293829610785
-7.374795131279197
-7.349905216633882
-7.341373480339181
-7.334122340024937
-7.288840242126638
-7.317291460382176
-7.3599041746722795
-7.311280114003107
-7.377564260074966
-7.349786315553444
-7.385907588374491
-7.272263493358894
-7.2694302512381626
-7.321101707907719
-7.300880116848487
-7.301064029504409
-7.3050211012414685
-7.274394577645203
-7.325721523539714
-7.345805346037908
-7.357434636855034
-7.414332584184203
-7.381763546941861
-7.343648718521371
-7.368622173166448
-7.418480002888105
-7.327934921953396
-7.293774709121156
-7.3489120579534815
-7.320943642779536
-7.307429095568643
-7.29297650445527
-7.29294292396078
-7.333960472773973
-7.297417380308872
-7.367478499424417
-7.186981784090499
-7.339777662785767
-7.417518214015317
-7.369971843316208
-7.313524712461682
-7.32928676905935
-7.422584173115687
-7.325777704602934
-7.310842076813707
-7.3380092786863464
-7.356340992372111
-7.383954272119984
-7.382224145068633
-7.349222736549864
-7.346829925162679
-7.334098883711149
-7.3566763701405185
-7.300927171359574
-7.284737477742398
-7.3071956380657275
-7.3634023472117285
-7.35280803103083
-7.348848126983346
-7.314814194360827
-7.327238789910671
-7.398180828844286
-7.344714815165685
-7.398348797688676
-7.384235565747265
-7.417709312144755
-7.318403409600531
-7.328946392180753
-7.354829320478391
-7.339703774286642
-7.264387604283316
-7.455391549363792
-7.405424118396937
-7.374064812483806
-7.299996951792365
-7.359373683598708
-7.368436907853461
-7.339056615975244
-7.333170287771772
-7.355867616602186
-7.347008138441222
-7.33513593789408
-7.337317289921846
-7.356965218211247
-7.2147705960514195
-7.381350244697592
-7.37811394238033
-7.413224776120913
-7.320238883470876
-7.4053118411310015
-7.442882853294876
-7.3754490300172755
-7.352229374543516
-7.268970939219485
-7.387195757013491
-7.363209403844341
-7.332562067622425
-7.287658830265665
-7.305415231716073
-7.331007128712385
-7.344715172893771
-7.388185573318305
-7.418894233828036
-7.346831631130835
-7.4013203721378
-7.376189932336866
-7.37205627968944
-7.3654549498971456
-7.363435255132036
-7.3719906717462145
-7.382656640619783
-7.346444168974019
-7.36182474623201
-7.309065832419842
-7.366760111718804
-7.3831230549507
-7.376809120194547
-7.358192361782952
-7.380178148394314
-7.327701890339163
-7.367928355733703
-7.382029923779965
-7.36664435872121
-7.446898400940071
-7.403785715514051
-7.38956998620088
-7.398538958415306
-7.338530881015062
-7.394876911262883
-7.378204236582279
-7.331660730797214
-7.326023326778433
-7.4311213111240395
-7.4675753426682965
-7.383234407818832
-7.456178206767611
-7.365007587782092
-7.344605425586811
-7.445239906716594
-7.367193551179486
-7.436672759994406
-7.434305087821753
-7.386185184108299
-7.467823606562532
-7.4197868839727015
-7.48456602812195
-7.385721427210275
-7.3540343641724135
-7.388013859024253
-7.3749583774738525
-7.33157654370189
-7.42919726440251
-7.372752001328739
-7.417956674359832
-7.4257122990541395
-7.476757691149981
-7.462017874936013
-7.374273307982114
-7.377961652770409
-7.487115759644382
-7.388472454136807
-7.347386261719172
-7.391396927270005
-7.421226446653084
-7.429785639284089
-7.3845295805188345
-7.445199644671691
-7.426700682496466
-7.41847897552278
-7.420015966162602
-7.423217068302522
-7.390475360299243
-7.379131982902649
-7.426108169876004
-7.342296433011737
-7.441748115739097
-7.45711905733529
-7.399566001179339
-7.408593021636611
-7.36890848189192
-7.411927482606366
-7.444084488009079
-7.413111758629519
-7.4171330116911465
-7.436543000705548
-7.402197942092936
-7.43294422693597
-7.325160504466091
-7.408031762509947
-7.478517616685696
-7.34616716586085
-7.420938376035004
-7.427874705454963
-7.446335789249233
-7.406721978064624
-7.400529196679478
-7.380200455293785
-7.499690754722579
-7.3962882966956585
-7.444500532680539
-7.416100273640019
-7.462243056961109
-7.481814591740186
-7.468099928917399
-7.498535498551708
-7.470202311896205
-7.387885554813554
-7.411125128857745
-7.463238917568446
-7.439367273004392
-7.443708237742619
-7.492471014366373
-7.325069957740415
-7.4021398254596456
-7.346086361999451
-7.428720955281758
-7.439423111955531
-7.362492900982993
-7.462226524796559
-7.478630600492803
-7.439504327531963
-7.394628672022171
-7.525705108794132
-7.467917119947903
-7.420011860873098
-7.439625159564584
-7.47330926886295
-7.378266569154359
-7.4814367228214
-7.446450968769198
-7.283592569201312
-7.429024021566196
-7.3775105451734975
-7.391526993621705
-7.446878799631879
-7.545029134681828
-7.432329211925046
-7.422524897844138
-7.423237941973934
-7.506399263432401
-7.432840893628169
-7.41119117768396
-7.508648938524182
-7.487882531800742
-7.427908105997985
-7.47119961658687
-7.456178193136321
-7.4209852769215505
-7.4857618217643624
-7.520975258223643
-7.451911442933913
-7.509910010553462
-7.430296406370225
-7.4598932444835375
-7.4277406211279455
-7.450948157608199
-7.462994726060552
-7.5017984646697915
-7.443188533216143
-7.467583792322888
-7.453504591205029
-7.414833857061089
-7.478318634650954
-7.522574673436089
-7.413164009545482
-7.4531175485104
-7.489917916901337
-7.448096464580494
-7.435997090773886
-7.471793584268081
-7.462243607373911
-7.395734099087981
-7.500706332888626
-7.42625440001693
-7.468395703942678
-7.416206600943342
-7.460863997026379
-7.395098594202711
-7.47398751968604
-7.474466745349017
-7.50707512828021
-7.510368561252395
-7.470920501771747
-7.508296594505167
-7.546235145955254
-7.4777266209400155
-7.417103783248708
-7.476819431469277
-7.4167241350269935
-7.499008207727347
-7.490366923173733
-7.5407529541313085
-7.534672461638296
-7.514311595337907
-7.43878909057057
-7.46683996881425
-7.473319416002839
-7.462204622980156
-7.528719086520212
-7.460430422068978
-7.49734982287702
-7.494904344406435
-7.402320349289626
-7.556691479382138
-7.543332337497183
-7.503507802796219
-7.5412559703962305
-7.4503266292417365
-7.56073038205209
-7.512529786165719
-7.513085605749824
-7.462420113062631
-7.511283588395674
-7.608393074975578
-7.496458900236175
-7.563443847488708
-7.498973785998821
-7.436969573032712
-7.5453628950157
-7.49685239991684
-7.560088626590306
-7.523572457388586
-7.530324733699856
-7.452797000385509
-7.47230189741253
-7.448825870964666
-7.552811793659631
-7.540272534499064
-7.50640191668154
-7.514446954617869
-7.485928284084888
-7.507938368748402
-7.55108933852406
-7.4332784050923735
-7.575532577051426
-7.530104869603324
-7.483367284312841
-7.546005352660588
-7.5063881432108985
-7.492593076636819
-7.5071810637652945
-7.540445305280561
-7.515367730910909
-7.530576258445901
-7.563024220876077
-7.515033671216128
-7.5549486071771215
-7.523708614053804
-7.55359462776223
-7.558997454486684
-7.485570734991987
-7.5246219817843185
-7.555308585419984
-7.535724795103519
-7.554382338536468
-7.4887536783986945
-7.506323773768111
-7.525988618170904
-7.536002243488169
-7.504398683638162
-7.435055103360273
-7.462346152119285
-7.566049233243639
-7.547109210196645
-7.46874434046554
-7.555843452260277
-7.506629405449303
-7.531111482031058
-7.547395240889369
-7.474033525745014
-7.533888771074611
-7.489651582258098
-7.495251455534038
-7.52270827259909
-7.562207798332114
-7.543276797235456
-7.518189862466584
-7.528749741408153
-7.53940647003481
-7.492837173642349
-7.458753044768317
-7.529152236418371
-7.530452913755723
-7.564492314208597
-7.535164800600552
-7.582115635385364
-7.533598230194617
-7.469181978548867
-7.523686097679823
-7.523179818733166
-7.561641114111605
-7.567819669582765
-7.484478177580979
-7.588960549690398
-7.629831284342028
-7.569908024239739
-7.578395028422474
-7.512646593132326
-7.559972742446298
-7.518101685289586
-7.558326939624928
-7.633048285893544
-7.476536662214783
-7.541026691948549
-7.575529891860447
-7.576919869518337
-7.51408647107956
-7.598484623751799
-7.54443498329474
-7.558552167605477
-7.5552149011913174
-7.541683721362834
-7.618490868823511
-7.56089759722401
-7.554019258992851
-7.587445898657802
-7.532166860329152
-7.538244519799874
-7.51569272952158
-7.565894313392265
-7.516064280718123
-7.553592937833175
-7.566268247313693
-7.5594951439854645
-7.5626603454804044
-7.495947019262579
-7.532938780889076
-7.480714804817755
-7.488480283757696
-7.4511938503075035
-7.538756237982459
-7.416830451658685
-7.435506324676452
-7.526099778127139
-7.522976668367638
-7.452177560400999
-7.448845881140513
-7.501152439232744
-7.490592963658519
-7.5036344767709044
-7.56857636402108
-7.522319362232927
-7.644259218968556
-7.506848018740858
-7.561583205205583
-7.54902910640357
-7.614632646834707
-7.475950021282731
-7.52360895264668
-7.568348326220032
-7.503614144679623
-7.527123022597088
-7.541450993307092
-7.4945798770906595
-7.512531148761707
-7.593696720540617
-7.589531293227776
-7.514390011202316
-7.645790299264895
-7.527004843867961
-7.578694678358159
-7.536259529386759
-7.539613043246252
-7.617930219949075
-7.579508130829109
-7.555811535872735
-7.598769047516125
-7.62422772747767
-7.5768091679305005
-7.609268519189607
-7.628607145013902
-7.614978827631366
-7.644282994076946
-7.524921657669999
-7.638835365876287
-7.561337961105153
-7.585510024959435
-7.777972580419835
-7.66421971735123
-7.680226370320515
-7.608100112713881
-7.637717255384186
-7.642011963130324
-7.582700869202423
-7.561171134921537
-7.648726839593512
-7.331659732491812
-7.3623590192445185
-7.290059735837696
-7.52788307969191
-7.596661022511246
-7.5995701760745575
-7.596592998396362
-7.539100600805793
-7.605377677467773
-7.5971138305347425
-7.5918722783239305
-7.592495837815879
-7.597094202227322
-7.57589289926612
-7.523837168335739
-7.6214056951152855
-7.543426261177306
-7.5788431980810165
-7.582639543394584
-7.517119674300566
-7.552611593654307
-7.650696225494151
-7.603666914229554
-7.640930718209572
-7.539052890813782
-7.5527609911942255
-7.6161092746806505
-7.582229191946691
-7.601172698300612
-7.596278640437511
-7.62311743050553
-7.52328784640871
-7.598086583011919
-7.556791810974111
-7.571397381756896
-7.612613212790992
-7.590254576659418
-7.678418904882985
-7.606089846375342
-7.672661115497381
-7.604198183913606
-7.527867724050985
-7.611681860369008
-7.593875408321162
-7.556170348876184
-7.609628741834188
-7.5614456285360845
-7.573505709095532
-7.6251322391497816
-7.605061000558843
-7.610004934505408
-7.668873797737982
-7.637419101831357
-7.610284673623285
-7.655688791376426
-7.642149811309466
-7.573058492227204
-7.615265793250188
-7.703511809025563
-7.672792851999141
-7.665316403764035
-7.575209517358346
-7.666845839201888
-7.674939733044034
-7.642206437359244
-7.700357936502193
-7.658751922513183
-7.553579717713127
-7.551763463639351
-7.67719992733344
-7.637900152170937
-7.547843867221244
-7.66485639079241
-7.710388205778499
-7.658838547954066
-7.610254156406523
-7.697564120645703
-7.578102557980102
-7.670023994660692
-7.6348027697849865
-7.688346316470663
-7.645391785312042
-7.688065120219621
-7.6728057191087125
-7.637384901361614
-7.712265253011768
-7.70563492851132
-7.670569903775524
-7.696976584681519
-7.743133858304709
-7.615204721205702
-7.689766654073122
-7.66675676571734
-7.676169925859236
-7.728538658604539
-7.67024245441383
-7.723919862627851
-7.70866917906527
-7.655122853168777
-7.640106445086376
-7.682445595819458
-7.712638524134158
-7.703050468118796
-7.757399201556679
-7.658422154482231
-7.682314296147519
-7.720810104721247
-7.655975165515361
-7.654764544935979
-7.689415695852489
-7.693027802298414
-7.647046374313752
-7.665877842747053
-7.690907024827609
-7.680406736801604
-7.765747253678407
-7.7209252923567
-7.698351759946679
-7.692943660702923
-7.70118926977764
-7.722239801049577
-7.795764500793564
-7.742592389622712
-7.678511427627902
-7.80051547824081
-7.642054395190062
-7.5118002083654165
-7.761234699340857
-7.694614782605936
-7.740703695496271
-7.6960236525522525
-7.73010598024232
-7.7157174895517535
-7.65352039509055
-7.726435880618472
-7.720867169523807
-7.776478348779634
-7.778106726085965
-7.730508636592673
-7.697760911829981
-7.707383160714437
-7.681954587364036
-7.7199474726476005
-7.6994577035833345
-7.732678587354484
-7.726933884624426
-7.791848915909752
-7.69551542214553
-7.746888145718046
-7.742999816113273
-7.671539003545289
-7.637767274669287
-7.748141001203047
-7.728963152463155
-7.723039509870202
-7.6766610059094225
-7.745016898605828
-7.7274079707582475
-7.7450999859942655
-7.7340103682571275
-7.687662673964917
-7.6949936004763195
-7.760859864574795
-7.732864916299552
-7.770275167826019
-7.736795819207704
-7.808792078483295
-7.809120777387836
-7.713806495100354
-7.481580720905376
-7.473705643202216
-7.350076065806737
-6.839234375495822
-6.303692339348527
-6.068787647707591
-6.00676792350696
-5.517390948714443
-5.519349961134044
-5.488614300584601
-5.532407001292928
-5.685100056705737
-5.513558985184986
-5.512884543388424
-5.509722313259836
-5.544003004111136
-5.504160115095074
-5.59931708532168
-5.743790591907981
-5.748071760395362
-5.595911227813005
-5.631702910734891
-5.760341904319917
-5.986916896573845
-6.821257587634321
-7.632532118544077
-7.6778571739111845
-7.676550516646931
-7.772367202290217
-7.73547560578599
-7.63784018186076
-7.552921971666831
-7.522241234930426
-7.4677586730707635
-7.4863257392466185
-7.440798810108257
-7.404350155318021
-7.388283299073986
-7.329978844945413
-7.272423989676927
-7.2802576509335815
-7.388161634888016
-7.277660045477595
-7.281517923405523
-7.288396293980921
-7.370639062241691
-7.342057713123973
-7.361964456727424
-7.440914055747233
-7.338728608055712
-7.411649850888454
-7.446242601523965
-7.431360061636636
-7.556238353715054
-7.536759745922598
-7.471393145512137
-7.528269421804379
-7.531387438651305
-7.478483853416858
-7.552305575325199
-7.592535184389805
-7.596362072742666
-7.596619929397673
-7.638852856287108
-7.573795700835316
-7.751201122242465
-7.636215217196768
-7.643814897916574
-7.667801127725406
-7.602460315586916
-7.669376067264719
-7.720934623180071
-7.697113532049878
-7.725881690613434
-7.768566850811874
-7.702300201820454
-7.721748028496598
-7.737357120753744
-7.695063812530633
-7.785054352769321
-7.669039184767097
-7.757601896915452
-7.74046483544733
-7.772887108532278
-7.788436954292873
-7.694505466085859
-7.7982270954851565
-7.788206541747201
-7.731239738960248
-7.720663555539518
-7.757672630858538
-7.680454276500209
-7.792332318745574
-7.75812487391833
-7.755459254159099
-7.7438155749169315
-7.72009474073808
-7.762871577980609
-7.815417116917129
-7.794654962772538
-7.687401819157856
-7.742444477325093
-7.73620658165209
-7.8085699509404805
-7.804691543466433
-7.739956989158199
-7.822696356372385
-7.771158171409782
-7.732409767868255
-7.725751425268534
-7.755104315719111
-7.777151980952728
-7.750899800172707
-7.812525009623042
-7.768806834603639
-7.826737679005662
-7.784930431732189
-7.766069748050869
-7.789099731700553
-7.756452274561244
-7.809029900031262
-7.80439529591775
-7.801341772129269
-7.83439542787994
-7.805797244920327
-7.754908975042216
-7.709031824228268
-7.757880729224688
-7.805896930995965
-7.810681105989151
-7.795417487664185
-7.7700852328260375
-7.744506762221498
-7.675920993683443
-7.7164027656356415
-7.6715080488858405
-7.765554144287875
-7.67237229347182
-7.692132581851216
-7.679952379126667
-7.658874807986532
-7.733906918759124
-7.623857150427658
-7.617523235614943
-7.6775213550729875
-7.689327593264726
-7.712424502626921
-7.717849781250256
-7.745589264181092
-7.708144053982254
-7.71160402481549
-7.711945187783259
-7.721866743951171
-7.710715439372291
-7.678690829013624
-7.764283070612153
-7.78346792918666
-7.733778286165171
-7.739334373479962
-7.744179170079079
-7.805085540014478
-7.888742775295397
-7.813573464465424
-7.847460940746315
-7.730987933230725
-7.800790217164671
-7.819576365108524
-7.769558410155554
-7.8113081087211205
-7.816242324594374
-7.819219946453838
-7.767382299512035
-7.787907585658991
-7.763292654352444
-7.855884965891235
-7.852992253343325
-7.874000122802613
-7.9431285065070485
-7.836981789856343
-7.802284016361002
-7.7747885759105575
-7.824175822714428
-7.837232097890449
-7.869529501432798
-7.795579359137337
-7.835993125174579
-7.845540274193552
-7.853291140217218
-7.928538472506304
-8.009658020123364
-7.814655550033918
-7.848301750496495
-7.897378326182862
-7.869832442623909
-7.89960303706573
-7.880079165396515
-7.849258789230951
-7.853811143508162
-7.906846971712493
-7.846409400344432
-7.928596688926115
-7.853732030717443
-7.879569554196974
-7.884199416553537
-7.943746435190376
-7.874865039401077
-7.916503519002379
-7.965096437661721
-7.8970951593563035
-7.849961680496981
-7.787950736743679
-7.872975820854247
-7.896426526001626
-7.8726200482191535
-7.900640430351434
-7.915357206606896
-7.886333221786436
-7.946167796455258
-7.898769586667981
-7.841709420220638
-7.905672356696133
-7.859347614314055
-7.881727744191825
-7.896933980092271
-7.926821735171078
-7.823893279475556
-7.980991867157868
-7.905193072810057
-7.827970650479195
-7.861052310293471
-7.904786972239217
-7.851449662904376
-8.025874072363791
-7.86553807665264
-7.950771538086276
-7.90875994262062
-7.911082543675535
-7.9780706618377
-7.905475077702224
-7.738926753682285
-7.228456807900208
-7.333252404763178
-7.980903500818262
-7.865091050579828
-7.8416746607651335
-7.698283183869697
-7.669866035405896
-7.47734684659385
-7.291973391731346
-7.162675373972657
-6.9930465796068875
-6.822790023058369
-6.531989350051072
-6.392487374616643
-6.119844420358999
-5.880905786796944
-5.761429800739991
-5.569804239915449
-5.382996810305064
-5.235192237632884
-5.1722993631021055
-5.100860468521945
-5.0863894468120385
-5.02336292022214
-5.084773708612334
-5.015477217761161
-5.108405575852254
-5.230419270661976
-5.257775814517419
-5.35372073297698
-5.366887235096012
-5.53136224376216
-5.6299868607263015
-5.731456479866945
-5.723652000519221
-5.975815211059154
-6.034309291675402
-6.10374649361661
-6.194615393680587
-6.342038835834645
-6.356893483743026
-6.359090741253544
-6.400797020221906
-6.56925663754603
-6.503524825763858
-6.666272802008127
-6.686319813487437
-6.780099191950505
-6.799239895758491
-6.814198604793582
-6.931336851428583
-6.7987930378651145
-6.931191044595083
-6.987280185736603
-6.910167018327353
-6.979365119875992
-6.925416955536615
-7.061606045791961
-7.083074581776682
-7.070378867094672
-7.075839512095891
-7.029326375888423
-7.250818942500302
-7.237756267127011
-7.204944104653134
-7.244553838527086
-7.182569150744013
-7.080420483326371
-7.203276487810242
-7.15013712200853
-7.181741764400565
-7.1986069056511175
-7.237744522342972
-7.252489469101841
-7.22770150122626
-7.238008398655305
-7.302782822398585
-7.306546786814259
-7.418016324156378
-7.282218767410315
-7.39263827928179
-7.410874312646083
-7.365666442705801
-7.377419447298124
-7.3325433173853245
-7.3953476415054755
-7.286204994066511
-7.361201348425287
-7.4407736760880825
-7.3570013170355715
-7.454934401186012
-7.4325677081222725
-7.415725836813417
-7.356194278431257
-7.377240742618968
-7.53358833861482
-7.434988204123079
-7.448523147584108
-7.4317669689345935
-7.455098834405027
-7.498900802816576
-7.456996466487162
-7.471056858201539
-7.472769722507092
-7.473420016767671
-7.437118750872933
-7.442173480777254
-7.523558717464502
-7.50362748806724
-7.4906211752980445
-7.404032668125483
-7.4377311092319704
-7.566152942291989
-7.520219597848254
-7.44679915146258
-7.518148613837759
-7.5038024491621504
-7.5144498844262415
-7.541516123016205
-7.515909922112929
-7.574753441416417
-7.49417170579508
-7.537075339111557
-7.515494633978033
-7.549313951818336
-7.5013593119791215
-7.538568408924248
-7.49751192306882
-7.692116326920992
-7.5018615783583105
-7.545573422354668
-7.495198585667059
-7.4709561348919244
-7.567132972509959
-7.546763895996637
-7.491175199994797
-7.484903944875002
-7.562135732362023
-7.537983530973147
-7.612978073281363
-7.556120941422648
-7.593210437732146
-7.52551870722888
-7.463017546297607
-7.60992030248487
-7.620195865584037
-7.613376019352927
-7.688315983130254
-7.58559820328846
-7.564365970731332
-7.583068765518252
-7.532141010060316
-7.5681362005342
-7.630890258486184
-7.629088726706598
-7.577392397611063
-7.646270391886074
-7.614555142281539
-7.663114585803121
-7.636348302211385
-7.596231533207109
-7.71656474333971
-7.645353596124998
-7.580092299988893
-7.583713093464195
-7.625173484685013
-7.6172021033537085
-7.578584572275348
-7.626291938285924
-7.7191733636272595
-7.60907882558132
-7.6265887151940195
-7.6855021347824835
-7.635095850459367
-7.592546873284409
-7.713649758585726
-7.6180820206562245
-7.642753547065798
-7.598379085391581
-7.64048723484181
-7.718009515189924
-7.606548508769528
-7.665808824233875
-7.638590828468242
-7.730478534048754
-7.701155282737604
-7.6218137424643535
-7.6261797522891985
-7.639237912036092
-7.69920115664355
-7.62911758270261
-7.572490795772054
-7.706446723279879
-7.659663412806515
-7.730836352963954
-7.629953436857978
-7.665247215202753
-7.694530440313151
-7.693251880824793
-7.742199885193424
-7.661996935433942
-7.7017981889482385
-7.580290354418267
-7.657142774903872
-7.694394789636306
-7.656827103789073
-7.675874130652852
-7.626244410480886
-7.701785047409499
-7.698708273770028
-7.738975867314763
-7.702564522322193
-7.655175807216273
-7.76917217810443
-7.693280711277975
-7.735045223643685
-7.774069025317267
-7.660785038516599
-7.691390091255406
-7.754013526639472
-7.707891289468546
-7.7555800311956595
-7.8238210661773415
-7.57739196148384
-7.802339922694651
-7.736304466405567
-7.697550191905439
-7.698806873800469
-7.784610555667431
-7.713218150025011
-7.7081736499423
-7.700333989947146
-7.718943689220644
-7.73814056007753
-7.667857739400379
-7.77751711757556
-7.7002406367067415
-7.755251953282823
-7.724971607740959
-7.734137178158171
-7.779679933100258
-7.751331344510452
-7.8444322753888605
-7.745830175892923
-7.672204195147993
-7.7503699080454
-7.759679532065869
-7.762738602293311
-7.762350197658901
-7.719884549449216
-7.743693817588545
-7.731845504384336
-7.8378518157585635
-7.814427738107139
-7.765707093743484
-7.824781218335635
-7.7719918248628375
-7.767415201980924
-7.740771936163158
-7.848353810131947
-7.78228899793276
-7.78079013485492
-7.874589061604765
-7.820606376603283
-7.8395021024942
-7.802903277018537
-7.753341389674404
-7.729706792567669
-7.748913513778783
-7.839715697424483
-7.710373825443317
-7.85637745652784
-7.861617363731878
-7.71213028530752
-7.773928977877183
-7.858066692923328
-7.8302608809935625
-7.875222871458433
-7.792860253251191
-7.808451023266445
-7.829219799197521
-7.834187046657956
-7.8131987415543875
-7.795589806153825
-7.8339927571680334
-7.801345408019483
-7.75042195276053
-7.8009825801339225
-7.773506233704641
-7.7950174004935056
-7.785282986715332
-7.834526781002599
-7.755708268624763
-7.725432082073884
-7.819492455367734
-7.7858454516381315
-7.707432370291051
-7.868863794301274
-7.828364180437088
-7.895431334007025
-7.7374948067048965
-7.886891189239589
-7.819437307969998
-7.874460329539083
-7.782964333219162
-7.80571841452464
-7.84301434653877
-7.784056040993829
-7.798436194013239
-7.798181098341977
-7.815631689757257
-7.893279186368542
-7.84245880796053
-7.8286612938405655
-7.8025555619928015
-7.819191287150779
-7.805546643097656
-7.854756412618848
-7.803610754176424
-7.84813015030712
-7.913093926984563
-7.817855527616783
-7.808206924127508
-7.894273969234852
-7.865172504109887
-7.851192874869231
-7.787962659717531
-7.802664989337259
-7.881662608579564
-7.9036877383232484
-7.844031769035927
-7.8848551981422235
-7.905063976393868
-7.846147750257294
-7.767872079327822
-7.866788354829364
-7.867457742671405
-7.834176643062526
-7.8783986659317335
-7.873742796175404
-7.788434068781945
-7.818342983217109
-7.783104007124852
-7.9356627909312465
-7.7883063992901
-7.832552065785329
-7.8262704671356715
-7.836123799085676
-7.8668167725270095
-7.815267782406481
-7.843788856239221
-7.870225238935712
-7.9061499577516585
-7.849650131286592
-7.860143448955881
-7.8590552559250915
-7.8713682988645886
-7.867135329998281
-7.86523068253371
-7.893854917130799
-7.865887970173633
-7.839957509903515
-7.810958461992222
-7.891039840939898
-7.897125118497771
-7.822638356794297
-7.908341154561079
-7.840592465186316
-7.910243611667281
-7.939557189835634
-7.908702591754062
-7.894043328487303
-7.860864572836857
-7.871757702198948
-7.844948891792686
-7.880657990498448
-7.898094471953636
-7.8672006089896245
-7.8406875762048145
-7.890611790432167
-7.844300083434485
-7.86904015400763
-7.841734944753817
-7.9288103830738015
-7.922407099929956
-7.8784840071202815
-7.987641630474414
-7.870470763215903
-7.898149864154077
-7.893589640074847
-7.928290412333364
-7.960135083949119
-7.920259901877386
-7.844830022791303
-7.86757559184038
-7.952287572501302
-7.909894285040785
-7.877061479605292
-7.893306607901906
-7.870540961867931
-7.8784481001945155
-7.87285831085874
-7.875955906333802
-7.905144371805742
-7.895678336276901
-7.849438698383423
-7.86339736542718
-7.825810174441658
-7.904451169369276
-7.90270337679565
-7.870651626568343
-7.955978267569719
-7.864618834068705
-7.880594063852512
-7.821092485356367
-7.9195229968894685
-7.926798114592859
-7.834581601380492
-7.823290502117468
-7.9067359148766805
-7.937755761383404
-7.873476978695297
-7.92246496383962
-7.889009750937998
-7.891514864573136
-7.876803791868287
-7.865619350962169
-7.923274771595016
-7.838959119214756
-7.892431849909248
-7.896233625662612
-7.82707717110401
-7.927515275694738
-7.930099026084
-7.978383223865212
-7.946222167793666
-7.939000382730119
-7.9521775593333075
-7.895949468418062
-7.953345408562244
-7.834785018468789
-7.898188352187109
-7.913322832162641
-7.859204466621468
-7.958242936261583
-7.8676017364456134
-7.877442864434153
-7.8282931290014535
-7.946141817503315
-7.948692029199854
-7.957769156061983
-7.96250450183084
-7.77766048030103
-7.982821589081215
-7.998630881585796
-8.00528877544857
-7.9414979544872555
-7.913568409053314
-7.926476848505989
-7.885964034138451
-7.924815899751265
-7.845507553092464
-7.883088687512741
-7.843325547325676
-7.904246014570072
-7.839939299778894
-7.997098062288493
-7.931846192775494
-7.995467471715377
-7.836190974264639
-7.939903897998112
-7.996649883337409
-7.9557512805360595
-7.836064170033516
-7.869500042228825
-7.929129111356139
-7.835759818596104
-7.8736661405677
-7.995406808052074
-7.893312076112398
-7.8632194990791575
-7.9880041289291235
-7.899753416073271
-7.8361785831861885
-7.941308389759564
-7.959990616173039
-7.935604595599205
-7.960119189235584
-7.939292230899746
-8.012730707611626
-7.923160727760298
-7.91756723910863
-7.887029723368141
-7.939050288951397
-7.9638071516774
-7.942738114514597
-7.896348044871198
-7.948629290214372
-7.9334202567301295
-7.897290377927371
-8.045298229126947
-7.98068190610865
-7.906631120686576
-7.896646658999813
-7.959669983425482
-7.876490616207497
-7.941833024730875
-7.893579180531933
-7.997513019323271
-7.9347438040881375
-7.973643599584328
-7.938143817784483
-7.9305547845782005
-7.860541799628035
-7.952767242143769
-7.929668026949165
-7.952101534072774
-7.953642349559968
-7.872292336836221
-7.949438948962531
-8.043761784833086
-7.937145210808025
-7.92788742395745
-7.939587080432701
-7.955566081670401
-7.937618704084598
-7.961015656686971
-7.9355315860748705
-7.958634272584632
-7.888463943515091
-7.9143468499783785
-7.887642239942306
-7.908281949436956
-7.923753182290025
-7.924042772969229
-7.960277546373971
-7.9812665744729365
-7.936191791919931
-7.89025972214164
-7.9358451721914625
-7.872497353466468
-7.950010862541567
-7.868737290359835
-7.935432464682066
-7.971910839982941
-7.822598026466419
-7.9605917476193175
-7.929374312248213
-7.906735819732984
-7.8870194969961265
-7.93471199727836
-8.009425081689583
-7.929054733098468
-8.007208156583397
-8.015749963298207
-7.902840699353111
-7.987141751889154
-7.997110686274931
-7.92685044276088
-8.021360063324549
-7.957897974096209
-7.95288331968829
-7.961796072607192
-7.941086034545473
-7.916344701538259
-7.936806154705174
-7.955167681737517
-7.966835927843824
-7.951612889041178
-7.907919473820364
-8.054252286525362
-7.98274795918523
-7.87694278401684
-7.998214045029673
-7.984510319288015
-8.024165322142968
-7.933623466243325
-7.977439124478915
-7.887993427801668
-7.9344589763566535
-7.966768429885135
-7.9973950135928
-7.978387877643015
-7.975960543920104
-8.05518243569887
-7.931603719247272
-8.05232819899001
-7.921335849868405
-7.9372978893019805
-7.920556200954144
-8.006515462582533
-7.951924659000458
-8.053231517304988
-7.918643017151339
-7.98400513312832
-7.948306805158618
-7.936237176458815
-7.994584768450742
-7.978366267165559
-7.960285444432748
-7.933974361261163
-7.915255732953222
-7.997086773675115
-7.999455789728049
-7.9637643167480565
-8.027799882575922
-7.939431318350967
-7.950380430613257
-7.938557125540164
-7.964608735846714
-8.009166097556808
-8.003494761307165
-8.041903397114758
-7.968061045668669
-7.897835763634046
-7.953022442596975
-7.999826013962657
-7.97716200492879
-8.022717103374315
-7.98861950447056
-7.9968532170956
-8.005602256115388
-7.985663733545495
-7.997268692868907
-7.963950971222282
-7.941418566530394
-7.972757283492917
-8.037604938086009
-7.970165015244882
-7.886746103912529
-7.980295052023229
-7.911831504467834
-8.0001609373306
-7.986591564480979
-7.879771158574551
-7.919984369845526
-8.01966403559347
-8.016761200396555
-8.025997361420824
-7.937385697547403
-7.991009056993815
-8.02914293251517
-8.005029351592372
-7.9654395386153425
-7.969969529550344
-8.014998957724359
-7.9836242939628566
-7.907958457458666
-7.945679570247569
-7.999640896642422
-7.976713078761463
-7.972363790495051
-7.99293162789219
-8.048730038336052
-7.9932034897224895
-7.98464615757069
-8.00015578869255
-7.984430480019329
-7.999720085724919
-8.037407208259959
-7.956369065160152
-7.918728237341788
-8.029935138449087
-8.012836291340404
-7.976407956394818
-8.018486323563513
-7.982684672275868
-7.9990524166740045
-7.976468752865428
-7.923471881807079
-8.051074598275303
-8.086104786397526
-7.977146153628154
-7.959745024460421
-7.958354072651909
-8.038481656251411
-7.947601833574112
-8.059710254491321
-8.003286320194453
-7.962869485459617
-8.025498641145289
-7.921294768652719
-7.962420785711302
-8.044073264918657
-7.995013627265317
-7.98421542169504
-8.01592798037946
-8.04513052462245
-7.812802824724383
-7.95674760978271
-8.012785563313093
-8.013365661389193
-7.980678000374748
-7.98926521628659
-7.937642955956008
-7.95025268243371
-8.022789655851666
-7.993925943874001
-8.0234561804239
-7.973683093081984
-8.064942445761146
-7.998543631332054
-8.007951466132969
-7.9571245748117
-8.0413961512071
-7.983495147006562
-7.995343630581478
-7.980626343780712
-7.985503727876519
-7.951935478331878
-8.014079277232106
-7.997189170843862
-8.01250362299884
-8.061306159337187
-7.9794190359973385
-8.116891899025392
-7.975039500434592
-7.959075695142854
-8.028015266498342
-7.986460823317055
-7.9403628954685175
-7.92893199101483
-8.032121880201192
-8.039573451759336
-7.919452055085602
-7.9558127773622465
-7.970733452385659
-7.961688289742452
-7.9973841360855635
-7.990303088506199
-7.974552855027456
-8.046809100381997
-8.020794872597241
-8.052186134707922
-8.070725443781866
-7.967260132664676
-8.035435771581312
-7.996562941706298
-8.053607765974933
-8.047358989672588
-7.981522398540196
-7.966974797791966
-8.035932955699264
-8.079647076356222
-7.9923534578474476
-7.999850523052463
-8.030819542047352
-8.015118413233596
-8.099096722723596
-8.012089334571067
-8.005080769805353
-7.97441675787585
-8.030311743314634
-7.982923592684705
-7.9064624566534025
-7.961306212232405
-7.973496828303825
-8.011810842374118
-8.031287865694656
-8.068886136996992
-7.874180497218669
-8.090583136022515
-7.561817633705026
-7.966834183346875
-8.069464589626417
-8.100651817227105
-8.004491634676748
-7.946816012530921
-7.906587856691286
-7.761560538497659
-7.656857354759298
-8.059175723293004
-8.130423612101978
-7.979851939040228
-8.023170619016751
-7.991470434930074
-8.015140800258676
-8.030239174926821
-8.000585145776665
-8.003270274277886
-8.026319364179868
-8.066644989356027
-8.015089940452027
-8.054254833291902
-8.011414401059264
-7.981939913472857
-8.03573920481206
-7.940463851206143
-8.034592194170136
-8.016527124155852
-8.001578931562625
-7.992931240692354
-8.000604925998601
-8.072610202218394
-8.028696832235289
-7.980188344398468
-8.049043846459943
-8.03201491845619
-8.031493222200496
-7.996361866015334
-8.05561423976806
-8.047400004273824
-8.028680608914744
-8.031179142214086
-7.9382426611465124
-8.009097623300512
-8.036058786759744
-8.065510584414309
-8.05007770710696
-7.983468435853185
-7.980223285572733
-8.039328368867716
-8.047775178171102
-8.044792608508688
-8.019365005544886
-8.050477256012483
-8.007388846250292
-8.023988344859251
-8.081047157552419
-8.109068359315112
-8.06278281542755
-7.994633783454711
-8.030857054084453
-8.001855479928498
-8.015398506276336
-8.070208999381434
-8.102114021779403
-8.016730024694393
-8.02742422255616
-8.08849927159739
-8.070849145843571
-8.047202084264482
-8.056088158536333
-8.007885438390035
-8.07578517507663
-8.076506167412886
-8.05395965382987
-8.038405726890856
-8.003066990372414
-8.085574044183819
-7.989182897780633
-8.095508589850821
-8.019929140546003
-7.996825064915796
-8.000583809909473
-8.006053754616584
-8.03482995311448
-8.022704283141536
-8.002231936814336
-8.056106095362923
-8.082024176272112
-8.045142078019017
-8.101550820350978
-8.023562726868787
-7.989631668620174
-8.019267246085441
-8.042851451705053
-8.072839472318506
-8.08376109360701
-8.05461742729551
-8.065965964877288
-8.008617633239448
-7.950742809835212
-8.093122023075981
-8.020969438358321
-7.991475073158042
-8.040849308397881
-7.972565754233905
-7.988763665299597
-8.033428390196542
-8.125925886567225
-8.094861032149728
-8.036986281948998
-8.036894663732532
-7.9757414590768905
-7.966367124439796
-8.039541184541935
-8.032648422572699
-8.064178206854576
-8.106885373997697
-8.054917547818404
-7.9793342020265206
-8.007832917136595
-8.05147707141355
-8.008823362692755
-7.996525939826248
-8.1196294244112
-8.05977468646975
-8.02739086046631
-8.07581053983361
-7.993088687033773
-8.006275973648156
-8.004707143129602
-7.982235283537907
-8.076817619734516
-7.9987898036748835
-8.05181924805837
-8.067401145567597
-8.087877957017868
-8.061660431796414
-8.083410695041549
-8.064523575327744
-7.985341715085363
-8.102151482498806
-8.045858111354455
-8.00639930203939
-8.059647036448514
-8.086523599828713
-8.073196779209963
-8.039662151823762
-8.10292757228294
-8.039618308926192
-8.032210470838027
-8.090637002494054
-8.134894536746001
-7.9711464377697885
-8.146468483063542
-8.082627592515054
-7.972741171400185
-8.09332597731271
-8.080798829520985
-8.07796153450974
-7.923033085243571
-8.054749530893213
-8.059312049465097
-8.047533671924448
-8.104335919054684
-7.977522593212467
-8.06921154988918
-8.007542419260274
-8.113022307630368
-8.110989775481825
-8.113180356847622
-8.000136498300142
-8.07734035882963
-8.099826889945382
-8.050060435968277
-8.087395834336263
-8.018376405038532
-7.993538510553001
-8.036730388841343
-8.024008229304256
-8.083696852193226
-8.076228416612336
-8.02262559247883
-8.097967371873152
-8.004532560967963
-8.037589487873921
-8.11915542362367
-8.072433804541843
-8.077868737748366
-8.049543960876477
-8.029319970600287
-8.114696399245963
-8.037179908932407
-8.049356296680537
-8.1045652653207
-8.0774530378825
-8.06078183335724
-8.039777491620073
-8.024891680611082
-8.04013253708047
-7.988599210586954
-8.071011066082438
-8.09928458872089
-8.109745902258638
-8.054990134340594
-8.133351941478548
-8.03988338040297
-8.117737461739269
-8.108227532072945
-8.066852466440485
-8.119588864396412
-8.121686618901604
-8.04516375303366
-8.103340722504283
-8.115390675750536
-8.038803915737423
-8.104963823000675
-8.086411217053481
-8.007877585296354
-8.058713638006417
-7.78300887731179
-8.103040839939345
-8.015604879682659
-8.075964700604876
-8.121576930593259
-8.115962705712642
-8.043949147945623
-8.17431652658897
-8.092711507656558
-8.073461554771225
-8.089379595466482
-8.154433822533017
-8.0761037851179
-8.011727763211743
-8.14356514210367
-8.177895317125909
-8.082481984012572
-8.091515460312275
-8.107921504012216
-8.086349996771117
-8.07050218459655
-8.134350023400975
-8.028407928031754
-8.184780719387375
-8.17145162820444
-8.10535520846088
-8.11928023726451
-8.058056994944412
-8.096361459990538
-8.037877802564264
-8.006368077590734
-8.042916826888545
-8.079080557883183
-8.121299955221106
-8.018058453496753
-8.065084577800107
-8.146892368286059
-8.062132115948115
-8.049102995870127
-8.075911645554415
-8.106835864376025
-8.098758713437698
-8.051146552383477
-8.071694305714738
-8.077359464376539
-8.1410154314554
-8.101037874402337
-8.00135108669807
-8.163439794035911
-8.09432878764089
-8.07828087573155
-8.106116220535489
-8.113518202845759
-8.09452861495132
-8.060708670517931
-8.101666714330749
-8.082955990420743
-8.110576870382884
-8.159448113595333
-8.123009188068833
-8.060402801353225
-8.0675604282315
-8.167823034322995
-8.138948830578144
-8.106759794354424
-7.998606433083281
-8.09867384510775
-8.172178871333262
-8.100731674766696
-8.075589961369772
-8.045366569590326
-8.10596738606869
-8.124810915391267
-8.041978145567734
-8.144680081374977
-8.09105937320484
-8.119913102358662
-8.112556258445649
-8.11144408143366
-8.086372691228178
-8.088350654007288
-8.13362056795131
-8.012344302344045
-8.017727638958645
-8.101503455086041
-8.048209429529035
-8.084113441127858
-8.155503582819321
-8.141096305916724
-8.065747506128487
-8.1704678530005
-8.067999530027718
-8.155690588505825
-8.139768528240479
-8.094220132797076
-8.08419373336863
-8.094765180603906
-8.102998577796104
-8.071398698816264
-8.171272578457865
-8.119863255413478
-8.13590980944844
-8.136664983105033
-8.048244152511336
-8.095194007665654
-8.124089240664064
-8.130386008600345
-8.150230646300026
-8.056513019718004
-8.155754649232582
-8.147729486506178
-8.083216121275727
-8.19222214912641
-8.048586662365507
-8.109040329265675
-8.086178451584997
-8.152653059582168
-8.150163593886688
-8.130217528709714
-8.092035604288055
-8.127746030697494
-8.084627241731484
-8.110838814048686
-8.122999692873917
-8.17689479977331
-8.070798356594796
-8.138677936785024
-8.094142796994197
-8.099869057462078
-8.102261916979423
-8.085666935702376
-8.047326086114834
-8.083224680465388
-8.113027942681777
-8.141786759347465
-8.083794619781067
-8.20286197981777
-8.093493698917383
-8.109595230471308
-8.088588353994423
-8.18680658888263
-8.073552151412356
-8.088110994314135
-8.158667826582462
-8.17833574203534
-8.151653403669858
-8.179197794501953
-8.102535898067348
-8.106206321831612
-8.134798047388667
-8.208515704033303
-8.157631283126719
-8.234742317107681
-8.16078521769561
-8.201174548173315
-8.140006520528598
-8.167352764987731
-8.146824297469902
-8.161836131318301
-8.160528162979888
-8.00990855091153
-8.162632313341533
-8.151124547913964
-8.148712546267745
-8.15804426054162
-8.200294353452213
-8.117825508047902
-8.160111833079418
-8.092174491786695
-8.1319120305126
-8.16655582523327
-8.147568769802696
-8.148800596542307
-8.101703835250332
-8.178479273340136
-8.136072327784195
-8.174566211693136
-8.11205290810269
-8.247062543633389
-8.150882283350084
-8.146703385421404
-8.160235180165236
-8.19572591601024
-8.213431323842437
-8.163825645210682
-8.042473635516506
-8.167163390041841
-8.157057767940929
-8.177158300593
-8.16871533110907
-8.099207936925714
-8.139620800929814
-8.060892275224807
-8.187734346308243
-8.111481525724328
-8.185715319259108
-8.18308147439624
-8.189477124430459
-8.140405721136615
-8.115364406211764
-8.121910917513356
-8.117365170555118
-8.11387044184075
-8.167520048455389
-8.131906090423223
-8.133565218913178
-8.189864391797741
-8.202705281157282
-8.160239412821896
-7.960796502929037
-8.158141950111801
-8.123529993444857
-7.9152665876340125
-8.037680083902758
-7.952775169512124
-7.709807242806204
-7.837689177901796
-7.323075794891469
-6.8357612544858455
-6.840047208163625
-6.326882230790036
-6.585598708156394
-6.119698394085484
-7.139421780360938
-7.206485415648915
-8.016062614684863
-8.161166127999685
-8.10301803263658
-7.973033108591531
-8.008337701316416
-7.835995543475711
-7.767404030706598
-7.627419333475711
-7.441260381084191
-7.358097818811308
-7.203259179123781
-7.021848993532673
-6.916910145272713
-6.649362110860221
-6.557170717495104
-6.351541962327413
-6.281609902478661
-6.18244897319877
-6.022939854021805
-5.973588829597772
-6.0429178517321676
-5.942885863632915
-5.822661851127982
-5.871975432744382
-5.91297215233913
-5.898686232604351
-5.8433885117686355
-5.928234277196367
-5.964841722520987
-6.148111289292038
-6.065929273503067
-6.103221669273019
-6.280092511267937
-6.250800700268506
-6.2901350535123335
-6.444324776999912
-6.482622213646916
-6.525775769346751
-6.556099437209351
-6.6873729400825885
-6.6012407918665605
-6.770491013068424
-6.819551689060043
-6.779712377780675
-6.881308248688247
-7.005278310305691
-6.9950724448288115
-7.066507817909984
-7.083054604312122
-7.065911293424708
-7.118422880398434
-7.1625776775004315
-7.183601357188142
-7.272167247823581
-7.232606898460791
-7.189237948875735
-7.262929005011824
-7.270205613968867
-7.324203020293677
-7.404569699329997
-7.363320722074076
-7.399073297863497
-7.382337120399466
-7.467162342818671
-7.368933158330499
-7.496321095039537
-7.420003210531295
-7.452974275791124
-7.516086003005919
-7.487683835827534
-7.554803272098901
-7.551598370314899
-7.628498954716284
-7.628329355394088
-7.646002483205827
-7.606594314642004
-7.514417742680475
-7.671277667019265
-7.587974831761838
-7.558710412516142
-7.607485602193119
-7.551430682211169
-7.680146609277002
-7.633112927464751
-7.619552859561797
-7.743026534704687
-7.688709010642658
-7.642109076376702
-7.688317550808442
-7.687397194262416
-7.63960759011514
-7.675827741805709
-7.6792910552305615
-7.6522902888275075
-7.682805382123895
-7.7005070794131445
-7.7935675627129655
-7.592443403253035
-7.715925170026349
-7.74721643765653
-7.788169572530653
-7.742069790585394
-7.69377711730304
-7.6974511316641685
-7.72216888699161
-7.741914383098112
-7.70647126848051
-7.856298536632187
-7.815771638879955
-7.818049483412335
-7.7111020357131395
-7.774409112663996
-7.69060159176764
-7.738923005786164
-7.73275852589937
-7.831327435445755
-7.7917341717240625
-7.757823347446873
-7.788235993857711
-7.754565607966767
-7.743144730386027
-7.786905952422868
-7.725067220622222
-7.811507412679778
-7.76033722192291
-7.7996408845685075
-7.7263908862518464
-7.827020943740476
-7.82796388633622
-7.795592625969089
-7.825071549646464
-7.842745499212777
-7.916856820583138
-7.88215968510768
-7.867587703699964
-7.821849394084538
-7.9247667932817
-7.738750396273986
-7.773257479871986
-7.834630269117018
-7.880663557888532
-7.864406111217047
-7.8717422220182645
-7.859429317185138
-7.806401979902947
-7.805289120477443
-7.903835127969417
-7.9118304063702825
-7.821732534427118
-7.8282600321703875
-7.881700205122124
-7.8778888477803966
-7.843613420155197
-7.826007248281323
-7.878477595911716
-7.959668571145639
-7.835221350833438
-7.963844841687276
-7.9474166643254485
-7.919997472986634
-7.848054893653478
-7.827698168910935
-7.926144963174564
-7.863020710757581
-7.8512738940237785
-7.850412347912479
-7.8314049351829915
-7.906597413854584
-7.869320213948422
-7.882374127328032
-7.89994716992121
-7.9212762703614565
-7.909704935492282
-7.9573041301292085
-7.9259628401768865
-7.987845931360295
-7.880006657448385
-7.984268905125136
-7.878357597964933
-7.935149848317568
-8.050272799119321
-7.91630275226699
-7.979721987286798
-7.939321362969753
-7.958610947878274
-7.95839928643519
-7.86909996186489
-7.946358727175488
-7.940096841501639
-7.931132452181142
-7.980099228773721
-7.87823925677959
-8.001976545484785
-7.976599275982763
-7.94412090936763
-7.952777639352786
-7.984531537746077
-8.033062204531044
-7.964493945717258
-7.954483959483115
-8.013120530000407
-7.964635835660218
-7.979900301136182
-8.011860396426181
-7.958769397869796
-7.932883712354329
-7.998271654136076
-8.004515196272441
-8.019378029224194
-8.034985373663021
-7.902709660817994
-8.022184978954295
-8.00335966882462
-8.025857112456434
-8.0115479437246
-7.947294058566541
-7.967897076489959
-7.936745515182064
-8.00658402296666
-7.963155163767578
-8.093625705282383
-7.962314315808711
-7.918082959352731
-8.084080092098112
-7.950590447389747
-7.947316954366103
-8.068281871724803
-8.039867866449079
-8.072312189978273
-8.044566577772938
-8.133274943864937
-7.9842292617416195
-7.937277048006739
-7.972225045832109
-8.011710715678808
-8.103175830535056
-8.022108653221578
-7.9780526635132505
-8.005361680252443
-8.053641320881496
-8.081477672648935
-7.982293685588515
-8.086025712472958
-7.998597681518692
-8.006416586476732
-8.067612941822018
-8.06445034310061
-7.943588044764635
-8.091747419234599
-8.033788281904227
-8.071708095459142
-7.979614345738708
-8.050584301853695
-7.997188475659499
-8.078303552020381
-8.11882569282769
-8.021181406672993
-8.092798299162991
-8.084118823904282
-8.081014022966315
-8.086456600331402
-7.993978681719169
-8.005976982922379
-8.067714785762048
-8.025064851871754
-8.030884471844692
-8.062863254236497
-8.064795412697578
-8.073751006041842
-8.072845095603133
-8.171165636605766
-8.034723694731237
-7.987730054823607
-8.102924588855911
-8.030231611486823
-8.025741941448127
-8.038431505568836
-8.14603813744776
-8.073637525840512
-7.9990926157351545
-8.139523181736704
-8.022350332860333
-8.064193038166875
-8.005890162787423
-8.197351374164942
-8.139201229426524
-8.142308102711832
-8.107870705188189
-8.076683349670608
-8.080624785195957
-8.129569538745528
-8.1182303163295
-8.059614914932952
-8.175205060840245
-8.019959451353705
-8.061545908876235
-8.109541726736389
-8.10123306402817
-8.129591023051487
-8.059683775788644
-8.05048054769375
-8.093258355067155
-8.057552896999672
-8.070128589427316
-8.169084683357822
-8.022555444936463
-8.04983844207615
-8.186267909113878
-8.104129600459922
-8.11407562673485
-8.111222266251117
-8.15567848116586
-8.074210491743896
-8.210885220437618
-8.108454303324176
-8.160547273138603
-8.055223342679481
-8.09789542520983
-8.064010705236816
-8.063442486768222
-8.026487089865523
-8.070555144671436
-8.146963278596633
-8.172412811821852
-8.053918888358918
-8.173747776132089
-8.127516101629283
