0.025866459368075936
0.03006165609411215
0.012221577574315391
0.029949088773443253
0.027552314035344014
0.025352908062003236
0.024065087524992066
0.030366436345011835
0.0273832268574729
0.017783796549799752
0.02278724179715067
0.022382481467464906
0.015423809494141266
0.021547084740481195
0.018443643633064773
0.02467572093697464
0.019215514424345253
0.01914909048370993
0.024991893441927746
0.009775840994594337
0.027807692611726307
0.014704047710898735
0.023612707611302384
0.021398341673685973
0.022274154480774157
0.021155866350918297
0.027200807259154736
0.02362690972742285
0.025859307629156367
0.024716506028944273
0.021840655866213927
0.01917350963124807
0.022515990241036135
0.025498473481310766
0.02550265378559935
0.02367288685753012
0.02751063786929595
0.02765667098937336
0.02876214327360222
0.024407863950630836
0.028368177936131826
0.020462649295394396
0.021153277176320387
0.044269636490459806
0.03878847174149807
0.023257310052038096
0.03053556335285019
0.03280784421071152
0.026244385020365416
0.029200772105857458
0.02358901546936462
0.025664925521139643
0.018414182303118833
0.027021091897583574
0.03147189111323459
0.025796655936013147
0.020704719723317565
0.030698252749012313
0.019859006163522486
0.037435645428267855
0.023362143247694298
0.020778374820172155
0.022855243140620162
0.02880247544381481
0.020274040722420242
0.022017799964148054
0.03551060796282571
0.059766121197051415
0.060982518317396185
0.02844340676782982
0.04439687482807647
0.03290620946035833
0.033419124337137174
0.03604309679296019
0.029538389301657857
0.03188389157266029
0.02576739272112984
0.031107788594827226
0.05087663287912656
0.033636642538129584
0.03695192540387273
0.03078988681145425
0.14323577279630428
0.03028262784298763
0.05227182467749429
0.06259452574956555
0.05433111594979062
0.055497167308727204
0.12002349611373096
0.03840207125373877
0.09608713555998893
0.0724073549273177
0.13455914403707378
0.13399641502629878
0.11644139149896605
0.15585757279682766
0.19508121231109535
0.18942849547506924
0.17053768626119428
0.1273400360443626
0.08900882425688433
0.11028902402310546
0.12566901275919296
0.1088997014902578
0.09015582910504903
0.08520816640257242
0.08154564641386029
0.08896043579575232
0.14083597470995526
0.05518682022365306
0.08482378957328772
0.08848041600034287
0.08526454191361237
0.1315730790014115
0.10022156320225271
0.07620411578494839
0.12651097370234402
0.05258776890545543
0.12009165565479829
0.06824976426868648
0.06265009874820976
0.05534396147965712
0.050092652919396956
0.07020612699126072
0.08078137200552096
0.04843448110900169
0.0592814062313863
0.09130949683322356
0.07322933916849307
0.06844896168231615
0.062424137348897485
0.07867533241253122
0.07673503031226277
0.059025348195136586
0.07076873051605509
0.08479659114405501
0.06488809076334338
0.08312165285146383
0.0720411792282624
0.0623847872658106
0.05382629054009768
0.04940222165796242
0.04952258320992601
0.1024694600074908
0.07820426523625387
0.07213869073866676
0.10644314622794511
0.11282916706837195
0.09058715278026745
0.071576080658424
0.10079249439417663
0.0792343898143006
0.08842020594110057
0.05276570267570406
0.07946989127517809
0.12904102320542654
0.05502487115974501
0.10728004526719111
0.09387254031041828
0.09493978644409136
0.08881827702447632
0.04211157757442574
0.05997108980613358
0.03569311553838411
0.12423373111007155
0.06937412419565296
0.10485313317192008
0.06386943762784662
0.1176992340201882
0.07704948369191134
0.07778068263028116
0.04066828414154288
0.05360475041620685
0.18926318247676527
0.06805508792982215
0.2888081215164249
0.22845909286540456
0.3394946069758818
0.36387813041780404
0.31417044999678395
0.06550766804017936
0.266829526069723
0.3313733798561902
0.2641668365567192
0.2893923483494866
0.022073097133765294
0.10292678375116573
0.03249650751675696
0.034905534893510566
0.01665248397574441
0.01601179551191757
0.0492900907101887
0.062381432837297184
0.06793853190674647
0.06924177189586932
0.033197586629315635
0.02523758560215308
0.03628036100887782
0.20258924390953384
0.21751835110522144
0.2953172163061172
0.03183224998618896
0.046914319618216634
0.07325029641709262
0.024389440057338823
0.05499545215366506
0.05865670624976853
0.24076743466850184
0.23149597893049464
0.04643277806984652
0.04591059770274108
0.2154927549245535
0.2258936264724254
0.1872179469540795
0.22647634200163796
0.036286289303660076
0.22967078971694213
0.03351496541318394
0.19873005566446555
0.25625923010706664
0.33041447965421333
0.04899569434734299
0.20803409849738774
0.2153221424213625
0.3125305994363041
0.36297994498121
0.29728794777000456
0.26764242278640155
0.27788303522762803
0.29293779650115753
0.21986404409260815
0.21217904372005933
0.0833229358459771
0.10981997001602121
0.08957589542882793
0.058761614969056984
0.14784509651123962
0.16873285707938326
0.10705999697631044
0.04648681558549689
0.0648826748404298
0.10486519931916478
0.06407309135648613
0.0626613580976424
0.2029626916437825
0.08612713464015473
0.29718978024382275
0.254567993453902
0.2744059905361684
0.1638158558679485
0.28285724310719357
0.21827414422209301
0.23233910135030794
0.30293285329540104
0.18085889040369044
0.3283526804704935
0.2990352651847579
0.31524385406797856
0.27237234281383976
0.3048688538902994
0.35360778132591697
0.2637678587491977
0.3126663050261943
0.27679779619350936
0.27035127412856835
0.2644300253576826
0.29433604841449934
0.2937633969267148
0.29827528351208976
0.2213728715980436
0.2629370171960014
0.3020836019327285
0.24445240675821353
0.049738897879240816
0.2674696940352754
0.0994567095563979
0.2834340133511007
0.2692615261006953
0.10328166384602948
0.07067290948305256
0.22418912630890286
0.19891526285514904
0.1670830903618363
0.06043864335299166
0.3369237976817003
0.20615345178539873
0.07650276398372807
0.24524293716395643
0.22120221460926187
0.2313900678764568
0.21471272419775653
0.20784485512172912
0.3169878650859349
0.29360090996200155
0.20078327137050364
0.30625819356621015
0.22617780194191586
0.2792257884284435
0.05816714906783658
0.2678352339752108
0.26818719648486555
0.26810165257902824
0.20261568208180952
0.25558074589499696
0.09333088541257377
0.1962765153811696
0.055611384715863105
0.08942627779306944
0.22657545228293488
0.21608543334032443
0.17646927012870595
0.09259947040111831
0.27834027624195046
0.10310846665925606
0.07922020186804664
0.12051672859927212
0.08075123575472869
0.07873438905729024
0.14805994465660938
0.16829109801818432
0.09029056376909048
0.06145883145020855
0.19353504357833423
0.07965048591898229
0.05845529760408624
0.28210824335049234
0.10159080709015446
0.2601223142935591
0.20387882707932642
0.07807692053057626
0.1498452302364932
0.17219904211937573
0.2788277837413945
0.17290792522651374
0.2274260688995774
0.09701567601736674
0.18421731597577604
0.1019778624257715
0.12994925738493124
0.2721571033985818
0.2068265840637163
0.0728162894889023
0.2851670314008161
0.13822225789027334
0.09173176781067205
0.06211061509874154
0.07329083266147345
0.24587050678557593
0.2926537220189534
0.0776868358222027
0.22734293909171713
0.18938188013498
0.05580111391533236
0.08963799367117767
0.10128580961843256
0.1595314464407392
0.13082770969609087
0.053920907471870394
0.09842606217387259
0.23014415679752115
0.1069759646646244
0.09004884350032098
0.05225844810427798
0.07222768823918198
0.08433471768022732
0.14499537371358343
0.20091089164704704
0.10105231180464307
0.08094551661801118
0.07748335048278901
0.07284903199739064
0.05960240847047861
0.09819262683600131
0.06650459227896593
0.20170806539109654
0.0767692800514943
0.066282191937618
0.08021416366975775
0.10319934714017452
0.060529243085200246
0.12574935475002122
0.17838861315852844
0.09480824251900226
0.06352068728920486
0.08155879747810518
0.08856929322431446
0.09135080182369663
0.0868242168692191
0.07302200830327181
0.08271811078035943
0.07456501494007767
0.08805221744085424
0.10948144211381293
0.11782744881906267
0.07007272178846238
0.08298801203677457
0.0716168006329457
0.08732260203045035
0.12302927646414316
0.07195941193816183
0.07285702129099257
0.07175329251131549
0.12030250557298235
0.06561069118933428
0.14392325516776902
0.05749355044300407
0.2259215037921402
0.31122136539163436
0.2712406157682554
0.19416048501452027
0.2939236718417603
0.2631783199618607
0.32020894583848175
0.154087730349965
0.299839484459343
0.06844562401877503
0.303104136618128
0.3047618477581182
0.22346859593445603
0.29680673827045073
0.07890529152962988
0.2927109248451764
0.265676896728133
0.08771676929032672
0.1734992199238293
0.1441958954362889
0.15216811279919884
0.06055458379331247
0.052612656046447756
0.2712119525923189
0.21953079868336403
0.06991992942419284
0.08383767751425313
0.05491810497314251
0.0752852982198409
0.08922718570109961
0.08912037022034676
0.08430759409824769
0.07772078712828236
0.09815124763531421
0.08161374039348988
0.08816197445387955
0.06387581334574734
0.07587246439936964
0.09415888554214252
0.09055943086963536
0.08357908308418625
0.13119741231529394
0.11276253060949885
0.06395578123873039
0.0658999550951237
0.0909653537423093
0.03739199409748136
0.052977335639050015
0.055293648142540765
0.15097862031317355
0.07899639379668826
0.07385643029348286
0.10429670844710442
0.07706408161860293
0.0909797933384994
0.07377406317190871
0.113225679970785
0.09255619570271356
0.0747656985503062
0.06588964460743986
0.09239314224086713
0.09219376860647965
0.05967985160799069
0.06743468987223995
0.0758095047759987
0.12958536498016038
0.05298550431163682
0.1037964027782243
0.05825484484133266
0.09909956448223706
0.09571369637283172
0.13055569041690915
0.07484731417522471
0.10017449961080009
0.05573002960003684
0.07185625947804553
0.10343608859924587
0.156434049554159
0.10581461801098589
0.09488466726741236
0.05930710728418888
0.07728762156440269
0.06417616457486533
0.07566180220189103
0.12919877993203122
0.08879435027794555
0.08110980587947082
0.10542019657588077
0.07806804253628831
0.10649487778667259
0.09892054933026868
0.08431272634689008
0.16725231087623374
0.07201532565905641
0.07427756217458815
0.11608263712058732
0.07623015720034751
0.11337793507425435
0.08699879414575308
0.12605436377626691
0.08394211203844502
0.08821641148701174
0.10791984973350223
0.1035963656699012
0.04396798909126323
0.0774172661183231
0.10351292056834724
0.07132026359104084
0.07499396729536469
0.16047354801146102
0.04617768473640816
0.09800960173969667
0.08784658765969
0.07322843860496302
0.07600978597575425
0.0786336813484177
0.08531735878365629
0.07641503255434305
0.09351873183150947
0.07314233318801522
0.07446935742771635
0.1266462267364203
0.07824242760000648
0.09601658408224746
0.13774071499814308
0.06230412037548617
0.08460741273769676
0.08699690361507774
0.0644311650111054
0.12791047103806824
0.10620777805822813
0.1082027338049177
0.10156004803876646
0.08991707668433542
0.0793918076061847
0.14341848073905364
0.1634096664256106
0.09601447170341029
0.10002816748030555
0.11906883496861544
0.12200262061854149
0.12448159514887137
0.07309325742989478
0.09032982469769446
0.08476921043743216
0.11673005541322698
0.09095052590273386
0.08629238975547249
0.10397864328948979
0.10047608155192339
0.13184361896005425
0.1097122613182864
0.08326698897996689
0.06879543226634591
0.1349745946239358
0.07325802059037104
0.04448730288809004
0.0896377104829042
0.10404278437090939
0.09875366877453978
0.1129935185093462
0.08830323294863836
0.11489248740851082
0.10187519294438233
0.10437219276127978
0.13585834626236426
0.10876739860333191
0.09831919925433705
0.07121500241409151
0.11318336605874088
0.0860759075171811
0.15595270658440333
0.13761410620385986
0.05999661285906967
0.1067936623365285
0.0628786530128849
0.10455809859628738
0.07598354086647523
0.11008394428072832
0.08995211596664404
0.14185244296492167
0.09927941263271917
0.10288241274097218
0.07931304898350201
0.05350044861598833
0.08060469162853406
0.09331631344524148
0.10433917280566324
0.1000397658579467
0.10026185006027007
0.08605974815457232
0.08968229593863462
0.09066419964907772
0.0793935280904482
0.09093267408680554
0.07759855260127242
0.10288518679956588
0.09188627331864943
0.07799089065850714
0.08255721307187759
0.08869744642243958
0.07779658251909491
0.09300880557165651
0.0898043839927901
0.09698072646055833
0.10018565527121336
0.08773680968000565
0.06899854204340662
0.1046996391301443
0.2904283867238994
0.2427914151514788
0.05997654754288302
0.1668648275690987
0.29677852490497236
0.24575528088800216
0.06133425044484819
0.26774906406918797
0.23524431828792103
0.06686864968401428
0.0852301986191121
0.054352537413535434
0.1286171242931725
0.11888096801382236
0.10632141154580829
0.08950392661666884
0.0862525399892274
0.07785875241061777
0.13770071511459964
0.07596470552622253
0.13657150058559725
0.0980034822727134
0.07863815213382817
0.1027529372158233
0.16586187719367257
0.12898941089765553
0.0850013920871899
0.053539284328700816
0.11864859317369038
0.13105934256316837
0.09185365770866755
0.08766076200902666
0.10911047193767309
0.07757635188570554
0.09870420817476812
0.10600168050875626
0.07131246330948438
0.09176297532661706
0.06036241818314868
0.07247007896203767
0.08195715103452225
0.13235775087207757
0.07295862040903832
0.09017096279882048
0.0797483721626585
0.08197325136196826
0.09173449563119655
0.28828435753108067
0.07197332358174344
0.08304394506184128
0.0847181803598097
0.07049689758894172
0.09075213934168572
0.1263073588495965
0.0415050345051753
0.0623878432560962
0.06084293727874738
0.06129768653119708
0.09178427516327242
0.1320230185599
0.11502057393883554
0.2697267572691463
0.047956264901568305
0.12493887631516627
0.21720866532430624
0.11307191303411804
0.07017461769981323
0.08139934330530844
0.08872538970006552
0.08769538790677785
0.07966537501759006
0.11442365047079962
0.09437232613970478
0.08074748138154796
0.10820225679828957
0.09544409772059094
0.1073733853753012
0.10176802139484141
0.10328407850420479
0.09889311275785624
0.23439132575996527
0.07670937738046343
0.11656112951498063
0.06625409737029517
0.1049059190477212
0.1280601339030509
0.11130573141187503
0.14106810171177595
0.15151757392968965
0.05529521243980443
0.11588069536856935
0.09740852917587157
0.057025385020673926
0.1311598109847523
0.10701114039350414
0.08817288334821337
0.10696362849912003
0.08791450796428026
0.10104054737890253
0.1051059245617358
0.08167848505084296
0.07722015814899395
0.06994464008453125
0.06793924675276332
0.09397940713870931
0.09334203803518304
0.11698940206196294
0.11691324756807994
0.07431862583561433
0.11515102752291255
0.09240517463964819
0.08651266350080168
0.058497629883894085
0.11158157677583377
0.2756926886057274
0.09672083424311072
0.09046762655875981
0.09908044841763133
0.10222065741465852
0.064104957916284
0.08597923415065917
0.13856115346894485
0.1031833888854465
0.06539298824247769
0.09099547642352612
0.08744418723218907
0.10555088905833715
0.09224138614144632
0.09080029770820856
0.0839149941281628
0.08317467622148916
0.08382147635995847
0.17541989295205032
0.22462849646076302
0.22755656975667765
0.1296509467997309
0.25148743232635357
0.12070196534172041
0.10532558600062952
0.10074371120665333
0.07913145982145794
0.2964769674988219
0.0909662530892526
0.11922573665123049
0.28434563080704256
0.11205702485955422
0.07051693049709996
0.2702907760367581
0.33401188946340327
0.16971103834877477
0.24877916537141567
0.2737080213590927
0.275012258758517
0.12611817606000256
0.05667036016699691
0.06993233158150813
0.2876914639440123
0.26539512255161496
0.2896833569138918
0.3355776449822018
0.095497837034818
0.07418835648164608
0.05870342753909921
0.08032423231110176
0.22791022213392004
0.06360121700029833
0.06218790193919001
0.13074935257262355
0.11981979747240183
0.12371480911268927
0.09460854768988498
0.08217935711517829
0.14119577768802932
0.09431519037891413
0.13519335077119932
0.10756119835244157
0.12039323795484845
0.12155522013700162
0.08698195035648662
0.08276611638638019
0.05732729711241723
0.12979123570815815
0.12454653649267758
0.08101961811747621
0.08348661662014262
0.11369573071283345
0.09543109906127095
0.09598285081612594
0.08050309183435278
0.08268852946734978
0.06764380314330916
0.26481255639603535
0.08995984382619561
0.09908940675433617
0.11593232004705215
0.12636118159302
0.06630395231460955
0.0977764020738318
0.0864660126541383
0.060518736546450874
0.13195497280946436
0.12119126593933885
0.05661103015660043
0.08393081346696128
0.061135461815639065
0.06823982808094094
0.09788554343351408
0.13599036359584502
0.10440306527677488
0.07870591645701239
0.07542933627935391
0.06806483070249923
0.08686991866073016
0.12977181298985646
0.05779586101734745
0.10361045215346779
0.2197971962518712
0.11278507015782635
0.08681495950736641
0.1294191819765562
0.10100163924197493
0.06148427904563626
0.10134555313613411
0.09959416205079887
0.15024056206539294
0.08966736429587915
0.04440683845561202
0.09720971316533358
0.09683960035029825
0.10252927962680206
0.10276799461700117
0.10863417819301983
0.06929301809524416
0.08712929980034886
0.08845702201524555
0.10562418478088267
0.08215408526899551
0.07682057662459484
0.19975674758078021
0.07708201543992192
0.06430350440863747
0.07993492775636252
0.10094026493408707
0.07661144952978531
0.08734124412688438
0.04709157851250481
0.06489579166326608
0.10475658382326829
0.10820936342651316
0.10562487031541785
0.1127106730373838
0.09632652180753773
0.1032432318043711
0.10262180451883426
0.15566010696199215
0.12181394481258424
0.09022829109846535
0.0813111235517333
0.06108789374774267
0.12299104785892617
0.08701060427270878
0.1086828820647346
0.07418176840622968
0.09158098671357813
0.07156191024760011
0.12515318917494925
0.0960958502340814
0.05337427362707753
0.0917818762725873
0.1145753953900769
0.08574051154634792
0.08259452415027065
0.06618117841339571
0.08388264350276807
0.32099517249608406
0.0778602157642868
0.0504114195981829
0.07935959257269518
0.08954555818582266
0.09355384177756823
0.2939126043617712
0.10563493420050146
0.07432722674678338
0.09092525704330214
0.08709084704870558
0.07064096156771874
0.050664835931541606
0.12779058721998535
0.053876564729451945
0.06765440022199457
0.11218259582403796
0.22999536789544472
0.1455105522637898
0.1242578931341204
0.05912198858994965
0.08421085524719873
0.05852966057200162
0.04773171003296518
0.07635963239080625
0.07186470053763336
0.07764278362221973
0.09043939916550017
0.13936351753329249
0.09748373774653156
0.07379018397084823
0.09225043791046836
0.12102721533893909
0.09753410059976247
0.0732023833303963
0.09401386162953577
0.09607256537262121
0.10496914435859041
0.27261089627742413
0.12642420285503725
0.07035206338322406
0.09865144538468681
0.05145492567278518
0.07493085316855776
0.0869913379905226
0.08501931741598458
0.0973794975079245
0.10534771705005602
0.11437498896805696
0.09627396250235969
0.11170449293407134
0.0910908230315389
0.10528395813288924
0.10328397455530118
0.09772120795998773
0.11635722592916709
0.09516264686590446
0.08886917355939329
0.14572102393379172
0.07355401528006576
0.12806234168754155
0.058547094813425855
0.07844262908889393
0.07361360012832127
0.08777999758193783
0.1062490465195183
0.19249640086218753
0.04521776202930836
0.09385207653610524
0.1057319820557133
0.09630795385104757
0.08100117370301407
0.07862767462210292
0.10432975215971786
0.10226445921950308
0.10368223652895307
0.061444247657675345
0.09427557468169737
0.09209078241686189
0.10152822179307938
0.0878318881713629
0.09150989070310434
0.1065622405880686
0.0614099558054195
0.08381138178854902
0.10211780585513877
0.08265656600735045
0.13694642290739376
0.10977175104316797
0.09969672117130027
0.08505078346160672
0.10532959753055307
0.0867067791666372
0.11607082048106251
0.07697716121349538
0.08522221207687955
0.06016588775599475
0.10837736717843771
0.12976559161663456
0.0694849070359096
0.10691273337494506
0.09153247122773656
0.0835285344409645
0.07352000855752838
0.14359266597756712
0.0769934700180229
0.13898235757729702
0.11473495911480275
0.08183547448117603
0.05291019933588452
0.08604012844128284
0.12781422740744897
0.10264741772899523
0.083722276838094
0.07197589522064483
0.06110033352481107
0.09424760378952868
0.10444723430825387
0.06728732204118712
0.08541990768635364
0.0978589565183384
0.07791276982314324
0.07910762590493149
0.10220400401781204
0.06890150055696724
0.07243195039028752
0.12338558984973737
0.07430476209736346
0.08157489594652323
0.1542695748397616
0.048153013297996886
0.10997539017426591
0.08882927893009694
0.07842591580015362
0.10138237899194634
0.0861833859421732
0.11126925923748401
0.10977178042236832
0.1033899618031997
0.11554615592287207
0.08560561995425811
0.1180110040308599
0.10776916869102085
0.13793608487371203
0.0631987228421483
0.1103701098151847
0.08836993593926053
0.07892507148877015
0.10184548101384384
0.0992143745315522
0.10105992523241604
0.10583639235914494
0.09869798780787112
0.125369462734633
0.10486637800162889
0.13439023869218286
0.12250011072088002
0.11146695793206952
0.11231175813261361
0.06252608203860817
0.0979138751529699
0.1117817042508942
0.08643962683795732
0.07151061835686535
0.06945512798489245
0.1166174855519098
0.148697179308698
0.10340300122005595
0.10268890967484838
0.10536884930434165
0.09635080535336844
0.06594293517789224
0.08238551791758685
0.07787163348833301
0.09171146626799158
0.10546626092325119
0.10635727913713117
0.10986054834606966
0.10225270335907251
0.12837810334463318
0.08262587639865494
0.12389037614769884
0.13001606599424342
0.059914438373573714
0.11765460779568576
0.10474547036635265
0.13864153373779176
0.10526066634466066
0.11228002916669307
0.09059054786104977
0.052313099025418995
0.08698074968140601
0.09449357407348977
0.1064258441486678
0.11673012273369607
0.08060762021921593
0.10966290424930174
0.09385027743730172
0.07755152155753169
0.0755609765778032
0.09854572368947212
0.10038141606356119
0.09524696794248481
0.08302075498226451
0.06342633250614607
0.10789186834034513
0.1306107433477904
0.08059040549206462
0.11133678663987116
0.06817817094820754
0.11289565145254259
0.062295040217779554
0.08575411737216337
0.07432802674893488
0.11862141627811049
0.09236338057732098
0.10860648472133437
0.04697769767009008
0.14187888107474095
0.07637414853495932
0.05601100378698383
0.10784163148447291
0.06854410377104767
0.07280578715580888
0.10328863110600398
0.08707205687088675
0.11686793134206133
0.08640629108236983
0.08837503957210752
0.2074238646929894
0.07406547726554297
0.0969687555425794
0.11807453155788325
0.11284600261163578
0.0939921472249431
0.09705410413392279
0.09172557168473466
0.08479784511433792
0.13785365314290793
0.0758524974796501
0.07778099454524008
0.11141311636173751
0.10781260171660484
0.07516554768129216
0.061876933584456395
0.0753097061981312
0.08142172737220277
0.06287720869212235
0.06334123212257424
0.09550525432216174
0.06371355640388777
0.08224875075985154
0.14990827707732965
0.08140877092201723
0.09176336786070997
0.1011241857923406
0.06877799708230055
0.13452141944716361
0.08776840512730126
0.10981522339925556
0.3379427732426921
0.09009879161715172
0.06704621948663687
0.17328224098256417
0.08495737059370398
0.08808873290862615
0.10061625933501925
0.3255077588018452
0.11481540364517083
0.28737015950956285
0.06491534548220276
0.2224446620351385
0.1094575291934951
0.08765337753554918
0.10123211145590376
0.10198242369692462
0.05221943818737894
0.0527744364661344
0.09912124380623319
0.06610251065185091
0.11092548569561138
0.09174167574358386
0.10556235741754985
0.11498921265298011
0.09763568450336768
0.09652496988125948
0.10555467382115853
0.0818244734508085
0.07685476726418877
0.11254449348618442
0.07335737079789094
0.09350722718700054
0.08220019311703648
0.08440480338973785
0.10357361312098531
0.10570092438540882
0.07004789405719133
0.06649725703696724
0.13135329484446343
0.09084327881319841
0.121336552761743
0.12477964611130014
0.12003607076182435
0.10547478905619466
0.07365400428567569
0.13122091409606707
0.10663997786068688
0.07138691224703342
0.08947183385607066
0.11087539446419944
0.12204089825750156
0.0739582784997245
0.09148061980858276
0.07585327473026215
0.10827053048124768
0.10730675502492465
0.15964939163689254
0.13690188604490225
0.11293692078062756
0.10753894620112907
0.14442746572043133
0.07364814150664188
0.11977222545219768
0.09848089323927231
0.08836603659702155
0.08250638838917293
0.09724754525210041
0.08918847313195664
0.10195005530139664
0.12789889870818832
0.07002791044527881
0.11897095290075409
0.08657733836811063
0.10021212789410595
0.0769117611915663
0.1058097482847877
0.14112551386192498
0.10215541879542248
0.07779067703754648
0.1129167901608847
0.1081294813468615
0.10188527136189844
0.1541945482112447
0.08150748019601581
0.078388833269542
0.05966444253060972
0.06493971801121479
0.08924250651988204
0.17205850371984013
0.11413578132809035
0.10086110835222689
0.06727452897080713
0.0803225472855116
0.09704216473855695
0.08988612941897854
0.051396140131148085
0.1575147406840065
0.06533738217349062
0.10665955637242838
0.14407547294040013
0.07252223435393829
0.07293511397671845
0.11175125417267018
0.07706681058803408
0.07296469259417776
0.1329275457303077
0.08442792273384828
0.08818056692755054
0.10327247731031407
0.11907866565826847
0.04177229816983335
0.13280350254892537
0.06936199284316076
0.08238931751988098
0.12226563780320429
0.07918397909622175
0.06858853697540217
0.09966608217816442
0.12989970179770416
0.11234406167697725
0.13147790506516227
0.15862204097952828
0.1306020079987421
0.11969584795271779
0.09166452470317508
0.07683469994467497
0.13071838527767674
0.10771388091437838
0.1298880198103718
0.0686264528466682
0.11919226344686774
0.10667905915086942
0.07771521811857085
0.08048365464351115
0.06949633046855125
0.07203232747445097
0.13058320474300947
0.14569669624916556
0.10733844381825199
0.08574431108280287
0.11381767447000943
0.08289699557049623
0.09804555793248358
0.10170641822576537
0.07172949960794286
0.09782850113690851
0.06902315945446642
0.11257242278755247
0.0949881367646054
0.11922947872868826
0.12135832024076207
0.08203587868389992
0.07276488283214702
0.10178469181494654
0.08458023253581533
0.10783718133688706
0.08197659610201553
0.13075401017679794
0.09606606770171024
0.12196373342997088
0.07424453166627455
0.08413326692536073
0.09813962433430999
0.07247329028733779
0.07225747598409595
0.09802733754779284
0.09467525122782235
0.09096767159966902
0.11716398689908851
0.07807110020697873
0.1079574212148618
0.07856489700777908
0.0983021963993112
0.05892579017183567
0.12026647398877409
0.14500633019326167
0.16119622870479172
0.06039419868662671
0.10880571882065465
0.08041017903935294
0.10144453305589075
0.08949430592353705
0.11058694869101009
0.0853394255251685
0.06999348492691083
0.11015558801673779
0.09711745692037521
0.10534380854998965
0.0972816469901417
0.06397553468907129
0.11928013247299346
0.08093381435384531
0.08472252914378296
0.06713360825976844
0.07977252798434147
0.10513812093556159
0.10027025088703981
0.06522944902188561
0.1133602254115387
0.11763512032317451
0.14215601236149658
0.11258866564493779
0.09236206919742913
0.07308604768951628
0.11099000168288285
0.08788165680734249
0.10839220728583034
0.1140030015968916
0.09855742147056694
0.12567883627859067
0.08840005057950708
0.1529453227731516
0.12863172099575795
0.14139230907896733
0.15692894010621905
0.12531534840036657
0.07465822412454003
0.07525035076209564
0.10215234501726751
0.10313917478432366
0.1302701614474089
0.14242519479595478
0.10303027548642353
0.10780407302553492
0.10160712908637223
0.0799317745766047
0.16690629525655806
0.08520796623699209
0.10771254527483977
0.09634374131067293
0.10942057191582785
0.14839368992906132
0.1096623364538136
0.06714101448812575
0.10711151849264552
0.11732174328160687
0.15146454020136202
0.153592861405716
0.11001918611062587
0.09837035790039314
0.08301405766278439
0.08716650214150212
0.08690604899081994
0.08803871911886801
0.07150691660446933
0.12984159493529518
0.12026169457695104
0.05716958287978311
0.07281746682356664
0.11704562279900105
0.1133091078851148
0.054427434153668
0.1190897347521146
0.10154314745860733
0.1000990645458898
0.10661098732937271
0.09280111209737658
0.07835443239957433
0.11330867458452935
0.12085528054935671
0.1218474392431429
0.12564365107987346
0.07668625760705566
0.10420724936629323
0.07674780254641729
0.1517088726870534
0.11005178617284135
0.08543151258789976
0.08759232266943448
0.14848869281768076
0.11232394349667127
0.10619616485385126
0.1509543229585231
0.06731527074778333
0.13662703707299384
0.1357928466885562
0.11022639881493833
0.1081339226601544
0.06991668646958839
0.16511793166416586
0.09618513749820432
0.10534496180873307
0.09246687654085985
0.08273450491393089
0.12129833237043117
0.07648888449295943
0.09644281208573503
0.11565774786830774
0.09240254360294377
0.10201491967270726
0.10750982130194128
0.10045391323671872
0.11961416776349564
0.11085384977105148
0.09409401227468714
0.1300613042799032
0.1405822322122336
0.08240359058879468
0.06859148085889542
0.09271830531009763
0.0799031983250638
0.10547712023853266
0.09216377903823182
0.1216187785684872
0.12778732380011557
0.07593113984573006
0.0987656783978279
0.09158600424735926
0.09846342200334299
0.12483379067970991
0.08699676456097186
0.11448403578635923
0.09778329442728333
0.06116843360221365
0.0982921245296242
0.10227273095751423
0.09076351812274075
0.12615854117909872
0.15904213932340847
0.07922681620204837
0.06537821817027675
0.11493722779870594
0.10462935328184873
0.07878927646650997
0.0888364432066576
0.0746931873171408
0.06437766054146152
0.12578482236158636
0.11481645320401665
0.10915745781930698
0.10484501416622785
0.10095804049931698
0.12579778951231857
0.10446090424114175
0.07901907489084192
0.10803029495975845
0.09557360530756637
0.0889371226310959
0.13472428351829868
0.1352760169710428
0.08420457905730959
0.13820365871209703
0.10486665654525339
0.05633988325327242
0.12205750175790854
0.12592884975083388
0.1641692448084954
0.1477282249640207
0.10395891123622546
0.11391887207356323
0.07676614345645151
0.06399976606086946
0.10138518034084841
0.08426907357072459
0.11648707868267949
0.11792408112726607
0.08271268218101567
0.061330851119665804
0.07404611417133475
0.13630460213491183
0.1215705148260358
0.11233019150816366
0.08868807347249809
0.11468446653551066
0.06944581678800887
0.11845799956608512
0.10088993267615336
0.11799853980415716
0.11112772363687488
0.14922785115001855
0.08014379344309412
0.11962834117250983
0.12310651149092552
0.11877703950845048
0.05067764523879927
0.14826031074319307
0.09030439944178666
0.06813204531213855
0.08195116621824217
0.08739173733366458
0.09983294775511321
0.07947759568518306
0.12111665320154283
0.10333432595879487
0.14697197299578652
0.0787576959310942
0.0795690261901245
0.06482793810510828
0.12036631258531005
0.1406126990616546
0.08085130578803078
0.08162313770271037
0.10319974316195298
0.10069196006079181
0.08044586056953591
0.12838488015422997
0.10131996890144156
0.1330464437207906
0.11323732928154259
0.1208421451699363
0.115805400716392
0.12388609247844506
0.10455911761839448
0.05405466366107083
0.10964141521442067
0.09204854415669216
0.05962774842326654
0.09471076341840223
0.06091941292489196
0.11771221200878745
0.10773312787049287
0.15525439433065133
0.06579628732882195
0.11208025108478457
0.0728707630303811
0.11746591423414715
0.09193544331723343
0.11794104072099731
0.10957401966742586
0.12612999303598532
0.13981640864263659
0.1134342948042979
0.15263556467643535
0.14700309911918905
0.07895557727280215
0.10545942140796247
0.11882119339778242
0.11015477202106512
0.05522537105309678
0.08002433264458117
0.12937205016263484
0.07564377456564851
0.11161070315837082
0.11738212922449254
0.0751073097348625
0.09974521526445727
0.08672504835042989
0.15199215840680905
0.12042491852671583
0.10805917378915891
0.09272333191355943
0.11173186313005931
0.09013292396885147
0.10507848233669241
0.08055046594529679
0.10590963219837816
0.09472069709930969
0.06805509211915026
0.11309264840279586
0.10529918240815737
0.12444431298357726
0.12307147817699486
0.1251457916665296
0.08362032488709772
0.08784813293618328
0.0914363249466498
0.1265466690855423
0.13981431618449972
0.11570691286596684
0.16502632774157017
0.08834321893097022
0.08295378719412255
0.09268450360241812
0.08578722476606097
0.09248289415344445
0.15174429421196586
0.12005017265458563
0.11499944928863491
0.09392751703063106
0.0835933131947374
0.09061245088785588
0.07953487601783917
0.29499080159022206
0.08012294859380374
0.06106700947041234
0.07007845381561958
0.09330692207033886
0.10346801990065009
0.04678670136746869
0.07618803213299105
0.1734326627887474
0.061424907247264994
0.09470677223877118
0.10880764908338345
0.07787827786345367
0.09280737549251372
0.10150999902725516
0.08241418406956812
0.11098745447814466
0.09923956068238397
0.07641696960833297
0.09178570782056937
0.12654612159710435
0.11505849394253596
0.09363785936015874
0.13805929173245846
0.11528439670478234
0.1366148158861701
0.16580339944197128
0.1305961579803902
0.15505765195515445
0.08285802060221975
0.1276360473049723
0.11612775924901952
0.11408869412323336
0.1520504327482092
0.07341699944987672
0.09334047921985499
0.14050055008486048
0.10453745469622203
0.08823411410335316
0.10242194015880547
0.10169405357214359
0.09828983560907427
0.11152703173762148
0.08393857590748172
0.09960749826221398
0.12272771594932387
0.10546931561716659
0.07230586772743829
0.09807696930390176
0.13092790757482264
0.08870731055705601
0.08949001264180588
0.1470502177005798
0.06471973162858596
0.10273418274055705
0.12039801132990294
0.09971452722017388
0.10500839176458333
0.09557136303266076
0.1485340155263951
0.07804538490817688
0.09763590335075081
0.14669528033889026
0.11565485112035372
0.11186746938926997
0.06508043432298832
0.08938932916788113
0.1361432779492596
0.09152647137953314
0.07602061964475726
0.1101415240562168
0.09871623470825489
0.1185424589022767
0.09171121691668345
0.09456573008826774
0.10328520493310264
0.10199383179441714
0.11493819389150921
0.09507878346162309
0.09794286099230899
0.10872404147828607
0.13484917812305205
0.11415267216483449
0.0810818440483528
0.09552386918088837
0.11981604581502064
0.12725771539754147
0.08583487012717424
0.08216647997326888
0.10989742422213865
0.1225677088719853
0.11667883286058356
0.07154247117961285
0.10224254811298834
0.06519691603020325
0.09036145451314322
0.07647577047130456
0.1133476658952621
0.0897928414300306
0.1373724369343514
0.14392110775990727
0.07714699332652072
0.09824815251707207
0.08781960732423318
0.1574321689299798
0.0952600340901668
0.10341398601505201
0.13198711261201507
0.09948268745983264
0.09171173118421472
0.11656118546690843
0.10636478485754443
0.08072020203718262
0.08942410216604316
0.0659465584729945
0.0704011200684222
0.13395145727134247
0.12622839172070524
0.11289934546186017
0.10787071686511576
0.10323948337888046
0.11201615960347157
0.054295330628282054
0.07369726138794873
0.12078288553304617
0.07781136013548477
0.06348008832737306
0.1007668944217452
0.12954692090923267
0.07993678586653284
0.10737083668405395
0.12181862281759974
0.14275916622518753
0.12318292978406821
0.12271930838123295
0.13115531080854592
0.10498424551073464
0.10551754132410161
0.10243843386633653
0.0843193439865516
0.1479116428276105
0.13432251203912704
0.13966516676064689
0.09796285513586024
0.09418181082743415
0.14419699936239053
0.14395684558227545
0.09831843043562677
0.09267710223084948
0.14660322390105612
0.11043749515428387
0.10121901138382002
0.08221499065159815
0.17102616408777455
0.07871999048241575
0.1157400815927645
0.1630970707026255
0.10597446185047332
0.05740880730398781
0.0727816494645526
0.09872338985013723
0.09878645203414284
0.1310705540744599
0.10918864283247673
0.10204803973904024
0.11907281259321147
0.10825078249858038
0.06376327925014384
0.07552954780256912
0.09648440536865961
0.09477047244375728
0.07336774784506776
0.06915881530054505
0.10733633318808904
0.12477005508283205
0.13925250407220557
0.07337353879282493
0.10325132521963294
0.12651416353164613
0.11204715009727444
0.07953015695531396
0.11296854655803427
0.14941614273420706
0.07314761789611406
0.1048311026990723
0.13611693238385328
0.10048643989320616
0.10675180627203834
0.06771026127821182
0.08264495840578538
0.09348339299487134
0.1111944221202171
0.08416428193057747
0.1062946838778176
0.128749636230975
0.09931252781773965
0.14390409036043986
0.08667118939494087
0.15538878441134332
0.14704085743905962
0.08904429276116817
0.10524398492987494
0.11437977047754003
0.10799475264963276
0.09165562232429043
0.10282940029683445
0.16350692547267298
0.10686318347053717
0.0789829430954632
0.12697174641262324
0.09501509044296146
0.10766407108064022
0.10286654813099519
0.12301399773347733
0.05611414986530838
0.12356274644083143
0.1331952793289417
0.08505252281778794
0.11627514386114131
0.07768672219569957
0.11220968693775332
0.1335560212522878
0.07504966790819541
0.10808029587697517
0.14065816834495887
0.09664588132593421
0.1223091503124995
0.09489209973624163
0.0908197392423246
0.10599098904627487
0.10872573865340772
0.126639287892329
0.1166453143829635
0.08167827546376588
0.14684327045109377
0.10082485981905666
0.11385235002035993
0.08375464522866148
0.12352594481479015
0.13006771272274206
0.07246973558152961
0.13070586154930788
0.09803698722568549
0.0663803112969903
0.11339882687066699
0.09088090457673859
0.057445635581261506
0.10619636820492903
0.08355081003697122
0.09251063195245014
0.10173341623434215
0.08291460103268432
0.1298608633959941
0.10863895798483122
0.12590608026425235
0.18287401131173203
0.0878898238034943
0.10153517785914283
0.12768451643326065
0.09373212334855135
0.09298797281305325
0.0990172793678728
0.09353277400852063
0.07520677206829972
0.042884023797058836
0.08112519386249005
0.13138094902295713
0.09707415463475261
0.1099251314355151
0.08666723685850977
0.11240155303350113
0.07639463122223175
0.0975293121202581
0.09724583833657917
0.07856902509106829
0.06084787679666614
0.07071994360373814
0.09927383886515014
0.10265251803075072
0.10621513913590362
0.0896747285791539
0.15436981332860789
0.15914403106414635
0.11379793673380632
0.10427282706194982
0.07967590730073644
0.08641435585252441
0.11163992621998406
0.09290325164212387
0.09338916347066552
0.11732971713852514
0.07592587114556086
0.08582172926287064
0.09300427910664837
0.10101695747823544
0.13011507751049697
0.08879766942900039
0.08242791710751132
0.09173657517573508
0.09619362196991121
0.11276728110947405
0.13902158472911608
0.08769360179467191
0.09609621746490554
0.0927489866870171
0.10370464369864268
0.17498185241785505
0.12528831091212203
0.12609360426051308
0.06644086186163024
0.1083540339664707
0.07812689397083111
0.15200896184504809
0.09451420400532233
0.08663060142086593
0.08525365663430508
0.11318246242591305
0.08856247936497044
0.12941955649041578
0.06719635323595846
0.06705087866695209
0.07287020660926942
0.11980531960879232
0.0857402524378069
0.10151368551070286
0.10209298936664908
0.116363018952351
0.11163170925514392
0.0998800489237866
0.0688209199347256
0.11697941670049479
0.07664367524363122
0.0886263530012045
0.16846966622137297
0.11685061766889436
0.10029085984118907
0.07361910220321852
0.14851027774653955
0.09746256077359959
0.11631878278762466
0.10903555766227985
0.17017435982687296
0.09228998627903619
0.14875603387828792
0.08851770392999452
0.10805543450430188
0.07999097557466313
0.0810255904876975
0.10791486449384471
0.08669263468505874
0.12650078163233525
0.13219031820609425
0.10391487617213549
0.11136700042667927
0.08185802199608064
0.13360784993418615
0.09204554788049243
0.08387470028596712
0.11147310383544683
0.10102526494823127
0.07415791949839579
0.05552524609306316
0.1671406943645913
0.13268292453832536
0.11399866936572584
0.09554453151382081
0.067907499618452
0.1386116327314875
0.08931980396899253
0.10856021152468619
0.08429744600973367
0.07634029241819268
0.06531967732057638
0.0873764276029213
0.0675057981500516
0.09261400048133887
0.10772792463403086
0.11938962161440883
0.13938906178742716
0.27690020907940543
0.49869874793737623
0.05812215998905458
0.3845712444990375
0.780401520424246
0.4173905128117126
0.4708165845891065
0.08458970852471616
0.08884998154893657
0.4856891683544567
0.08448058260786563
0.0804778147442406
0.11592235242690598
0.09499311723049815
0.1248248652525715
0.1356929888072657
0.1487378502211898
0.1041298371478211
0.13004561852486815
0.12090387784419358
0.11890580795057366
0.09457951999157493
0.13390964544867415
0.15194081607045043
0.11867570713870122
0.127819738080081
0.09538933518492859
0.14417659146976983
0.11917090215858331
0.11216441443183506
0.11369594919968583
0.12653104945834978
0.08315646982594638
0.09956785114205265
0.14617696614143555
0.1831813127429995
0.10613041951831546
0.11505548303470424
0.12546470360299566
0.10621227581344131
0.1479884614012111
0.11649805917905798
0.14185910133557625
0.1428839502321288
0.1742002971583582
0.1223744420837719
0.11751075728673607
0.10719151036242294
0.11300412528917012
0.13654747028422984
0.11657462004172658
0.12449205262509888
0.13723637349350604
0.12464221203885142
0.11152155264985808
0.1298834188871806
0.11838771124025786
0.11018728018078634
0.12317235043798873
0.16261637563101575
0.1344382991514268
0.1686052373180951
0.08674584475907991
0.10392109599340724
0.10917105661030972
0.17580412525189007
0.08542455989537476
0.10502253406445665
0.10890211825541746
0.10706676962022718
0.1331688564160196
0.12378573781114381
0.1344040020196781
0.17839065076375948
0.08351289102224972
0.09473464561856582
0.09196212132115918
0.15963176743291294
0.066976704308206
0.15525922035192538
0.10949990100106634
0.07491908592484246
0.1375215785753654
0.11394623888137077
0.1274998200387459
0.17070341193820657
0.07496201321276637
0.11784432854700624
0.15088000798816176
0.15275340909564436
0.16102062412309237
0.11094187933009948
0.18420178731467943
0.11112098692332315
0.0981463135164392
0.154752172424836
0.082498004933999
0.10529144044379923
0.10489065548932183
0.10506702814795324
0.11443474423169248
0.08114761703289368
0.12317707370693796
0.0786392452684648
0.06926655097607473
0.12843787727048508
0.12963113614508467
0.10863205848948007
0.1151454429099134
0.1262888911832077
0.10265688959240409
0.0685703416954489
0.11203686563918083
0.05049710108887376
0.1161909616190612
0.14295600821835158
0.11556206182720537
0.13415470746590316
0.1337080831397721
0.09159326164733538
0.10488232372267312
0.13322807432314654
0.12311028108931585
0.07130516604783098
0.09777063748229255
0.12573605575587182
0.08043619166185874
0.0690274410266145
0.12412470920409344
0.08054882442126764
0.12159027537865959
0.09297078208916969
0.12263096587869644
0.14381143455044956
0.09542641905165075
0.11705648520777939
0.0893348140190717
0.11836252540820275
0.1522382363302499
0.13099566446047078
0.10399208163806019
0.15189589822408991
0.0893743566649914
0.12098079497003904
0.10414942303500785
0.11148896673283029
0.10027156886491566
0.12528461273711633
0.10698511374841263
0.1362861019409464
0.10971065519759104
0.07263099636608962
0.07156174667316142
0.0674795289390342
0.11118494811300532
0.14053456457671773
0.14232788120038428
0.11530351574666846
0.10361906269284997
0.13011889640814234
0.13603695246197345
0.12710325359676625
0.0876209092150145
0.11855299029031932
0.09912480852306751
0.10196152589196744
0.0889190494469688
0.09763618990494034
0.09112497769230592
0.1055461777568338
0.15210102920616206
0.16361264996184782
0.06507297230373134
0.09356642559874248
0.08358460676759333
0.1370947073447853
0.10338356953191309
0.13234658954840575
0.13743132253164872
0.14410957288352091
0.09585097519302418
0.11460391488171068
0.07524121921237556
0.10265221944465193
0.12219093931199373
0.1631242012312794
0.13231367589782828
0.15002287710092724
0.10490716084580201
0.1199864702416879
0.1098220861415309
0.09479848310614182
0.1216213044175724
0.12695209153833373
0.0951826373926807
0.1112992429085797
0.11314591868884984
0.10869838748218476
0.1511982788578701
0.08619708712506899
0.14187829419412754
0.11618701287535775
0.09876000188798868
0.11825865489539544
0.0918120070059086
0.12203848858849004
0.047460579730742705
0.11649107095797427
0.09101925417776073
0.08541604418593275
0.11323568531595256
0.10178139446589869
0.13082620951786822
0.10389866166789107
0.13106886605062942
0.08256273999447729
0.12033932443689763
0.0758449414363514
0.06272390595226843
0.09549970013274155
0.08159989051983413
0.13065902871642135
0.12683620561856687
0.11135527782468625
0.058477039282123354
0.08869231460298929
0.10583494679246429
0.14413182143730283
0.09819285165175043
0.10885728031159464
0.09081050502720057
0.07610388489864305
0.09264985045384998
0.1253957993682017
0.039033754055644146
0.10420992526459547
0.1516965721985132
0.08811318149092127
0.07635595126651272
0.0668535288589717
0.10156775083686388
0.13054707589794085
0.1045422874998921
0.09626908353236169
0.09098961842610916
0.09973872750205157
0.07357022720465001
0.10364673227910819
0.0964770433224475
0.10459774550349485
0.10926212370976186
0.10813654129766917
0.17277262685758313
0.12201129536777976
0.08841779667199254
0.1010902536000129
0.1447961203886175
0.1201327865600775
0.07822127654714899
0.14147968219477647
0.10921746275728475
0.1440456441787056
0.12638725633455
0.10056952474755632
0.1084554963348702
0.1343513138550905
0.12172071647767947
0.33862199085997735
0.22820265086771607
0.1086388118918226
0.13759015791854826
0.0937367068914557
0.11085122817661303
0.09809668924852828
0.10479586446166114
0.22749026188100469
0.13735792200773772
0.09927684814284171
0.08039994671314124
0.134120516098782
0.12583831862603106
0.1600226898386344
0.15078697940168337
0.12011213324752575
0.08164856420212772
0.09561321166707834
0.11334307191961321
0.07604813200188837
0.11679998062889649
0.09367752747591711
0.08250629275672054
0.10447993943268344
0.1144071114274781
0.11400166060660993
0.11236741396524999
0.1366747424177925
0.1325472289258789
0.0686078313094509
0.10258720646734634
0.10090982568218924
0.12898413887990537
0.12226263158138882
0.10056733156186148
0.1069480864960973
0.09398979356143615
0.08529759812857574
0.10760383620808496
0.07857799097577797
0.07672027563087797
0.1252211830982535
0.06967269404228632
0.11024267185421122
0.12804254188811962
0.12845290852885352
0.07396577513135509
0.0672241390556558
0.09343437510418881
0.0912137807226885
0.11576181942560206
0.06625720325520251
0.08603517509435633
0.12014972339833406
0.17240773818598773
0.15076893459229523
0.06977377240110366
0.12443364590117628
0.1061216050300941
0.14298809032382537
0.10563405299200841
0.1435500854274528
0.10675012975723056
0.1287289927368145
0.12328864080632614
0.11580828459216119
0.15223637679746269
0.11282123729206797
0.1367725206523364
0.0749529141715012
0.12009030896305328
0.12876861997581768
0.18110413831401267
0.1053675636007464
0.13752402374876974
0.13340589482994078
0.14574072395500715
0.1247970760129259
0.09267495736134629
0.17258606674465443
0.15707240527957222
0.10526873535670844
0.0989425593459063
0.07382167637069723
0.09238668485562944
0.11478992301791947
0.17778214372105558
0.12326081131179902
0.11196234582819498
0.1290170691338003
0.10023185192761083
0.10376478112742057
0.1282886810827861
0.13219326092186373
0.1054986158183361
0.11717600335413043
0.06178644150965569
0.12836061614228464
0.07819924065160996
0.09479005432277536
0.1316365835877922
0.16658255928740517
0.10791750753506286
0.07923443124566326
0.11341180150269818
0.08788507410957129
0.075859198337126
0.11807524289964358
0.08467223544594449
0.1333465697321671
0.04816870686376263
0.18774450576295673
0.1362759798828101
0.13356251537219585
0.06383296521920165
0.09742850865326143
0.0708710494758971
0.12035171705454638
0.07349472538304924
0.06639773393501934
0.10408491924471763
0.11326080410917075
0.07573971745326175
0.13555420372125118
0.06714490452746996
0.0598916944941813
0.09667621686442905
0.512189490799494
0.07852855980354537
0.09281287870224189
0.09671410324698777
0.1280568689810123
0.09247209925020188
0.10341252123117883
0.09109938442303493
0.1329430094388126
0.1010020944752552
0.12130419931375945
0.10151679399174413
0.12870572463625343
0.11280068423546813
0.08846059814713202
0.10207882852241418
0.1206438754521779
0.13450942374637173
0.0914510635369251
0.11467181455137461
0.08962792038418117
0.14300268260101767
0.10858283746611885
0.11478912889990495
0.09968022802198687
0.10125158210533283
0.11808839751450473
0.1307020590826893
0.14844513744663207
0.06159597874557732
0.08146105506962087
0.07401160102684112
0.10416317165207625
0.1464959291893565
0.11327651791552619
0.1499523358982164
0.10148756384644916
0.09509446315222349
0.09574107965817294
0.10448998050732243
0.08657735873762339
0.1262582422204126
0.10717926657987704
0.11873921606642918
0.10668304195136512
0.11551091869041721
0.07606642917310791
0.137852503684651
0.13924331786693095
0.13815479267580555
0.07853914344927335
0.15063152023955645
0.10063849116183984
0.06016476969988568
0.16936821597939145
0.12134885474280012
0.10522293806027347
0.09511551346043838
0.13514808505221074
0.10933038041378229
0.09083878876435608
0.14206730339411913
0.11568221838027155
0.13958512096105744
0.11136430657454648
0.12976060565239514
0.13851296076476197
0.07597766552052052
0.1188591404940083
0.12034105870293693
0.13438183263813508
0.13118755555144504
0.11895880991588731
0.11933268327484509
0.12895890746632904
0.08189540553074684
0.1258893698188652
0.18306954737358339
0.11177674859461856
0.17724236255929463
0.10907822933786677
0.11165683776609048
0.10693048081149262
0.11570385714698127
0.13141846162857945
0.11567750342595064
0.13332274344125045
0.07012967121437645
0.13614816970591959
0.10573881654914627
0.12002303262517125
0.1009930853786186
0.12564333280592188
0.13434751264418346
0.07427918304751444
0.06196921975428545
0.14201463187729021
0.06320928543667834
0.1451057120389098
0.12181213180883876
0.11356824092184992
0.12590188697738464
0.12245639461025623
0.08572216444809987
0.05270453522629566
0.10124362469893079
0.11599250391116221
0.1367863715183919
0.10766193567430757
0.0991838299196892
0.13652081616369455
0.1135769813873753
0.12335793042883932
0.0787389564532309
0.06354233445748539
0.10072202715763293
0.11374342145348088
0.0668768619531786
0.1471117909565257
0.09705654986361972
0.08626955078739296
0.2221685600598491
0.11078592936380242
0.146857349450941
0.13437888802713338
0.14342448762565466
0.11786015304627029
0.13873931895238545
0.08445370678416078
0.11591717290267715
0.12479112060632586
0.14793341605657254
0.0988104918809289
0.06640606454405482
0.08251440019605001
0.1713539657651865
0.07827361231242057
0.11200875906536355
0.09742372571884272
0.13205903679303677
0.11009378876284467
0.12745535141220035
0.07121029754784187
0.06742582647653417
0.05277455690619264
0.12676668550312983
0.10802998122844032
0.0772806755348739
0.15665917368399038
0.13718202556298736
0.09020638457045252
0.11265974798821576
0.1118196171364441
0.1125589300663926
0.08550734364696244
0.12794249289950244
0.0899600868092279
0.09493390274448091
0.15600312969021615
0.10027318550394222
0.14034726802284572
0.08981620438048574
0.15984630214209405
0.156479225480775
0.10410673932816229
0.14046602023668517
0.11122896565605321
0.1260438806865134
0.06840216028153337
0.1346357111873833
0.06503349377907248
0.12375723521849888
0.13431211254795522
0.21197258021371748
0.10686863135490614
0.08801032015178914
0.4327784637631537
0.1010470731799545
0.18360924634515274
0.10078620672343579
0.13300966271279968
0.17683619292052524
0.09495990738078766
0.07912046482881088
0.10531998778318727
0.11204625852094965
0.14259813212585307
0.1026911300527082
0.10469834004791488
0.1777896852674213
0.09492411627258628
0.10852964857354647
0.11239012124159942
0.13732776582648926
0.5464775909026188
0.10582817201522222
0.1031579736215485
0.1272946239196809
0.07398713670705034
0.14741560739623588
0.08911481853400215
0.10607725077689385
0.09339644231124454
0.06457374404061383
0.13841490852686883
0.08477536794772857
0.11792289662605622
0.10836437829972148
0.10179464368567831
0.1221678577374465
0.08043686542850077
0.14973026701166398
0.1810307740750521
0.17898603443345498
0.0954018628344925
0.13331889093486843
0.14087684112618845
0.12863261766231787
0.15906143292780928
0.11188210497874565
0.1525235482833057
0.13480043124356403
0.1486300237812029
0.10385458285720223
0.07184310743194547
0.08794379589068267
0.09374778506285572
0.1297521052574283
0.12492653834836134
0.10861169081998344
0.12665262369747343
0.11767367975039643
0.09998875713201011
0.12257085204927581
0.0880705967810407
0.08505192209122063
0.0876560208965967
0.06999918886795842
0.13142708734437158
0.10285666126406875
0.09084785442429412
0.11374083799436839
0.05554987811096014
0.11606610615573515
0.10879103913785834
0.11994975666854715
0.12318518042320627
0.12864221527769312
0.0775811816896712
0.1275405542486928
0.11890604645910416
0.07317881051091651
0.1263189300666199
0.1282493636795441
0.14005256452915754
0.1550410175047038
0.13232054790982647
0.07746489989733726
0.12547052326595146
0.10570105392859809
0.10561161165368924
0.1061050034451832
0.09523650205864016
0.07800910280782786
0.10708739624280206
0.13191002796308937
0.0946211991783698
0.099596434261761
0.08358941570893019
0.15869344347842484
0.09054421754577377
0.04410319110717462
0.08834815290037323
0.09297121670836138
0.10412491994643773
0.10496108947671895
0.12444901046632464
0.09552100773065676
0.10360607693305757
0.11541669161080206
0.0967645995382738
0.11464084115448198
0.09922583301007697
0.13496499012846014
0.10756063036400623
0.14857795311879265
0.10294083458658919
0.08769651902744185
0.05773857731519289
0.14565653311193627
0.1006277123393285
0.1235905951687656
0.10796761951043206
0.0912241887054328
0.07393501925893735
0.08792744139043912
0.12045171821691669
0.19861573091981746
0.1282151635477054
0.10877936459697421
0.10482484461741401
0.10612485103795372
0.08438044868529986
0.10108742557858824
0.1298389022908537
0.07249375201746473
0.06646648001828775
0.10474716807427804
0.13453003585597215
0.1464996380779024
0.120398391044101
0.11866628359399661
0.09698803167738801
0.11128124437798369
0.09197138438988109
0.10699258751048478
0.10156373927790303
0.10408428709188329
0.18065332758771438
0.11253491714728117
0.10864630112054888
0.09512019652807967
0.09582735517380683
0.08798995379860944
0.13317750237034084
0.11195105986680208
0.14803702164031735
0.07121407600350474
0.11287755111995752
0.17633357043596642
0.21542028653855766
0.0928992475379864
0.07734610286507182
0.0634629941125846
0.10164798129734083
0.1256176345420192
0.14945155190869663
0.11550437327189209
0.15030187166721537
0.13382128216315342
0.11146893673750198
0.19021727178565534
0.10848599468254178
0.07935091397490164
0.15493436971475577
0.14885263393338355
0.10727799458285371
0.11507404472569349
0.09802732332448756
0.10556525635837792
0.11273082956364275
0.1291220742009548
0.14678109451338975
0.11803194468763767
0.12318361282368341
0.15582408535679834
0.1436158222092787
0.10899319937294172
0.150275780982268
0.07058024769993823
0.12408013555018432
0.11580891744298376
0.10696045115610507
0.1308609366364258
0.10748242848208273
0.14004556809209484
0.08235042879554696
0.0814783464621643
0.12477152199353946
0.16913862947639186
0.06748035159000142
0.12096275832861103
0.16154391163769435
0.16044574827337077
0.17552283711159483
0.1615250824614483
0.12127564056401935
0.07183679140224004
0.10421510681972894
0.0784844363116795
0.16307384011261863
0.12929766707907034
0.11930296162687706
0.09391417828055697
0.13238655519088424
0.1569701581465559
0.13343074712896255
0.1099316105059027
0.11776273805269646
0.07838482341332506
0.10293433023823809
0.11456478435622508
0.11313634187002992
0.15638540339198106
0.14346215870588566
0.14581836314190408
0.11961959097588407
0.14183703611519768
0.13274897420870183
0.09400149091671724
0.1026309028938219
0.12591586765862278
0.1008002262143791
0.1453889934599623
0.17859007413361097
0.10497130053467991
0.11517391925636045
0.1190944162342353
0.14731989991208777
0.09950705887224141
0.031374509357941255
0.19438169981906292
0.15956669669792659
0.14036241671725258
0.12103592178640181
0.12669235555095718
0.0896072442405717
0.10710253779436864
0.16709884838482303
0.15890665304902163
0.059019111904671705
0.11834526799725413
0.12361761881773764
0.09047361599309711
0.14765964286435657
0.10885993492676421
0.13161483536673538
0.07923735003442808
0.1150118522269721
0.08581245316671715
0.12560791111603026
0.11128832924115775
0.138576821331522
0.08740633733160263
0.17120082852259227
0.19379271239295826
0.12649489924315083
0.09814916174047227
0.08474292929671277
0.09189768198379943
0.09828946589009979
0.11432683412467783
0.1400198854302081
0.06914272388515255
0.11810687657235994
0.10480301481858226
0.11872868190011741
0.11312614439684367
0.22079379522170442
0.13398069189654152
0.7484382219076475
0.6063342899325486
0.6870303984069485
0.1355340182156855
0.11829555913911356
0.1254156058384554
0.10775599892432879
0.03951357463053763
0.08310469324412166
0.14072151945015052
0.09508345948626779
0.13426990135358316
0.1277522491773664
0.11587370630507082
0.14711526918688064
0.13043816670774602
0.14400636993049387
0.11226592635796483
0.18721727183217074
0.1394401350527199
0.14384046866277825
0.16312407744611992
0.12462595313042332
0.14588504047854559
0.12318602659062425
0.13169079906121023
0.07978554565615348
0.08735021084307099
0.12477232599789323
0.13319674562835845
0.12845704744357722
0.12595589124294074
0.11164093524354946
0.16222709285774697
0.12159408781576074
0.12514474848019383
0.09898188806681633
0.07424221558409272
0.16316617032292863
0.15335932793863302
0.11552374475919353
0.09315464490996439
0.15458645777575694
0.11762016813078831
0.10381341382444584
0.13125596954686833
0.1321281325796182
0.13498217463302578
0.11830083144088467
0.08990033624325793
0.08237149598428432
0.06877776635179565
0.07729108760938762
0.10564453477273388
0.12181108109558857
0.1250857020057945
0.11189313461257118
0.14075853769126537
0.15538025850667503
0.17007902793314195
0.20812256738392373
0.10011144664313369
0.13144501410571766
0.1734280377752752
0.12894262304750487
0.18042204855494998
0.1474688082806822
0.10005765604489278
0.11181121544135582
0.16766350227884283
0.1208834916112822
0.0858560055884979
0.16466315812970278
0.09628234761994206
0.12277147851643494
0.1336394493681645
0.10794845220964394
0.1370670194166764
0.17052825306573072
0.16440060250989905
0.09945076005000832
0.1198923891979609
0.1187001790616785
0.12901157379047484
0.1323618202509605
0.12162898062191278
0.06863901342841613
0.11552142889472929
0.14364593509962995
0.09184001341813099
0.16027948823514437
0.12732199517921175
0.13518041806158285
0.0857954924592067
0.11041279480198124
0.07562931067394144
0.08030535087774325
0.1379079444696081
0.09909307257884119
0.07752331198705664
0.13117941059375043
0.14288120539315113
0.15685928520665607
0.0937347842362686
0.11136455239271183
0.10615703969914915
0.14821755540605983
0.09044435095869194
0.07024221002680905
0.1496195540335401
0.1639110286553113
0.10004033526927403
0.12278600497135041
0.17296625444922673
0.09397736133609359
0.12261207420381776
0.1582326061476652
0.07481412957235395
0.10580230174848058
0.14807598698799765
0.08117433938764056
0.14573534505273833
0.1258224036145553
0.14316463388692424
0.06448178560578681
0.1271669737049306
0.37914418754397156
0.15067326434554837
0.15308157731356417
0.10602840344904095
0.2179169396369117
0.09404173911648375
0.10704982648835813
0.06583633808349645
0.12941036774375708
0.08927022805881939
0.11529057717034737
0.14893758604166818
0.10808789525038544
0.09897265050896896
0.11260780667832858
0.12710514623186397
0.12190573509537182
0.13001730230383732
0.17050650593633962
0.11260337630014527
0.13499011090149285
0.11463626687859713
0.08248824872340042
0.16488226755103927
0.0716877080927471
0.11748896418647602
0.14683397530165407
0.09496168525607207
0.07956037774842657
0.12366468471394049
0.12241074713298233
0.15272585363035138
0.11498465881509105
0.12269245480789863
0.09921034159645002
0.11221591677917142
0.09118085695196189
0.10255203675948063
0.10360539167816014
0.10944903309177943
0.1529053513839419
0.11371729556974439
0.1694657946892624
0.626310767297868
0.6065393965915095
0.862099057594654
1.061135958415559
0.982416688250015
0.926056250317682
0.8628776733048654
0.05645424365143709
0.02963708619337973
0.03260681538157687
0.06840347176103846
0.5524974232621677
0.03909115886917474
0.03255827632304693
0.038809114965084164
0.04190247231835126
0.03665184057492332
0.22365917867567991
0.6827121678570856
0.6591736658426461
0.2140354499518565
0.2483603047862404
0.660116991331418
0.679587998089052
1.03574628747998
0.16917013371082223
0.0801670447884657
0.1815988401665085
0.12621584918802176
0.09323019837902036
0.13785404167884846
0.14280193488329362
0.1800851331893768
0.061560281957372454
0.1694408599942449
0.12310375772935697
0.09081464453460063
0.11585818456582522
0.20695033277890956
0.16930725218133943
0.1554239868457403
0.13650999725326593
0.09003907315060267
0.16890984132531486
0.0908254425465706
0.11882201143123923
0.17530213934123925
0.044241150465131066
0.10262795335064702
0.1375106345167868
0.123637821108276
0.0688393231172338
0.13766833080418706
0.1129536569207894
0.15849874924848437
0.09336918738930454
0.08637945435913896
0.13785299434684856
0.20568526573246346
0.15596295300456212
0.13790321224337646
0.13889286467716908
0.08649007029251228
0.08868775718680147
0.20747829809093551
0.1619151107819835
0.1126152123978207
0.09617783844572374
0.13212191430442993
0.13388223483963643
0.13084600449521674
0.11837633067714329
0.09856362092335669
0.11055015710824309
0.10367639445727542
0.11156653194722094
0.14801553705984305
0.12684699386036538
0.14236449768985363
0.12922144732623528
0.14042422847077302
0.0725007445302993
0.15081108732287762
0.1977908147599424
0.18821224594664618
0.12829449546653615
0.07947632214792731
0.09424350713331155
0.15692653808809426
0.09690292619595071
0.0929265782422694
0.1085188804820568
0.08981177103062389
0.14233578018181364
0.10609546676466804
0.12436820957707814
0.15436587921171224
0.19828258467908957
0.14742678346161578
0.1264675173701604
0.102482552873468
0.10613172393212908
0.14068984117733707
0.12185004117587768
0.09888439268776116
0.15964305245406948
0.17598990264596415
0.08176248637582109
0.13888867575664665
0.058143258230722875
0.08796856677848514
0.09789478101271602
0.11155663218720208
0.1147689482846171
0.1271414223900759
0.127444407894038
0.09904396430097549
0.11071406294848804
0.16079578278634854
0.1516144468021496
0.11565391141832694
0.1136542233115143
0.0840921485138611
0.09326517485171953
0.08065535041564946
0.10604334876145678
0.1864775536449488
0.12982394267124006
0.14081337954944037
0.14859622814893203
0.1779263249834554
0.1307609978276993
0.09571687502045804
0.12419338723746026
0.09274000067895415
0.1314553884310409
0.11361919239506135
0.08701837744551656
0.14977340275410098
0.11475262671588711
0.07685214262653382
0.1341876795270056
0.13936185080460325
0.11254100569236167
0.1490993207998475
0.12370189935888909
0.13204415802976302
0.15411369439098982
0.15272514463904419
0.14750877421948302
0.08052832219556372
0.16446982496596593
0.11918163856497749
0.14643149653950543
0.12314531409502372
0.1429218662008099
0.1382529852877269
0.11171329324864018
0.14309503027528064
0.1095108712141453
0.08865535316872734
0.13321247997254085
0.052835152640228304
0.15288898927637193
0.12485795627826972
0.12501595007853714
0.12304705336493221
0.18225817996306234
0.07939473603857887
0.10442876049889513
0.09295186517265337
0.09879929473909002
0.13284974881073894
0.1390998580025686
0.1575302417898622
0.12341275229813457
0.15144123508590543
0.08674927824461112
0.11241788741695656
0.09281699918075738
0.13308097547913808
0.1711429606307268
0.1717791389184379
0.1329339391457705
0.15288654815480526
0.10346237681829713
0.1209912680579151
0.10673247808740391
0.19119439491385784
0.08645440662495425
0.10289046313762566
0.138092873291632
0.13862461823051597
0.1724467135510421
0.16148208950641854
0.14782565418876673
0.09016326938867901
0.1305029760303207
0.14328779262698596
0.10517139331818684
0.08518655816759667
0.1606369065685985
0.15092427799940333
0.11632185016504087
0.09587506924470884
0.10487504361104902
0.07257664797788539
0.15344383018160587
0.0931572467421879
0.10598051814391224
0.16273218846824256
0.12134282319710107
0.13962578510585383
0.16069160405315522
0.09036709297666862
0.10280361099106322
0.15017826200740428
0.1414511918729146
0.11032116478239976
0.10197755904065547
0.1361674197529843
0.13219400002752568
0.09472374486704861
0.11666553539870622
0.1006997460684802
0.13012118753486188
0.10835050698813872
0.1413233050825004
0.07140706065025278
0.06786285774751595
0.11129644952285671
0.10195992519062413
0.11651708113641042
0.1412986574425129
0.1113062441792584
0.10417244180748365
0.11638430546989406
0.11179013173197724
0.1920065719699278
0.5406529380683781
0.9893324677504607
0.7191951128214313
0.08358960133536673
0.14178679839015926
0.10479472010002897
0.18178641524929406
0.11271159130947402
0.12694991704677278
0.12977517581317133
0.15626051403501195
0.17049608171110667
0.16259139686163593
0.07741301321366391
0.13224358838511832
0.18955302632435583
0.16739574603797455
0.1978471186187025
0.14002719605256148
0.14295483896234748
0.16593002453628505
0.15183015902218056
0.13172286736611638
0.18848724805450343
0.12966844410709943
0.16326256068225106
0.11529839141773707
0.15945410798619716
0.15445759998403177
0.08110517081608833
0.1269091694122206
0.1326437303489774
0.10014969981071017
0.1849010961728773
0.13804542984235077
0.14884113751903139
0.18371471596346944
0.18078571237507732
0.12000890240048391
0.15198922016184882
0.14752656292590263
0.16577070851873382
0.1438400686244844
0.1418857358624088
0.16540203525878708
0.12156189169793463
0.11606847044870135
0.1278213858810734
0.13226125758316215
0.14434359596301938
0.1589021427103159
0.16490659704864233
0.1002320141543284
0.17643618860759722
0.11599017510350021
0.14309436535876846
0.1806781698941467
0.105572619108031
0.1705630035740747
0.17455723386359936
0.14781257304761647
0.0767286328548717
0.1263261634626794
0.1864040827730381
0.18885907081228087
0.1599922960561489
0.17015154535858268
0.09073303104270825
0.16579583393355427
0.11464187180347264
0.11845689362290089
0.1334682345997385
0.12776656761146388
0.11412572877682405
0.12399547417811707
0.09845404286414279
0.15867320941731738
0.17127234673359235
0.14437019650186692
0.15958481788959142
0.1095314204782884
0.10793074519065732
0.1324154426459884
0.1477840350759637
0.12440191589790396
0.192713063568516
0.14874427377856472
0.11097259875556609
0.13813370819356946
0.10811826931187381
0.09992140138387443
0.14736736257532723
0.1628036271025932
0.1363650206654966
0.11691327545442341
0.10698248210210788
0.1263845826571047
0.15758794047531854
0.17880930492776997
0.17233093751112413
0.08747471656441523
0.14835369269047435
0.12576432570015078
0.1269294276605825
0.1415121154180086
0.17637429103457883
0.11041493600149899
0.07366358158262544
0.061588529718224656
0.14573070963527548
0.14329335811010563
0.16523645755107202
0.12249930518277596
0.13479780328336083
0.1536926462705206
0.1357878862285552
0.1342947939175473
0.11614444651828654
0.20178604295282082
0.11353793812403873
0.09973760451275258
0.11749488016072501
0.12487148487958631
0.08116359034414379
0.15218167136016436
0.19032734192274148
0.1360988611769217
0.08719866930106886
0.0896264330004308
0.07704130369176806
0.1346119922693749
0.13923379386419912
0.11639869807724751
0.17823932272516804
0.16787253528200818
0.12786554202198544
0.1761395559534197
0.0763064050184388
0.11254482150298643
0.14379578614388244
0.16639222860860356
0.14715394753598698
0.16771435276674826
0.1924981601389324
0.11553915810669638
0.18253865470125705
0.11781615745201231
0.13965120746954718
0.15559057162589235
0.15615177881981593
0.13564740867095554
0.137228680663328
0.14657628161479533
0.15645733113276958
0.13720318104535373
0.1296540410964566
0.08382553979541317
0.16085684563637445
0.13742531783790154
0.10581109961639293
0.15831496612189414
0.10708683319889106
0.11425738806045327
0.13697563512530114
0.15771250047449395
0.1080807192525738
0.17443317256382365
0.1338180391912609
0.10786202599254999
0.1357175819017144
0.15239084793828248
0.18979321682758643
0.11782570826853456
0.14497417324095369
0.12859472410495182
0.10996158245319025
0.134670965729693
0.12039058926739725
0.11122649161155637
0.12010620993736341
0.13436813315591314
0.14866599150404777
0.15724165562966483
0.11442007143061872
0.14126209242116639
0.17302228196119535
0.13844360295945976
0.10384389624859615
0.14449596570824955
0.15494372318320163
0.1002796424042123
0.14901676827929308
0.16180779812456414
0.07866501389083108
0.14254676521578838
0.1592137489964876
0.14636013452383104
0.1393128529595926
0.11656914470897538
0.15159303183725722
0.14537665028195645
0.14513751370343547
0.14957653657952566
0.16254233445765676
0.09385115369142039
0.1564063814892127
0.10138403396262631
0.11684623924970945
0.11052406613832523
0.15395590722462466
0.11796334335698119
0.2390006492201389
0.09601803376673028
0.11404896074636701
0.14485006197564546
0.10115031140733001
0.17248754988415466
0.12615503740552259
0.13524844878751374
0.10645953761970481
0.15163489205821476
0.12008859250060977
0.2011837610297122
0.15054792954136853
0.08464347318650134
0.0891581831018572
0.1365758532201421
0.09869881844500586
0.1404116724189342
0.16161197514033382
0.13689215185536713
0.19539125245839498
0.12382516242282758
0.15934022254618646
0.10980856710009214
0.07186293737828364
0.14648500222270464
0.1473077108168465
0.12075826843273393
0.10955115442780355
0.1639733190112943
0.13701045845766527
0.14017920027944666
0.16969155406162906
0.15739948333851106
0.17306164598648535
0.16549265483825856
0.12029062954825936
0.1045509380297763
0.10841669459183244
0.11031968920221406
0.12222481048539294
0.10986638884877221
0.12713693805878956
0.1467924038725231
0.13661504603514538
0.09595338732174331
0.19192120382498784
0.11903935155634199
0.06691440968410416
0.1103818239774626
0.1138444340124151
0.12185353442909458
0.1821693683685441
0.172069821356432
0.10307223268836463
0.1686135402514371
0.11362487256859054
0.14305607815239182
0.06330384740492474
0.1348502414738072
0.09259721066894976
0.20063331661010128
0.16467784057414983
0.10706236139364424
0.14782164138341747
0.12443725415702896
0.1046244201778489
0.08306894118155826
0.11232498808102606
0.13960923951979565
0.12660104721314858
0.16256554136917256
0.12633782467890817
0.14841837389324775
0.17739623987167574
0.11706263523818532
0.13492999528299995
0.11020572121627695
0.07522065378315629
0.14234264164201768
0.16322648083099583
0.11975121691942568
0.11276910130736617
0.16985316016534924
0.1285929551237704
0.1176917569677761
0.15281385826274788
0.14170863067249073
0.13298118989428434
0.15372573176780274
0.14447329478818294
0.10266530308690312
0.07870356866023917
0.18681383622452702
0.12377076248461738
0.15955219030272097
0.14978225839163778
0.0885153632019943
0.12990917491438053
0.13838050928219486
0.12834371789777477
0.1718075730343175
0.11787597912307626
0.1678836034981927
0.17316134400280875
0.15598048515541624
0.11065615590473327
0.15479876195608006
0.09753005429819653
0.1573109608287737
0.12811586935006888
0.0652798587636559
0.13625371048202847
0.13829898845590777
0.08298215453588162
0.09582179468962246
0.08872598131375407
0.15978686055589
0.17337954013434437
0.20210896465171252
0.156429510495434
0.08421883434010308
0.12024019858184952
0.12938173101591127
0.09648212961484366
0.11699384567235735
0.17244961653889554
0.10408833944891327
0.12631021408108423
0.20962132112151527
0.08903868215754532
0.12653943977462476
0.09581254423309267
0.09273493713456875
0.10722038828137467
0.17776871742873135
0.13515208674624757
0.14202307392298982
0.11556955077477261
0.10238880843870415
0.11380170011254039
0.08086158285609214
0.129471482126269
0.12238614827184363
0.1343140562697529
0.11549994681586764
0.09423336522593323
0.15702285375984265
0.0695135267941317
0.10487915664973554
0.18360781630017467
0.13663391117558335
0.17369325199136335
0.11149229265907999
0.1573838918849103
0.13303418598945027
0.13962657169354487
0.0862167779013417
0.12669241127484787
0.13028459976456788
0.09687740652763006
0.12732834990160768
0.15168002300066308
0.19631246633097346
0.10349024883711982
0.12204230755637663
0.13244372235092944
0.13000791676811008
0.13327460253576576
0.1258533305583448
0.12439309934139599
0.1606260185202823
0.09615952440138566
0.1404229265553173
0.1387196137951013
0.15250103599065654
0.15740083517350487
0.12399582797506893
0.12138820526112931
0.17497309397232338
0.14442092651533892
0.15823637032525337
0.15134954378350401
0.09582185799389421
0.12247009942238175
0.10934823168088136
0.12793150170031878
0.10057560755250924
0.10714374112564468
0.13922795671739532
0.10315472650677016
0.1443173829434576
0.1797213893958819
0.07416371661862751
0.1536022332130257
0.16693175818242403
0.13289772168778988
0.1717728380395329
0.09554987716405014
0.13534171326912695
0.14601393340634616
0.1435552430630506
0.10960292793403865
0.14923221995547403
0.12237891715117939
0.13180328012125309
0.08069691036092434
0.08789767503282349
0.18054756269875735
0.1219535571734191
0.11326457754148839
0.11081463273714656
0.11497195035038839
0.11753042789563616
0.08275660437418185
0.13113060118250933
0.080290540789516
0.12841521324509528
0.1248864614744658
0.09897003834653345
0.12279034628508034
0.0926688594585213
0.15438139684550062
0.0859094671746663
0.07693847284897706
0.15965263395597987
0.1658496643184508
0.20434795555616503
0.12261722493848212
0.11419587894347995
0.128888184512604
0.11193594022687532
0.12309608060788815
0.11908008590661227
0.12700296539331346
0.12395263839180992
0.1085367249717916
0.11844360023206647
0.1006050847420855
0.1020080597655671
0.21392793014900757
0.1260774323467932
0.10248519992065558
0.1489690001344048
0.10628444779254748
0.07986111721098732
0.08373728150181639
0.11407706205780364
0.1581682341629667
0.14176213439596652
0.09031919429220789
0.10070979735978781
0.10267435815027137
0.11653442015161217
0.1208898440850894
0.12317672446219866
0.12252327172579919
0.17313928985260305
0.16263945082455875
0.09977140106117253
0.12751342280599642
0.13041034271703408
0.1032595081153676
0.124637355697414
0.15598434891442184
0.13275332642725643
0.13129006625718978
0.12168262301375349
0.08083207520633084
0.11441243720306463
0.14237522451400672
0.1398993532476958
0.14689831151227314
0.14251978798738013
0.08474047953703144
0.15163563042596206
0.14807217254270824
0.0931610659861554
0.09285835256946705
0.12475370575999892
0.15705678738180615
0.09593095077182255
0.13055931862520315
0.1387160829022708
0.11369794753449357
0.14961732950242126
0.15705860005170308
0.11530675453749291
0.17802883281558574
0.1304803903947597
0.08692072346017196
0.1622025111018938
0.14721081035633862
0.1406808846865132
0.14856636972303244
0.1310793524072713
0.11641297998292524
0.15726491669549858
0.1626314770399649
0.06451394352190759
0.1512677402737807
0.11197265421107978
0.14797452550000162
0.09875322820219791
0.0837901764979335
0.08124809062279198
0.10906368576541037
0.12110785464106394
0.1798098962098887
0.11010695413060131
0.17725820010554258
0.14327733458899894
0.0874523600935847
0.13948034834417297
0.11888648371363315
0.19576275116434913
0.11640156583147575
0.07554740078877749
0.1467623154145421
0.060325454038291176
0.07278431443693009
0.1853224254602312
0.11738571500794465
0.0817248921236704
0.15235340519171803
0.16287337385374168
0.22424892749407188
0.09485580614938567
0.0891349202513211
0.12113416043952215
0.10998203730141924
0.1591375134601223
0.12637136700065507
0.12277639248364292
0.09039281323317994
0.12008002855440761
0.11502368571211256
0.15452999749021026
0.09303244433116933
0.06216252443482384
0.12872662226841822
0.1336418227111197
0.0958121570864784
0.10029387878922745
0.09768121522043242
0.11893730548360748
0.1142781512543106
0.1656491682978251
0.10865497312370923
0.1390840656026102
0.13560945139093866
0.13322023348240686
0.0653243042287415
0.09285416009421844
0.0931541325891499
0.11069546054276982
0.08861467129662519
0.1564298380996388
0.13915490901664446
0.13774394698502018
0.08285580612400965
0.13054351018742724
0.1020556398517276
0.13206679796780849
0.1327343451080835
0.13166495997666416
0.08691991059601624
0.1024575645615724
0.06397040955612819
0.11495869019780168
0.07991102335635128
0.10031265872280233
0.06340480916452648
0.1651586893582167
0.1734163776170076
0.17301934543921657
0.15035803222316563
0.1284103991521874
0.13460342257816105
0.14506390913525435
0.15693286708326776
0.11827914912712872
0.1508515407823178
0.1037340617695825
0.13883116102363577
0.12137479530358358
0.0738141742379211
0.11434451318489634
0.16288230627890757
0.09265322758373325
0.09561247544941252
0.09595751407783171
0.10430298786182504
0.12118885163729443
0.09473939045964724
0.09624280833019547
0.1498870501199084
0.10806655218593392
0.09664180139945787
0.11675752272268956
0.1560842100901687
0.10313379371131849
0.08216113839988308
0.14157481898902233
0.13427595726505184
0.13660380295221583
0.10854301215371355
0.09488474307594685
0.18944381918488812
0.10352894376048356
0.07680129224624409
0.07759128191633077
0.13658591140204715
0.11229869236591793
0.13382986259662305
0.11016171396591859
0.15368495135457755
0.10620307917597328
0.09439271248374018
0.12006921835960267
0.10478095793418375
0.07887931184936915
0.10891331708183291
0.1498130165844118
0.10604486437164096
0.09453526782172449
0.14295010135763958
0.13874825732358706
0.1173219380473216
0.04799454803857454
0.11832061990552266
0.08895509986301044
0.10030915998596415
0.14236559004356356
0.09371017012662355
0.11573700739983715
0.12307797203132541
0.17723054648140088
0.12339289585508426
0.11658738834032703
0.16936396562682934
0.17193119641082638
0.0993503256663535
0.1214064044042703
0.11084909458322664
0.14836774112158468
0.09129320362011295
0.13386813446884663
0.10610341507535391
0.08790699059319244
0.09511331498473956
0.14597006621788955
0.11781049941928476
0.10737782997056433
0.1292855524890172
0.1193164943715282
0.17482453891357108
0.1371861027281224
0.06097719716775402
0.13214256161011317
0.10144080978388098
0.12634767552009452
0.07930017492988523
0.17445124101542453
0.12713630090347763
0.08240628771164259
0.06869455096855051
0.1810266119175387
0.0976172081246201
0.13174956415116926
0.1829653112934921
0.12040588702277588
0.12285974133432274
0.09406049785126792
0.10400179283095123
0.11965978506307967
0.1352429710144905
0.07398804021080409
0.7684992185505808
0.15262422290368632
0.15358084986126577
0.0973911281511696
0.15869571427463092
0.12887127588488784
0.1231480464622849
0.11777042771674807
0.13094100792038926
0.10101051498948335
0.10832003504504069
0.09259345558309608
0.17127874314625013
0.139160564719
0.13658381285488094
0.04484150953273124
0.14864604430371037
0.09894113427596732
0.09711875401674726
0.12344282746693783
0.14278515212345713
0.14774576329449807
0.0854189450830962
0.13284797967855697
0.1809863100079382
0.16441467636452767
0.09638951945226246
0.12899344834051849
0.11050338082013474
0.14144625154056722
0.13933168170508192
0.09213688143595428
0.16906557360241528
0.11008769180427484
0.13305958179282015
0.12274554933916543
0.10782850076454346
0.09078637724861939
0.11562318637816345
0.16065333000801146
0.09828632057058863
0.11914445306889984
0.12338279654692536
0.08686284855092351
0.1718913526394439
0.13790602725462625
0.13262379622304962
0.0960017379339143
0.07327749019699374
0.1394621190580906
0.12232325403557433
0.0883023324077188
0.16625493118382298
0.09626834138478922
0.1677562180196897
0.12129098088753835
0.09014610560607517
0.0914344428548539
0.10715660779168104
0.14174077897339313
0.1161810435057459
0.12033376780358486
0.1349569926664082
0.10351733365327916
0.13014968182933123
0.15619023830630355
0.2869562647968927
0.11474014410321186
0.12671225415600576
0.10610637430033926
0.12860449004502997
0.12441497590338184
0.36700626309876294
0.09192418441902783
0.9717527485525675
0.21848896294870632
0.13965864347680207
0.08188786594301734
0.20136386193316527
0.18294048535352977
0.2648794916529109
0.661309910292947
0.9507857750151378
0.11420262709700937
0.16608105891712874
0.12525709115444403
0.1677526433566591
0.1363624811281977
0.06249061469665144
0.14797655371380858
0.1428033361629527
0.15976297822816693
0.10264497706398425
0.12202443652663957
0.1115745700102041
0.16909685963699775
0.09162300519153599
0.159649459224375
0.12779500995523285
0.10607210731160957
0.10258334136798794
0.10310604111308541
0.1436263867349125
0.049496433782799075
0.11190303872359188
0.11223962305705516
0.09985766562160514
0.1398553335625527
0.10858497178215219
0.1150624228023161
0.14577672124068847
0.09582773791803299
0.21326359831319364
0.12135523158874963
0.07644594181349522
0.11426507368075145
0.09674292771938323
0.1684987499968409
0.13079032724820389
0.1598425071082711
0.10753376805959848
0.13395517384016264
0.061657468235507856
0.14879185453524044
0.1782550950858442
0.11922508885661763
0.13902953486002004
0.1350544852649567
0.142820460076571
0.1259204679910804
0.0864919721740666
0.08943933234019188
0.10622523920031238
0.11418334259727717
0.15789904131606505
0.10559024110018571
0.1725665648348372
0.11823385038651273
0.11936188561295649
0.14828544364892413
0.13809448448861203
0.14532319265268248
0.08409717198250091
0.10987307125408347
0.11817971998497462
0.11083929975621679
0.09631771131750337
0.13164832659329373
0.11526406402503059
0.11298069746843133
0.09329992470367134
0.1323712853510339
0.18815091484202096
0.12576921462502846
0.1391855880797862
0.07396848018062646
0.1585624644539325
0.17088911954210093
0.13038602741123176
0.09250845192136449
0.10227106050593168
0.13225473670524537
0.09288534747109771
0.14033081907869532
0.19246479838676006
0.08059675101868259
0.19296662340568632
0.08217807342310637
0.11971929005094971
0.1251850842305204
0.13710268122046518
0.14760873567391683
0.11935801433282985
0.12646985086788895
0.08439554326954415
0.13956987111808086
0.13051128725221756
0.13063354926225615
0.14145633233400326
0.12270848490365814
0.11414891202011714
0.09198099581780056
0.13531078962720133
0.06683195177735664
0.12091894514219086
0.16898168172543723
0.07953873048332483
0.13134028431895456
0.13198531174259873
0.10730051700341207
0.1479014448763725
0.18085385568303364
0.07858929652764292
0.17475288916698217
0.11453198913916224
0.122158024721187
0.14893467413832961
0.14558385891665118
0.11189446377251053
0.16891374071358778
0.15162087329194704
0.11337096168278056
0.09431123764411684
0.13819576961071778
0.12045291269193441
0.08009541219297457
0.1268769819761612
0.10665658029558747
0.08555622862552811
0.14254806991760177
0.1421426708702364
0.12011103388746763
0.13186742774026444
0.1607965790738361
0.17663906473260224
0.18099480390021422
0.16486475884415716
0.1599715595470416
0.07211205710498478
0.16926554660679252
0.10869181358041584
0.12691872325325318
0.11745550902784982
0.1719104772314736
0.12961843854899974
0.16550092138114184
0.12215914694062106
0.08648925578839642
0.1251914590799076
0.105628484865312
0.17104714959177258
0.17668945972527883
0.10664375916968342
0.06359000435661336
0.11073419194072016
0.10015684098514047
0.09671266184163431
0.10104425081769469
0.1575177680408613
0.11741814083336725
0.10248067105431201
0.13694810461694554
0.1422371836461453
0.07120413041430729
0.15880406303299102
0.11928620127291449
0.09715678182411235
0.15827290584756698
0.17819263904355334
0.1824209408606858
0.1254709351550524
0.10965785851197075
0.0970207444211209
0.08070060436730549
0.1258438484311347
0.12007602421934253
0.14288863810612198
0.07067511227617658
0.11148533343265106
0.1328261654807075
0.11121722779399681
0.11683490594161648
0.10030429129937692
0.1455973987021689
0.18889859692595212
0.0957688415196644
0.08687675267997193
0.12164472165328324
0.09206551591241725
0.12396803508140708
0.11464154040597208
0.11552118929679601
0.0887987613343585
0.1127998499910303
0.1057451749452211
0.08932526581964625
0.1262930823334106
0.13531131628200468
0.076224400706541
0.15465952436948005
0.0793254241908908
0.10291145419934054
0.12039253684054758
0.11195195976786397
0.153405261642389
0.12912373225014165
0.1135502881309857
0.10957662254086845
0.10275273647120665
0.1293866847856917
0.14776080957577567
0.13824660540373837
0.18494093158098707
0.12568568973509278
0.7025852736784729
0.11517937574083557
0.12874583047856109
0.11896110866061727
0.07619230300892409
0.1339516417827271
0.09694267691851595
0.11881356923080647
0.10761968616388641
0.11107445061786142
0.18139522439307673
0.1312879250969829
0.17055694191536702
0.09503610122376917
0.09946664789669421
0.16419885202365025
0.0963539875424826
0.11251607607924548
0.1430768179340254
0.12014426878659001
0.09275858429986253
0.10898774702288985
0.11686309822182886
0.11524538207713914
0.11975958535393248
0.18873580827200148
0.16989638391502093
0.16783712783139723
0.1006642314905796
0.1019822230356186
0.1512979554266822
0.13509220457060597
0.08634798499183312
0.13696663140070464
0.14382929389561
0.10840754527229772
0.16158682008201497
0.13518252447069187
0.1408791281305248
0.11585126950846301
0.07071043483841413
0.08886872349335971
0.13929722665692906
0.09764376781870164
0.15466420385889654
0.0776186284283708
0.13628476999534025
0.1651450764917003
0.17790189229612172
0.07813317063555361
0.09485583734695081
0.12737540427259614
0.09751153551924634
0.1434075705706824
0.10470818550183345
0.11573848681756979
0.0890255708993547
0.1203846981059107
0.09974020838220103
0.16862398501528214
0.11580709657029538
0.12252662341292883
0.13304848252575846
0.07819290311537584
0.10599447467917503
0.12374887212834836
0.08971446604752235
0.14604895599215215
0.12612134041346776
0.1398874807203869
0.11971961703273405
0.11776594312412916
0.12368670973701822
0.20383192592149765
0.1411474453520085
0.12614492160720092
0.15086213484438307
0.12612089870872867
0.09432328992521696
0.13454202885439145
0.17123047050613058
0.14597927579926165
0.06912320633417425
0.11301816185114427
0.09937593700237228
0.16540016010782727
0.13204892481650446
0.1393052526016228
0.12178989267290893
0.12263574936122124
0.11057130293383648
0.13175656550142267
0.11655674075867667
0.07958208505404313
0.10316757215488274
0.13292037322887928
0.13892745075696716
0.07934282587008235
0.11299002159350523
0.09198695459863915
0.11185192696397268
0.15745193517671896
0.1284272756817189
0.10415592652159873
0.10386686737165586
0.15893190971707233
0.17312635574943971
0.14991888064522957
0.13702658535041978
0.07988955828631182
0.10867514305007367
0.14837910330481988
0.12756939859523792
0.1324355683855613
0.11359132578816293
0.1646116954061877
0.07524406770012193
0.08264365370539864
0.12234038929859946
0.1162881424676314
0.08301083653442366
0.16601865885906725
0.1440344440956705
0.16445184100785054
0.0848666487384063
0.14806252537828807
0.09130713944031889
0.13050740029416968
0.15981350243900022
0.11252539444370256
0.09911755582343011
0.1482989340455066
0.1374405108148702
0.08062032914365891
0.11489063014496778
0.13714590477286678
0.11263960539671167
0.17425392962452954
0.18703537101143086
0.11042515102009945
0.15353490634639266
0.1574976815617955
0.1411105020342605
0.1814218246854496
0.15045345794974424
0.1270947498999618
0.16561692137793788
0.13216623408886777
0.08351402490478209
0.1770517923567243
0.098483699224736
0.06237151053791601
0.14080208934805244
0.1277670473766262
0.1539405700774062
0.10247347076355373
0.14139824984787916
0.11378802396912252
0.15081314172326918
0.15813005507695485
0.3207911779859213
0.1327092284146848
0.15537633862972908
0.12760044331328474
0.11968528260304517
0.06929152689966973
0.18189134840325066
0.17614287681340152
0.10254105192267943
0.12318047498435195
0.20086054974211945
0.15919338466040248
0.1561269422184466
0.1533450655970269
0.13534521858348078
0.156240373101796
0.09657815356424446
0.09791917401642528
0.13473925435281991
0.13443145914568497
0.13730090162429326
0.11875902144071959
0.10268165427527241
0.13696346672340692
0.15268361255629898
0.12148650752379259
0.06311907366795033
0.05009486071510334
0.11383193026525906
0.149905811870937
0.10396761471133761
0.11963774525044667
0.11539366813077137
0.10703426436345863
0.1966468257394064
0.17599239700577307
0.08336052662229017
0.13975337850450995
0.09590536941031526
0.1855707864422332
0.13677202676610223
0.1020987368170989
0.10783947259195806
0.19549304960671857
0.16436551663845644
0.08827651999461991
0.09413305113349699
0.08835228717657072
0.10567196068481867
0.5265634742874915
0.10928660304106223
0.0722828989960887
0.6326889180256605
0.24962055883133846
0.7823851338674573
0.8658537663471307
0.574902160035865
1.0037197265565547
1.116170960866971
1.2239441125409471
1.1146587822246323
1.219478413059713
1.0796396181290462
1.3013433224844844
1.075394801794046
0.33690361246533235
0.15940057938080288
0.11957922742186701
0.13952917066187698
0.1291578220305374
0.17257033112599174
0.07857822483294882
0.16497602438145575
0.09051931792727393
0.11355718581497809
0.15433581270831295
0.11637245213195925
0.1335111067305622
0.11388401903933669
0.13731860657235787
0.12921066111100132
0.17790443523225125
0.20901175895568583
0.08157357814016541
0.1612222382874392
0.152196108362334
0.11672985780393876
0.11667037948285801
0.13201908329419332
0.17517339285441483
0.1379561663030273
0.0905500946785122
0.11698746662874428
0.09110654215278657
0.08823198526551286
0.13760736215053146
0.1819391769147375
0.11533065757498169
0.1220227410674086
0.21515157943658839
0.12297876748547644
0.10786525100565483
0.20189872456732852
0.16354537376160444
0.08292899224292602
0.14017872246195787
0.15887950197668058
0.13875815457790364
0.14137524558183237
0.07065225234891453
0.09771271039061612
0.205174273945296
0.1396439317935439
0.2027300702140833
0.17654232631976868
0.13641169551059995
0.14433037406984311
0.24269170393461942
0.12884578985934203
0.14953730758374756
0.1687596736528896
0.1718992555180903
0.17449382694709922
0.21115799086055773
0.1770548328865966
0.20039362795110333
0.17230493859551743
0.18822763738921766
0.19529828362901128
0.16356209071142608
0.12838342349727544
0.12003542939181143
0.14594878327757183
0.16322512630061628
0.17795256367121207
0.11567258963147367
0.17896397706846448
0.1616157013043149
0.14775298483044297
0.14390762432154158
0.14142802513529484
0.17556760015735312
0.177989273963165
0.11485251551983393
0.1429318874882988
0.19838543729020622
0.1190837341014497
0.11085472789856318
0.19901771223559736
0.16402775389352112
0.14620369698202332
0.07468949586074934
0.1780326429281529
0.19481816913739874
0.14259969994470645
0.18111278139444592
0.14589486861537324
0.18753796857970825
0.11045195025675658
0.11995474238108397
0.11435536849936864
0.15100806513325907
0.12000292988876339
0.15507982506802362
0.1523852751050066
0.2228936715039294
0.18785906020503346
0.1767585978718142
0.14304039319993073
0.16886751788830534
0.19977755408137546
0.12990937810594658
0.17398884154289315
0.1535617614836778
0.13665843969458136
0.11774215809482838
0.13924696012764068
0.11276769591100161
0.1764975760915248
0.11220746498912602
0.1460234501427882
0.13494006260972408
0.11683760972375469
0.1513956121568507
0.1235349234642783
0.16168017576549706
0.12218883816501391
0.11597365840546517
0.18099763286564902
0.16457922462629387
0.16564179730060696
0.10382171334142817
0.14819726815833836
0.11430846339683594
0.17858373142891742
0.10091626298565348
0.14505057718361775
0.21746372242140152
0.18164307324215515
0.1388093149891753
0.2017773210191293
0.12913182528871278
0.16470171238600945
0.11487872540876432
0.13030853566451925
0.0751787560741388
0.15383135372894377
0.15906031057303327
0.11839559134204088
0.16343160476075344
0.1035732352477228
0.11646559618167453
0.1346145083475375
0.15750330352891126
0.12922536172562696
0.14685253269544987
0.1418269504912759
0.10628028746595515
0.10270237434097951
0.1283123887604125
0.13912544370294364
0.13770269063202986
0.18335792498052841
0.1546330893407839
0.18710810116008278
0.15267845050437712
0.15746680860200757
0.12479113118392449
0.159288695310101
0.11469419631624007
0.09623719188979596
0.1425119824207987
0.08429535443154948
0.1624397841436962
0.1510159925437768
0.14920194456496974
0.13392407483436844
0.14999436734240612
0.20520089105092823
0.1906286457479464
0.17432976292144955
0.16908819725178983
0.14453677372864016
0.15567392849264045
0.12346663282094904
0.11143746150407284
0.2087650239380337
0.18300114961191136
0.12506762872228402
0.11050223078561437
0.12535404455185378
0.0909186037669605
0.09255578273765633
0.1322911655793101
0.2016572241262366
0.14305403095046965
0.1342332836218145
0.1054041926924206
0.13127920225655376
0.11407075889466442
0.12523501093270129
0.21845262499264737
0.09674420313610639
0.161218494172896
0.1469172994424595
0.11708877792427025
0.14289550959277542
0.10288524804857047
0.12363474083518411
0.16618795669387867
0.1141658956186968
0.1531505809298278
0.10403351553379926
0.08718167109604362
0.19235049325251782
0.11218561793976041
0.11406007589540866
0.10943382954505543
0.17149223291418647
0.13676985732761657
0.18178569693730642
0.15125862152796402
0.11931637704757975
0.20441846626278112
0.17942071227524056
0.14426729559996423
0.14303355076775393
0.11566873231169882
0.10486250712212594
0.1535335978687106
0.15678593975971183
0.10298869242623947
0.2376928343800407
0.18575830831689105
0.1474393039245386
0.14047755122308703
0.13197724127672308
0.1212149012212136
0.09826312740648603
0.14377504624909235
0.11889265713765779
0.1281537185345157
0.06660190182050411
0.1316691024594792
0.09991147817858038
0.13193890123921415
0.12150430259903652
0.13792779881545025
0.1342465644250865
0.09556998638939243
0.14560214319158318
0.1718464142815115
0.17632127333045267
0.16742586082447197
0.16417838874685942
0.15105858232859182
0.09462097996476507
0.1606248491962449
0.11379394721422915
0.14742597830779586
0.12997671222235882
0.08662730229471664
0.11235503622293341
0.17465487818548456
0.10341138534785586
0.12055928326156977
0.195573894514005
0.13971659658896388
0.13189133188035024
0.11583473046700117
0.1351414767813745
0.13748233125390566
0.07467166056847721
0.12636385218263022
0.08995197164979606
0.13690271458693368
0.09269369176447699
0.12557118973639358
0.14179316207911524
0.10886483934211995
0.15382412880427232
0.0722756142099504
0.10811533082912797
0.1126669050404615
0.11783978889498589
0.1792776026302906
0.12782630568444284
0.17546692957459084
0.1591571117633308
0.17946835478062942
0.17393646528809997
0.11233590386898538
0.12401332109691904
0.1349295116233911
0.10507402230886327
0.10602773574631849
0.16533202161836966
0.1681433008325009
0.08588350702694585
0.09944647624716652
0.11511907027265886
0.12223532284176021
0.11618054285981559
0.1330146831621071
0.12741873260634937
0.14163067797527754
0.12109679750800413
0.13324056496975772
0.12435400025309734
0.12116447426566959
0.12500257215537497
0.1990667444140047
0.16185328232631366
0.19052351697393619
0.1656559357666997
0.11886481135944334
0.08554992313099281
0.12890708291698888
0.1768725879504776
0.13650938065994742
0.1633755751059877
0.15847128197391802
0.14327342602416215
0.076924759284154
0.1384292767726058
0.13989612594418543
0.16771223769632806
0.15134904878249095
0.07431990562946698
0.09483045508564764
0.17725917886004108
0.20866115378627126
