-5.484441124599261
-5.490140568154404
-5.475029942725598
-5.481438914468214
-5.4690907611468225
-5.480528611515038
-5.4821547452003445
-5.484051421148178
-5.474034390372851
-5.4797976318769
-5.466344081070274
-5.45854736349538
-5.4772775168907515
-5.479724868364421
-5.488551354765984
-5.483205294394595
-5.475759728309471
-5.469945484783948
-5.472739594933742
-5.4813846448705
-5.488489971234463
-5.485349955915275
-5.4825918835626934
-5.477301840880946
-5.468520286069147
-5.478362448056602
-5.478088141575919
-5.479047673432539
-5.488679483066179
-5.502690246219306
-5.489854831549053
-5.47945479818837
-5.473334065924039
-5.473707376295983
-5.479125108642587
-5.482682532503144
-5.481200807006567
-5.4800211657854145
-5.491032679996643
-5.4885678756361305
-5.481405164993031
-5.478196728775829
-5.479711733385319
-5.467567015971532
-5.488000593891726
-5.475773854095237
-5.467073628880996
-5.486999436500142
-5.476763552903784
-5.485648242499986
-5.495331200214206
-5.492650823869457
-5.483676524989328
-5.486766704535481
-5.471993652113614
-5.505640408733029
-5.484481416594207
-5.492182430975683
-5.4751253142580385
-5.4793563236497995
-5.475452673534093
-5.502891932336361
-5.475502321029068
-5.48755549384562
-5.485437809615568
-5.4847900150445525
-5.481851626835233
-5.516723428404373
-5.489688520958015
-5.494463957304344
-5.492370801582611
-5.502463983513103
-5.507526191899938
-5.50442156539242
-5.521840209435984
-5.528732226389231
-5.536594553953797
-5.518508080130284
-5.530159891037059
-5.523578006921671
-5.577401153112997
-5.528968377857911
-5.516616322054246
-5.527991990437609
-5.5372723240510275
-5.508923883464275
-5.528618576692718
-5.52371649881838
-5.521981765199958
-5.5152716811404465
-5.53020470772545
-5.5431076408560855
-5.524732742568142
-5.549839913717592
-5.564518457453527
-5.585233515528392
-5.639877177279511
-5.688544195332955
-5.729075927129432
-5.752582427577558
-5.714625092163545
-5.744791909593668
-5.789620092057114
-5.7825673839943725
-5.9212830457752474
-5.873207994445138
-5.908101540820403
-5.948661698825906
-5.819882613679921
-5.8960944980796
-5.8192140563495105
-5.797278617113788
-5.749641844555295
-5.976071321323758
-5.788158359389861
-5.856836381200937
-5.764543122352417
-5.896570798635692
-5.930897485422315
-5.968879614362833
-5.908196975671273
-5.93403288516157
-5.983275805737438
-5.9409102871977675
-6.010896162707144
-5.994955043533289
-6.024027088344977
-6.017986302583607
-6.031450390963418
-6.00943951434569
-6.008763220460614
-6.004463836080642
-6.031074891125606
-5.987053563568144
-5.979671739490186
-5.996677444184549
-6.011154160736261
-5.993254737384694
-6.013548730674647
-6.032880201047799
-5.987080061792525
-5.983738453492496
-6.002245013976076
-6.033075034022853
-5.986610507733222
-5.978433845628361
-5.945930442486568
-5.953022585164879
-5.948898783910997
-5.948264213696183
-5.948089996180471
-5.884550641090872
-5.9222217099523045
-5.879703460488059
-5.899409319479883
-5.91193861439716
-5.9254377730995
-5.880919463423979
-5.874357777294451
-5.890865554784324
-5.936644113845848
-5.938768849623218
-5.891951197522141
-5.8482583861366315
-5.922471819448678
-5.927551714959886
-5.87945467072624
-5.867186188561802
-5.892332775528976
-5.905757319718212
-5.8514863981563385
-5.85664682880837
-5.964277108945877
-5.901076803251094
-5.855744525362916
-5.870747012406759
-5.874159022585193
-5.904648642451517
-5.934997937819339
-5.8461016923153934
-5.9233299388221035
-5.944447810294821
-5.924337753964233
-5.982906877983896
-5.920733698509428
-5.970577660739185
-5.952878162827879
-5.8939770007945995
-5.975211830359072
-5.956845989411824
-5.950518016417671
-5.923884487423002
-5.904356230266662
-5.889053701376508
-5.941756308078675
-5.927567161996951
-5.906895460595823
-5.96727631348531
-5.9516960799650365
-5.960524448728167
-5.9694357098401145
-5.925848870606478
-5.935085931934923
-5.943200152973386
-5.9643815800945665
-5.994143063062989
-5.974381136161532
-5.925901695284421
-5.913530517405774
-5.972632453559448
-5.9849302111262315
-5.999431007989253
-5.943905596477144
-6.008429680675725
-5.920221635371215
-5.955811170770804
-6.009521794803408
-5.989592463498251
-5.969920182755764
-5.971051836235986
-5.970683116459386
-5.979969124774456
-5.94752953195826
-5.983968520316833
-5.978687476956125
-5.970201669349062
-6.000223984406241
-5.959169076541532
-5.981356989921327
-6.020201557207258
-5.96886837614586
-6.010550826855775
-5.955234937709129
-5.953103431131635
-5.977430859978778
-5.986220475112916
-5.973000904135363
-6.031157508948681
-5.952873918544883
-5.973717547198721
-6.013951686777014
-5.969486185966819
-5.917215992375162
-5.943849774770036
-5.9457738014775785
-5.949055110178062
-5.973846767854646
-5.933868244605712
-5.921506703537853
-5.942520135406944
-5.963099518757119
-5.933166184328936
-5.963161373623935
-5.917593687872131
-5.971991397385797
-5.966275397137469
-5.941822607583315
-5.93692856362842
-5.910223797702763
-5.953655395160077
-5.935506814747127
-5.914652974253155
-5.901874928665238
-5.907105948439472
-5.869832315202559
-5.898112429251419
-5.916772498655428
-5.901319482179325
-5.905570224308902
-5.899227421792058
-5.923810782024123
-5.881940744540044
-5.884243339600621
-5.9030044517810625
-5.919317124804561
-5.862994684852747
-5.859579003226599
-5.908858738068786
-5.910743442253281
-5.914002735032924
-5.935481828190314
-5.933972409270531
-5.910679504751118
-5.918685084993888
-5.906637495900765
-5.912046450270628
-5.928484213679194
-5.913674973096273
-5.932772717474609
-5.923571138085878
-5.914610919877701
-5.909273420316388
-5.921742409563165
-5.955298250935896
-5.9565587878643855
-5.934513910811237
-5.964684805491669
-5.9696135623807836
-5.996800098232971
-5.991843399134222
-5.942741843820301
-5.9609146556421555
-5.987324702916097
-5.9766450143678735
-5.9890594169916405
-5.976303413343985
-6.00063463980489
-5.98148141410795
-6.00494368787701
-6.040892015488181
-5.966091372920857
-6.00370976584347
-5.960753294156536
-6.000405927470141
-5.994551167880935
-5.94719253323634
-6.032264034059157
-5.987065397436372
-6.0419681416138245
-5.994978867620033
-6.006188299093674
-6.064721452570662
-6.04748955167818
-6.037957175076624
-6.068565992832191
-5.984954048672597
-6.014369343635535
-6.059265264197113
-6.054504668688873
-6.067042062815436
-6.044149163982731
-6.073601962612218
-6.028869405576293
-6.035055151368097
-6.012925341130823
-6.074691727266072
-6.062291672495623
-6.122290128752107
-6.07470604745517
-6.1526971318242305
-6.044791607602386
-6.043922473071487
-6.040806613703925
-6.043418021775366
-5.986996118309446
-5.9629293560294245
-5.9492002809424305
-5.997472141951572
-5.923579955315862
-5.924833139166733
-5.917794562055164
-5.9254034302156
-5.857204169047895
-5.841926961936019
-5.873155614409959
-5.8749441206576165
-5.853798624870809
-5.824635347000651
-5.84413865393405
-5.847699491879765
-5.813916953911488
-5.784458493767221
-5.814858443031104
-5.788658957993452
-5.760910575964277
-5.77921733863915
-5.779126209949439
-5.787312950539563
-5.784380186840244
-5.7286940845112015
-5.769908184455129
-5.794481936712778
-5.777509740274705
-5.788093272932528
-5.763936113826758
-5.803849141350316
-5.7741878691852415
-5.748696559769542
-5.749856111672481
-5.789075729911339
-5.792881263189998
-5.773692354217563
-5.786780266683743
-5.759304352401328
-5.755285939245945
-5.829492212412481
-5.771931451702958
-5.809958429915216
-5.8395301209258
-5.778434248298861
-5.79556172899021
-5.781722343354177
-5.803639516617963
-5.823261195593721
-5.771904309228694
-5.796060557095991
-5.7896229258171905
-5.78767061238754
-5.80798988616311
-5.823774037668514
-5.779251772035966
-5.813292250547878
-5.770322554949701
-5.804149290979334
-5.7998285426887675
-5.809638560644517
-5.807349323705562
-5.799482006405788
-5.791956564043556
-5.848957591414543
-5.820955772060917
-5.834877900316059
-5.7769797349868925
-5.850704006687778
-5.815542385471963
-5.82201826526564
-5.876241206673303
-5.806007766826742
-5.824844984640876
-5.831775933087089
-5.814006429021754
-5.799222390229894
-5.82882498532577
-5.823769271900087
-5.8826292971648035
-5.787372328016028
-5.814226357796514
-5.861379526763263
-5.85786897491898
-5.829237376484625
-5.862317059280773
-5.839676727571199
-5.885676662322666
-5.865872798246207
-5.8604204116497165
-5.815404165252723
-5.862517453575162
-5.845616447498107
-5.848993846813411
-5.822984260655729
-5.843437495060316
-5.814173133787548
-5.782149667410157
-5.853977129013438
-5.902819248482669
-5.808892903630521
-5.858053629926127
-5.857591224110711
-5.822038780077704
-5.832665171567196
-5.879520299214835
-5.835460324078815
-5.843868586205726
-5.834688428491484
-5.854534893666576
-5.8818384866441455
-5.856987749769445
-5.918941441083066
-5.858880057433225
-5.850752645704721
-5.819055005741756
-5.883557745363502
-5.902943106308901
-5.818813528767645
-5.846187626298224
-5.909111205884822
-5.8784398488578296
-5.875961192305137
-5.877610085963454
-5.890802569659309
-5.91708977471545
-5.878194902210758
-5.888803412390697
-5.87609841083282
-5.889816931310793
-5.901487042047577
-5.890199786845712
-5.9053386728434525
-5.8442742537450325
-5.900070963524479
-5.8721333881850315
-5.894758087774585
-5.892945498619716
-5.921020585169419
-5.847500065018424
-5.894689519774342
-5.869590908380945
-5.875935431745817
-5.8716903013484085
-5.926783590006434
-5.8862745678616655
-5.898484919942451
-5.904314488807189
-5.911579362517152
-5.918862445805371
-5.908268871185832
-5.9259327416258465
-5.941944787214169
-5.8769297837921055
-5.9035684026618185
-5.924977566036724
-5.926164368582049
-5.9249443951978344
-5.913739231026518
-5.909456964728879
-5.913841808718146
-5.9232824024515836
-5.873868241053382
-5.894177717173081
-5.96082765914924
-5.937748200144589
-5.906173975869644
-5.933171995366754
-5.876106651862843
-5.93602652495002
-5.8493784005076535
-5.879848503753263
-5.854928776544242
-5.841752068395163
-5.836226503030218
-5.8497932561973975
-5.811346887674879
-5.80074057888552
-5.8561174442334565
-5.792876320612077
-5.799747594964962
-5.825663337359687
-5.8294229297852045
-5.834318852001978
-5.789410297644466
-5.808333240434858
-5.800062775103582
-5.7656540067189415
-5.773369712423392
-5.764523023122863
-5.777992167193594
-5.856169297072241
-5.774548739600129
-5.7880790211964595
-5.799933287522645
-5.847392091653117
-5.766459917739806
-5.772612748839958
-5.768872760815223
-5.815197573981472
-5.7789972989673615
-5.766845225377787
-5.761873166528183
-5.784290897946382
-5.7966546580098
-5.787715887987833
-5.758184409744004
-5.818622953933011
-5.779445031265107
-5.811454120791269
-5.824978916709502
-5.801915477787447
-5.767220262129381
-5.760703723804159
-5.800998186087128
-5.793914643368476
-5.799605900678266
-5.816738724837251
-5.840112268727582
-5.815269963976851
-5.789682478629303
-5.769350145835517
-5.8278662257586875
-5.787852739372913
-5.796976830216358
-5.811131173815788
-5.859333739390058
-5.808356555779628
-5.8307348071268255
-5.801280090597114
-5.797788768058834
-5.826042107146044
-5.837677675312889
-5.83922862105646
-5.827641973442289
-5.844450184865038
-5.864767762837894
-5.841735624604289
-5.887104914230547
-5.80674138189416
-5.834280924167375
-5.884182502756928
-5.825714117672399
-5.84291052541522
-5.8340896873412955
-5.895054574709576
-5.867900466428898
-5.82458659294736
-5.849605926662706
-5.883816238568254
-5.852684731204433
-5.872268935904609
-5.830200184679835
-5.817493567381799
-5.805827447838564
-5.811633479765474
-5.842124889704289
-5.88428835847663
-5.866820469455909
-5.841384741250188
-5.858903307083658
-5.840173704446005
-5.812768060793769
-5.885701917221923
-5.883428588200953
-5.846620951380235
-5.936584748174471
-5.873525654606092
-5.871766778055695
-5.829139906885796
-5.856561948816515
-5.848771467391646
-5.893371923285162
-5.8616153917764935
-5.9071312967422465
-5.898129484658141
-5.836303179674585
-5.854690730328851
-5.889291928183749
-5.850615063433485
-5.867351054402658
-5.906346141140421
-5.830533321071159
-5.853928043053757
-5.873400390406928
-5.958766809865217
-5.847177155153656
-5.93071357103441
-5.850058337758862
-5.915539931118118
-5.847986986466503
-5.854308258662208
-5.906656233577726
-5.823112791007773
-5.88242324795876
-5.91818350643698
-5.924327589943058
-5.893129070170896
-5.887411223459217
-5.928039312791647
-5.892754560774536
-5.877102413693102
-5.890780791128717
-5.924690759482401
-5.8853972454814665
-5.900281481242235
-5.924039293710811
-5.913537869643764
-5.897191223120853
-5.901373929098094
-5.882189883399975
-5.91134865456167
-5.9211767706946725
-5.891951653953297
-5.9012765955447035
-5.901192306513948
-5.93819189967193
-5.871125141252819
-5.928680402437803
-5.894910187920438
-5.8793899177174245
-5.903273141793334
-5.914784750962736
-5.894008967583143
-5.905913616134896
-5.910625576321991
-5.927816847081936
-5.933188338358807
-5.963094206165004
-5.904776665017991
-5.913901729722161
-5.938798463815185
-5.926417245256539
-5.904257586700159
-5.908037276066349
-5.921382025036024
-5.901937590485836
-5.885722205323791
-5.89102996061102
-5.921530008247182
-6.000827781221863
-5.910868365920132
-5.902731161454629
-5.919492673818918
-5.969555777715526
-5.90858099217337
-5.981974216156772
-5.928159589733976
-5.906632919467473
-5.878657115183888
-5.927697303216777
-5.9038604462470365
-5.94804853861913
-5.934510536675798
-5.918841652212052
-5.945232503431746
-5.9373602949593325
-5.973653793842288
-5.909036258824665
-5.971551534067984
-5.937070455854541
-5.952503395900116
-5.930961822905764
-5.917190757041858
-5.958209090055634
-5.896449775227337
-5.921359716397586
-5.926369916591492
-5.943947108888305
-5.896911435848409
-5.978845401592222
-5.902786938726846
-5.937916993632026
-5.9458306948883175
-5.94218531792983
-5.931090425409312
-5.942266629652066
-5.909212761207348
-5.983977459192786
-5.964816414372673
-5.956428048737987
-5.940669987584766
-5.969444264461823
-5.943777154951661
-5.972531370111994
-5.920258326681281
-5.925175000829025
-5.93062171815795
-5.958416146424691
-5.919671282653185
-5.948155246205154
-5.994170785190898
-5.948979963461313
-5.958594379244264
-5.982218115816486
-5.947322992092696
-5.964212811550823
-5.965325025844539
-5.942161126563265
-5.937717565667811
-5.961538246153286
-5.924450154814803
-5.982364059152941
-5.951906449372729
-5.94783757938689
-5.96275932654761
-5.939031186647968
-5.999317289949212
-6.0137252615143275
-5.976156039262346
-5.957795895506443
-6.008771590255118
-5.948469909899827
-5.954956235258003
-5.978124851811226
-5.972681197700796
-5.957569377284613
-5.9673228840209465
-5.96468439427477
-5.952185181975851
-6.00129190915092
-5.991787115764154
-5.95445248405623
-6.015304897039203
-5.960975085457704
-5.94294639394786
-5.952373530595887
-5.925409019997575
-5.934081868957023
-5.938005206026526
-5.9671122282828035
-5.969827507309849
-5.912704639560992
-5.9290294490724795
-5.94359350260748
-5.889271464181313
-5.901517594524833
-5.883718878109223
-5.92137193849279
-5.907958070274916
-5.910527533536616
-5.8417001275233895
-5.934776071542963
-5.871054487576813
-5.899978078405055
-5.887001481316006
-5.878371746192006
-5.905371498744117
-5.919363886405721
-5.872592699524953
-5.893815545212284
-5.887712328331248
-5.908639040082109
-5.891695120304112
-5.9028279185385655
-5.916097528976179
-5.890613921667467
-5.876192416740527
-5.855742237734919
-5.926075426837569
-5.9214127779376104
-5.845022524874106
-5.904510227819549
-5.955792739540334
-5.923569260476945
-5.904504723261681
-5.90077768454591
-5.903058558991446
-5.881846239341687
-5.894571764916197
-5.9205706831311256
-5.877898269591862
-5.9156314035144
-5.904241923324527
-5.871670721015403
-5.944232984384875
-5.893021131453597
-5.8895724315093565
-5.88840550842897
-5.88061739234473
-5.927112150482428
-5.881719966740101
-5.893314329872883
-5.8955374832003855
-5.899887625367411
-5.92421429689963
-5.956069246121505
-5.945584262109981
-5.89138497114477
-5.9156447559304235
-5.93376034867317
-5.903310197743387
-5.924080799112381
-5.92072827787522
-5.979806484270529
-5.901951174103278
-5.926540047770569
-5.966751950623586
-5.934379819780699
-5.922375083080675
-5.920678896909433
-5.928495309060634
-5.936260209428952
-5.984250039401285
-5.957932566482799
-5.9760750318309785
-6.0035011516668595
-5.935175278141721
-5.9718221662915445
-5.946812050963746
-5.959338124521128
-5.981952016690715
-5.99088343565442
-5.9574388880358216
-5.936356395991107
-5.965580740118856
-5.997230300395846
-6.024309969589668
-5.968817907518815
-5.984000324691149
-5.994112305738532
-5.996760117646254
-5.985708364621616
-6.003086981878414
-5.93192858900657
-5.968400559111889
-6.010530562790434
-5.961313520975281
-5.992164921522064
-5.984439755167881
-6.015998608013386
-6.001711070922475
-5.976820839529206
-6.00542105180212
-6.002464748825061
-5.979063692358153
-5.9774763140963
-6.0122393234758285
-6.035689482128745
-6.0193925416504825
-6.027853682437436
-6.052078817649932
-5.988913524973824
-5.987523810778213
-5.999528744723501
-5.9925680174312905
-5.984550917207017
-6.0340671408568065
-6.006063802277906
-5.986346025730119
-6.008024596067667
-5.954087058149342
-5.973765065099375
-5.996545675984353
-5.984894943264958
-5.97578702778938
-5.995421106785106
-5.963820001420554
-5.986832561283872
-5.993066035320197
-5.9979361242053875
-5.998057499305716
-6.054623472132793
-6.019374683772632
-5.9562479803947666
-6.010762279972911
-6.0603535116149425
-6.00668508982736
-6.044037450714192
-5.979006716850957
-5.97955918401968
-6.022342029103254
-5.9645948704856755
-5.987963869932024
-6.00744820376363
-6.00648969558609
-5.995720125190441
-5.964105458027359
-6.016425252401966
-6.01994979788406
-6.009152818772293
-6.013306789296749
-6.000260536919498
-6.002783339259936
-5.998126852387687
-6.0097975736278455
-5.999685556124964
-6.02267468637514
-6.025137742654238
-6.022274648593652
-5.962734718563063
-5.984660420564625
-5.977520829093979
-5.988118759926419
-5.9990851466875235
-5.992843946001718
-6.013795885146868
-5.968011585076793
-5.9549588343610305
-5.980303269805651
-6.013323783129339
-5.973118921958725
-6.011657906632688
-6.021313518134545
-5.995720150939347
-6.027549797384907
-5.955529397685424
-5.961917423499726
-5.9541779913147765
-6.0002827330914545
-6.051492538754869
-6.025564639056415
-6.013326238065263
-5.983658845838712
-5.979530432357262
-6.011414917931248
-5.974119495202988
-5.978303127412524
-6.0234196231425265
-6.09024595732604
-5.983399699335674
-6.073189423590553
-6.056106786077212
-6.039464718610191
-6.080974812393156
-6.0794499178773025
-6.091226061233523
-6.1000232654512105
-6.156477642809362
-6.16937422082023
-6.18217707643273
-6.1815678140324914
-6.133101749772123
-6.204293603416534
-6.1487843550462
-6.179792201721697
-6.17344482723508
-6.203554902538314
-6.206287590149564
-6.156882386334806
-6.205303464940881
-6.184745411659305
-6.17333262659683
-6.250554117847421
-6.206102376052148
-6.191915728038681
-6.2983230145109275
-6.213040518411248
-6.1785136593860575
-6.22197588790436
-6.21925182120808
-6.202534193571288
-6.221923127310074
-6.214532813319605
-6.215907484956868
-6.27443688187727
-6.240546174774579
-6.257459198965932
-6.177512694903062
-6.267866039580294
-6.249068161149681
-6.239006968496694
-6.195025860128414
-6.2464164506722035
-6.2456033293078335
-6.23370629918282
-6.254723969205272
-6.193189668953396
-6.149331889716684
-6.1922130155193
-6.2161285822844174
-6.246605599675943
-6.243479532590364
-6.253045671170246
-6.2015570796499615
-6.194564233178987
-6.199054314807565
-6.235017135828856
-6.190491154155906
-6.231791722591416
-6.230408311356171
-6.201349159696019
-6.19778848592356
-6.215291503294286
-6.195538563777952
-6.250476020916409
-6.157702884442983
-6.220729277013489
-6.223375643655604
-6.221527644170185
-6.263849941364498
-6.229981763846738
-6.226818860972892
-6.202435711192415
-6.201814399384276
-6.294091817168046
-6.293329515740611
-6.214517844654985
-6.23917125905482
-6.21721990751125
-6.2589763005093
-6.235295931733293
-6.251331662264764
-6.235324059885776
-6.200538852530858
-6.2287395469491225
-6.165638232160688
-6.227208115974053
-6.237542534377442
-6.240950815187177
-6.228212457083143
-6.206867264702189
-6.219700260602164
-6.21099771082522
-6.185490144372871
-6.277774552279525
-6.211427914200419
-6.191361901519681
-6.222988490344779
-6.25598815567663
-6.216652663063035
-6.276319763884791
-6.283176893051582
-6.214499875147626
-6.199638282311954
-6.261581306787218
-6.245583888509198
-6.203849582100403
-6.270707450656277
-6.248289838972638
-6.264611723508967
-6.190491217474886
-6.213471883383243
-6.253527079056208
-6.254009608243534
-6.264135071460963
-6.264036371461453
-6.261530930661561
-6.192870749175093
-6.228454664860554
-6.298917635162855
-6.2862109588129
-6.200876516874963
-6.24508366850305
-6.1561290972122
-6.249411112139038
-6.241855323800873
-6.255058900066517
-6.26218973567283
-6.277021271123321
-6.242595997578604
-6.227720260281469
-6.251155922746423
-6.217445654743804
-6.208169240626116
-6.274167696724045
-6.092280106857279
-6.215444745622066
-6.254534221832181
-6.199543682902802
-6.072360002743308
-6.1675379429417125
-6.208437441829727
-6.253959351720687
-6.209892633862758
-6.082726678590391
-6.010202176889062
-6.108358584259064
-6.207305349738123
-5.943403991857098
-6.118646630823459
-6.230943801318702
-6.146557094531921
-6.130274126020511
-6.246498060954834
-6.2005321304993375
-6.28130087301377
-6.226487714260444
-6.119333708342513
-6.158197975877518
-6.110865523078688
-6.092519937099339
-5.90456703083021
-5.936822674250745
-6.0332904285844515
-5.961474124506295
-6.010516296840888
-6.130818763741154
-5.838262048425545
-5.918013926739711
-5.927243103257525
-5.920096123646176
-5.874708353211229
-6.006786556980995
-5.906568558905712
-5.934552662550339
-5.952171774260794
-6.083018210833786
-6.038472022307701
-6.02023123681949
-5.972402730718384
-6.053966146734403
-6.051820118429459
-6.202643636110995
-5.9600506735785395
-6.104464144198068
-6.19512435264992
-6.110577700778322
-6.058938839774777
-6.2226480062632685
-6.281492022385357
-6.342395130550661
-6.297471438741053
-6.258369952518039
-6.240002608841691
-6.206235189398491
-6.266860916421711
-6.252042038194805
-6.214571659032547
-6.277524950095838
-6.2201446592271346
-6.248981506139886
-6.284379537893655
-6.247392362866647
-6.27052991676673
-6.24317007611709
-6.213725544141397
-6.240697838034732
-6.212368536692752
-6.278161446951903
-6.252934355573054
-6.256277382132616
-6.2634528000709615
-6.274637486936148
-6.219441618670467
-6.240226862343671
-6.231933690200523
-6.261566734994689
-6.279042782931078
-6.2563740574478475
-6.236234661370808
-6.238576556585522
-6.291680877698461
-6.251506838147802
-6.283962095536338
-6.24810914356719
-6.261018137813764
-6.217297039187024
-6.206477743695772
-6.275464029638812
-6.319460984587591
-6.282083254786167
-6.28479301878387
-6.201373544268118
-6.234476332985662
-6.214704509017212
-6.256743039230978
-6.281327693986488
-6.247032953809511
-6.263232882538091
-6.299255356463579
-6.208436373260577
-6.2700307542696825
-6.278058235945922
-6.183296081167352
-6.251744160187339
-6.271650225016947
-6.279665337159885
-6.262723728237674
-6.283854938070864
-6.235011231422245
-6.268820307052295
-6.253217825388188
-6.220461806639207
-6.271115788993009
-6.233689996752575
-6.2340053394351855
-6.223260318059352
-6.276040278373099
-6.265173657736934
-6.256705284350479
-6.274826516296186
-6.263868308125165
-6.252857368910267
-6.287527046638448
-6.294222377872521
-6.265076421146542
-6.265372059925095
-6.265714791678935
-6.264020841772463
-6.334556865895868
-6.328786558892425
-6.266038781966772
-6.278394699025927
-6.298525635668025
-6.309182492015658
-6.276737265624785
-6.290108339400419
-6.241028396271722
-6.309059293998658
-6.224934370656119
-6.261483928869285
-6.268318051710225
-6.236481622369952
-6.224995766330018
-6.232551956324744
-6.244516480164691
-6.286657281384485
-6.213839006973824
-6.226193031366351
-6.196061449218448
-6.255965669238087
-6.299891098284175
-6.225628525220521
-6.258636826734062
-6.255867261137179
-6.290334319269729
-6.271509294978582
-6.300590118574845
-6.2484517741746854
-6.309629840601913
-6.258259810719361
-6.275120124884467
-6.2559896163874225
-6.318771321230773
-6.295055858333782
-6.21951124581349
-6.252082344746921
-6.287808430110008
-6.32871782169628
-6.254458288216491
-6.272073239559383
-6.282919302763794
-6.262072607674416
-6.257557014618069
-6.245177756651109
-6.235869334089284
-6.285545529248511
-6.240611736202908
-6.3220864381125494
-6.273593270591049
-6.248471983356072
-6.254993830494429
-6.225584861923657
-6.262860922872898
-6.176896419101402
-6.224831823645399
-6.230740657171598
-6.186271798398734
-6.189570029304087
-6.165115178096688
-6.180671864748959
-6.190956808001022
-6.155660276522155
-6.162150884713316
-6.233749170503749
-6.196287117486296
-6.201383008719097
-6.238555343818546
-6.117506210792224
-6.191022247076879
-6.153710996551671
-6.1150600153050005
-6.166738005304154
-6.14417712668881
-6.146323964696504
-6.1504912026915655
-6.223147141018834
-6.148616705925818
-6.155555888883995
-6.154594689987579
-6.103756259715424
-6.180048083587384
-6.130738422931284
-6.1442274410263735
-6.213264313081578
-6.154815681309422
-6.100081154982072
-6.151635488911992
-6.16232280787877
-6.179923550862104
-6.118757276429635
-6.157519184140899
-6.0852824932684015
-6.154269206415929
-6.166665919642549
-6.14743854812462
-6.067804211470895
-6.161453271043278
-6.135377882104088
-6.122664923819219
-6.170634424965846
-6.105100835925774
-6.114913519302762
-6.160342638442404
-6.177683275437545
-6.194152248077348
-6.104466695606466
-6.15896869960788
-6.1612921052998555
-6.173507988602255
-6.1679996723369985
-6.243756883146504
-6.233837465754174
-6.31494329514674
-6.288154028392126
-6.2001125737491245
-6.144299141781336
-5.727966833211504
-5.611476918816752
-5.616015631599123
-5.515685171359601
-5.507127578730509
-5.493031512546279
-5.513387418107995
-5.48708694857173
-5.508137912250952
-5.483555810470492
-5.500121992593235
-5.492053010952247
-5.4873624052859995
-5.481818725642474
-5.486551675630619
-5.493882626767853
-5.491478074704663
-5.489251065608052
-5.489636690834752
-5.488603538187433
-5.489088790587554
-5.4835888146882485
-5.49660428606478
-5.491507030375758
-5.4852675197233385
-5.477461735154619
-5.486916335364828
-5.482410100588461
-5.4913863302785
-5.490877095738827
-5.477068301106256
-5.486928290538689
-5.486172603285436
-5.4750269114378955
-5.487192505201098
-5.478409952850478
-5.496506793976331
-5.499372899893581
-5.487920526061227
-5.4794998744560575
-5.490798718339664
-5.499671365716548
-5.49971011903613
-5.473498160509784
-5.474503869865489
-5.470474218893178
-5.501003823477278
-5.481188961999668
-5.495757941914052
-5.483919036638492
-5.48040578130915
-5.475388162210619
-5.514478721358495
-5.482160086035893
-5.478470451589708
-5.495572179381689
-5.492574072243482
-5.48532670501231
-5.485279607752942
-5.50354158565564
-5.49996405908275
-5.487723940234024
-5.475897189836257
-5.493988020557361
-5.503135649717969
-5.4944064083119795
-5.504249200608113
-5.476695869723153
-5.488085763743725
-5.482911675372567
-5.484502305505611
-5.485757832347139
-5.498965709821068
-5.482717380940473
-5.485653432653104
-5.488048118924874
-5.485990450686482
-5.487662405977327
-5.487892727618002
-5.489838446621652
-5.487417161930349
-5.48764798870128
-5.483143599373447
-5.48728381809352
-5.484454522827307
-5.479823116972842
-5.490870429700448
-5.48542446744764
-5.489152964587561
-5.486627588457938
-5.492913331346629
-5.48232773600494
-5.492796944764976
-5.472594963787962
-5.488997532774439
-5.502238168246443
-5.489305358198393
-5.488145827270763
-5.493072575339798
-5.483391908847134
-5.490248883681536
-5.476502560498978
-5.47540102012346
-5.4878700216079785
-5.497017795471532
-5.50053206136889
-5.479193549770802
-5.4809547948840525
-5.481273604675093
-5.497789115609538
-5.491258294969454
-5.4840500080768315
-5.477690424929144
-5.478212017346035
-5.480521964963206
-5.478490956208619
-5.488546109560496
-5.476972619978736
-5.50016398559961
-5.487134644401563
-5.487593427407455
-5.488654271933953
-5.502146587192011
-5.480923561282243
-5.489098377839738
-5.480641968972815
-5.481837747736665
-5.492411834154793
-5.503388014200475
-5.493713880218841
-5.489271429271061
-5.490369192304495
-5.476429860955734
-5.498488224392716
-5.49023657892677
-5.492961697252067
-5.5064682812588295
-5.472120181132015
-5.488477491138301
-5.4833744897530465
-5.483172614397605
-5.492653911023168
-5.490204050214805
-5.480757888354724
-5.507406749756682
-5.4938110146476555
-5.4853618496128504
-5.484930355213122
-5.4812523143207335
-5.487768981960634
-5.496268720354165
-5.489236668640807
-5.482491435558288
-5.493037932400268
-5.477244854918478
-5.499617154558958
-5.4908479767290785
-5.481099525421942
-5.48465117927062
-5.490026187320336
-5.486572126890799
-5.497750940885166
-5.4885491112011655
-5.516832670073687
-5.4969105793860695
-5.481583688589655
-5.484417689677884
-5.4824037885590835
-5.4742017792578
-5.48282789805467
-5.495984052471498
-5.484932892611848
-5.484319460301756
-5.4805067283361275
-5.483909969410821
-5.497119808723652
-5.48516541365229
-5.499166584687347
-5.480320491733873
-5.504860288714578
-5.466832314288164
-5.48824939507567
-5.495095493853194
-5.491645303952258
-5.478473332927563
-5.495986036870767
-5.483508179444295
-5.493384515317347
-5.509461681432867
-5.484270648171358
-5.486195826636019
-5.480257737889879
-5.484604171372133
-5.486775884346682
-5.485108146808021
-5.502332425785851
-5.500797839284122
-5.491851638065204
-5.4777684007675695
-5.492734716717493
-5.483180974371308
-5.482472162899487
-5.509432957086212
-5.473855993931849
-5.482801720064675
-5.503124223221098
-5.486105803545368
-5.490561694268659
-5.502531649025453
-5.488439356739618
-5.494063767073828
-5.495105040542622
-5.468911507011974
-5.490412312819977
-5.484789429854338
-5.481861967768321
-5.488067360764692
-5.486558145516261
-5.49802935762432
-5.48776680741266
-5.49770130996513
-5.487986245926147
-5.483611106015617
-5.4827372056165045
-5.476076983968519
-5.488867430381525
-5.481711005631819
-5.489145468738094
-5.5001162610174505
-5.490835435246037
-5.492103676743138
-5.4916223021390556
-5.488447310824391
-5.489750854821262
-5.481360131592849
-5.496162280595662
-5.495828356694642
-5.489965028056176
-5.4834666602017785
-5.475952511870983
-5.487298959618548
-5.482394059604503
-5.487255266286169
-5.484347277865056
-5.471740589802106
-5.483955683876347
-5.477576937768159
-5.499038733662812
-5.496476863081835
-5.471874177375449
-5.489245155744695
-5.499658246718692
-5.494079727208267
-5.483112529509656
-5.4857902606046895
-5.490717548896203
-5.47796474502188
-5.472434772986976
-5.477112634146337
-5.48640588076133
-5.477800544182747
-5.490999115010329
-5.48881159894026
-5.4956268936231965
-5.502488930498089
-5.476576391224152
-5.486273710409137
-5.47356012678092
-5.484428699314872
-5.511471205866856
-5.457866698008716
-5.492041162411208
-5.480167106870552
-5.488357542812329
-5.494977619856535
-5.496792473651257
-5.485095975464441
-5.484408067026562
-5.492491595702411
-5.4854867997101415
-5.501647296833106
-5.471043524920321
-5.480231149086999
-5.4953436554865815
-5.481445699856309
-5.469369098111723
-5.4987537806524465
-5.493818724470728
-5.490057236583891
-5.496894729048948
-5.494148012310578
-5.503042138145917
-5.484443117256852
-5.472506844451721
-5.48803767746722
-5.4999257204535015
-5.517338107196149
-5.492516186152826
-5.488037257797815
-5.487957596856561
-5.48222478876164
-5.486690307351175
-5.490733252352202
-5.473524900939847
-5.500525616027182
-5.4728859303396264
-5.484106175322629
-5.4919947374255065
-5.491756298940504
-5.476106434834689
-5.481881502732252
-5.477791110609077
-5.478537921863737
-5.473751630243904
-5.495582935041966
-5.495506015152842
-5.486071569639515
-5.473595008523633
-5.494208024735496
-5.49423359381048
-5.490472750465072
-5.477248144384594
-5.496922036840461
-5.494251108432188
-5.49671934227177
-5.488429648075299
-5.498682796050311
-5.4757036659135405
-5.48556663342783
-5.485355070455422
-5.4950302111821205
-5.485540070925357
-5.478038179448039
-5.492785962457884
-5.491271877005738
-5.486941988311185
-5.488684646786236
-5.485859393501553
-5.478413660647899
-5.4864329768335836
-5.490945988932985
-5.4969978091500264
-5.476074619617429
-5.477419678963397
-5.483759509582353
-5.4904014427466565
-5.496040563618158
-5.495127361927088
-5.4801277565320365
-5.479414444541127
-5.501715948743156
-5.4807670155629085
-5.4945957848640825
-5.507365713238125
-5.469591361038816
-5.479082702959896
-5.490087095510435
-5.4775226152892005
-5.504801290785042
-5.492973643806999
-5.491390415738351
-5.472892730343513
-5.49927718041884
-5.485513227546582
-5.491993119698771
-5.494641829193384
-5.481239273613532
-5.493968030163305
-5.491987528517207
-5.503301336041071
-5.482558886963354
-5.488297674358456
-5.479918715257582
-5.503424335492005
-5.495241642788091
-5.481846492275423
-5.488267960285366
-5.489033459723789
-5.476029263692837
-5.499935757955614
-5.483806787582689
-5.496696177045606
-5.489344898110842
-5.483269902999851
-5.480711644781252
-5.485513448072851
-5.488896529393742
-5.496814910353244
-5.501703850510424
-5.499341632856696
-5.489920209226983
-5.481654291989821
-5.4930280545980334
-5.485907845735802
-5.482503536731259
-5.492624528598665
-5.483551131921099
-5.485731354242269
-5.506977475731316
-5.495048026344203
-5.4935492626457325
-5.50775680357679
-5.475376082476692
-5.4748871464243045
-5.495321067651047
-5.482810736121728
-5.487201146093321
-5.488375124222526
-5.505582575048461
-5.5087085590857825
-5.492570260804573
-5.504713723466061
-5.488918945524642
-5.479658798299187
-5.469089401409388
-5.4893819668297335
-5.487112365462625
-5.488052671487196
-5.494590692034032
-5.496075824249249
-5.477743704777457
-5.487056274946632
-5.4965038841388045
-5.486858904497401
-5.506201900757165
-5.483361742078863
-5.491853955302127
-5.477975245990922
-5.49355511098619
-5.503978319267862
-5.498691738919767
-5.501057008204778
-5.489955239808036
-5.471961875855525
-5.476299231301105
-5.483027757447493
-5.497931040020317
-5.4897264897578175
-5.495920550450111
-5.469862253979095
-5.494743600612015
-5.483511336554833
-5.4860861170608395
-5.499730217071421
-5.484755456465647
-5.503877641708183
-5.485448441157404
-5.483879800349335
-5.488078187932315
-5.493902540799738
-5.479084076079992
-5.494101351077601
-5.481994500557305
-5.48485567937623
-5.4872262781755765
-5.491496534143344
-5.482917181547291
-5.4889033378191385
-5.486410561233576
-5.486712916262118
-5.466674642236246
-5.495198684324713
-5.476298885073117
-5.492800816331823
-5.49449316522992
-5.484386950262556
-5.487152395122948
-5.495932002135861
-5.4830235822881725
-5.50124416392567
-5.486053262143954
-5.488321812782533
-5.489327011505134
-5.494217303991281
-5.478073369398707
-5.501962729254657
-5.490127822080847
-5.496411640152388
-5.47308741738432
-5.481772400644706
-5.479178822558374
-5.486658446888658
-5.493724029863673
-5.486152928463574
-5.487100716864812
-5.493364152144849
-5.501061536612528
-5.496791152676934
-5.487267555043129
-5.487974549359169
-5.505452878650852
-5.4790867208271825
-5.4903184947448445
-5.4989464681626465
-5.4981418342688215
-5.47831823049592
-5.484919046924275
-5.493504275398991
-5.48971589750581
-5.486416164799646
-5.491489438249302
-5.494668136867722
-5.497089858776236
-5.494941137130192
-5.497622046681081
-5.4788751084611675
-5.496681604601158
-5.507903646147986
-5.488753149036548
-5.485106108094314
-5.498307527410225
-5.498298630926155
-5.495159467996804
-5.500670007776032
-5.499739911707885
-5.491842581015325
-5.48268995164103
-5.472051913261679
-5.4970447414241335
-5.495622818809608
-5.475388928278508
-5.466546318224333
-5.484082203982999
-5.494123386936042
-5.472994006651665
-5.4907244700110445
-5.472612595922564
-5.489570089123273
-5.4691933073844785
-5.500709699144777
-5.4869927423068745
-5.495665575627121
-5.476584147292939
-5.487999961807606
-5.489386737728772
-5.481468940358417
-5.480506540817478
-5.489631056856002
-5.4898275727275525
-5.4918316851500855
-5.476854992514892
-5.480520150500066
-5.505769439192396
-5.488923170363222
-5.492083510374712
-5.4846390349568725
-5.4901574808030995
-5.489890134460801
-5.484977642237633
-5.470552526927571
-5.481731219336966
-5.496459706922609
-5.48741574436942
-5.476532184362663
-5.499609172664881
-5.490742174707929
-5.489536816526685
-5.476580288489585
-5.488939428098231
-5.491211659442094
-5.489144944673406
-5.4972538194843645
-5.482642333083385
-5.500727904662618
-5.488832999161188
-5.485544296513183
-5.479450557149425
-5.49209477079587
-5.484422363822348
-5.492310445203547
-5.490293571300558
-5.497683834424808
-5.498167567379179
-5.506146371913411
-5.488984995687932
-5.475265908516515
-5.496191434533247
-5.481551973705151
-5.4964518287968005
-5.493600289547821
-5.485179197473233
-5.494441009803327
-5.496656022708082
-5.495267032154953
-5.485080641553685
-5.488374696062242
-5.4904051234960285
-5.4858773952377105
-5.500096075269356
-5.489684917605877
-5.4964298533250435
-5.491708009936508
-5.482392245402662
-5.4990213437174535
-5.488241033513655
-5.485221870172051
-5.483960176246818
-5.479927387425944
-5.490364556857121
-5.488964966098223
-5.470002659505017
-5.503610431229191
-5.485511176801045
-5.471050596529579
-5.49221665720411
-5.496564733693312
-5.508533622859409
-5.485353223879805
-5.490135994152134
-5.474008415397453
-5.4897194491993195
-5.502365541578732
-5.484825806917221
-5.4892930422449675
-5.48810110960677
-5.486992833583704
-5.509582062495519
-5.498447361820459
-5.4902716101970555
-5.488556008412179
-5.483426307784868
-5.482936021278752
-5.486407832080201
-5.506669193007479
-5.4901224371371455
-5.511645467552737
-5.496014845997515
-5.491897199296083
-5.50715688855793
-5.488312522926018
-5.492108464859734
-5.493009330391924
-5.50845882927428
-5.4884463245098996
-5.487144177640526
-5.487460698316523
-5.50071872399529
-5.485972803283148
-5.48331971512379
-5.4939103432336225
-5.515438161371776
-5.5107956185974745
-5.492850445023281
-5.481922841779221
-5.478298088774398
-5.470860993683906
-5.492408292473927
-5.477938070692316
-5.499638841672972
-5.479389945997585
-5.491139656667054
-5.484404958478095
-5.484778351524518
-5.482703689556722
-5.5061708598230865
-5.499655842688911
-5.4908488690602235
-5.470011536915371
-5.503357304290013
-5.503045905956486
-5.485342235589989
-5.496491556368667
-5.4946782064773
-5.4996210573530995
-5.495037750725031
-5.494111195124309
-5.49772807843072
-5.492534052715423
-5.500368425873752
-5.4854043581601575
-5.480500487797101
-5.491574405453073
-5.48370377178858
-5.50406891896575
-5.501934757416088
-5.495862813680384
-5.497240867557559
-5.507044030489493
-5.501004031282051
-5.487224252174804
-5.493823781648019
-5.490981749907506
-5.489229709014222
-5.481378201906949
-5.495877082840155
-5.4750692908008745
-5.494850071624857
-5.490953091713525
-5.48433771378749
-5.498017636745068
-5.480792377144717
-5.47909826759123
-5.500174275439988
-5.504873391982962
-5.500774635361218
-5.464737296195136
-5.5042881864336
-5.499382278648656
-5.491168629549417
-5.502832823032989
-5.487709418822895
-5.481793258558415
-5.485678190049661
-5.493639419231402
-5.504181722387537
-5.478421870433472
-5.490328079019048
-5.47796197304163
-5.477197355321893
-5.48945052057919
-5.490206591434335
-5.487435192547327
-5.486570112219699
-5.4880044888871025
-5.503747292242288
-5.481917555091683
-5.498394081403886
-5.509216829536338
-5.503817799907605
-5.493836202171145
-5.498769142094339
-5.4792970660019735
-5.504975326122938
-5.488521340579266
-5.495897987230167
-5.477450509612576
-5.504797286738093
-5.50254784222676
-5.479815116319432
-5.48495256434542
-5.503969829912033
-5.507272770586042
-5.497589637383135
-5.4917387163048215
-5.494251428069251
-5.495147281378738
-5.4946181514752155
-5.495029017847239
-5.490575764809449
-5.49752617135319
-5.478302673378042
-5.487062169388537
-5.5029392417395115
-5.506956763947665
-5.490060767073206
-5.489622850402344
-5.486346425583928
-5.500211521758231
-5.487577305623545
-5.504302383895091
-5.500136960707629
-5.493247715191433
-5.486459252698109
-5.489732841562923
-5.492781810030302
-5.48208244408863
-5.484098553427566
-5.499747216386226
-5.493304137014762
-5.493655746061896
-5.486088420324621
-5.482456498868888
-5.489074392929326
-5.505588216016211
-5.498938456353156
-5.493984227636862
-5.474466642285918
-5.498622735021327
-5.501737362882032
-5.490102325104152
-5.484045647085168
-5.48475876556851
-5.48901687813403
-5.503201954771694
-5.49582868988921
-5.492508604322661
-5.497072946575819
-5.499584668425644
-5.499623669305503
-5.488633125515383
-5.489153652331163
-5.478674948081512
-5.483924503467224
-5.481255022345234
-5.492027823927685
-5.487207054842424
-5.491692275387879
-5.488550354230805
-5.497066445523666
-5.493136582459001
-5.494914926436909
-5.472852175604462
-5.491398185854681
-5.487639256731485
-5.480586345330503
-5.489453299146756
-5.509280713175084
-5.498599276641308
-5.494699284933383
-5.473170723608542
-5.49298914148811
-5.492667150106428
-5.483177150343028
-5.481430969801661
-5.509312974874101
-5.500334834992471
-5.496974757218862
-5.486272717578172
-5.475919998742529
-5.4970844192840795
-5.494915057232433
-5.50270073052851
-5.491432421095134
-5.484456151371067
-5.474522732627861
-5.496256139830054
-5.486288232111772
-5.494809097387236
-5.493173157127708
-5.508599157785376
-5.48344105877838
-5.498749673630529
-5.500424257573165
-5.500459253818203
-5.495643957952441
-5.465849161023456
-5.489313639214066
-5.484905136312375
-5.473254132511673
-5.489285568316298
-5.487456627624378
-5.501692107666913
-5.501145529149478
-5.490587347612441
-5.497837691370765
-5.476750858234688
-5.496195420863608
-5.490263486368569
-5.494954483693537
-5.501905633009198
-5.485423129097135
-5.491184051281375
-5.499882894574203
-5.493207784867142
-5.485158127161925
-5.484614459696918
-5.493325510321505
-5.5015965886407905
-5.495387975720061
-5.473166249543519
-5.485985192600699
-5.488672126532326
-5.491284396632334
-5.486181465178188
-5.488279160156515
-5.485284782567817
-5.487275287031593
-5.48594393361243
-5.491312957349711
-5.487096849379441
-5.486912911582633
-5.494447490545537
-5.488910856578244
-5.486774896248747
-5.488506652184526
-5.473082613468391
-5.492733281081481
-5.487813027661465
-5.502277826001363
-5.472247428531368
-5.487623553485008
-5.5056181056538085
-5.485207425934347
-5.486043329894217
-5.47385879556677
-5.486432025512885
-5.483122613890036
-5.491033641251189
-5.477346788352615
-5.4881928668025335
-5.480181153698971
-5.494839386395469
-5.500525854643239
-5.484985715680501
-5.478585507075018
-5.497317375339282
-5.489069923648558
-5.490619403531335
-5.49454935967824
-5.498933874238144
-5.482019037862363
-5.499385245244543
-5.493295202824456
-5.495719795781173
-5.500499272999733
-5.481499709791116
-5.496781010554237
-5.5040253213133825
-5.485099485655794
-5.480582890973207
-5.515770591865478
-5.491090561585944
-5.502160769180065
-5.5006402247179675
-5.506953320578074
-5.492447352695269
-5.484983560901007
-5.496520658784525
-5.489710752535058
-5.482910981523218
-5.483908705404555
-5.4847402398120195
-5.482287455495509
-5.489922670136824
-5.492827288988433
-5.4876948565980745
-5.483421957550994
-5.4869945749498195
-5.478787616454329
-5.486311470019024
-5.49483188453197
-5.498583760579847
-5.492049305180753
-5.506426533418971
-5.481299953320331
-5.474406991904094
-5.498284788150695
-5.496449137768731
-5.4847838085412395
-5.482745134302329
-5.502270825329644
-5.48832322557025
-5.482300129799881
-5.486693119054685
-5.493179691540425
-5.484999847475152
-5.495034553121203
-5.4888451313060616
-5.488006879252319
-5.478689952690288
-5.496801236010611
-5.499255543602189
-5.488914602958298
-5.502638479199576
-5.497945410560004
-5.503935727272884
-5.498852528388948
-5.499999087286156
-5.499291048885096
-5.487546401255287
-5.487738598642753
-5.490158554118106
-5.4806370002217335
-5.4864380143827916
-5.4902413025850745
-5.478857253696702
-5.485236499127013
-5.493485349532802
-5.499437657510288
-5.482780829463699
-5.497473641347911
-5.500395652063739
-5.495016265363333
-5.486022612149884
-5.487835904031874
-5.491192720597209
-5.50006006774414
-5.50026960778702
-5.480574009604448
-5.485923007336705
-5.48490787861624
-5.501690957071626
-5.48343833457883
-5.50628460560723
-5.501055654959228
-5.493480834606413
-5.4927005711079
-5.4919940970543815
-5.494426361199626
-5.490768583710219
-5.495176757340349
-5.487099488916488
-5.472637009496304
-5.5041763820804634
-5.507356551909892
-5.492572569497708
-5.486518296329632
-5.48939169334727
-5.456993423638476
-5.485470391100062
-5.4963810737928736
-5.489079056656448
-5.489777416535224
-5.489624251621123
-5.496549493273773
-5.486709328202949
-5.488671086130558
-5.480943548818077
-5.490902370932933
-5.487012339142839
-5.490416844256566
-5.494497977894298
-5.486152812204774
-5.4922822612083975
-5.4999441054812985
-5.497778682664659
-5.489842985295146
-5.481007159393831
-5.494595044234629
-5.498615850306905
-5.504359389338937
-5.500643412148272
-5.494010011121983
-5.489560173577083
-5.503124220725759
-5.489997560203079
-5.493354449696589
-5.5032126928855565
-5.496033578118411
-5.469133809331839
-5.495941324506422
-5.491462707075996
-5.490795109405655
-5.499625146822588
-5.488033428407265
-5.50368986036494
-5.489212455912058
-5.488788812170347
-5.494175028508499
-5.498226313800906
-5.491996898469617
-5.490934775160021
-5.486467515456726
-5.502835520862269
-5.483995818004959
-5.485438087473625
-5.48498174649739
-5.495022622803236
-5.491269822203447
-5.497568217288232
-5.482645960276648
-5.4909883285365675
-5.486536218041483
-5.486970693008171
-5.479085008250542
-5.507042653976869
-5.4828136420477565
-5.496648977948338
-5.49282655066695
-5.486240718728922
-5.499320923071496
-5.486100627866198
-5.491464414540649
-5.518077669925733
-5.494970655607748
-5.4788104434553295
-5.487058420246341
-5.500727488613809
-5.477629817152623
-5.5009062326909515
-5.489831145038789
-5.490884629657366
-5.487783027488718
-5.496872908544751
-5.487708132826107
-5.4854840900271125
-5.4757933251727495
-5.509707421106185
-5.488785603848534
-5.488643702731192
-5.489290383246425
-5.497764061053033
-5.496840652753562
-5.48302551009343
-5.481429231727498
-5.490687161222708
-5.513081996432505
-5.5055500340683645
-5.486674741711717
-5.478219462833486
-5.491194423083716
-5.48915981479511
-5.493763215482705
-5.505349316700627
-5.486537169226374
-5.509452919365315
-5.508413798448878
-5.494806905459672
-5.492007608893264
-5.492092705787134
-5.511521482905557
-5.487373655243411
-5.489081073362332
-5.497745519129646
-5.487269132007763
-5.487096122088762
-5.499743189504208
-5.496995093912635
-5.490736040402311
-5.483285406773753
-5.4842579473182695
-5.488665034527817
-5.493762972541171
-5.492450520226169
-5.487096942766179
-5.507569244542906
-5.476987400497945
-5.497942360736382
-5.50002362278091
-5.4951992524110915
-5.510082885453999
-5.494123638436164
-5.482483029814887
-5.485085828191038
-5.48290066166777
-5.4890219645998775
-5.478577207744154
-5.4938098585555615
-5.506494156426273
-5.512465047433455
-5.4972990128929755
-5.487648085082636
-5.487829643498194
-5.4930595945580025
-5.472292706616269
-5.489135022194307
-5.484086509574952
-5.478060401865019
-5.483032151075588
-5.485479089433098
-5.492427169176236
-5.4978863181599955
-5.503067791393244
-5.49493347300937
-5.485565450747118
-5.50922339201674
-5.489211972882146
-5.489253686105794
-5.493823059455483
-5.491263913084364
-5.487501169474384
-5.489306367013853
-5.490578370031859
-5.490381496466291
-5.489429557498942
-5.477058396778862
-5.480003548234755
-5.479893658405717
-5.49467168181664
-5.492937383415313
-5.504182779836254
-5.496800862922398
-5.4873525745275575
-5.492136236609358
-5.488166380943016
-5.483624379945255
-5.486812374255242
-5.486429741819801
-5.4948907707024395
-5.481029006910031
-5.504134171723131
-5.483825257850273
-5.502011358829765
-5.506762620139785
-5.499915206624566
-5.491106791253386
-5.481432978731257
-5.49869264190846
-5.495525025923324
-5.494513343468579
-5.5049966139222315
-5.490521831497028
-5.507119508926364
-5.497088158349017
-5.504604579555004
-5.503454184359876
-5.497278210134941
-5.50593534532176
-5.501058588132647
-5.502043413152794
-5.487942369098483
-5.484556136830022
-5.477984174321594
-5.496502263056074
-5.4973679106206355
-5.506102097896107
-5.480025360060008
-5.485041357882374
-5.494834944650417
-5.495548945018733
-5.510071907686632
-5.498508331208365
-5.498557019683601
-5.500455110608522
-5.4870905326033625
-5.481681827669103
-5.490406664283986
-5.482483951753578
-5.493556763666253
-5.483581906094291
-5.489689603421107
-5.486400038227905
-5.500571645127063
-5.487796656081035
-5.491980093708161
-5.496184830957927
-5.465799323947173
-5.52134881915431
-5.491286088765141
-5.496524155400273
-5.494179187594668
-5.502339737696196
-5.498170169470417
-5.502979336645221
-5.4711949592342
-5.5000765367675655
-5.501240884810427
-5.484981410733048
-5.4800661472346
-5.481393264696969
-5.491068105394614
-5.4954129052685206
-5.4771292512728635
-5.507019723051786
-5.4931500685559165
-5.475813374636761
-5.486656937648608
-5.482678732210963
-5.496424563941981
-5.494744857214669
-5.470790120036658
-5.481933748934468
-5.512677922605455
-5.502532370971177
-5.503396529526359
-5.490157421634219
-5.483768195355438
-5.4982507302361
-5.498856836755224
-5.484151931671851
-5.492691148506879
-5.4904519646001475
-5.50177880264293
-5.4942993232997255
-5.506282053299273
-5.499654389149914
-5.4895382679552895
-5.507877014832239
-5.476132746738428
-5.483367502096748
-5.488732424663297
-5.499881149495332
-5.501384534765439
-5.503504951697128
-5.4976538971534055
-5.50059220350421
-5.495358753060782
-5.5074932831139325
-5.482916474481492
-5.573646816506549
-5.501814672704272
-5.472785638142277
-5.50379985813497
-5.496052044986283
-5.497916769448189
-5.485562996590484
-5.501981561711027
-5.479403460714064
-5.484029889576234
-5.485292313005596
-5.48007168500929
-5.496957224501756
-5.48338460783625
-5.493390718170403
-5.497248044128969
-5.483698983010509
-5.482159091914157
-5.4857570911652225
-5.488994554081028
-5.499426034330318
-5.4789883015341925
-5.491560282457921
-5.485359732384794
-5.495800338760439
-5.496572805289819
-5.495681989457718
-5.511494334734067
-5.488619989095298
-5.490216671120786
-5.489135135656696
-5.489067981668655
-5.4758147822085865
-5.4958722995493146
-5.490696782431143
-5.487137606723586
-5.51009040702643
-5.495539011389219
-5.485486457836378
-5.495290337842559
-5.498561746165692
-5.507393255577341
-5.494530989355474
-5.485352470471081
-5.484373251544231
-5.515981648938034
-5.473547823633209
-5.505486690612117
-5.4821076073128445
-5.488053445821741
-5.49320268557059
-5.468686807255444
-5.503563479352966
-5.481039023754644
-5.4977048748614195
-5.499768753396403
-5.493814300077071
-5.485446373555143
-5.478978624972742
-5.48577038206929
-5.484547228781013
-5.497301203928902
-5.4988841228842
-5.491735142833601
-5.504589401730276
-5.482854756498633
-5.485231234370513
-5.499580687105025
-5.492517700606739
-5.488498731621551
-5.483453778370513
-5.512733036594398
-5.497169954606755
-5.481256409693569
-5.492989628365371
-5.510723737224971
-5.486860328706979
-5.479698502576916
-5.491404081218018
-5.4954536547545265
-5.4947308858918555
-5.505086199782662
-5.481982514551728
-5.492467137878835
-5.493089350810672
-5.495240822041539
-5.4922451379400785
-5.493366923390219
-5.48567895870166
-5.483573094888467
-5.476059086585323
-5.495267240609912
-5.490114154594703
-5.490415365618051
-5.493903503641616
-5.500260778167823
-5.495064735679864
-5.4945088634173365
-5.4852265173549135
-5.498770321311175
-5.491000874191098
-5.5091320446634
-5.495656647587355
-5.519884772087212
-5.500981502967579
-5.478616075043318
-5.486539551888604
-5.5000290717471545
-5.482086141682807
-5.494156882502942
-5.493147049472989
-5.498386936496229
-5.482146528726242
-5.482963359842454
-5.483393474959765
-5.512601217277325
-5.485376549255328
-5.488853705047628
-5.501505420677683
-5.483255966211507
-5.488049257420045
-5.500643820860321
-5.506130895941538
-5.494950262213462
-5.513114838865474
-5.48819049734508
-5.486359427716987
-5.502948046424618
-5.493528122159629
-5.499575521290054
-5.495516102353425
-5.494665206163425
-5.4894761558178535
-5.487798812437526
-5.486250568870334
-5.495834494346802
-5.485853180959386
-5.506408926824667
-5.496957734291829
-5.496530035614118
-5.488482672245175
-5.507756394008463
-5.485117597221043
-5.4913071125129
-5.510878566732122
-5.500807449363277
-5.507671388434956
-5.487965387577054
-5.4948520825689755
-5.499715593491501
-5.488629429786991
-5.49632155397512
-5.493509500806574
-5.489834814583276
-5.500700776637824
-5.490364063203554
-5.493159771843003
-5.51043924111309
-5.49446681419115
-5.498330236942434
-5.489982613355271
-5.502640553527149
-5.490378077877037
-5.495396545683227
-5.492859820292029
-5.471981908792146
-5.485389662859128
-5.4869737785955355
-5.497636868474058
-5.502831966592887
-5.479478224184086
-5.493406448299626
-5.501063012250632
-5.495383794830399
-5.492792056196588
-5.492504042447484
-5.517001040658928
-5.500550900834002
-5.4918501015879615
-5.503808241019789
-5.479228693746659
-5.497096710365715
-5.4952211440889975
-5.489386258595938
-5.489501695715305
-5.49068239255006
-5.500290485912448
-5.483295871513877
-5.5017625794579565
-5.495893375096218
-5.47990863918055
-5.496717493398051
-5.490454459219633
-5.50659757213418
-5.508255548880654
-5.488075519990699
-5.487042934163426
-5.502953338772688
-5.507254806758311
-5.50412034945073
-5.500982264022744
-5.495785357284536
-5.485515306493453
-5.498220460322002
-5.502243841778664
-5.491702325427283
-5.492615547411691
-5.5029341416426005
-5.499938269069845
-5.469582545351955
-5.506494498345294
-5.491826883244039
-5.510597520923001
-5.502488844620885
-5.490066745916889
-5.515130424748744
-5.482318357286586
-5.4943339229014905
-5.494592562345922
-5.484751283789135
-5.49170936976449
-5.489399967130529
-5.498381397675446
-5.496790064471225
-5.497269475705152
-5.491790426439971
-5.496131048595661
-5.497759209786153
-5.498438130952298
-5.486659788871496
-5.482083775539911
-5.491621363144251
-5.497904535056467
-5.49610786237445
-5.486540086227336
-5.506191026477197
-5.504172014478539
-5.48934985684688
-5.4961984162843045
-5.500790480526757
-5.496951354167788
-5.487511169897998
-5.48146665666977
-5.498034449234009
-5.490184388261387
-5.498284721376175
-5.493150534230279
-5.50233543127843
-5.496439749533595
-5.498575357302897
-5.498995342562964
-5.4937769952661055
-5.502746210341681
-5.497477542281781
-5.499465354889109
-5.495969780235436
-5.5241622420987815
-5.500264984050183
-5.496969296540009
-5.487040196434242
-5.492177617743522
-5.490672173375113
-5.493767759042312
-5.493865855920005
-5.497154721313606
-5.489747943068232
-5.497279074861419
-5.484596881967104
-5.49152951848049
-5.491782578732682
-5.492647194436168
-5.489293358386751
-5.4875296829342295
-5.5045920052062485
-5.490128082471698
-5.484361347512011
-5.47896642519234
-5.501634110132753
-5.487278247900964
-5.50639980413486
-5.502639889538646
-5.5029786959135585
-5.484591413639857
-5.494967015491753
-5.477304687911569
-5.511138593058916
-5.499752096073795
-5.503098750691198
-5.487152798853861
-5.479088970387849
-5.5033039883172705
-5.506242771940281
-5.523033757094689
-5.499671906080504
-5.508467374403502
-5.490715754974557
-5.503210351601066
-5.488963018314738
-5.493354479804544
-5.4939947638794235
-5.502315639769381
-5.490349231716943
-5.498753659649499
-5.5284362731928995
-5.490399467222623
-5.491884040356409
-5.490872034401512
-5.502048057482671
-5.517853682856247
-5.486350882380202
-5.505218153972487
-5.505412024014238
-5.503065269279995
-5.498434018635858
-5.513893267799337
-5.501143619882988
-5.497485844859576
-5.499507530112692
-5.497885742701982
-5.499652190658054
-5.49858691971394
-5.492128363563524
-5.508886531678705
-5.50458040711876
-5.494453044984046
-5.49213669436551
-5.4789789784126075
-5.490305689204386
-5.494833310902634
-5.492653239912728
-5.483569189550914
-5.496385806377905
-5.493979349209133
-5.509161320474989
-5.48812743671851
-5.499001513907538
-5.498308232653691
-5.489917023234174
-5.501178479021181
-5.488292592288657
-5.494575050425499
-5.507688713322578
-5.48378161169391
-5.487796165703009
-5.501641522909365
-5.490862682759396
-5.4885046879420525
-5.499265298536255
-5.4910448893929065
-5.479703923176198
-5.487915600394807
-5.510436378766617
-5.494357532964376
-5.504745914506017
-5.481247734833826
-5.4953139524523
-5.516234382326851
-5.480349419406913
-5.486426537583726
-5.4964231616139765
-5.501463911676513
-5.479621523176018
-5.495171901541447
-5.501271452278909
-5.5111308225487
-5.496451751466762
-5.495196851279395
-5.496604982033808
-5.493615797876037
-5.493999053130935
-5.491003538316211
-5.486711199544468
-5.499314567149207
-5.50227413623789
-5.491274718517004
-5.5015205411851005
-5.491366678598885
-5.507127508187725
-5.512585241924402
-5.491492870480545
-5.505399554061374
-5.495256894494038
-5.505592494461986
-5.488543374898932
-5.5169484974419305
-5.494273229580829
-5.502581972614441
-5.480954034659401
-5.4939924712837005
-5.502308617536595
-5.512805605445007
-5.4942208837944015
-5.512384821764218
-5.494953548607263
-5.4775128155295185
-5.489664007005892
-5.4922448770191945
-5.487995924641172
-5.4944603354273305
-5.500896407738532
-5.4833235120432935
-5.496314879233184
-5.495502239964041
-5.506151749379405
-5.502621658475022
-5.506128017604597
-5.500289157826301
-5.514617068654657
-5.5106655754443
-5.489611417056809
-5.492127469528736
-5.48781803289583
-5.49934826024265
-5.515406340832495
-5.479444123693303
-5.495727557712609
-5.510372931858578
-5.502764526024215
-5.495563306184746
-5.498442750493729
-5.488194108169811
-5.494652916819237
-5.475282151919314
-5.508749265579926
-5.500443116822297
-5.4934760061668015
-5.608958189464782
-5.491701998645674
-5.497589443602975
-5.499672119621993
-5.493045290272022
-5.498141898176634
-5.493618078852667
-5.49715954471645
-5.497711076896206
-5.494362018729496
-5.484021353702348
-5.508545835620606
-5.509889340469476
-5.5020844182628625
-5.505601723686945
-5.489305807661122
-5.508764255279306
-5.491311350791033
-5.503031987015928
-5.4886644108065035
-5.497843998927216
-5.506397379703671
-5.481976889980455
-5.486616967039378
-5.485483827702375
-5.497797733607541
-5.487809575246285
-5.487357725370128
-5.491951667375541
-5.501466565083923
-5.49306338044369
-5.498135756503517
-5.485362050219322
-5.489762266654726
-5.520341869463607
-5.487415861637545
-5.500132791998595
-5.501843877872123
-5.502597194801737
-5.495261687719854
-5.4813265241962235
-5.504935277438287
-5.507059828703975
-5.491839861830046
-5.518850486033121
-5.486760409752933
-5.509234702445857
-5.4963250540328445
-5.483925789777571
-5.490154880244528
-5.501212498638209
-5.509330449707418
-5.5036129492130925
-5.498102374818209
-5.516398284487989
-5.592297296946825
-5.521337420351638
-5.499217049331786
-5.505877830074272
-5.510551761645975
-5.487857672587917
-5.48712135495582
-5.491342175715246
-5.4923058238614955
-5.494248507274013
-5.506539970142419
-5.515857639114909
-5.502486348897996
-5.4754867925448725
-5.4997074845466045
-5.482162317176618
-5.4917163945183605
-5.508143634725567
-5.500611044685693
-5.494199582607077
-5.505151055693027
-5.490409759864513
-5.497098080211778
-5.50254855874058
-5.486200277797113
-5.489356651306951
-5.5160336746284235
-5.501507577654247
-5.509350088810478
-5.50713067997336
-5.486538156156315
-5.5034717926767875
-5.496213084134079
-5.488500047838976
-5.5086947873894845
-5.50169971133073
-5.500041381086381
-5.492538898987519
-5.4985294984631965
-5.506340680449037
-5.498152936413263
-5.5072622292882505
-5.484850209510264
-5.506876668906673
-5.494192805175572
-5.488969979530625
-5.509924031630354
-5.506033572026376
-5.516404942160651
-5.591470310203211
-5.512429353505283
-5.505241522686388
-5.506772439403356
-5.523931985220791
-5.495397338073098
-5.521092408498394
-5.492353819507905
-5.48601138077668
-5.487893226144292
-5.505002512468932
-5.497610947855823
-5.509399483616576
-5.489914773794034
-5.4968551742886085
-5.495886525718152
-5.500083663358671
-5.498076529297203
-5.50504863628185
-5.484846978847438
-5.493272483544731
-5.50936916067953
-5.494389994359532
-5.493864378591322
-5.512267112487603
-5.504543912522202
-5.495345886912803
-5.493971304911974
-5.495378029880616
-5.502705078710182
-5.5140671505579695
-5.502982766749567
-5.4811374466271445
-5.5113692594806025
-5.498322601264382
-5.487347577641606
-5.490653957709502
-5.510926807400066
-5.5065870783619175
-5.499634980240885
-5.497256609824441
-5.480785557317038
-5.4973811180075005
-5.497231628835838
-5.495880918381616
-5.481813110253102
-5.500907687669906
-5.508056185188147
-5.5046506430480155
-5.483673936477947
-5.494741868785772
-5.497781771734838
-5.49774431386362
-5.507344279172004
-5.483512448724383
-5.497254357812932
-5.4873822115039665
-5.498632018957548
-5.503479206871605
-5.494102811044904
-5.493204349103531
-5.597619973417361
-5.497693861819559
-5.499920540114792
-5.496345480378969
-5.502927874087886
-5.499018624534567
-5.497830484400982
-5.49548169392993
-5.48701422787262
-5.492979063195101
-5.503427588320146
-5.494340257891034
-5.496193708201069
-5.5095847530327555
-5.502125077968445
-5.4990926986709106
-5.515218861761054
-5.528383672091671
-5.4995848706480075
-5.508113033827425
-5.496274568711074
-5.490891920540895
-5.484415397263437
-5.514090875987349
-5.485175937460751
-5.5067467865056745
-5.494797367235354
-5.494392179080413
-5.492942934155339
-5.510880351350265
-5.50477111294968
-5.491402540049668
-5.4982177817221025
-5.490260615062413
-5.500708872201965
-5.502460374895616
-5.50910884571875
-5.482946238427197
-5.497653283772408
-5.491818365566932
-5.496310191543163
-5.488636661262292
-5.5050306696098765
-5.491072424889239
-5.523272285436274
-5.487258896229603
-5.498732295465139
-5.488225543442625
-5.622246610687906
-5.509498227236977
-5.507912984947626
-5.501192351750465
-5.505739199924629
-5.495730687779956
-5.518638036077369
-5.501859765606295
-5.49686586694472
-5.5096840608786986
-5.513366690274406
-5.512945572396778
-5.5009534177733075
-5.526593117592408
-5.5094985703526795
-5.511972208169843
-5.482905517486989
-5.492624095552106
-5.521104954775868
-5.4849762232163535
-5.503006088696029
-5.49461953612002
-5.513213196177975
-5.512584985256251
-5.501114301483866
-5.499822608054719
-5.488359431694692
-5.487984206472754
-5.494907705736141
-5.495494246391609
-5.508144864944591
-5.515277650133659
-5.508869143458701
-5.499484632775584
-5.501769513988055
-5.508341779424825
-5.501812389251004
-5.472206868720028
-5.587720147709644
-5.48838259063073
-5.501469270967971
-5.5175968639221455
-5.49870049998939
-5.600818532933364
-5.53098212708079
-5.518456006667833
-5.500778616273664
-5.510127564207875
-5.509747858307977
-5.491634536507255
-5.516145769156756
-5.506015325126757
-5.50725805378631
-5.501401586606607
-5.509727804774473
-5.494101793398891
-5.498318938413294
-5.496190730140079
-5.522496493736972
-5.507710431445819
-5.519791888000947
-5.522347161271631
-5.513718648062401
-5.490264757007204
-5.500946275306433
-5.496861634308989
-5.50964057072079
-5.507709223377596
-5.497514206196896
-5.498556643096121
-5.499358396911081
-5.497964113843534
-5.504330414455125
-5.4999622186682595
-5.495787365596603
-5.510822996305427
-5.499871165450739
-5.511093788021701
-5.490406640652208
-5.500906658569489
-5.505546034559819
-5.48879417047202
-5.500589779589367
-5.506972146502241
-5.5235279154759835
-5.4955695252709456
-5.505019150973864
-5.5491966000952715
-5.50067677889619
-5.500409806579287
-5.503169304447916
-5.515133246121952
-5.510928222058922
-5.520049852530072
-5.498441406624834
-5.516533088872865
-5.511445278165436
-5.500001720655891
-5.505398428721686
-5.512483403909181
-5.507034412762838
-5.5039891859740235
-5.50263593521764
-5.576512648996745
-5.497670901033298
-5.502273375187437
-5.513793899032424
-5.515823308466176
-5.481240984928473
-5.511676175796467
-5.505438754379274
-5.548269034176127
-5.50321681159123
-5.553043234723746
-5.494333315264965
-5.4991972722164135
-5.509240677808942
-5.496417780493311
-5.504784505001413
-5.508576702084105
-5.5219508126083445
-5.516572007528477
-5.5052199252475384
-5.513353272890679
-5.524964189788944
-5.501147578163072
-5.491920647197574
-5.500017422707463
-5.503724809703478
-5.527241958030901
-5.503138480380712
-5.508075364512607
-5.564970549934171
-5.490826482476518
-5.498367281289907
-5.489866264967762
-5.495052379861668
-5.514157802867264
-5.503054797768937
-5.508520397597643
-5.50134491556664
-5.515710176132483
-5.524149242017263
-5.522521542087742
-5.495572113036428
-5.5111149778603465
-5.4907209924488685
-5.498422575469271
-5.506163291747114
-5.507967405092799
-5.4908483384160665
-5.497699330946476
-5.536013859929593
-5.504629970863823
-5.529478351992182
-5.498943349524329
-5.504237266453622
-5.515654034221672
-5.567301033745726
-5.488718672073425
-5.505346852259492
-5.517015240622549
-5.501167847837644
-5.506381153508023
-5.492240152453058
-5.498132987534836
-5.496243854737936
-5.505009034996081
-5.505724575282707
-5.500155254270424
-5.5106893421699255
-5.514731774916949
-5.499154139417925
-5.503386787724086
-5.525210561754225
-5.510511525424653
-5.515844209265605
-5.507832725817504
-5.520224197986892
-5.530298604454822
-5.514182083439318
-5.513129616818081
-5.515371773649509
-5.510490787386812
-5.517857994543286
-5.510848613682549
-5.5133672890546315
-5.523794466701812
-5.590281108899791
-5.499399520759238
-5.534033841213301
-5.500995576661771
-5.502506295281239
-5.5137660720615305
-5.511198107336682
-5.519804471218087
-5.538270914338749
-5.499611423791543
-5.505498250905358
-5.532668863548844
-5.506461885757661
-5.4950372167571935
-5.526283487451753
-5.499889163908755
-5.502147635459133
-5.501253280279349
-5.502212472098839
-5.514619619421477
-5.611764596035059
-5.523937249392507
-5.589972238070452
-5.551407236799353
-5.582121931042281
-5.5241025514166395
-5.6039899814801855
-5.511981735771226
-5.512636161304888
-5.591312005689348
-5.678866102244324
-5.598837132411297
-5.524550547927241
-5.512828669830579
-5.510771190445186
-5.499103026390426
-5.51348589728707
-5.536148028895024
-5.555252045893376
-5.530933432310826
-5.588929690818938
-5.512322809464241
-5.513993408986684
-5.5195009329812565
-5.5119421905767085
-5.521240789878602
-5.5218403754699255
-5.588821727801612
-5.6127330508627145
-5.531977908708919
-5.5225752376998205
-5.52866331146012
-5.513788021039435
-5.530814429740521
-5.582377709682774
-5.514737623379673
-5.592542680859456
-5.6134802230674214
-5.562353607869265
-5.521624893433924
-5.496441441195911
-5.511059413034669
-5.54229873034363
-5.526941287538205
-5.540212937845332
-5.518209956658328
-5.615605775362313
-5.524364878098009
-5.61366222324589
-5.529847132770432
-5.7913481218027485
-5.727324611149024
-5.8493112376628575
-5.798064337091571
-6.096364033680724
-6.260838458212419
-6.0970839479634185
-6.176916996911791
-6.247595667066324
-6.294047570252307
-6.340001800391877
-6.311631273747652
-6.299465798960319
-6.296996432417346
-6.289836165081034
-6.334161026979808
-6.306207530613245
-6.300401151438339
-6.300311178633661
-6.343274431958534
-6.2605671393958575
-6.258733504911561
-6.2499738463125265
-6.298764801992752
-6.244696031579844
-6.309405495435888
-6.289001079115543
-6.3072507906919695
-6.296704601180251
-6.216597895819813
-6.261128543917384
-6.25842426579171
-6.224718686430369
-6.225051808469125
-6.275871309459249
-6.338654157668236
-6.242335404743343
-6.239025215270966
-6.235871394886682
-6.271973504949232
-6.299284575064991
-6.290026449446048
-6.269697486921665
-6.235620483795372
-6.262959551629234
-6.29129543227329
-6.292450575875455
-6.258800795082639
-6.2346369881487576
-6.2701459924985885
-6.270179648822001
-6.266019787602609
-6.306881103950303
-6.284023074269668
-6.309945375386369
-6.247750888455333
-6.2209482942426035
-6.250089576158712
-6.252594192703193
-6.3508471801732655
-6.265232854878278
-6.282441928313027
-6.321897579646205
-6.302677495781197
-6.308405516319887
-6.288057417892411
-6.3190049030442985
-6.302442559941642
-6.297407240847475
-6.254222034738262
-6.283440553657757
-6.283151876211669
-6.25530398013321
-6.297674199930942
-6.303741152556242
-6.320966865934679
-6.312332989976669
-6.336833101055404
-6.30046037811237
-6.337266081266698
-6.312546804515515
-6.326977872363097
-6.259254745670842
-6.2682785644879635
-6.306088620956116
-6.33996510506934
-6.265425223086709
-6.307359754184379
-6.375471603418363
-6.298638722550837
-6.281813547470306
-6.3082368482742694
-6.290251080251854
-6.338651963189026
-6.353593470986526
-6.341720295017963
-6.339021689070155
-6.317547627403872
-6.321204406135806
-6.315197467150153
-6.396931842742006
-6.303727653869398
-6.316642501189509
-6.326502890175281
-6.31956536419573
-6.307938282318668
-6.247334820008126
-6.313711970121942
-6.367089271365607
-6.295404465710641
-6.304364820247226
-6.3055728933976685
-6.344043022729436
-6.295485582209945
-6.346382736026628
-6.297467044176656
-6.3675975788430454
-6.323308869034455
-6.285794492066247
-6.377455266080662
-6.327671855135257
-6.287075312649263
-6.289824918253555
-6.367666698338207
-6.3428246348829305
-6.332762675731581
-6.308220316122147
-6.323049501108645
-6.34381027334495
-6.2715259165438795
-6.354560531785875
-6.3324953506135335
-6.356612404294585
-6.2548258071661165
-6.380857338927608
-6.3122609907549405
-6.312870491185381
-6.307134058808837
-6.354053849239727
-6.335614848005953
-6.323142139512889
-6.349371041056529
-6.307969114441948
-6.345518300249756
-6.355382092191817
-6.379252139282436
-6.308157558387043
-6.144023886632924
-6.367557093800904
-6.303362758079445
-6.3669569357646445
-6.316861138995353
-6.249899387139072
-6.253539145014464
-6.299060122757164
-6.277304950464018
-6.393439569602139
-6.367298895608272
-6.343026561168807
-6.407372486671743
-6.389608915937271
-6.4056747247612975
-6.3366394155951795
-6.311009925234149
-6.369636923604499
-6.374647350099014
-6.116749377660918
-6.348804083682973
-6.23094814421236
-6.2948183262540205
-6.3161696652853445
-6.368343272489291
-6.356812553187974
-6.262806021884373
-6.242540325638197
-6.319698998616466
-6.188214929101061
-6.2967165385581145
-6.229475441373598
-6.318864051798201
-6.320294628058749
-6.364527967216051
-6.3222702294866435
-6.29054689844986
-6.234317262052301
-6.261739861083798
-6.27140184208299
-6.3530703323800815
-6.32748875352405
-6.326933206182996
-6.361301811243212
-6.298749947942455
-6.30944396043765
-6.365621461930513
-6.358975265065796
-6.364056142474968
-6.367174263198553
-6.302120970072816
-6.301994163638586
-6.361718745188075
-6.292500928932728
-6.347188516848163
-6.326599938236494
-6.294311058488353
-6.366814422699772
-6.347322162900168
-6.38926305324307
-6.176545811567205
-6.35046716369089
-6.337540694312091
-6.251131864285725
-6.318323530550295
-6.283748080963459
-6.325193861942151
-6.285494848875384
-6.3517295610118865
-6.309577460598716
-6.382667512327803
-6.408732566446841
-6.348100892245508
-6.327149206099175
-6.331167550401543
-6.3081845647344865
-6.313132459393464
-6.408062898746103
-6.344974975473431
-6.35564807521717
-6.343756794463448
-6.311115476864266
-6.318664131493463
-6.343715026229021
-6.309987353360178
-6.365271377945815
-6.338492663107047
-6.34543086055945
-6.32414201677394
-6.377113620621229
-6.33804663596862
-6.368999462808865
-6.314167112616872
-6.34272389146095
-6.282730898507822
-6.359423508262461
-6.3900005899843535
-6.312041630869477
-6.370316121836972
-6.327091073345855
-6.280273291607527
-6.357748255879652
-6.341693087557819
-6.3650582336847705
-6.344545978753998
-6.357747817779531
-6.338032993696218
-6.281573681709238
-6.357734865741457
-6.389384699585834
-6.299018658520549
-6.385428299435473
-6.29949341323991
-6.348046338113041
-6.369326926741191
-6.315484811939662
-6.306732318526031
-6.287134277369244
