0.021046458231868626
0.028320254785698162
0.03521011553074938
0.01683467692876761
0.032086847851246506
0.02280396250682018
0.02119536258864484
0.02679122825917385
0.026269134745228444
0.028833807902744556
0.024488341037262773
0.022859157573313634
0.01771615951390642
0.013485863796996185
0.020379565779759853
0.017721089258429284
0.02261892010452764
0.028793141424701737
0.029412568085260802
0.023265985997085865
0.025609403444664287
0.02118778488668209
0.02623148749418111
0.032586896603521875
0.02796426365200695
0.028437457431663933
0.02025490780975254
0.021897376957885316
0.03402604838622288
0.025231587122683058
0.0166268136433446
0.03351529693283038
0.021195605747340012
0.023982583367921768
0.02714404588749911
0.024701881552380702
0.027165655487366425
0.028244406574106824
0.011867578457811842
0.01932359418130151
0.028055994293745577
0.02833996253995454
0.02776050232638839
0.025721003818396388
0.02409958106260682
0.018000412322517683
0.030316516276970937
0.035293813070656745
0.020905909319625278
0.017387254757813764
0.02059155076016543
0.033281378579940755
0.02758807931733408
0.02523290981129944
0.017795052891797697
0.03172904834104756
0.018350659673013713
0.019686753560155222
0.01893860306934146
0.020848925812697663
0.021262764471016337
0.018843609848905027
0.02369166958558078
0.030114523734212396
0.019854654438890548
0.02874486701685872
0.017615050139930314
0.046092058574179216
0.03156978698533533
0.018424102239171652
0.024833437188348087
0.03618087306800606
0.019308336002401262
0.04464074847124798
0.04076423318366094
0.030106252154959642
0.040198719837865445
0.04381453562919389
0.03775906033229091
0.03135890325153703
0.10341633741554697
0.047993755918342866
0.02814064774474775
0.018485606731075285
0.03846343747316947
0.036528276811603456
0.038287464799354784
0.03058291978667284
0.036216487383459096
0.02607373024342142
0.02400549038887512
0.03791090502602147
0.027905607408043744
0.04307983396662851
0.03366162576856013
0.09388647580495356
0.11791889859066923
0.10296435485732058
0.10574705507502974
0.12320728514908234
0.11147658591051633
0.1300491293231478
0.12307361620207107
0.11573455533902831
0.05661891483896006
0.09052986444179768
0.07226214089902029
0.07681321413447559
0.19273824940163742
0.14166775065906256
0.20438417833167824
0.23740118504869745
0.22288428919457035
0.16671403184197497
0.2330795732877596
0.20408581617167795
0.23545832229875568
0.20842681492410792
0.1951173358304193
0.15131317534925706
0.2156619919232503
0.1436633389383106
0.1575832477519946
0.16730707891103666
0.07965739680896554
0.06296329374615398
0.07610818998667031
0.11335613120843795
0.05672327974224359
0.06320926598862152
0.06969392854308425
0.06483163389375124
0.12295973092913916
0.06268789602417531
0.04470565897107648
0.0917075717722846
0.08687295167198436
0.04761077419344064
0.09844991450901695
0.06279492428922916
0.04579617384205072
0.060308946510505786
0.0707124773452502
0.05857722163489621
0.10011628491634621
0.06766517062272018
0.06366608556489664
0.04939968672335642
0.07226125732116186
0.06076172360943857
0.08202030216579925
0.057055895233456125
0.054388110861798115
0.06750638346699571
0.09446201285118785
0.06122551741500907
0.11307079673202174
0.052344438676455725
0.05667613594005558
0.06030130788212062
0.08056270668726602
0.12989636024992893
0.084742020117648
0.047258234223992654
0.09803260979999397
0.07217593762155265
0.10445523421410616
0.11527203373693166
0.10967432100747865
0.07948722541092722
0.03854280003491263
0.05496104702715205
0.09312947938100953
0.08501977042047947
0.09363341412385374
0.06200224605981384
0.02958029550068862
0.10571526999998546
0.06802025543633337
0.03706019788310612
0.11055308773908651
0.06218012252837834
0.08122153603000049
0.1366818741480743
0.06668402923885605
0.08071210567633345
0.05885540760238577
0.061322132870806546
0.06578276500089288
0.09953196591934768
0.07674124455015151
0.0959661216330791
0.09569817036319496
0.06462053942905592
0.08835298718311164
0.0489077585125949
0.07330639025067652
0.10137533966421257
0.07819248468890634
0.06767161958500316
0.06345682469515022
0.08431403325480301
0.09253534635594558
0.08487163208637186
0.09391427457263432
0.08167548408768602
0.07963492101164547
0.07873736869246792
0.06946660586598591
0.06178957296320715
0.07432885429032625
0.08840834268765504
0.05701662992600684
0.1140788839813824
0.06257356330876987
0.07614104868121851
0.08887301482630913
0.08200367844477353
0.057678030446542
0.08497921047133604
0.07328859450823347
0.10267110641672064
0.04898811819069189
0.07247159411599204
0.07131326446480235
0.0726808546902772
0.0713773080742996
0.039962831750497294
0.10153208279981304
0.12537681088108457
0.0915055167492223
0.10721944075048213
0.0670893544038358
0.08309009253113281
0.05317927668677476
0.05131357157427519
0.0909221056463235
0.07597862085534415
0.06439689841651845
0.05252927999117597
0.06815549595491892
0.04943954093555937
0.043345655542875845
0.06736308081860069
0.03972162143467067
0.07587870535674911
0.10964137774938384
0.06548638266666619
0.06188818442883921
0.04182458984117145
0.09299131399725998
0.0798382314249002
0.08898132911648504
0.08753112540442265
0.10449447146289088
0.0796116145248483
0.07259399118005774
0.08021960386490724
0.05210817455043662
0.07525542671462727
0.09472127861168099
0.08932979343011926
0.06034518620892205
0.07206671401833628
0.05425665642762955
0.08373060099583082
0.06228469441277162
0.0744752693454907
0.08050781909052476
0.09327577582146018
0.08648937891684672
0.05629548617067093
0.0649336729954327
0.14485645380272666
0.0653757416737099
0.05999315119339824
0.08116474247684803
0.07623483617373751
0.08647468236319411
0.07906641749922752
0.09605537291515835
0.09396810389856958
0.058264982433964795
0.057075530197974005
0.06740099364949416
0.064417850460465
0.07681922446881136
0.05780896329299057
0.08549884501940871
0.08450538903684568
0.06288943239745363
0.0511557987800811
0.07576914093891833
0.09226514960454076
0.042643955423221185
0.06756067090842992
0.07600572890130394
0.06892743302984396
0.07191555471871451
0.08143600263562238
0.08746668385294643
0.04155542234133841
0.03346654605762133
0.07837404843650515
0.08306319828904513
0.05487814121927987
0.07988943364748673
0.07036900656904263
0.059205800055737653
0.07736557805456147
0.06445871228866688
0.06472318537205282
0.03392356709178299
0.09232027166131576
0.06643337374487412
0.05490603768997493
0.08259603787417608
0.06473836081979778
0.06163203888313178
0.048500755320402024
0.058083794703328855
0.10922990230996464
0.07715064618869515
0.05901064408106686
0.06477976399573308
0.07667427179686089
0.0670054450194194
0.08028887450623871
0.08985092616490414
0.056447818053788824
0.10175166010788987
0.08888080982269668
0.07928737428311454
0.06741990933345844
0.07374205316953612
0.07351299744106543
0.06320765571063901
0.08048724009901045
0.0573074034473425
0.08073756369280674
0.06819444171899124
0.10956644069847452
0.1253585609517069
0.06713805821013147
0.041216875640635434
0.11324043471844776
0.07911431613808059
0.08832370559633751
0.04680983024315818
0.08792171660606161
0.08556260125569867
0.049969473523059055
0.08133049172916838
0.0685453354532223
0.09929788197078648
0.08124871203605333
0.11031608815649946
0.08761950692620503
0.09126784069342411
0.09923973406599959
0.09158336914596775
0.07169844750363287
0.08673967681442783
0.0621420224721527
0.06576443165838154
0.06783745282412754
0.0670330609561265
0.07154955138129852
0.10487061776645072
0.05460142228471487
0.07685075692924105
0.057383694667487904
0.07546977278120062
0.09516178666784178
0.0901275149605062
0.09963533021313851
0.056635481329234405
0.06759783258458443
0.050111389373479524
0.07662020842607366
0.08052993930803742
0.07317499791224026
0.11171603537834558
0.060074528103040106
0.07045306813505994
0.09910770337503458
0.07595904844868503
0.08741880883796688
0.06363031588921456
0.05888839942802932
0.08145186525854466
0.12218025617496302
0.08621036130678003
0.09411856992226675
0.05635206888582658
0.057497505554876024
0.1036530413076487
0.0485036089178971
0.0897754897536945
0.10125334198196115
0.04530378149848328
0.08680286828546001
0.058038555308255566
0.07330936552206961
0.06646339695317767
0.06536631836185093
0.08386696999288604
0.06629232139476676
0.11431213308432585
0.0832567898506213
0.06443926284838578
0.06924314390741224
0.07364716314010694
0.12026781242110726
0.0838850776640523
0.09260020517459336
0.08363297185030936
0.04453473182680709
0.06702592664371056
0.06750872661671012
0.06357575713892351
0.048233609891525746
0.08099507842093662
0.0687733334192751
0.0837559490301153
0.1274729353211015
0.06669100531711598
0.08359847400013297
0.11268463873764802
0.05753127487477974
0.08769328416678761
0.0711970897635703
0.10117274943749761
0.08867822846118456
0.03571758209447012
0.05885400443783162
0.1081115784450858
0.08489200650591774
0.08632322788839955
0.05994233996650007
0.07582852008205643
0.058264446199738376
0.04838320750134221
0.07360367373377723
0.07837194062803465
0.09963781430477062
0.10522921118007841
0.08045441724689072
0.06703764956802415
0.07891437761977164
0.08137016919684789
0.05581414094043524
0.06573736645461549
0.07551919048193578
0.061880229094118805
0.1040949812978338
0.08430140118267956
0.046406969136106174
0.09379687550674695
0.05875688356008616
0.04550435449546943
0.0797622437035172
0.057986087759484835
0.06605477649145013
0.0555993374830073
0.06666016738203649
0.04866898840550664
0.06083416386226525
0.061323711270102305
0.07253029527966337
0.09970519234151266
0.04552468873845001
0.10766250048730575
0.09782984170754805
0.08670403691876423
0.06622777921317147
0.0677908342668996
0.12450006348958431
0.036463652774722514
0.04566042194563687
0.1033576310899271
0.06478833649344841
0.04487208868564611
0.09386585604228886
0.044185451621742915
0.09682566282937537
0.09511748764988888
0.08421676829176794
0.07617674849943418
0.0689359780814056
0.09595007463574538
0.08529160980638703
0.10452049511064315
0.05555058396259097
0.08129718974440168
0.08695171688518878
0.07102876732778313
0.03901136615730746
0.09314460431389603
0.06535567382643938
0.09652687152541578
0.046038387932963123
0.1354592345427446
0.09502951867207898
0.09149324515814608
0.08135760154581835
0.07438544726335124
0.039916501660264836
0.07496297456559786
0.08687290825595906
0.07099754583738264
0.05750068047059302
0.07709873112617442
0.06594726647357536
0.13630667963349546
0.07734636856731246
0.09481539347670247
0.070617460959972
0.06866684499893719
0.046900921514421864
0.06519097936560912
0.08378881978035313
0.06723144443086812
0.09819260532500389
0.08131093644341936
0.07656615897816396
0.08564192710761806
0.08096045384914836
0.07439890735867773
0.07266668746934574
0.07506567323919629
0.08239409022895726
0.06731150441545135
0.06608493023873202
0.05487175598214696
0.06946843893005925
0.12679025537165295
0.04900605868148119
0.06220811347304827
0.0844098370821668
0.07778250636609425
0.08254409650341969
0.06392364439721418
0.06338988177968392
0.08841343487437008
0.045621124095396426
0.07083726532087677
0.04119803278496017
0.08946802268941187
0.06862385818312391
0.04221273187829589
0.06551235397747318
0.10610549493216577
0.090830178687441
0.06503247025229938
0.11294569218092458
0.09491278888930105
0.05082817420315137
0.06265847932596473
0.1135451961438267
0.06304794057197516
0.08424677653327708
0.06095658967718724
0.09142957883874661
0.0964270582046435
0.07807237160794184
0.04068377910956755
0.06894350582528869
0.11049422491562845
0.045464297742350765
0.0719668112671424
0.06523083942768035
0.08719324634398685
0.09653591486518985
0.06208695226628193
0.06490318224599534
0.07507212649304282
0.06374721669585476
0.07361124426154081
0.08445008102584171
0.06647749784132809
0.09966860066320102
0.08525412056348582
0.06431492479628165
0.0880865535412705
0.08918153150837752
0.09903899978408028
0.054357107538295604
0.07492571982014193
0.04969099491623268
0.10079013735877583
0.09718191643367836
0.05965954855781931
0.06144190327071713
0.07298541858675443
0.10691464121194473
0.0789332672562916
0.060036402749347635
0.05798320307961844
0.04063511442575662
0.06486417093626247
0.06381469136421179
0.10890274632651072
0.08060885073652692
0.06070330279886209
0.065273019421272
0.09023744174834265
0.04234279481305408
0.08536383558324333
0.07826520423302655
0.07164496942153928
0.11321375432694093
0.055713580400748
0.1212335826997115
0.11043091724582475
0.07015410361976299
0.05356675721489503
0.05577257682621139
0.07565676523233673
0.08079522639649701
0.07879261602690012
0.06856029757340319
0.06323300084308661
0.09231004525012072
0.0744682657636601
0.09443332358605903
0.07377095995675828
0.052869623719903426
0.06951604957534434
0.05901140765858402
0.09812703751622621
0.061185761175933474
0.08765005446845664
0.07015472875184373
0.07626348392507262
0.05788517280396204
0.04739498015433028
0.08903118064495885
0.052791492143588706
0.051116750049952524
0.09033062695601092
0.0830276431758344
0.1558697664408599
0.05701581154099223
0.07845026716402624
0.09971455647340234
0.061612653564495495
0.06872150320428988
0.09078351625576703
0.046953157162959204
0.06075251580362123
0.07661087718421267
0.08425551251299868
0.08080770237462645
0.09309320161828848
0.10136623320091602
0.0942227961408033
0.07591682126866635
0.07582887427596048
0.08288506852752017
0.05334558650408631
0.07362759770341508
0.0845824801355985
0.11658166374686743
0.06189830386767879
0.09525154940320693
0.09024669107893264
0.07618587262988787
0.08017627447836848
0.06079194391853244
0.038429103917306126
0.07295024926321059
0.08588324643075679
0.15437195090753614
0.06437812590593837
0.06796722805727354
0.06576715476163596
0.0946894131190834
0.05771450245884162
0.050181841843054166
0.10847235176972975
0.04635499017284678
0.0760013751067396
0.08061474632851999
0.053138398173299996
0.08151066171922519
0.06159900336704298
0.07270797031484384
0.06261852176899024
0.07674752805501599
0.07984127615002519
0.10080361063421193
0.05251962473285461
0.0966785245381919
0.07073028000541054
0.08024165514661795
0.04571996284855002
0.06429853982594876
0.05914395633807471
0.08300534077218966
0.10211776996428305
0.049639398730485264
0.08385233213721278
0.0569709439925452
0.07508482118410982
0.06190816102542501
0.08173706560733945
0.06849571557820465
0.05531180094222404
0.081238576024795
0.08054416476868118
0.05731895855928101
0.08968020421642224
0.08956955756391394
0.07554317850601672
0.08327326329562722
0.051388540207503365
0.0888138027259913
0.05413876309662296
0.07646428156867496
0.09352560432139136
0.0675074448397189
0.10832375078495395
0.08002475708091905
0.0683056058222875
0.11584398305260797
0.06033723738182635
0.0788052104373873
0.07413951205057177
0.08293003725405323
0.09771831705492591
0.04836260928050598
0.04889721418064961
0.06679521283684786
0.07631115404888411
0.0668367922999723
0.05682281503474871
0.05630331092316922
0.09148932551650639
0.08734884605741476
0.08040081890291866
0.059482938158556764
0.08496895496104237
0.07075190817386125
0.05915591393711936
0.08013520488186658
0.05793857763925325
0.08725728508737497
0.04612516210196655
0.031627320895789096
0.06557043223049976
0.03768541849221753
0.08191533694502122
0.07774878650755812
0.1368770646291798
0.054484813707676424
0.08876255282653785
0.08410620012037655
0.04478283170013608
0.07385831188698608
0.04775092589043027
0.06404730980803627
0.09168850028438237
0.0752095543056469
0.058305947665826204
0.05599506682323946
0.07904212029964673
0.07066361247880563
0.07427400730330984
0.06522234709654465
0.04597094439155185
0.08280689937760542
0.09485710654264581
0.06005882483200471
0.10058210507557148
0.08646772890716659
0.09925582321510354
0.07000617618523028
0.08062840721959574
0.0751298123279366
0.059072607559260366
0.0837547167359968
0.07454482850079659
0.05839143000084664
0.08726633996134982
0.05453039210198319
0.05541582239806632
0.13020039485542853
0.07436479120183549
0.10909241770261296
0.09563797236118139
0.06273048599879935
0.06363287187199981
0.06461335288967365
0.08692302129153137
0.08179382134937248
0.05259862581289546
0.09699522644196751
0.036134596792629654
0.12975982194504265
0.0753813603461669
0.0634633939206988
0.0732384478869
0.06252406743289199
0.03847815054002599
0.055576313388794964
0.05996137601833264
0.10864573543366877
0.05781166715296418
0.10695707802863977
0.07764881699203077
0.07870433187851027
0.05959313966827521
0.07092066059924833
0.06910829922717975
0.057553235708852506
0.04890934275179431
0.09954204881437728
0.08943644333298395
0.06991148890805889
0.09201393551527665
0.06881334190512708
0.041282071253101835
0.053993653657138777
0.05839764130882962
0.07408095510575516
0.06918954792227935
0.057937756090046214
0.07580128320082045
0.06634524337522484
0.09335246938876944
0.051072022492999934
0.08685854356927437
0.06725431569928869
0.05850481253402157
0.051258343154933425
0.056855424684843364
0.05475797263822988
0.07627453434466303
0.10927662730062213
0.08180610376208144
0.04807908182037943
0.06291629774069676
0.0890677964943788
0.09307112125587462
0.07161548853938257
0.0674240836750487
0.08715016515114836
0.10625058776154504
0.05634244932936017
0.05119097146535031
0.11720838600696498
0.06597688181645046
0.08034088656710257
0.06414611844948935
0.0641703912744848
0.06963079020330784
0.0517392351951131
0.06797505377608191
0.09264639211389794
0.05594834388586526
0.10246895252195129
0.108798140153621
0.08517258570612793
0.03591358900248797
0.10943472142107806
0.06669633420637598
0.089668983268044
0.1276798561817885
0.04581201437880874
0.07951227560296902
0.07346923529783399
0.07297818486137995
0.09038207923073241
0.08841832083856017
0.05908261005725375
0.10658371463518385
0.08577294482281392
0.065301064355984
0.09064920566805695
0.07251835312139494
0.04458828597626771
0.05040711221539948
0.13721202641483404
0.0904152341912692
0.04456859266368786
0.13272273946109645
0.07550713548307207
0.05144982688011119
0.0705238114815093
0.08397925775598619
0.08739114545347487
0.07450979355802757
0.07614207225755804
0.0748809093974129
0.05659017485491527
0.07556605037524797
0.10420288747063482
0.06005495855390116
0.07891988848677657
0.06258197751040631
0.08724627944889284
0.03219419263579444
0.07157653658250555
0.08061997559693199
0.06141617303577422
0.07241868928980955
0.07800224016258893
0.09811948879507486
0.06121001042481866
0.06891229620319357
0.08778793684549584
0.0629257959114998
0.06685176087336642
0.07529837143406003
0.0735626298026942
0.10159020792445313
0.06085938081133687
0.08646723538454365
0.08278521984473186
0.062047174144865595
0.05717865325530974
0.06984982284653708
0.04412362246219504
0.06501491815954658
0.06883172963115146
0.07359763397793838
0.055775678748430015
0.05600680385192799
0.05060912882277857
0.07152886097510057
0.07555527937137707
0.10434237362926699
0.07671414328660411
0.07588472434608712
0.039749976724002885
0.08020471760796184
0.053417176883671466
0.05978058575061837
0.06489328712510414
0.056810024484489505
0.06134701638825218
0.04584878933375967
0.052769722343320814
0.07551222291219234
0.08321924020196081
0.045738622652160915
0.07129966236216582
0.04922674879435809
0.06955019630063905
0.09428208441184999
0.06222031882081801
0.06107177189220609
0.05231099969897023
0.08247358407377509
0.07446775407856256
0.07840098288221964
0.07188932023615416
0.040054864419321365
0.07017896318512842
0.08877765979324735
0.04960457445703585
0.09904365412911952
0.0904568723160569
0.07572561670473216
0.04245591628712097
0.05573620323355712
0.06536310637315204
0.04492047216437976
0.04901483220793068
0.04775822805065417
0.045556723771878735
0.04979211228673406
0.08441220727150435
0.08396332398277843
0.08061832624677244
0.06263876867403662
0.05695695790369549
0.09356079829583962
0.06914590626784989
0.04336398540763171
0.06902108922560915
0.1484768197569863
0.06667044871409654
0.04015322741547472
0.07488762374363585
0.07877064122536825
0.0904075920086166
0.14489378876199333
0.10179405674511685
0.05200963108569925
0.09861443734028187
0.05790073956069358
0.055588264971091705
0.10673258295531794
0.0906115491929515
0.08041839291422687
0.1101054182776945
0.11535048836730863
0.07495770200233666
0.10146523391867912
0.08468767247429912
0.083155126028805
0.2387349494382105
0.12751227333689466
0.11211972683016802
0.09157973063235762
0.09523153040248741
0.09715874574190854
0.10579823383707862
0.07152804043762215
0.0951359978144929
0.07520142588378927
0.07983830911768423
0.08115511866210812
0.09197474628488161
0.09787064797549568
0.10734714779251285
0.09778155941771839
0.04472378004423351
0.05360783320983666
0.09543084580036515
0.12795071075542352
0.04057377643827547
0.061202588070790244
0.07745520098722189
0.07690093235397358
0.09110975389409882
0.06786036359241289
0.08608536180024261
0.09617894434325627
0.06454082773896237
0.09121332004962625
0.12430815850324842
0.07911119591421986
0.07632689477613505
0.06089483155867536
0.08217495507388686
0.10388987450791863
0.07412407544191493
0.11763534724854185
0.1332342244831642
0.0870731156573796
0.06812736094013636
0.0985313696214208
0.07349223522649868
0.09118346424153798
0.12005381382973358
0.07872747474027568
0.08728880858790104
0.09601915234626139
0.11227384952986202
0.07954382315704353
0.11810652141983065
0.0957602281156997
0.08788906428206272
0.08731628508395996
0.09588211787205288
0.05501130107180168
0.05209325389428251
0.06016973313458566
0.08673255349086671
0.06733783476219285
0.08012187840607769
0.07642167320360864
0.06913768185508301
0.10282975214543875
0.10715562532564137
0.08817037401779501
0.09380978144863505
0.10902633313712723
0.059320661049072104
0.0603332734969016
0.10299493470301593
0.12291151213150761
0.11721216356908634
0.07975205678935268
0.0692786032667589
0.11845556332678585
0.09635129856170187
0.0721437778296452
0.04581437249707329
0.09938604971762524
0.0782551360416109
0.09226139175237145
0.13887595445951859
0.09047479963038504
0.05773228296293803
0.10753640143761672
0.21686949523515933
0.08033982455295442
0.08002074592379926
0.06944644123960544
0.08321366858155811
0.053877131409152346
0.08083626268297484
0.06280535750844357
0.08811164468072293
0.07128917584706296
0.22955834503838266
0.07933566041638555
0.3157974245820616
0.06907816840085623
0.06090917554373616
0.178664851358071
0.32507544837814095
0.239335736622954
0.05699592253523497
0.0691868682897572
0.05909475296046707
0.2963178869044217
0.3559575871754597
0.27438634756645164
0.22725546006414035
0.3477395629984757
0.27826442426287784
0.2457016652664599
0.237031067065925
0.2469206196219423
0.10909119437101772
0.2041148059548931
0.10332843905852351
0.15556610064009907
0.3777874061888275
0.32837756108146143
0.2711693405079186
0.35506025932214524
0.3369006271703344
0.3311886988024891
0.32217191273391815
0.3680231964713805
0.3144015250692641
0.29933110542664576
0.3619273308162678
0.33741742187260854
0.33779427341393214
0.3130225450363172
0.3303712807005104
0.3287201697642023
0.412983944360316
0.3054270155761268
0.35620506462319407
0.35642599349713183
0.2750285958862265
0.33374906488387573
0.3829244079728109
0.3389923558869456
0.307845598333216
0.11057991132182036
0.317662005461441
0.2782672977072923
0.21751647996860854
0.2601534984565042
0.2536645623737722
0.08220572915157541
0.07420363645221253
0.10848043758338169
0.0819990474419268
0.07657533921988997
0.05642430151475624
0.08826822092520217
0.06490438701073371
0.0562423866379839
0.05768290476756535
0.12779008905277076
0.09191640050498126
0.12790417988825453
0.11846622165923157
0.08214197549035458
0.1271958798293104
0.04586260486085235
0.07135777070694038
0.07606507930763189
0.06850811947752547
0.10460961031675593
0.10496242169783872
0.09068595333736476
0.09546991485235212
0.0950653151082651
0.08688991589606078
0.09258928544690852
0.09196946593726155
0.08051266335191914
0.08587320560130256
0.07362609327970569
0.091838347344763
0.07429406424448921
0.12169048424881275
0.08378200620854381
0.11076112550326743
0.059305004166227464
0.0749193534822956
0.0661283799877676
0.07146534241632725
0.1122123003915675
0.09188811088169441
0.10145237445948173
0.09905092746019843
0.06248442396413328
0.04713552913701701
0.06788877282441295
0.10391696571808982
0.07490444073249213
0.084338502054278
0.07364308982957746
0.09415395003613355
0.05212764483400285
0.073980651086857
0.09324395292544124
0.06268302512934312
0.07750035516985394
0.08355873359121242
0.0551944094230816
0.10653780177637921
0.07198237262759849
0.06918644966694756
0.1187449875361564
0.05458778547125254
0.08824607604347087
0.06735603305810814
0.08357903407150086
0.06885168775165275
0.07590986355669818
0.10035628719009768
0.04975489725169202
0.08470211681890644
0.09622307832146194
0.06994814144025502
0.07475197034578793
0.04616537672540444
0.10602378414298289
0.1235388884739274
0.059830710587162744
0.10869994839422413
0.06295471459617069
0.0556681753786046
0.15859839542753087
0.05728731996039593
0.06170630329471929
0.10256761302165714
0.12463049547145401
0.08670780486007772
0.08643692845248876
0.07030296560099471
0.1555010787683023
0.0978184350276904
0.14491081539314427
0.09792666512166741
0.06583567098759875
0.10637457412174461
0.06694653445549005
0.06285167499211897
0.07936914618281687
0.08007944492507685
0.07101237546615592
0.06593926637324808
0.11679755508125998
0.08541785223932762
0.08165775655888675
0.07629577662914484
0.15762322607758353
0.08624926449028
0.081513375792837
0.11395992089969247
0.059710490790828415
0.08585144538869333
0.07334297485727534
0.11090423192437703
0.09343483139306813
0.13129570802003945
0.08105058473197889
0.05872878577320684
0.12235456825594601
0.11656832456849937
0.04255400368418066
0.08005037343293055
0.09331424096361333
0.09500153570149493
0.08328878020282982
0.08811246214142184
0.09637803871580358
0.1110658552723129
0.09014810936156786
0.0906652490598155
0.08834364622775029
0.09708972922593208
0.08554728739640811
0.10750757451296358
0.1311576370030353
0.08841407716361868
0.04454682777873529
0.08889427326181819
0.05665689467671743
0.08014562277974478
0.07165359207723908
0.09143048359014733
0.05991847413643682
0.11870915185781712
0.08696690431358678
0.083303102326108
0.06657020936187918
0.08114979736671424
0.13312439329717407
0.09230801354289743
0.08177113535594649
0.11128977878667431
0.07648415848194878
0.0788684197697027
0.0940575396706456
0.04029627074934421
0.057384807405953926
0.09296866464408782
0.09004275530382841
0.10908326796884792
0.1024181704308978
0.08425003232643713
0.06251837580561302
0.0877416274594452
0.07269423607359603
0.09436704481742855
0.12782062015222456
0.07203891314530887
0.07110871785948494
0.1234234287074345
0.11824678739239099
0.09060357083301772
0.08485200970338908
0.08370036924627723
0.06250155765200184
0.10247423766102624
0.07471282347703395
0.07367889140391344
0.06803289167161598
0.10407160842822352
0.0640479468424187
0.053622117409930344
0.1334660493437609
0.06202380622656253
0.09318743104510496
0.05833153947841831
0.08200612827055391
0.07579755457801526
0.04600630055075557
0.08601359233925726
0.13582609161361986
0.09764355544913952
0.08695216027630066
0.10975500538301197
0.08329531700724414
0.07575048678890493
0.05941592659308668
0.23826669048078938
0.25719563151097324
0.3534462451857061
0.24147834376852892
0.2876963352588933
0.03432754989811161
0.04741372554989028
0.02101343064558292
0.03581338749101211
0.02884358987681748
0.03676042851179064
0.029975018079067613
0.030677421686627862
0.02974537550710663
0.0231343853128878
0.019347440318749656
0.03275315516284443
0.025494977823700513
0.012131665639131992
0.03570301589133186
0.028727175152456062
0.032670930241030065
0.031674352181735047
0.027242718674106617
0.014761085716396023
0.03230142793770177
0.02215388869900799
0.02347519448259147
0.02339379664863172
0.01584243713663974
0.028371657238134843
0.028636126876675747
0.021393651546293337
0.01917276078330592
0.028881009659357755
0.015411720073591671
0.018457214621096937
0.02203486182805632
0.023355269006155338
0.0264683614483334
0.03198294087877516
0.031635358361894135
0.03164191134742226
0.02347649841846096
0.02335080619122809
0.022169032112788676
0.018195846030121463
0.026295365677152127
0.03196864571673995
0.023382351467383763
0.04661654755819574
0.017847825097865415
0.02734253549749067
0.043291811507305926
0.03201212487514719
0.028739690174236138
0.027330650021021665
0.02280302325036952
0.022158915346883475
0.021630224966316898
0.023927318661313167
0.027941214312831888
0.0155241121497218
0.019439817037390176
0.022750165848312166
0.027040608868641527
0.034467611802739107
0.02275689002610893
0.03377801780907623
0.027108769922542877
0.018486144934860328
0.02693693066460172
0.021556947769612887
0.02343233930054851
0.028882276251371502
0.023682917414987917
0.026769212006224202
0.014340655651814194
0.01804237155929504
0.022118220532017605
0.02556498843586118
0.01704792623294609
0.02450790255921264
0.02016856682809757
0.028291152377834698
0.02503814935420346
0.02008720234650398
0.04257048772829595
0.023476188392701807
0.013933539540311644
0.049139739054831016
0.01899186226353021
0.032010148104291695
0.02953364524916058
0.03451700527094911
0.03143119739352554
0.020928661894839405
0.0158598945486984
0.028204878513300058
0.018943895934306617
0.016963801240921648
0.023825574523288467
0.04095375549261344
0.020472197298349443
0.01372505459080319
0.03346524646460475
0.018792765213521443
0.02717273857535841
0.0164947821398989
0.023774917670877818
0.03210721698412236
0.026626842589377732
0.017432119046044227
0.025602674131538643
0.024666107712252937
0.01849933249897899
0.027133103691470904
0.02002986790737743
0.02779739578432241
0.024595707882239446
0.01696710981673718
0.027485007709892765
0.03419885188692984
0.01731162156385476
0.02126282103627067
0.017696207773730977
0.028349013142210173
0.0348179842400841
0.016785225292932023
0.03023439039881481
0.03394369017191658
0.032569713443749364
0.022927544141453107
0.019513237158615988
0.030616597792217492
0.03357644870220455
0.024161786729580418
0.028649550138401175
0.03792511846508703
0.034492652433089466
0.022849822681770313
0.0182829808683984
0.025012170525299672
0.03327885832597159
0.018144550210792997
0.02962098198962473
0.030342337658460554
0.017693714824660204
0.0351976921637976
0.021825975682324843
0.0359475233190064
0.03169472971272503
0.03425271431047459
0.03254397980987242
0.022723917235304023
0.019178450869602688
0.02246922947851099
0.03037918824777266
0.027389877626679913
0.019846918768963873
0.0225944138218004
0.030983089565308788
0.03628515939459641
0.010292589319952456
0.023924547289723156
0.03348941286737189
0.026023777555136098
0.028755236531588013
0.01703494903083898
0.020443063969639262
0.041211869874453314
0.021024705146915824
0.03763062123899086
0.017915316612899423
0.024331652034508603
0.027056525227578915
0.020669855579629644
0.022293581647435414
0.025203389440483004
0.03441431302329413
0.02457803967579783
0.025708803814533842
0.01977139604707427
0.03125030001360775
0.029635518575525762
0.03209521040202012
0.02668006264785174
0.03313742332689396
0.02892333815691497
0.020069112431729288
0.028828768240229435
0.023897737153597286
0.022195558294201605
0.01755468853940477
0.03431306457630791
0.0252736462169584
0.01966299850293094
0.02172061426802476
0.02072075002692386
0.028309877850217643
0.023638283648482587
0.040439876082103095
0.025347221638990253
0.02655820356662903
0.02753284856560281
0.009389384689913335
0.0233681357289134
0.02209232867930159
0.015474621519459797
0.04224103600604165
0.029272916507162385
0.023676301259943404
0.02551307954062962
0.02619190866729653
0.02659028359910667
0.025649085824245025
0.03419093894124529
0.0289776810588367
0.02375145825852161
0.0180780562984016
0.03434573044984673
0.029116128972654285
0.029020442817741063
0.015077183858057971
0.021494034172848606
0.022430509812937403
0.027108338949800796
0.015006003530463503
0.02405139886722838
0.023702099726026788
0.02632601758573337
0.02383592059704748
0.01826234414111886
0.025096595188199372
0.019421207735699508
0.02966981988704929
0.02341046044992364
0.021920583668645226
0.02757672524752546
0.027230263604713145
0.02723981710678249
0.015210747096006637
0.017651386386701943
0.01960929819476677
0.024463876534146858
0.021116431636135125
0.03768802321361675
0.023938303112909343
0.028786916420428788
0.024834070027753882
0.014860429561962719
0.026877881698687416
0.02471474688444934
0.025234532140824866
0.033475104057999035
0.02657517110901389
0.038207075849251884
0.031763492751746614
0.021885717133809976
0.02230720625780985
0.01738982798688056
0.023791544642960745
0.02384176905298299
0.024176044059746857
0.02430937008448338
0.014354328769464606
0.026272694976632205
0.018167538228065685
0.01567592987899445
0.01813313735484128
0.02260421981857051
0.028843044876434954
0.022114825702535926
0.03546305765812535
0.018009858263401828
0.02785426761018745
0.01845960152055478
0.02630679698974691
0.022221703454219942
0.02665119276115222
0.016227980972802893
0.025219939958385996
0.02145219683637663
0.016483536126254483
0.03269503802569295
0.03292655167258688
0.02996124154264364
0.023034766084280192
0.026909728348605468
0.03030955167399319
0.03226282227988818
0.03190558786891929
0.03839815254531453
0.027922390465377055
0.03650450285255747
0.03164277015441317
0.01771867485304859
0.02148088760759827
0.05010364638128415
0.021462439988757312
0.031155640324207104
0.03608281535952969
0.024492571588387156
0.013667530561960335
0.02892839797822768
0.016727340833934238
0.030925140352090746
0.02746916900385855
0.013516994302660155
0.02196602789210894
0.0316245892430112
0.03339290779991915
0.018039566348038036
0.015752543371526755
0.03366199392187574
0.031218212329086573
0.030366485047143205
0.034718841364958314
0.03299880670255232
0.033252868508748125
0.03276266400061938
0.025653170428418453
0.031881828079735886
0.02287896739123784
0.028794981277045432
0.03386530699676136
0.03458322440100898
0.028109356059915682
0.03394708462076904
0.029712882919109326
0.024765460976265887
0.03318547967615667
0.032170650081328474
0.02374604146143403
0.0196062997749226
0.02342706561395098
0.018855634214606065
0.028287930377181903
0.02516976054999393
0.03344505085611961
0.02658229336054212
0.023425833451371066
0.024654997616291568
0.013233787417553738
0.02582528031097003
0.03304382325739846
0.032144140602836206
0.031502046112659124
0.031854761229749944
0.019053159313726285
0.03100596579559667
0.013295044418111563
0.03491174096799002
0.01775351021302287
0.029986048952147484
0.03336257219124307
0.024980096186781132
0.012167017507270221
0.028963907652635727
0.03194471200427853
0.02547870497328131
0.038104223757521725
0.020005852322079014
0.016600428279805318
0.03429017096505228
0.018277243160913167
0.023189402690291936
0.012265724145339316
0.022593957940739987
0.016300942319213165
0.024965326673973737
0.0434344480498958
0.02204641792816236
0.021740287077311887
0.02924612171271318
0.03074718073639572
0.023442290446310052
0.021903750611267914
0.030533410969093438
0.024117448387476505
0.03262622309709688
0.0210356066345089
0.027020632620488188
0.024608312385890292
0.025364707254378067
0.016757629732366372
0.025463519153534436
0.023725456476256797
0.035987372054860786
0.014686734000845093
0.03211982652099921
0.021495764344973
0.027722303537537317
0.02278874708991822
0.021093415842305903
0.032241141316607276
0.022804751428871277
0.03229542222585365
0.04292598801266176
0.022374877096254558
0.025801616711432194
0.039714694799771216
0.02595168913693572
0.02517969736267822
0.026869962562144682
0.01339950681588302
0.023953861370244443
0.010423738406832337
0.027189869926125237
0.044745589804106985
0.03433161106976695
0.026239630978320293
0.03486209862327678
0.023554020486920464
0.036359925162141954
0.01839976381287971
0.029337542977442718
0.026763901430555685
0.03174873841586832
0.022862300608063834
0.01743654949981438
0.034744839983624626
0.03519887706930357
0.0357853126718594
0.014834456037538692
0.03635636613461565
0.02525107225050522
0.026937633199729676
0.027508717669955107
0.024433681906013534
0.02726062787754977
0.03820357251256594
0.027728158058926256
0.029878945366480194
0.023101009081892637
0.02520058379191488
0.029307863496075278
0.034419767815903064
0.03183299018300598
0.021066998369840953
0.023395805315318624
0.032466000627015185
0.040460493488803116
0.02189708991378332
0.023815712388458237
0.03176657869874797
0.02489300024953561
0.04064687911888253
0.027492986043086153
0.021051462611484537
0.027266360337670624
0.027318490761489705
0.02175723036494039
0.032853679967531864
0.026518696239629026
0.026395071022663957
0.021705695373223557
0.021098557927958846
0.022431679998847983
0.023023809593986956
0.032643480309521716
0.02569773994657792
0.026532179502333074
0.02002707796749873
0.01684303410658226
0.018914524411899832
0.030641204157229845
0.02465736910935659
0.029496178099161916
0.029809447741663345
0.029037886997473467
0.020312578272888685
0.03143747086549373
0.023021113390753814
0.019312950106356936
0.02058863291300312
0.020143487429954223
0.025595821836324525
0.01682378997298602
0.028867035494912725
0.028641459036039874
0.018765232429874767
0.028806500293840437
0.029545392551841704
0.02601006185718404
0.023388197127161392
0.025765517956140137
0.029270399702690488
0.017574201207636184
0.03432911648158379
0.027675650358720612
0.03234762353342341
0.021793433285681146
0.03179865405827139
0.014919586923720985
0.02864675540943102
0.020233499083265234
0.020902566067358224
0.02326956085070801
0.02905259470589629
0.02694221034761047
0.02259077101929497
0.02408602912522829
0.0258333494759665
0.03922450166115161
0.02095184429715834
0.034991439729875444
0.024968701210684976
0.026710970919491536
0.02746172750676423
0.028448876006135316
0.032769339102225715
0.018488223468146076
0.04048212444195863
0.028658716674823618
0.02650164107815824
0.01883652645596916
0.038499261782858486
0.0344017871141055
0.02821604836847247
0.01611432740735055
0.0311957698522098
0.021248178760164146
0.022483113998503015
0.02678404990990594
0.01502585006979677
0.027907778313096186
0.01984560757684535
0.02323257704937703
0.040268539028451955
0.029759317390276912
0.03732545312369064
0.02949561502057258
0.015887796431487033
0.027933136284873896
0.027582180564836998
0.023063367533815323
0.030870846514037445
0.031125191005615803
0.022676022823760366
0.02333093305384773
0.02552563217200577
0.026250793254692276
0.02707730877339617
0.024585469415544032
0.022254427336181062
0.016929613399090222
0.031048027797695794
0.02382520257647146
0.024433561821150973
0.02547146614767421
0.02644707169775571
0.027869862912775475
0.016412814771662586
0.02831618910779871
0.06411832057966235
0.02078959572698868
0.0189509373264007
0.021895019451763535
0.02427388993468717
0.031206417995270967
0.031749524633118996
0.029344879947170346
0.027972587435905222
0.017255881779321792
0.0345353922267457
0.025914361714937516
0.036808817135181214
0.028122225096636182
0.021469490714905264
0.026931509918430175
0.018328526097434968
0.030503654050611007
0.027917690850812017
0.033318481596305925
0.02825881206117977
0.026759449928409246
0.033873697645530935
0.02862171556886268
0.022855536569266515
0.023660821285766097
0.02520527398156271
0.029826289173306972
0.02597525272285171
0.04805243504807359
0.02791407456302164
0.022348691741877133
0.03167453268612167
0.020238626044149586
0.022897265680683992
0.03239207388708702
0.020395733429898148
0.026015027604798797
0.029464579711601296
0.021803395323984464
0.020882910720047623
0.026704580341980984
0.019575517087214212
0.021544999745358225
0.02472766388238586
0.02723307751193442
0.018858303911274393
0.020855729332843135
0.03798687489752722
0.01585960343575542
0.024879773577918256
0.02840846919508116
0.029440980582946738
0.022390803638608552
0.021408415956408564
0.02221980069195835
0.019238026368374333
0.02254582582837581
0.016566234054445267
0.027318239856392874
0.02502164299584164
0.029456029649018733
0.016836055603563174
0.021773380952202947
0.02357618367881432
0.034161846212630596
0.014221842883135126
0.01825677488069187
0.017044352111441462
0.02103888261665368
0.05709271241381838
0.016172726142480224
0.024334568692025355
0.03066001178064099
0.03938637193134412
0.05278425141189186
0.026166388626847475
0.01620544639035434
0.023338649984767264
0.016978385659307923
0.02195229924478162
0.026013802881158055
0.02004539843753776
0.033071701568113204
0.030174246420227157
0.025243873101330257
0.03519916722619742
0.03147495724019631
0.032627453381794895
0.020305693595747767
0.021739854480850716
0.023912610181260716
0.01908823934607974
0.015593427857746242
0.024112803678675732
0.02326139382303023
0.017107994294513627
0.021793092539462863
0.021813401292342466
0.019310803364799206
0.028710238235244597
0.022818655540263796
0.023053475427782973
0.02143131270630281
0.020644138880574342
0.01768483628629285
0.01965049832433892
0.015367860024992889
0.017682395643484335
0.025682526137444636
0.025920565881888392
0.03353717889275173
0.009357152205436814
0.024580283165833314
0.019434918753897676
0.029612973881595228
0.017148262572583572
0.034151836153993795
0.015001066410468902
0.019823345077647478
0.023754375374446874
0.027713603249636103
0.030071173736846053
0.01565601830481662
0.034846519670044505
0.02087305958368512
0.020068832296161222
0.023109661197730873
0.03457670303566581
0.024098850718264394
0.026354817782760342
0.019028206052120848
0.017850771986274355
0.03546828029493145
0.03431495181161349
0.012482546974356346
0.025619145720060844
0.01680013568865376
0.019648485812270678
0.027721196581985158
0.04442813406461471
0.034557427654467385
0.026090992684919694
0.02837089415868088
0.01826449033124046
0.0378526111864323
0.021467543773454834
0.016315662496236307
0.023382956229684868
0.01943948851489917
0.03195972452165445
0.024767347087936105
0.024350024471621417
0.03080157405170197
0.025990455996364775
0.027305187885200845
0.024607484894228992
0.0313583982100142
0.01598080366305866
0.022109038888865895
0.032438321004153545
0.03147566381360225
0.018100010234286836
0.021311413431250037
0.028017603915654582
0.03214510521161607
0.036451155523122954
0.03672032028844979
0.02289131017581557
0.02291473212855453
0.019658181242525913
0.011130863858668313
0.031539905821042595
0.02563681526616254
0.030866332916632738
0.034064703621782745
0.02679604805095571
0.02783508663330921
0.042774374203114356
0.014935875449216849
0.01401752289166403
0.028038671866046007
0.025756636936298045
0.030986157171945663
0.034859849613061926
0.018212628551711792
0.024228138578221457
0.014987804258615497
0.034051767308902595
0.021488341726183614
0.027606810837087156
0.028871997172857048
0.024800893374354472
0.027685052915436673
0.01747274402414959
0.029107584538972497
0.03395404931987669
0.019271317810757388
0.02377965207019089
0.01935650838857799
0.021085718707295704
0.01863566753505104
0.03386610896486077
0.02361021079331639
0.0307659224257061
0.023868096977724854
0.022417741813702718
0.02138044796141957
0.02619314206572894
0.016454461223985046
0.03617644029333129
0.01865948324803926
0.03443025491766654
0.024310260480153795
0.032510852092164755
0.0378992483012058
0.02414435510192913
0.02052599163649841
0.025359646832704925
0.02441773186397848
0.019268116693332452
0.02930227319692318
0.013197815069869924
0.021633149754001768
0.03033550635279062
0.029391159734756762
0.024833754101598778
0.027126389999511048
0.021286039561922078
0.02467054428504473
0.017324884110564924
0.0201103177404315
0.026309446655911242
0.015525393949392568
0.027494635791329682
0.035039479551255096
0.023831495598466233
0.03575527679824479
0.020339984333582316
0.022620159789200647
0.03246990111635582
0.02299527593429718
0.022695851392841655
0.021790906111292665
0.026794314565119184
0.029106875851693338
0.03613143364523863
0.02254751199282934
0.0204531759575291
0.028664820687857535
0.013632849799005751
0.043618851209290904
0.02227306590250438
0.03893212536995548
0.03264691962608272
0.026458533524117357
0.021468424984460024
0.026675567210134928
0.0225512136531507
0.03101745859039123
0.026040881115269487
0.011878214550357275
0.02903250157561917
0.01699896091975261
0.039480281522809156
0.01791226442030831
0.026914163869817043
0.025161444816565084
0.02307012607734314
0.03369728952588389
0.028281769496543555
0.038830877258088044
0.01928873879001212
0.03215441081317875
0.03306305168856952
0.0265133293995108
0.03301287658452088
0.016577659121858945
0.026832857947304053
0.04341854610171031
0.03133124967724397
0.023866869247116798
0.033893497610271155
0.029994618064364185
0.01608149212407258
0.027436858516120956
0.02565659726543703
0.01562601592859483
0.019803038090062168
0.03996408225857164
0.03106133708086886
0.034069760714266505
0.029868276079349533
0.02480369071935337
0.03300146222230247
0.01474709612855526
0.016814804034293477
0.01652601472682538
0.03292810138700824
0.02348268101150717
0.03787771999739131
0.01841293214154098
0.024450494669867595
0.02095229859977715
0.03479340284496506
0.026264831356941225
0.036120011847309515
0.03162234513609129
0.01857990999977555
0.017616118906473282
0.030430988437567048
0.023695101716035775
0.018571847446760534
0.027935726619312023
0.029247622079011184
0.02838580585448749
0.018850552292167862
0.03132968297894141
0.034501903159841744
0.02247142290824397
0.028665264969060442
0.02421592513992328
0.02862354666552148
0.018312542966074426
0.02145816473290578
0.017246259147203475
0.01824877300969924
0.013289903611593224
0.028400053137732834
0.020698125056888037
0.026027765799059542
0.023282254615143345
0.035184422294306975
0.02146349562168493
0.02179382766826985
0.03312357192901096
0.029235524485720126
0.031510306383867266
0.026433774029475367
0.01660629085981953
0.02823302493117061
0.05085278375588131
0.02130409120031789
0.02250190485221421
0.03325490848016924
0.020808616688870487
0.031220721969621886
0.0251041454559396
0.019504977912052756
0.018817171675274306
0.01827212017195403
0.017707391970494122
0.03337543751041634
0.02745278269413036
0.03572081472107972
0.024481380906381526
0.0350121088087039
0.017617362065500037
0.027855740310783805
0.029748194049990573
0.013270179635345937
0.027567549294256446
0.02113508494752811
0.01620813366228673
0.015237681852921823
0.030787963349475547
0.023633576990027664
0.024635251345953953
0.03302189003140388
0.02479415819288296
0.024210547451220126
0.020022584932027285
0.023743021044149357
0.03408944945899706
0.04085048906176887
0.02204339856642339
0.028095664840066883
0.03710185601066994
0.011284575040826403
0.030837231244662842
0.030443768521789264
0.02477075873306652
0.023982680630770137
0.01610164532789855
0.017289926109251976
0.021006384256068013
0.01873219420830138
0.029220495142396
0.034952861544766435
0.024815596766896993
0.03094217536750277
0.021049243566859797
0.034107308579458324
0.02166403584629439
0.027640604481501577
0.022460227707047715
0.01678268521271325
0.02792519449531711
0.022556000774041553
0.027466516887504896
0.014120707491093662
0.020078079166649433
0.024787671753143368
0.01890604940847313
0.038515477998258205
0.022121782676204692
0.017978587218168692
0.022730016400713506
0.04129328807948626
0.043283326037222805
0.016925913043991752
0.03079080771970546
0.030594061503014358
0.016442761272776416
0.02459260060045613
0.03854229963334116
0.025529376932646976
0.04491415752199042
0.015775358206977695
0.02507103607488598
0.023653880992888027
0.03178603279194524
0.024680888071250476
0.019716479938828975
0.015506603117512003
0.03345751691438491
0.020699339798699767
0.032087733615310934
0.02740037537962638
0.025424226866424454
0.027638660276015848
0.029428832426132017
0.03291058789762003
0.018407041739512364
0.019238990951715766
0.022656020409679362
0.02911937145417933
0.01734798148363252
0.036218061272211055
0.02048038213650265
0.01782640323224526
0.03743639832844765
0.030581743941732683
0.0429658455695509
0.022379359063993354
0.022990332507759014
0.028746758097284775
0.017706196052768623
0.02368987813416461
0.02101768892931266
0.023724510905358254
0.04829252502400766
0.028205557858398587
0.022322048363522435
0.02741116415510831
0.024939334523221786
0.03788311531635994
0.019767295074198808
0.027204114061131966
0.019638432212848313
0.023300360300790583
0.028574421976630668
0.020819797786130568
0.02938341751524292
0.0257311673469053
0.028217316700257403
0.024591943670027816
0.026882816461002195
0.023260561611604093
0.038184215520700907
0.03125372307130696
0.02916354124083073
0.027438590088493395
0.026203448541921543
0.03718398082775707
0.038680051527384365
0.014909578617593523
0.027988897771232153
0.020468705559180487
0.024076236919941738
0.034981323626096884
0.0243077203082868
0.027216066693019663
0.03380389386394932
0.02371398601840182
0.03718356398836454
0.03600952050542816
0.020570272115055528
0.021264701784922693
0.024997516783607975
0.035196544031742445
0.029969488501172876
0.02981194334345193
0.025355645129500767
0.029788979817412003
0.03248438691092626
0.02170088348493237
0.035822054663703
0.019697021253134304
0.025980885514194457
0.03190756195520107
0.02039310518635848
0.027128617797046072
0.016285777022943686
0.024670400476525814
0.023977584517604365
0.021087803802649314
0.030553606636260774
0.027112463540141938
0.024422516105028762
0.02894956594229824
0.022419637987850877
0.03175913546652896
0.03602238853121632
0.02619248086135916
0.029354432529325014
0.015756313674419934
0.018164103373092415
0.02945367476753641
0.0308904657186926
0.021836482663518578
0.026828380956305665
0.026172527441303238
0.04151326084378922
0.031874266748370704
0.03190680792376982
0.021242565723499432
0.01856505862377078
0.019820350441834753
0.02672075626642894
0.02476140495289028
0.021045586240439063
0.02929514153565046
0.032663991630917565
0.045788964974600666
0.027103061983177627
0.026250322897479906
0.035977169390039504
0.02513341284887657
0.011700883312727301
0.029576175893335752
0.04175621186545227
0.039263178530538935
0.02693884640592375
0.025213038161417657
0.02199089726847087
0.019507175899259075
0.02160588959100806
0.015735367253387464
0.036332835961204644
0.030768774005049883
0.016522687869888166
0.01784267855635315
0.014472170956706746
0.02664006409480706
0.025483206075906952
0.024268703540823985
0.035087116440092714
0.023649781875992044
0.013611603936831094
0.024862584941972955
0.02654357664159022
0.03217974889932332
0.03316917068889758
0.028763643496497442
0.024358773215052986
0.028006813729851778
0.020323113133844356
0.027350200910052455
0.0430045814855214
0.028373616294763686
0.02982036229522491
0.020849200078674076
0.029023861591053055
0.026886700699617006
0.018459976821291087
0.018583039811759006
0.027784650053367388
0.02506084230244331
0.028747951116987303
0.028576325269483564
0.02215183546433388
0.03533111660662506
0.029663263369992414
0.023828416389483534
0.029572590617969408
0.024558088802939103
0.02435837508403375
0.011780377507776644
0.03971431704875578
0.019530832333351643
0.02269882006197044
0.021689248167041923
0.024945288061729683
0.020338983759261006
0.027771346476366175
0.020724110229724344
0.02588417248176173
0.02222451159391346
0.01581961048545003
0.026420000917984885
0.032192471260243674
0.03246285384104808
0.016725948301842094
0.016956816086164485
0.020461519787282317
0.026143586293013908
0.02618319296927061
0.01642224949712262
0.026742340857932822
0.0332992186929586
0.01714172310436852
0.022066955341624957
0.038630206700164336
0.03009791876510796
0.027282421760638772
0.02260610696170812
0.023107554002080408
0.04527725480629755
0.018607827291743446
0.019128108291369798
0.028895529958878643
0.03431931907431923
0.020290896647766697
0.02665750983987149
0.028443710294975645
0.027122672573187144
0.03823851247071376
0.024624906990479298
0.022872794421714415
0.027196282212196974
0.030461378491119167
0.024534350014648293
0.026651116417260885
0.029903231227977414
0.026462890119260937
0.023143191752262142
0.022930352526208213
0.026483563200872806
0.032465986234603464
0.029919627664247255
0.03625519328341136
0.017874801174116075
0.01672516841351065
0.026213466329355308
0.02979103036622022
0.029256687109962716
0.030478061446985196
0.030622819587937198
0.02727874551975578
0.023578364612321347
0.03607278280696052
0.033482105087062064
0.019731122659828692
0.03915986943939186
0.04022586553853212
0.028509023944489665
0.01903846205759188
0.01095942441345682
0.02366137342112233
0.028149442996161383
0.018501682245251515
0.027999135861569813
0.018023648980740416
0.026688614895754276
0.024693711650779104
0.0282475541757235
0.03643268180298398
0.03518619520815002
0.022015625609565277
0.036776920527372046
0.028450635277400625
0.03129595964728898
0.02817993348819388
0.02074119458081775
0.027936952034652573
0.030796495926596345
0.02755180473827366
0.01993939587462181
0.04178472484370712
0.019118636564873847
0.02722856934103625
0.0221512790054367
0.021854970482393897
0.03738315546855335
0.021400481786657922
0.03056339601254481
0.017792415215405963
0.03222651405605019
0.04660785104152626
0.01985062440071984
0.03090639099056192
0.023055442140034292
0.028968200384445395
0.02828302333352997
0.016618346928579924
0.030223617094025813
0.0384494732744236
0.034859717426197735
0.030775558927985277
0.02124174732634514
0.03415137787500169
0.031982528384788655
0.029535497586258612
0.037119913349201096
0.04183981353713632
0.24011705197454716
0.03613538859862787
0.02224025014996845
0.023250180960156578
0.02232842962722465
0.01871437110262734
0.02034507975710059
0.03465355978204715
0.015203800752590127
0.018026342330512014
0.02230543217564983
0.024632515243661796
0.02424036243538614
0.03181926744230688
0.03033835246909696
0.03379828258321927
0.018724455992198154
0.028938187431283246
0.030373209667886897
0.02328686166484922
0.0094547397918133
0.03036348488104665
0.022717968364904834
0.024613268343750865
0.03291441212301409
0.038900763350739845
0.03258582891430279
0.025497420509908515
0.018830823858030952
0.026365015297356787
0.017545857967082246
0.029973308841603825
0.03486547519892859
0.02749507096111069
0.0327091920914508
0.02299264638878219
0.03658175873574588
0.027972545266420706
0.03534958063361482
0.03408087585605423
0.026207823862853873
0.018254936088204183
0.02226331562124945
0.024144686400090737
0.028921807341425472
0.04131061570438712
0.025620653069793997
0.025805798084237143
0.02278334369100086
0.03126449921142053
0.03249917274294633
0.0208422779430144
0.021441576638380394
0.024199834497062863
0.02040130015462243
0.02159664434391661
0.019915993063872837
0.01742201236471434
0.019497204425639122
0.014015610033400142
0.03853480098509999
0.013277126745821544
0.03425670474681515
0.027127049874311204
0.03179482235223141
0.025045138413349034
0.03857808582731483
0.0368883351235722
0.019311942078558842
0.028500517283753978
0.03616075460735132
0.031062110735520048
0.03193541505127037
0.02513415244765301
0.026255030757982523
0.031036709401498712
0.023632143947469868
0.024203592708835698
0.020873746822432322
0.0347851039906075
0.024057219616629624
0.030168613630894587
0.029690374608208343
0.02839053476781582
0.019736728070425907
0.04063152875439304
0.03618949156072012
0.02270159233297901
0.01905007946220358
0.023111275720077516
0.023265783879166082
0.03742376100884356
0.025761627690908572
0.029696059738980558
0.026099503738277862
0.03615302796853112
0.02525839986833798
0.022092633242753335
0.022760306517706937
0.02149249082104382
0.024281156466131645
0.03656672230405419
0.03591913511419021
0.033158386343675156
0.033806311119564156
0.017427189120092338
0.020232918553508686
0.02393812014808115
0.02656811197547573
0.02543560984307258
0.037507514983980986
0.0410790793548629
0.0199566270995227
0.022148765919147762
0.02744008516857905
0.030369536052758973
0.024735362769027037
0.03286495088448072
0.037508980077191584
0.01796036675994539
0.018929078557432054
0.017418760791973843
0.024932573159917204
0.025795762834300514
0.02980240010489657
0.02762055250421635
0.03241277818677168
0.01527984238026384
0.03715629656320482
0.027567516552593537
0.02766192680732803
0.03309486870073506
0.022725654943799193
0.03304419923095543
0.02099323118230037
0.026490372207590467
0.03589040682481669
0.025656672059420706
0.013855458275506096
0.03234579112459506
0.025434421881992426
0.03715491838816367
0.019224735101565325
0.027573237578417804
0.026260106683994422
0.02905280766786458
0.031652471525681763
0.02583924372382513
0.01879289794208311
0.019967932198315837
0.02725680188046111
0.03562650176140977
0.029140658599708973
0.025576280559130603
0.016227354810621736
0.02644557487402169
0.013753639814745295
0.02452123566853225
0.026229825213999247
0.02043989664445742
0.04116294785320765
0.049500198584473576
0.022956388578264406
0.022505636423151284
0.023952462070556443
0.022438429478359355
0.03430600689449377
0.034045778710369796
0.02455803977542644
0.04103935810655826
0.020183059681960457
0.020994851891279222
0.029634319787333448
0.030939540543684897
0.03019774014552237
0.024183246715247148
0.0459358126455925
0.032749564849822846
0.03663268536190293
0.022419901516206108
0.019844425999465867
0.027439314415898662
0.02610710689281106
0.022569751581295622
0.02211500304933151
0.020132883745577864
0.02346147123800054
0.022747775256307938
0.02618538957751608
0.029857795404099288
0.01872469667561903
0.02667015794955286
0.032222523226741046
0.01970821242873449
0.048017389157900756
0.022590081961957085
0.01927887940073913
0.025095657998830352
0.03645286446429364
0.03787368041949947
0.02407742797113322
0.024069424407309883
0.02979213858017266
0.03461345090283712
0.03784632393280637
0.019467166479492284
0.030035890868080298
0.03099749666839985
0.03171709608671818
0.0290228160829434
0.039000082339473684
0.025332383924511172
0.03571323260179952
0.03281911124586118
0.02624595510551426
0.020469057498617608
0.0212472606578814
0.03077483201215764
0.030028085434336518
0.032855815373727455
0.03268397276026076
0.02172670656768891
0.029657224283842307
0.02339379316771423
0.02914439260189965
0.02777969804453553
0.02842756461052154
0.04263462299026251
0.04084018473321846
0.026671223596566433
0.02724094776322094
0.01927578786401848
0.029134352458478723
0.01783622433962492
0.02410461073280039
0.03726484264505252
0.021480436385267063
0.021231818280174
0.02597828121616034
0.0219373830395806
0.020631465332626376
0.022367886896504555
0.015983899381450145
0.026643038953272958
0.033145494172272506
0.02597057151718685
0.039373398729124265
0.020702136736080463
0.02436389195848737
0.021189855044441052
0.01771268845936769
0.0283523969084749
0.02201409551389901
0.021644474656003564
0.02672968581480313
0.03425942103451708
0.029783498324834234
0.019027800735530006
0.022627243725025004
0.02882082657534336
0.02980458985630313
0.016390797442930233
0.013696984817995363
0.03371161151726073
0.02263661977645525
0.01995606118543086
0.01790942959232692
0.03597382014771265
0.0358488590435174
0.03054231327000589
0.02160353708043527
0.03857905333036677
0.03508479135420531
0.04986540506728761
0.025906181413379553
0.02673461667815352
0.017486857420210406
0.027727831207088757
0.026432455990047295
0.028204491335836905
0.022291344911201185
0.03733868090834721
0.01949475782378003
0.039324629743174105
0.017260558184212262
0.02681039637742906
0.028670176439664043
0.025065693813449447
0.024991677178753165
0.02104070587596687
0.022748918024023162
0.024704592208028755
0.08840410375778132
0.02160000498409815
0.03544106475292702
0.025404081046623863
0.022759827872562654
0.021589062865643258
0.04117349258573458
0.020982827853848005
0.03915295435425824
0.03504938306437455
0.027719781816425402
0.02673908510534893
0.014399293691199872
0.022101971149388857
0.026211131444066817
0.022003142098830742
0.0427942553114955
0.035373931200215564
0.0115371937879279
0.02281821039870298
0.0614074747636985
0.028116144842360066
0.04224863284420383
0.040748440463336665
0.025798391025238846
0.032295057735994684
0.029139468877957292
0.031504635514372686
0.03725358189696429
0.02145239560714289
0.02013907671098192
0.023132463679964292
0.03916273848244824
0.01848640437400798
0.026723457467326454
0.02488583271469647
0.021501877025835236
0.03557907172601404
0.030748370995893913
0.029258824260369562
0.028888342189076915
0.019834484909813207
0.03261078051006774
0.021438167834000935
0.02507559266416903
0.03010259961173859
0.025524709807076044
0.022107834713403364
0.025047687292461516
0.04280463680017762
0.02173627321107292
0.023878763134388886
0.029294040520154517
0.024066265824576098
0.028003878856435932
0.024746582453343338
0.02041013282246975
0.021195956135836684
0.02995232213665239
0.02063609032540857
0.019934965852232985
0.0412733086094703
0.024203016621719035
0.01810773468490964
0.031053031218413393
0.019433174391143046
0.0272676856098903
0.021278763812901426
0.022816459324106926
0.021613915135288604
0.015510502029657541
0.018230356479417557
0.023275875055202126
0.01938315188791802
0.025937353774013697
0.027915853717969934
0.021240566979857472
0.023009455730638437
0.02160575160869429
0.02862058624550964
0.029796656642701123
0.01580312445008428
0.01681366250958453
0.016801439563574834
0.022418877048635977
0.031447362988749374
0.018628627560517565
0.02453066593416278
0.019939558167239968
0.016332313522282222
0.036600253247047895
0.03500388924287958
0.04171108645763711
0.025677096666271774
0.02366730225062387
0.01243373527660491
0.020276477280615768
0.03514573020775729
0.038497653602126244
0.036773506200191465
0.030669442189662024
0.02482170547744981
0.01603061611869934
0.027269733464902694
0.03293136994420943
0.024063929063235227
0.010273465522312595
0.035953620606218845
0.018443013524442015
0.03997313052983706
0.040872897110695985
0.02248584551486649
0.027924668174406763
0.01755809517182088
0.024718979101240334
0.04125428807824373
0.049759971959346304
0.036065924689212804
0.018989486294983208
0.035575173389375374
0.026385812784646603
0.04036205310967113
0.025199820739375347
0.0335625899695662
0.024925035506286317
0.030742690198498537
0.02187339726274279
0.03902751641883968
0.02878036909733972
0.02578413028477493
0.01659183165780682
0.04182140751480144
0.023299791401746085
0.0304022752096881
0.31163299652906973
0.024811520752644266
0.026700828020797835
0.03760952858621637
0.036182581278857644
0.040453506350875565
0.03860569705538868
0.01910732868614878
0.03584119723208821
0.043561610167467096
0.029114525382120292
0.026597845634243916
0.03269959276970184
0.03632859805891022
0.03409048828929948
0.04623072028899653
0.015383300673166242
0.028118412885905403
0.03175676761604167
0.021696679110611135
0.04000284656157414
0.019963368019677644
0.019483519945922064
0.01359728165124683
0.021683172148125474
0.028156217532157773
0.013328758449819348
0.029349294056829518
0.03206726185356446
0.033035637898796315
0.02831406734079099
0.030073166420254406
0.027656166069027453
0.023275107506533197
0.04048061332360796
0.029689965616770276
0.02678441549251359
0.028984468447687425
0.03144938354956437
0.031357469987000654
0.030506491982329808
0.03240169017042834
0.03758313423089492
0.020474947035336227
0.036219337783757785
0.021163888706253874
0.07234979641279357
0.02511107501922854
0.03027583283830131
0.040119320045003966
0.02125614011712431
0.030355598117977948
0.019740167921487795
0.022365578454956316
0.021209585317216995
0.28064640404295504
0.0301397257563988
0.02164402138723906
0.025142625174010506
0.031840200550080765
0.026357484723888467
0.027147352532728847
0.01566306963134519
0.03549342945344365
0.016542467410391334
0.03002650468250033
0.02852581213448109
0.021204630179103148
0.019954880569165324
0.020858083276850504
0.02268467025777486
0.024473969973161657
0.024813824345678744
0.02466902750965815
0.033277009749882604
0.02893942947400156
0.02941499799269514
0.028284202017600856
0.02543257230852713
0.026186722340985593
0.019215218580485943
0.03197159725871906
0.025719067066449455
0.019681498233645876
0.02541900836201424
0.02413719939854174
0.032202352401009014
0.020202528453804488
0.02745140911973152
0.021696675677442972
0.033131002077365135
0.02142353383891988
0.022555349337802885
0.0402912338706604
0.01965149551250168
0.03523280097403664
0.035088708697819194
0.02737479834887825
0.03539564180768635
0.02649653191764707
0.0336136089319271
0.030176654563633856
0.03592463322412601
0.02688380316200632
0.3027691757294433
0.03625039055919263
0.027622572956953965
0.020823186695930775
0.021173285409796946
0.02252936680492041
0.03483232074721114
0.028853228934106398
0.032645638967003066
0.018786234072520495
0.02766513817950534
0.020274403095022046
0.0357192812600253
0.028237421365435545
0.02330637948436003
0.030979582473722643
0.026677182751816905
0.02079653866946864
0.03139451713375021
0.02526259036528583
0.025398807185313902
0.023001828039069423
0.020653209800173298
0.02152521635952121
0.044397579558888386
0.02244302737284351
0.02700248270328443
0.04147453244272906
0.02008113827561388
0.03447987980419568
0.04050494032889363
0.026254734156999866
0.03292021260576821
0.029263341844048957
0.019001089207083516
0.027501268438094043
0.03681460569936341
0.029219187422313594
0.03719012213918204
0.023921142180659265
0.02787146068695448
0.01979899764293096
0.03189180143508591
0.034697479043632844
0.02583081557592282
0.028624481415631634
0.027603210020989487
0.049469368584149694
0.020203920399608746
0.04268053841824727
0.028377745510331426
0.02233899876980413
0.04145477518993245
0.024534528923552797
0.032790190962252316
0.03487795564055014
0.03172680237990913
0.030729414450371334
0.026562624883817686
0.022966547247767508
0.027708971028274645
0.2871615495356722
0.0401227091448891
0.029028783870489468
0.028800864006930847
0.019842417274929507
0.02148513608404978
0.027505320369299632
0.039344618355221773
0.036009970843488955
0.023174947228796355
0.028093160344402044
0.02376005130816933
0.026615477112318122
0.03197378329684853
0.018352722226147953
0.027126572378749433
0.031290075333462085
0.08874143896981154
0.02863815285295517
0.03104719498113774
0.016989600760998307
0.022857808986433324
0.022526939045002924
0.03558808693121466
0.03171067061292841
0.02708112417546864
0.033804002243968456
0.03374149930994237
0.020835555187530354
0.025901304672496364
0.03538757471876048
0.0249186081982401
0.019336239134147025
0.03351315155920048
0.021602610813722004
0.018600289546454114
0.036453279130463694
0.023471274787892762
0.030511043304234854
0.02376526859713161
0.03913417576802271
0.0232574628569473
0.025995329370556233
0.039286396136249305
0.04302732535559118
0.03622272599397403
0.04128912924002948
0.02889573629083848
0.2695935880888066
0.042422285669762555
0.030049970872504432
0.03192629389847685
0.027775599920262063
0.028440125849502135
0.01795411797765174
0.022622004113555427
0.0286482021878999
0.0293376205463628
0.02581915895422303
0.026488748282264114
0.037663338783973696
0.024255541807377004
0.04733088416204518
0.027710466635438018
0.029032341590985944
0.027949921642548364
0.07808456203179266
0.02554287776740473
0.021061306386779013
0.028989957620482974
0.018864660399739924
0.03152086859582178
0.026324100840213138
0.030075880465956658
0.026170151752019602
0.02310552131246892
0.021531344975358704
0.032125144405322104
0.023575109270554458
0.03865488959306948
0.037087500932353856
0.03348840984378743
0.030031820096071617
0.03439374423341597
0.03479393338731878
0.0157583503401053
0.25204872626363034
0.022054657144885404
0.040632453232067996
0.03777782716725132
0.02807516204124868
0.2834652059477557
0.0430160713895224
0.046728916332860984
0.024963682452065226
0.024655206955754308
0.01672583947160554
0.02060259020465927
0.03555192931487796
0.01981373840497947
0.035038627166621775
0.02808378683961803
0.03855562294682667
0.026527214825770237
0.03528043334241716
0.030737945661784245
0.051249052714641495
0.03097887582726193
0.013011637822403234
0.04256826162922816
0.03388650056022075
0.039317152853673897
0.025727973430756536
0.014563666851790932
0.03981663049878988
0.03227381201974642
0.02437944386270918
0.027020805602422048
0.03152833516357084
0.02029704203251776
0.037181835055026424
0.021288501560997892
0.029824685493829994
0.04289109246697755
0.03908154196146556
0.0351495400890858
0.02828867583926203
0.02861461053881744
0.02362190996177506
0.027461404936176333
0.03204899277384478
0.018057218027176268
0.04070507561682298
0.01906895535803584
0.0466051469505602
0.18406931451999253
0.031004052070597247
0.032689206312262346
0.02714863201986876
0.025979747940908952
0.032911551326151776
0.027799470162586108
0.021271748671930334
0.03475965023511464
0.036153847887212966
0.03172094627656356
0.03517440202389133
0.03720248767708048
0.03071998165974997
0.024357853936486647
0.03490315866222225
0.2791970255832645
0.025682480830638496
0.021145079068040928
0.019644540080326463
0.027032464365753236
0.02777379556992462
0.028793562928094093
0.019712223502843226
0.09344299694857852
0.027741533351813178
0.15237621829351142
0.036878636324049266
0.019502409123890296
0.041514740121153706
0.022776137135329243
0.02646413679826295
0.02505079162760349
0.030154217524408222
0.05738358216288925
0.022865607612485222
0.028096437354829834
0.04025744320878469
0.03312701031622698
0.041897391253665164
0.0293012724729738
0.027970879480999567
0.027367508264788603
0.01713405968537642
0.024009870344009636
0.13928848232335847
0.026647279870361328
0.03957431350189113
0.02549132507470543
0.0156613988332237
0.0390897042951977
0.03235851775228273
0.020415181840296857
0.021538575399219224
0.012041151794931291
0.024501485591363992
0.0556445783352393
0.035156342558682226
0.03138282349913357
0.027186727570416538
0.03047062639461558
0.0313269855992119
0.04226995016215185
0.02335967483590568
0.022370291206516353
0.046042615478876524
0.027477964306466866
0.04832898075420336
0.02868814984384112
0.03364811928215891
0.021352493168063987
0.16669000509400753
0.026094182162638438
0.02003943425459009
0.0273244837720798
0.033784629550592006
0.028923569742888167
0.0277676536299098
0.03862608391441834
0.02963687717472674
0.05162811959264266
0.0381131824495738
0.0383756943947954
0.04202333690948588
0.03200490013393066
0.01483854860147781
0.03190298868496315
0.043423801640650864
0.025906669453150115
0.026882978929501127
0.03406997522226017
0.02780018848762057
0.01936307478162264
0.024312610066338537
0.02115676088936335
0.024932956636374765
0.017741974319326455
0.038396416333907966
0.04796169978754782
0.0342291921209303
0.03648589123785545
0.26426183150319055
0.021223609640901947
0.05521079956398465
0.023765550871531153
0.023660475766293786
0.01970892389036883
0.02911109953640142
0.03820506464445656
0.04078035605854971
0.031049037001330753
0.040890173691485635
0.019447920024817825
0.019336666663157403
0.036297253211589456
0.03460571900020045
0.028569902575472556
0.027601873942977903
0.03293076799084987
0.04058516907161409
0.03652162776942344
0.31505627002679365
0.052523781857937685
0.23313435336919078
0.1600929903273542
0.22379885374208414
0.0429698188581232
0.2832824868630675
0.036265741046233035
0.044782366053819425
0.27664354609147657
0.3416660501238935
0.2563966308406428
0.035024520508572264
0.03649761132388529
0.04567171186396295
0.028862631777153
0.039731758936493694
0.05919991573042213
0.06950312618511643
0.04279950858601846
0.23913710549682626
0.025586032663923022
0.03180780859078001
0.029521403299987283
0.030018497465482782
0.039087477509289696
0.032048433019296683
0.25984596092526996
0.26589394808314076
0.03622599027214253
0.02667949149834704
0.042769182275855785
0.04321831461391041
0.030999505059743745
0.24369491637496085
0.01071772894809459
0.26661511489836365
0.27253502757760373
0.0898463029692726
0.037051014074264574
0.036395360704192796
0.04397974774783133
0.04055073189450486
0.03451628210699894
0.06850697489400893
0.031851642310141697
0.251058666424083
0.04469275303863603
0.20890064855488688
0.04583526761008224
0.37561524045920547
0.3163471916022088
0.36330957636253397
0.33039414936926004
0.32269638301770964
0.18104194365559712
0.3303033805713665
0.28911869494048614
0.2195226155128228
0.07730922696857112
0.09920885121442476
0.0651246109701258
0.07295336587217881
0.08333823003636115
0.08747446590421207
0.06324515658355298
0.08073754455528998
0.1085635875047084
0.08981184551312214
0.09778112642070326
0.0913798058463484
0.1248295869263385
0.08448482025712195
0.07091742321898906
0.07621826299357501
0.11057186961709929
0.11897446377544664
0.10362186020628732
0.1077284919559577
0.08474246789044547
0.07205586201746735
0.07896130415861055
0.06521141565113103
0.05587867535375021
0.07269237545657499
0.1037593026190449
0.08188557368624078
0.06782835331349057
0.07494902387278321
0.1071093006440148
0.08084068499975545
0.11310774675473986
0.06763425522796342
0.09018267397067004
0.11229458349384652
0.07686318970016894
0.12869277369675855
0.07152755808718704
0.07139234278539067
0.09819334905495086
0.09789254474465094
0.10343472151819849
0.08406414647112194
0.12729550952263924
0.1015686774832852
0.11044355139681772
0.06802563946024909
0.07679696249629132
0.08386623757648787
0.14276032282407639
0.09579921086417414
0.10360985656093018
0.0941484405430581
0.10538395980481272
0.06952245527565772
0.06806973042130361
0.09682327097251901
0.10007500540339978
0.052317735789774486
0.07379985858568046
0.07359784385992717
0.11696380169040047
0.08205527831943125
0.05453208030971767
0.07970378835007114
0.10637698701375804
0.062506723635836
0.07589396653083523
0.09631382402469882
0.09659132912023213
0.09403161904673793
0.12803043192964886
0.09343188629717888
0.07209257146818776
0.09765281159956898
0.13437743615860198
0.049187484277826425
0.09250513945069415
0.14063504762698242
0.089229124279987
0.058827439497202816
0.10411640121044981
0.06473717998312495
0.06884379601689336
0.07704940256375906
0.12317482707124806
0.10574211559576598
0.10000653878801864
0.09283133878481055
0.09942423077421732
0.08149594877502789
0.08771161624860606
0.10446941198169975
0.08648898434468485
0.09881661706763423
0.05735227578252636
0.18199358958218742
0.10766973631684475
0.10455904532395065
0.0924724744838605
0.0732999747055039
0.08664162835094924
0.10829021616056035
0.06369718202291443
0.10659802075226023
0.08782971650836544
0.1267597040617336
0.08251152637408807
0.08590874489139487
0.09350214712668656
0.10185215944335346
0.1072000369103356
0.03300532669992724
0.11331535556108122
0.06768324850044373
0.09091674615220648
0.099530073983751
0.054632605472560825
0.09186980392792797
0.046718633703149694
0.12455622190252241
0.10843367473789828
0.0962588271950654
0.22814654578767524
0.09217221835385482
0.0773986229079113
0.09151184892171407
0.09811932429295414
0.07319802380894817
0.08458709420986223
0.07322989416448199
0.07756003885595016
0.05101849622115476
0.0747459219424263
0.09587573030371747
0.07818697845391712
0.2205051943455517
0.3060285296214993
0.04994227776407021
0.06915826827044783
0.08806399416555419
0.07744238325058425
0.2501316842401501
0.2614417029407228
0.27461622024925636
0.05711065400779837
0.08542853677458939
0.0702652414359621
0.044176771985237714
0.07292457359173143
0.11450459830186935
0.08443669062168621
0.08859833681221296
0.2478043465968957
0.12810392470904797
0.10425363357323175
0.36570191669513374
0.10438371459799387
0.24320001710160882
0.18225548330532437
0.08239090607503131
0.06993112477404122
0.09180427903598892
0.23193758866762357
0.22189466782441275
0.0792484454128547
0.23294274658593844
0.10986482398036816
0.24253265611191382
0.07885946425000058
0.051276239361450204
0.06208705299705777
0.09162930213570462
0.2483325249998678
0.2888716202838875
0.23209902792696813
0.25583971501948827
0.06818698824962192
0.06915858382227794
0.07255812353254934
0.09311519176789064
0.033895158968012436
0.1184938395431151
0.10730148884931232
0.05108215609424266
0.1500463785829335
0.08390098000441441
0.2456303744651495
0.2601146948223828
0.0636417417746542
0.10192807950963807
0.08115644960689392
0.09262342800701655
0.2301678658878494
0.09719563775994317
0.07147728255955639
0.12215111606794676
0.28470960159141023
0.1042329689318171
0.09057853727699972
0.2672258672424157
0.03365264522198799
0.20665835479976435
0.0652574786401661
0.22388114720916039
0.1666754966278369
0.2642061369034744
0.1302739237888344
0.09551905341730663
0.057389030214603266
0.11041025247211268
0.0832400665369598
0.05733507055010809
0.05943023676699647
0.08406188145777196
0.059136213536157146
0.08012319439115147
0.05462506562631394
0.06231673521577166
0.06133178373942071
0.088659991033164
0.06785769872586538
0.11190734396151228
0.08604960788160164
0.055458854759056805
0.06575569727365128
0.09718064850211451
0.1393718200025436
0.0874663625827461
0.10818900644971534
0.06405390579824961
0.1091951476810038
0.15657474020708698
0.09770756874562914
0.12841435209119856
0.11437302888088145
0.11728812520634392
0.07871735149001712
0.08529089423994524
0.07730174227218856
0.14959566836240934
0.09286146795090268
0.12194741694744632
0.07621452497616711
0.059847413961819765
0.07549867146765218
0.09030501374256118
0.06475911129325547
0.13289746129559013
0.11023479156027388
0.09520104101449424
0.09586137448480823
0.13166101732515445
0.05633076295484311
0.08736642707018147
