-5.484599583334998
-5.4901472790492925
-5.475082039110369
-5.4814193261134045
-5.469131236609292
-5.480433695545367
-5.482153143229457
-5.484034033693911
-5.4740369023257065
-5.479734737755615
-5.466427652455035
-5.459020740438734
-5.47736152643426
-5.479771562745955
-5.4884596426464825
-5.483389098360336
-5.475686447499922
-5.470074174052829
-5.472255885323191
-5.4809939929815705
-5.488314611961502
-5.4851680036560575
-5.482574614096936
-5.477251916197158
-5.468178260435134
-5.47839593797706
-5.478042316485009
-5.479421411763907
-5.488697296469623
-5.503503812118889
-5.489949407676885
-5.4794643570819765
-5.473386099878527
-5.4741098278565445
-5.479447238278202
-5.482743187446912
-5.481214157163363
-5.480318925372572
-5.491052458091087
-5.48864803387129
-5.481480496963084
-5.478304489630797
-5.479856281981997
-5.467803453414833
-5.488235954390494
-5.4758592950048675
-5.467311229188932
-5.4871099656910935
-5.476976027396934
-5.4858347650105515
-5.49562682497508
-5.492827599116861
-5.484193705093077
-5.487111944332904
-5.4723438687053
-5.506271532498559
-5.484953839036911
-5.492384152086682
-5.475497314241347
-5.479834303785728
-5.4761237972475385
-5.504512863005612
-5.477637496868813
-5.487505654155882
-5.487112716245658
-5.486404907382945
-5.4836268819138185
-5.519000735375343
-5.489927025441311
-5.4975356495133445
-5.496707854920236
-5.504639067754315
-5.511613671055678
-5.505272392658645
-5.527070150773846
-5.534923196249509
-5.54366687196218
-5.5324041827792545
-5.551770577300243
-5.5530274858929545
-5.6035380701832445
-5.538041664669388
-5.525504085369218
-5.534926195960138
-5.567241717445388
-5.561521824980195
-5.621976771703661
-5.597812528679811
-5.564291640647121
-5.615575337187621
-5.592060763391261
-5.6925116162451594
-5.5970971503872455
-5.5740688315657465
-5.69260245991514
-5.698645477802048
-5.7832767304200985
-5.824373192046645
-5.851038053930863
-5.86430912656507
-5.823440909247042
-5.89476018239779
-5.857560857308204
-5.861385397133002
-6.013984655290294
-5.929568499318557
-5.8883469627024185
-5.867036770064852
-5.842107322292112
-5.978697274189006
-5.983903435573382
-6.014486611883015
-5.97076806150606
-6.006768218992384
-5.946054612526034
-6.01870387354091
-5.989320478483332
-6.017929545781396
-5.98003475831161
-6.002086256099027
-6.0173337783945335
-5.975629953617965
-6.01977005250551
-5.984716101383821
-6.042063577714992
-6.0292434247069835
-6.028799670697649
-6.04261151108758
-6.055477571416304
-6.048178954792817
-6.021776620127347
-6.0693219747319045
-6.08325967298137
-6.024505726630402
-6.084646438107794
-6.110320523518109
-6.061407476702245
-5.997916211914815
-5.975907792204911
-6.028282722304064
-6.069250673305931
-5.8172296755255894
-5.743074631232055
-5.900407778580703
-5.763366761893494
-5.6376580598488
-5.557512919833703
-5.535961092016947
-5.620132222251446
-5.794720019001615
-5.653766428123254
-5.604181065975858
-5.666598000680458
-5.637408960720128
-5.545395775404642
-5.549354130608113
-5.518166603713212
-5.5250855615622445
-5.515390426580297
-5.5363967206604405
-5.505672624657805
-5.524735307982796
-5.57940390647849
-5.571311111668251
-5.593129029926494
-5.525367759919487
-5.594378082632254
-5.505786884688288
-5.52121029275048
-5.513582612862106
-5.541892067808641
-5.5116543182070235
-5.517809353362196
-5.507160713240079
-5.517292411270178
-5.596229049976911
-5.516766130338404
-5.506632424971567
-5.54980154435323
-5.567712709194714
-5.502550355736872
-5.510196162190226
-5.505848361156819
-5.499658742591802
-5.518391856282555
-5.515056583333469
-5.509439714115327
-5.534265401395558
-5.5863534660621745
-5.587196051329963
-5.503804949236955
-5.519546921373774
-5.541884309144921
-5.607164849014081
-5.506565648003305
-5.603404449933596
-5.528879411428671
-5.581760734241087
-5.552301540772076
-5.535304902931069
-5.532471500486821
-5.649630181443134
-5.508006158966952
-5.570276777286051
-5.5246980139207835
-5.60353330874026
-5.543993285824489
-5.5639361670721135
-5.699555975438627
-5.587310976075845
-5.786162305212809
-5.872450737779842
-5.6370821074374975
-5.750311007132524
-5.8142144535255635
-5.892799540875474
-5.859386595292815
-5.713184238740202
-5.898659144011553
-5.90449649401922
-5.937298199897712
-6.039302359714035
-5.95116990592816
-6.033967934583163
-5.8842541755972855
-5.990970357163727
-5.940959898445087
-5.864671693356402
-5.964902400640124
-5.889599444460123
-6.079024253274341
-5.969768862341735
-6.041718324525916
-6.030464475716816
-5.99918016472208
-5.991554508915197
-6.086439437102246
-6.048435816423484
-6.022491771240875
-6.0571770899555
-6.071928737453028
-6.018469599966469
-6.017339715908374
-6.0761965152456625
-6.055086436939269
-6.014671340302524
-6.040580238186493
-6.053553712984939
-6.029660923907708
-5.955387737276429
-5.909904397182509
-5.777849443247982
-5.769272550847803
-5.8632989107742
-5.866938000235584
-5.770454238074415
-5.830968150772925
-5.790801637610905
-5.590755385316156
-5.560117061932344
-5.742347725500369
-5.731300302643544
-5.701547567908074
-5.645362206472132
-5.680434601399606
-5.805571974521623
-5.731684236407909
-5.7811653586697815
-5.825748620372636
-5.646594874717774
-5.7854821082493855
-5.789575804565853
-5.653420964902408
-5.983700153090444
-5.639591235216651
-5.824444279982977
-5.695321880561025
-5.6880558910366315
-5.991783977723031
-5.983468420610301
-5.848519820364763
-5.9448229226495135
-5.877316279251431
-6.050476548408553
-6.051976222118361
-6.060497701442455
-5.9755059565082576
-5.940385064841042
-6.119832918735785
-6.057902209185625
-6.024408465646257
-6.019304516890351
-6.101137595119592
-6.105113687669323
-6.057044482886857
-6.07347192430543
-6.101362329136393
-6.043846490213147
-6.049560279982546
-6.059294861593373
-5.986117977836496
-6.082356577693113
-6.037037042835046
-6.11070951351685
-6.114302050955856
-6.070549540738247
-6.083721184642927
-6.051351494655904
-6.0734759879853755
-6.072273600959836
-6.0343836533148885
-6.04698809182642
-5.99877390932636
-6.064090076284198
-6.055065378789938
-6.003931211431539
-6.072790418979605
-6.056474087681194
-6.1137060045877725
-6.048196512111238
-6.0327864046018576
-6.0942615158535745
-6.04986195783405
-6.053100205739347
-6.081656783805414
-6.014158456278352
-6.030265105098989
-6.081361551185909
-6.065076107925273
-6.061881189453468
-6.052998063865749
-6.125288304597573
-6.075804944099579
-6.080937361860966
-6.108666859267333
-6.150437783372706
-6.007802233704405
-5.8359451501900255
-5.805270129242206
-5.888028124407704
-5.755428340819352
-5.606499778529062
-5.687306911923801
-5.612044481461435
-5.496541191695736
-5.5979442749145
-5.60583520063205
-5.595554072034513
-5.585185363856965
-5.5222750849032245
-5.57161559297743
-5.4882073738695
-5.532294438444313
-5.504953997584729
-5.592586691333588
-5.513877675740126
-5.503886299436218
-5.507118709384539
-5.51147773953457
-5.491889019730828
-5.500461839488007
-5.517676829911341
-5.494299882559897
-5.517317066423153
-5.5027487504640265
-5.531249218743131
-5.498067524757848
-5.488358047883935
-5.5266552771818995
-5.502910449940854
-5.506719170275197
-5.514095151352395
-5.489531175949595
-5.500762293535966
-5.4838614726973915
-5.4974345212510425
-5.524871900923546
-5.490078344734504
-5.4911793180266875
-5.486541367768821
-5.488173344188272
-5.507935416898272
-5.49396851571295
-5.492457368088955
-5.492578709506867
-5.493055898536189
-5.496357666010826
-5.511549876335709
-5.49549183848829
-5.5166041624198
-5.5165028745796505
-5.505319813105702
-5.4951154261428385
-5.511171913561835
-5.489707536430057
-5.500499274419635
-5.508527151371779
-5.502661087367688
-5.490942219870904
-5.520031303029478
-5.508897409753008
-5.523191104334121
-5.5140148581514214
-5.487692618504802
-5.50579313818221
-5.513489433346755
-5.5101452951389165
-5.506233107812676
-5.52187779831151
-5.529382567838312
-5.523730625802159
-5.505059643907808
-5.512944337441986
-5.522112457397393
-5.511492524987703
-5.530067574044817
-5.504030104522598
-5.510572397715993
-5.526176045523707
-5.515289169055926
-5.512135377745334
-5.505567000298925
-5.500972359730205
-5.494906185214642
-5.492234511746258
-5.508927916609792
-5.498641659528882
-5.522900276813703
-5.522924689289138
-5.507743679442455
-5.579007905564506
-5.52298935176202
-5.4923197612775
-5.596442438875734
-5.498979617851823
-5.527353225866524
-5.491886284755734
-5.5124287062543065
-5.53320101335944
-5.492121823330272
-5.5281883059283
-5.530001229429475
-5.539398755952352
-5.513778664240829
-5.529127470180732
-5.531460706012332
-5.509350099187416
-5.523725089661222
-5.58721337615876
-5.5285558613694095
-5.5831976318148495
-5.593327858434077
-5.54386002295876
-5.517250593732143
-5.527323158685563
-5.694895466255869
-5.641038979689909
-5.561984661516583
-5.712147553863859
-5.588998613928053
-5.803924429274112
-5.603198516477171
-5.647466566680539
-5.717158651014682
-5.629820827552151
-5.74084542943728
-5.691841977960546
-5.920878076362102
-5.7613012268008506
-5.6746995390956885
-5.84647542286264
-5.9610132793228985
-5.606228439109563
-5.909148509405199
-5.909101830194691
-6.021083576961363
-5.888556778142384
-5.816851498965821
-5.741349344584714
-5.968226040265755
-5.74167464724563
-5.951018194480293
-5.801876888778656
-6.0105113772837475
-5.804505933398099
-5.986442276606589
-5.980710218411523
-6.108919655605849
-6.135440825211724
-6.05374095960374
-6.053868025765943
-6.034244178721706
-5.9849825373361165
-6.109984389502539
-6.124118498341063
-6.010854402694246
-6.064745864565567
-6.058891653006004
-6.013007016130636
-5.990436386440424
-5.939085279691783
-6.006041545537599
-6.054621712726559
-6.097736200603095
-5.993526599918531
-6.113807755611332
-6.107958738628135
-6.051697525172333
-6.043598032532987
-6.157071811060333
-6.077437968987752
-6.080042255983609
-6.09639348709518
-6.0712482403945085
-6.068920707408785
-6.078530141180671
-6.028405677838091
-6.044123508293698
-6.074416892753497
-6.037075917680685
-6.030640622532761
-5.955692269494152
-5.887857802716141
-5.877358688094098
-5.7072596524272345
-5.694481599805952
-5.690682689713493
-5.701750596647948
-5.764841533380338
-5.6974307989299255
-5.746443254024926
-5.543303977333959
-5.628702271064181
-5.679116043208099
-5.674092530014307
-5.644303489256202
-5.604004867210542
-5.648954872471602
-5.682699984758632
-5.5259488884299195
-5.708708213507508
-5.610362676877921
-5.707939349275736
-5.68581218302157
-5.564376132444416
-5.69204304531467
-5.616358621642645
-5.60118721282625
-5.6071586281145445
-5.649446616071045
-5.577495304390707
-5.602830078778723
-5.6127182568136895
-5.514737953552879
-5.584307241375108
-5.558619125859767
-5.544618882127851
-5.591724253680468
-5.693648989001975
-5.771331187952306
-5.776259632445566
-5.831199805133854
-5.775747678447757
-5.728540934422835
-5.813776514151607
-5.8604240428939285
-5.742577846601803
-5.897759750163618
-5.892916214245293
-5.86102052886163
-5.94317149979338
-6.044176714676972
-5.8139909664810645
-5.798567631880512
-5.982220872313671
-5.833852023143972
-5.937182147425734
-6.054025526488362
-5.813366411042537
-5.883611207531877
-5.999807812970513
-5.73537952824923
-5.883225845388733
-5.979981567130384
-5.913608254650676
-5.865184081069763
-5.8196059221593925
-5.92631367865592
-5.932090591347672
-5.967497573683253
-5.879583030933613
-5.94425746633503
-5.882400971988
-5.891843328274556
-5.939084009290897
-5.9789964470249
-5.935585687090986
-5.871343763274377
-5.9529877132843385
-5.969305415509159
-5.970187104996832
-5.956514641573261
-5.990974458877554
-5.914503109641544
-5.942938057872258
-6.017982495788584
-5.999812450507228
-5.948673154980665
-5.878067801159595
-5.895604325601752
-5.981211222345845
-5.920237521199983
-5.992539153315208
-6.01609094359529
-6.04863591369061
-5.98493937100506
-5.9790384346885626
-5.999991576425963
-5.931856032172768
-5.99152888948209
-6.036468584467951
-5.997286280034192
-6.022915075775927
-6.0281345281260705
-5.954132495098015
-5.99938258762756
-5.999624587129943
-5.93693831245565
-6.041090782145286
-5.985679890797267
-6.031572423128554
-6.04222816105075
-6.056875944674584
-5.9543150702663485
-6.0367147641495915
-6.0106651613809
-5.947857891163551
-6.036740802952647
-5.938335551462806
-6.01812590898414
-6.005783907402551
-6.070171415421477
-5.9980129929351556
-6.018282220114102
-6.0258374191907
-6.013039076257684
-6.045085098083515
-5.981790463945632
-5.953127853542473
-6.070575495899149
-6.038417316540842
-6.061389514549109
-6.007147079686467
-6.077279418430594
-6.0091156387200115
-5.995830907085528
-5.9455702085498086
-6.109198743157077
-6.022972248340806
-6.008490900509728
-6.0348035901643575
-6.056675035914203
-6.0832242208232294
-6.027895166835589
-6.06253870004576
-6.0825233919853545
-6.048007577595876
-6.0919791454839824
-6.041378286295301
-6.016186884383405
-6.023146506863892
-6.0003901415522085
-6.096471844682739
-6.086541857831036
-6.035147359889637
-5.977251419057405
-6.132409475464404
-6.037690069086068
-6.017528404914608
-6.026176235841724
-6.021277100994942
-6.065515421163841
-6.050119537755707
-6.012861323255828
-6.045290016075024
-6.140747635773674
-6.006882427265399
-6.056085110270726
-6.053781085156519
-6.047414734356669
-6.053052619152407
-6.099555321960771
-6.099547249589459
-6.08839759849975
-6.07758669018064
-6.094534432819448
-6.058278662839065
-6.033646967358781
-6.092201499883848
-6.088058645635992
-5.978664529299895
-6.0144710706813695
-6.110667107101678
-6.121913884148793
-6.120866488028076
-6.080233707073239
-6.118522241671705
-6.042263131715745
-6.069514030255902
-6.043414722628192
-6.080659060769951
-6.0552865168079055
-6.081554571394078
-6.1051187170709245
-6.084616347764075
-6.08937250603313
-6.104942582781883
-6.11804283339206
-6.060102058331015
-6.126074562840149
-6.058652868515659
-6.063801825279848
-6.069201999060529
-6.075223531389104
-6.028469365575599
-6.133276168460689
-6.0686649401375
-6.089851743781185
-6.0632287007226875
-6.106134225500867
-6.119063707939515
-6.073026046219079
-6.090053062939935
-6.056657352922828
-6.062253229552676
-6.0473044985874616
-6.16253587069177
-6.0540580979758785
-6.052635086844453
-6.123378536589897
-6.073960208430601
-6.168610108893638
-6.138812942740188
-6.109878108256392
-6.157552440452358
-6.158704041989282
-6.1359180659603645
-6.125504278022963
-6.092028255502765
-6.046605005949348
-6.106206218988224
-6.038543123022131
-6.181966110893769
-6.09677082649587
-6.129663479979695
-6.137824139634164
-6.144917327124336
-6.128468777777186
-6.112480867317245
-6.123120804777052
-6.146816297753323
-6.1225245093040135
-6.1645476901713785
-6.15015862199216
-6.093819558630455
-6.192587224930913
-6.149745108825396
-6.081437087436723
-6.1879954118516665
-6.149553880365353
-6.0967590505028575
-6.100233864295204
-6.194686449016512
-6.157526685846689
-6.101084125240173
-6.18247813346644
-6.1720747664681
-6.087204693454598
-6.07248954226218
-6.238342536231965
-5.9999272221918005
-6.103340945605545
-6.106463944476174
-6.178517419947909
-6.092791261081559
-6.146863179499519
-6.146772021990215
-6.09747585807948
-6.154573225522176
-6.131974323015121
-6.133666648372503
-6.08718337124086
-6.150276552224693
-6.1759047290193445
-6.139771140372897
-6.179743703868088
-6.066226938336261
-6.0536175810939445
-6.1378809931511515
-6.130111890478333
-6.088699104232695
-6.119192244984891
-6.14346974668419
-6.117370380296685
-6.161250811468491
-6.163835794452293
-6.104943200858334
-6.12538156232502
-6.1843733143620625
-6.155686581044761
-6.205090573719612
-6.168538302668075
-6.1726955578351035
-6.138194510936
-6.102621027527763
-6.201135822838498
-6.123238262936115
-6.20050548199505
-6.130242602244984
-6.152094468986451
-6.216346580134619
-6.159982800816525
-6.160342501005866
-6.194160585124693
-6.152102829998414
-6.195146066332002
-6.145478537827259
-6.1597194191834905
-6.149444974277209
-6.197477759148384
-6.1651615775121185
-6.157571997094564
-6.201683196566947
-6.135830795583313
-6.110332879392411
-6.219923713385045
-6.1819478404924455
-6.2067636714758585
-6.206420028369525
-6.139643322827857
-6.13458194517046
-6.218848489007967
-6.213112483043139
-6.20373676699835
-6.1366469601110705
-6.0913983222452615
-6.164144676764682
-6.130963213749624
-6.255668729162773
-6.1859732728450645
-6.215211751591427
-6.21390482810509
-6.178602891097842
-6.182280780533916
-6.195920477875035
-6.172542140849458
-6.197913616341206
-6.155455527990459
-6.181772676988798
-6.134530199198554
-6.223325813861412
-6.148011378175749
-6.203808459245175
-6.199983134960384
-6.227757123046434
-6.206938790211862
-6.193598681657709
-6.204298607839627
-6.228028938688709
-6.139878491235402
-6.175479274476863
-6.216108097659093
-6.195258407361329
-6.218985875343403
-6.22781625943615
-6.205569394599458
-6.170294207365224
-6.214876351682868
-6.167525051038618
-6.146490464124404
-6.205610118186326
-6.222641489811753
-6.185915954115708
-6.225640319027525
-6.190829800808969
-6.207215763633181
-6.16868335142492
-6.2397979339107215
-6.188752420453185
-6.161595652751664
-6.2453212901966895
-6.206838603562609
-6.286507222604015
-6.241479842733711
-6.211078895993406
-6.177898107509356
-6.175342699246754
-6.207229512549265
-6.179020210769687
-6.20040548250987
-6.209555402799785
-6.2140586788213135
-6.179374723169918
-6.171141456856957
-6.234759431628834
-6.175063660182136
-6.177933342936457
-6.140096035735387
-6.135328557286186
-6.1943742842296725
-6.196584930509445
-6.171204360306405
-6.237387896851085
-6.226648460737021
-6.0747526675020245
-6.203200877618162
-6.234651154884273
-6.145455889414799
-6.21349926785042
-6.133072897778295
-6.1218344828391675
-6.102970549843274
-6.2146056961984835
-6.233540863621152
-6.255204054147827
-6.144094153372375
-6.073772818152183
-6.139076032423413
-6.145868710710474
-6.189928203043108
-6.183208563311758
-6.031952372497515
-6.173004646921216
-6.2266318661731495
-6.2480233571175265
-6.123168659584935
-6.07449988559963
-6.150286681537466
-6.207227475565499
-6.238300295765363
-6.174367651378938
-6.2166292871317435
-6.162660485539441
-6.225521157972212
-6.218994179022448
-6.249643933448788
-6.175884428700785
-6.214149719743523
-6.262418154204042
-6.202398979185867
-6.274494985201962
-6.156925135849233
-6.253132391708917
-6.162873873559163
-6.179825067526406
-6.213131239166827
-6.240563748309247
-6.219685127298323
-6.234911710961415
-6.22623351568264
-6.225256774888736
-6.185321907192245
-6.203328766499808
-6.206543030505919
-6.218069448652422
-6.20706868894287
-6.225263829999567
-6.210071283989324
-6.1329867420814255
-6.229551827614762
-6.213229851492141
-6.203791891826285
-6.17857998037679
-6.259279163918177
-6.244393440386069
-6.20030108693051
-6.247734091197456
-6.118966365671036
-6.2105905138168715
-6.208522871814826
-6.232301608913211
-6.175518305198304
-6.17253342400115
-6.257631546109145
-6.182034911053909
-6.282200499368528
-6.193899297023297
-6.209916319701768
-6.272260406135377
-6.198349545788249
-6.225068109598812
-6.281507845096299
-6.229113248032935
-6.176511494821089
-6.235569924009232
-6.220238938161197
-6.246118009361296
-6.224132688605131
-6.242727313121841
-6.239595915199486
-6.261676493624634
-6.259073441129146
-6.243061824793957
-6.1763834311968155
-6.27838102074774
-6.291346812761101
-6.227762932019802
-6.228487688672692
-6.263754220510219
-6.234716569626496
-6.246708930584902
-6.317294668117128
-6.235681033593407
-6.201470315802343
-6.252622944220697
-6.239591167364509
-6.277155377502669
-6.2786326361569795
-6.284865362200672
-6.241732634682043
-6.26147000019596
-6.2137068300437015
-6.247115830107486
-6.231498613642285
-6.269663775862052
-6.2408322462574635
-6.264100515763783
-6.245521367789988
-6.230429724526142
-6.2358330317898645
-6.270850451504585
-6.187541768053037
-6.298865654277459
-6.288563140668147
-6.277196499628411
-6.312268531700984
-6.281243992727526
-6.282836548007664
-6.233299735468624
-6.238715477153635
-6.319126983447292
-6.263015581793393
-6.241980711487295
-6.263955197216899
-6.274527171736614
-6.299804415831238
-6.2773486424050375
-6.267023842145033
-6.290816596401088
-6.227292560052223
-6.290700197694179
-6.195360675806459
-6.278166862425014
-6.289239344869248
-6.322115537216686
-6.289888306849662
-6.259109969580366
-6.260318179438092
-6.258672254329984
-6.270658804185856
-6.32212955197986
-6.286228085303728
-6.256494394663325
-6.292951811007326
-6.2633427093533705
-6.238060802012736
-6.307164257787347
-6.306730406290129
-6.251019429705205
-6.2479579961176945
-6.292323514866172
-6.288064153904031
-6.243598703599362
-6.310333969666221
-6.326892734200714
-6.317742950703232
-6.280686113496277
-6.2459022430962765
-6.309495617805732
-6.279020082829125
-6.280326836348637
-6.296416760452207
-6.275548544337043
-6.279979655110206
-6.281655788761437
-6.342536801783698
-6.325437845239129
-6.278580040373226
-6.297450337911195
-6.237187553471708
-6.275801446997246
-6.286274540052116
-6.307240817841275
-6.289190252563254
-6.294494519569381
-6.280742809740126
-6.269117754165343
-6.282144857941879
-6.252214782806719
-6.243292607965372
-6.301545311058002
-6.212564553705881
-6.273417766412957
-6.326566135888311
-6.226035440246368
-6.1756051586385405
-6.253354691913463
-6.268084623123996
-6.3359513529224785
-6.282900346208878
-6.199483082914725
-6.050751180349742
-6.208106684213215
-6.248342569750553
-6.140200110818585
-6.20347012873546
-6.308573627010244
-6.286844794045608
-6.313746818312128
-6.312172184658065
-6.206281128805412
-6.343943932479889
-6.2754617801255055
-6.343217819736932
-6.336864147673346
-6.221765222307986
-6.356928524217858
-6.314417168409614
-6.359345816913559
-6.300842984075369
-6.328817274986784
-6.294070534479847
-6.30952857582205
-6.294989618132917
-6.308381566774646
-6.299909730604451
-6.368950182737385
-6.29394085552786
-6.288177967358835
-6.333869066299638
-6.272513350611075
-6.214813301009097
-6.334455912583811
-6.337390773796018
-6.328107529349877
-6.302655172466071
-6.302934015436056
-6.2478545652787965
-6.306582824791121
-6.302456446000429
-6.296674334787561
-6.290696180761328
-6.2930471919270445
-6.288314416393754
-6.324055618111696
-6.324150738362903
-6.401322806188991
-6.349316051391122
-6.3191692071140615
-6.293031010115195
-6.2807375465058115
-6.319197081438235
-6.281585723551279
-6.264808614577436
-6.353166080463469
-6.2726499713562625
-6.3283266685387325
-6.314554527480366
-6.316630229864645
-6.318378878656149
-6.316521721555837
-6.3082133064353
-6.3113117799426455
-6.307414679879355
-6.345204707595524
-6.333415975862874
-6.3186395964236555
-6.361340961060681
-6.333474146444156
-6.2706911867601
-6.2921307557891915
-6.3208838551672235
-6.357872479632139
-6.2921266781662615
-6.326027644958882
-6.3335128624302905
-6.339701333211298
-6.375696224855043
-6.380690644110545
-6.349271020765336
-6.31934960984798
-6.309966752706931
-6.308559794545995
-6.304456688071536
-6.3324683325593
-6.367014726849575
-6.311298880660404
-6.368627555566629
-6.3267611446844585
-6.3457786279025745
-6.328047371369873
-6.341583554221666
-6.379034458263613
-6.285686060947964
-6.35175614681187
-6.35904512875331
-6.14781787388162
-6.314869678081184
-6.308433947460078
-6.299775015949655
-6.280204196264792
-6.3159915626682945
-6.290666010737768
-6.248060472459619
-6.369431505714754
-6.347043897277848
-6.316575215282077
-6.348558264010557
-6.260121883727334
-6.366982526585044
-6.309959666708901
-6.286201496326662
-6.305608886422414
-6.342867806936429
-6.306416864517358
-6.329074418242961
-6.3374562480352346
-6.29523670925352
-6.3078210132722035
-6.3164774576707625
-6.383388712314577
-6.344274240652947
-6.32473241784179
-6.329797127552617
-6.316567760901143
-6.401895376908238
-6.387519895774545
-6.326276342475102
-6.353668723867793
-6.380768129403665
-6.389854350282906
-6.375008587284063
-6.389478965872917
-6.341003168933432
-6.382356174950085
-6.328061240992625
-6.378152760681385
-6.35955336586656
-6.3717984628532545
-6.344846487550785
-6.340502959924708
-6.311374931312454
-6.407048939924564
-6.345810171445169
-6.345482367892077
-6.301494366967671
-6.356512301370805
-6.400294847780801
-6.320688716822639
-6.276337144180956
-6.344949595884504
-6.381684961334546
-6.399483453658771
-6.381659242364201
-6.3053876239574445
-6.385382581825676
-6.35619752678221
-6.396772232943462
-6.318510898167293
-6.319798387662739
-6.354089463734126
-6.279526777094255
-6.275173240110681
-6.385706178049811
-6.369985185191672
-6.343783873944279
-6.373817781230317
-6.3312197253645355
-6.370897393920081
-6.375027085499404
-6.356242712605184
-6.269017494183881
-6.3718035055943005
-6.346438742848305
-6.424006457547598
-6.359442929563111
-6.405657435347727
-6.376451501508613
-6.365426111350769
-6.337658030048341
-6.373230419749004
-6.396475692510371
-6.342452223152581
-6.37181372456735
-6.380167640735504
-6.313585053088328
-6.401954575125963
-6.349500237352385
-6.352068488706298
-6.350486183895497
-6.40074581862708
-6.342655819716914
-6.409366440115054
-6.400725881091581
-6.366326638937762
-6.367493649472627
-6.386806605426972
-6.325920960499728
-6.37754610140628
-6.375361376689277
-6.400045101921605
-6.419794458595366
-6.451569862269901
-6.450585032355232
-6.363673866004364
-6.38357335289541
-6.406154393346071
-6.3822481376105475
-6.391262627846887
-6.4047317301882645
-6.415933476058014
-6.434118295072285
-6.356141516678491
-6.370082027743361
-6.394253558977285
-6.424479059654129
-6.3941715052561285
-6.431676852681638
-6.315495426775064
-6.382177949230536
-6.367115457390952
-6.377548252001001
-6.362340033359327
-6.429617731646633
-6.3914410535500865
-6.405611021909985
-6.40068823496361
-6.391871901243082
-6.35469669354633
-6.393562162992734
-6.402538653059931
-6.347599554913534
-6.354112325716237
-6.435372147999002
-6.366690985800076
-6.414855645975447
-6.401132348801287
-6.441213339788638
-6.436028263138869
-6.422623634718237
-6.420397093184656
-6.387730671957154
-6.4086084267690495
-6.4154043433930035
-6.454461481664059
-6.466841309614158
-6.399582346868976
-6.4735376662590145
-6.372506038352409
-6.369800296661261
-6.402432920181153
-6.381328033170472
-6.3755567048069555
-6.378497946752577
-6.389667917259114
-6.40801837107173
-6.37453750246514
-6.428429557502726
-6.413942558551769
-6.443199739338706
-6.405025496261235
-6.419508196867046
-6.4096323560597925
-6.3927859537559675
-6.423170410602312
-6.3778673087778035
-6.4047466713047845
-6.4346181235621955
-6.421785977178205
-6.41962045544407
-6.38033050357286
-6.452809426299552
-6.440217721054665
-6.424058781438941
-6.446703501777925
-6.4483928068105705
-6.393459643814052
-6.411728257458254
-6.421614045006251
-6.399067400462121
-6.397311039756572
-6.397137608058492
-6.463094462768135
-6.407471910274909
-6.395399881273011
-6.364868402258165
-6.341038219270395
-6.439722103337032
-6.412346292995304
-6.4108832882695985
-6.436318063979858
-6.42609079285479
-6.447128304469047
-6.423761071400228
-6.407669526024788
-6.413434581334778
-6.393885616223983
-6.416369066116724
-6.396190482870302
-6.438908189252867
-6.387356558681151
-6.4692469846242595
-6.4482237712507455
-6.406031391868737
-6.395444944689579
-6.3859934149572615
-6.43021606493015
-6.447448794238672
-6.466027927586106
-6.431587025571652
-6.423790278310055
-6.442408297830423
-6.445503017921786
-6.419931016602566
-6.428795998020772
-6.426759186937587
-6.40804763456168
-6.416984608907864
-6.442637727397077
-6.426953621804583
-6.410663486490886
-6.411900866262123
-6.457310673918788
-6.3454009653015255
-6.4537271001441985
-6.494063704523185
-6.408583273750707
-6.443579801404332
-6.439902673608838
-6.350087348939937
-6.445637335198846
-6.470374219219718
-6.42985294318805
-6.426288951503293
-6.412556628644253
-6.433051462728622
-6.38691198766995
-6.416367017492881
-6.493625407506428
-6.462369116186704
-6.4531811466634315
-6.404992730742177
-6.418265515776854
-6.475227323232014
-6.420947186262817
-6.43023591334843
-6.448944440076637
-6.452613443939381
-6.432338408198993
-6.433777619417995
-6.407214646937243
-6.454043511562045
-6.470179202149399
-6.51268713196273
-6.502988405824201
-6.5004958729176465
-6.4942523316883936
-6.491811759397128
-6.446522886749907
-6.4569413915495595
-6.496976284130742
-6.514761089782308
-6.50646091710864
-6.428796548728371
-6.51714551438146
-6.444673922250655
-6.468173068766146
-6.427509189585816
-6.393398804308655
-6.452417038919304
-6.441998602093989
-6.454782597429824
-6.419263211904752
-6.449556308159604
-6.436825417196116
-6.368137639974016
-6.422169365854654
-6.436762232790926
-6.490351684329629
-6.369244708298223
-6.476028580430844
-6.4357169864429595
-6.450548971259121
-6.395138407404676
-6.4602197855598185
-6.412165897750274
-6.42284365585624
-6.446561559984357
-6.444668004048459
-6.451728679737084
-6.470513566108768
-6.440387595632926
-6.429635411184496
-6.435752453825723
-6.405612503789119
-6.443924995076909
-6.477389155365744
-6.399711235000593
-6.466091442403297
-6.493503894859739
-6.437310996448296
-6.471417201674797
-6.474919496950232
-6.3988360212431985
-6.50290774437096
-6.486055285074928
-6.491722284860312
-6.465380703256058
-6.492184318448641
-6.4422425859937125
-6.485674993654273
-6.4812947346297225
-6.498089592923904
-6.455450936977066
-6.4576415823181765
-6.50160763873814
-6.453086755794279
-6.472454975553416
-6.4913260016576535
-6.481523833178118
-6.47953160174889
-6.474937899876915
-6.512958974253131
-6.450033050666352
-6.435362330852458
-6.5213800946505645
-6.509663614877126
-6.478671806320505
-6.484631449308035
-6.4420021751967385
-6.4474190410203365
-6.517109417167316
-6.430980919714074
-6.466719319138034
-6.473980139188088
-6.4919530447148475
-6.380575894482918
-6.49878775456461
-6.4488552937275685
-6.492988610685419
-6.472521459426531
-6.509271357798884
-6.501459778782543
-6.4883058678477585
-6.430970699022272
-6.498888795974624
-6.517528233699345
-6.486427253010288
-6.557406091327912
-6.440676441317284
-6.450584747482352
-6.486262380007512
-6.463655456652837
-6.445642340220693
-6.468592880737019
-6.464444057304021
-6.529648819414203
-6.4798592106154835
-6.511460267439398
-6.55180940375503
-6.480570071984545
-6.482626641701552
-6.455996567201851
-6.5482062458054315
-6.515118168106317
-6.50912828044134
-6.471597621309272
-6.490872979405258
-6.466838128616967
-6.513544378526655
-6.509117393402159
-6.4581416976125645
-6.469299730340602
-6.466897896803305
-6.483996970963218
-6.485768651732222
-6.538907566985358
-6.4679181437957824
-6.52157099180242
-6.50005699743761
-6.468463020738536
-6.46704001150983
-6.533854304868282
-6.5660658553418365
-6.543840338425756
-6.541904338152593
-6.493948543129247
-6.515508421560717
-6.508186037812435
-6.607599835578141
-6.459150590637417
-6.499426814868606
-6.5090100680004825
-6.518375789290868
-6.511968649945612
-6.518853520229519
-6.4851987449718145
-6.499787481860449
-6.448369246514473
-6.459130936083432
-6.5415758630263205
-6.510078079377706
-6.545135405669845
-6.607791604381679
-6.48174753714107
-6.5232619060558115
-6.481048224234069
-6.546095330968083
-6.522613797318872
-6.5090955098177465
-6.494244583684689
-6.534760763540065
-6.598210693337322
-6.502286546739883
-6.572195093164322
-6.521106323196169
-6.523528453230398
-6.529153292631763
-6.563717928757949
-6.475101064605006
-6.512043402736552
-6.511178853744315
-6.551876462152191
-6.479197985564355
-6.51686822853082
-6.545897964243844
-6.509136295712337
-6.513437449894304
-6.531249293002697
-6.552214848877199
-6.542074230898814
-6.5014349445488016
-6.570834799676397
-6.535378370884118
-6.4686458305617975
-6.545998809331699
-6.585077396200643
-6.549970001430957
-6.563875915091064
-6.552031939634325
-6.544595716818804
-6.520801174992693
-6.574178183103041
-6.545086718994281
-6.550841961762444
-6.46671700433976
-6.530611861605611
-6.519274537945282
-6.5396048689632
-6.587416462909147
-6.485185456255829
-6.511377210879511
-6.484664667404882
-6.561024998309023
-6.539099133855959
-6.636040745786518
-6.547614356639156
-6.537825573246201
-6.5426155903219385
-6.578843236534347
-6.489000439550503
-6.547145927951661
-6.560312101975845
-6.594275088587326
-6.511495938327851
-6.5527541356404
-6.464394204154903
-6.487948736492142
-6.523142046875677
-6.530997386607993
-6.504383261149616
-6.554362984296863
-6.508304268181803
-6.556986596550613
-6.561877042014915
-6.564525365577321
-6.562042410283166
-6.528514271887147
-6.532938561214279
-6.508916711461021
-6.58851368777909
-6.555751452900059
-6.530951039011135
-6.5849845316625055
-6.521660363638407
-6.543361645946992
-6.557323296049994
-6.5389965120259665
-6.504604912246646
-6.598799718105306
-6.575063890706564
-6.506127110968731
-6.585911680687736
-6.584726494335408
-6.579562946595094
-6.561080862717997
-6.629199726804997
-6.49713617051077
-6.586280521324065
-6.520151933180671
-6.549494375598773
-6.596340088524613
-6.565321984578192
-6.583706679419963
-6.538388207315534
-6.589180765765353
-6.558024590931287
-6.591288016602121
-6.536000191378495
-6.570415939629732
-6.575540605681581
-6.532429283705246
-6.586775134949669
-6.547638539888827
-6.577425297375092
-6.561802715661303
-6.607044239188835
-6.611392499510093
-6.559347372535412
-6.555280552903416
-6.53963802118892
-6.5456835891895
-6.554434193139504
-6.524725686987272
-6.5853136321434524
-6.5676141970329205
-6.578901052731618
-6.609152568511679
-6.574890523992754
-6.63768792062783
-6.5422914127700516
-6.60257492261612
-6.633703591276836
-6.5808244520658565
-6.581335118724707
-6.550973255352698
-6.602075121110366
-6.5821831060934315
-6.571269495805936
-6.563710815981288
-6.573351920351069
-6.612408678019726
-6.538270705756313
-6.602810721876411
-6.583492809241682
-6.626434951261743
-6.59861619350206
-6.5506813209146415
-6.450423008571315
-6.591553370874668
-6.628001520169686
-6.637684576645606
-6.571174831701018
-6.580740084573184
-6.636118415068744
-6.585723463432501
-6.629996330314414
-6.598337488176565
-6.574149629869639
-6.585674487565601
-6.59060197284518
-6.59029992057452
-6.594233931410009
-6.60057642442391
-6.555996153288742
-6.641260486295256
-6.609141555954425
-6.596066581636959
-6.524352826496636
-6.586135643310222
-6.6292895957361395
-6.607113944458793
-6.559318105918272
-6.580700894462375
-6.550741990142519
-6.574596174445528
-6.619945442796355
-6.485738242125748
-6.358476870345954
-6.3992868013415904
-6.625234738455164
-6.579688309212905
-6.590796463413944
-6.5977697907097825
-6.547468153321839
-6.614388960751569
-6.593253582805172
-6.666543845306823
-6.576406370440146
-6.593496072369762
-6.593321271916963
-6.574255098758106
-6.656910057529321
-6.578974056894109
-6.5873203253742565
-6.630476736520857
-6.5146881786214905
-6.590731471942533
-6.587843876111023
-6.562970877333746
-6.555984827692649
-6.612482361464057
-6.583936893689238
-6.618933938045235
-6.55992775330512
-6.619847112175369
-6.609762044416041
-6.6077782301158825
-6.643111506261928
-6.551162179337954
-6.60791879773221
-6.630204826273546
-6.652454550641389
-6.64817826955645
-6.623693390151103
-6.589856930480455
-6.612454717686207
-6.6092283338800115
-6.633550452567357
-6.63168206430825
-6.592122380365776
-6.640805615911612
-6.608086911939186
-6.610615519441841
-6.703172226981244
-6.597362215884044
-6.6342938136043035
-6.605878064587905
-6.558078675565897
-6.594959114756276
-6.527297023980106
-6.63571594198824
-6.644055883993818
-6.654533010040206
-6.625605851923007
-6.6705136906449205
-6.610904619320353
-6.630933003254317
-6.607601570025247
-6.621049850707536
-6.597220143458258
-6.6180440450019695
-6.625181482509868
-6.610395546488821
-6.609968045156186
-6.678700440156534
-6.674103738114576
-6.650131338493792
-6.6405292948543835
-6.6328193063513075
-6.614241795253891
-6.61960868528669
-6.627167412518053
-6.569194048765576
-6.595426874735849
-6.6142296230943876
-6.605386712263455
-6.596346177208281
-6.629296187451678
-6.504233725470957
-6.671271542149694
-6.678227592118796
-6.625091191137348
-6.655210626111857
-6.614368967277341
-6.587435370299201
-6.665612368274387
-6.6402581639626455
-6.583238429977879
-6.675638288534869
-6.65417349685075
-6.634686979958012
-6.639502190430076
-6.609739107235305
-6.666800999475973
-6.663068855729404
-6.635065636416082
-6.6525212267141915
-6.636926718541935
-6.635230744882356
-6.6233986290539155
-6.713482541247477
-6.6204663716939836
-6.639339569309283
-6.632180793318229
-6.619581089008985
-6.644281379047955
-6.734734123212796
-6.683647490818624
-6.660708105724336
-6.714862768766489
-6.710266515104447
-6.642184300501886
-6.624039033012967
-6.662450516317226
-6.702040447164494
-6.556598358686144
-6.684809237276575
-6.658457129965547
-6.664102094021345
-6.667659029133709
-6.661954032853619
-6.665992642577525
-6.639416517252183
-6.644686767423384
-6.639920585458924
-6.670497430221601
-6.59801063276348
-6.680813369434098
-6.656781476640468
-6.6606786600235255
-6.591505580463199
-6.704114717275194
-6.672429462832824
-6.640377082838501
-6.70232357280715
-6.697111397403224
-6.680660263198127
-6.68182817236754
-6.641250198977389
-6.534931433665941
-6.573281174016046
-6.513765860561337
-6.66126155022542
-6.555478739912854
-6.639339806651094
-6.7060959397928
-6.59510718873147
-6.689314448206513
-6.684355202282653
-6.6720041227971665
-6.536643038635578
-6.494164180214717
-6.703372972102042
-6.69304912038254
-6.626672550582022
-6.68665496372655
-6.726206104477363
-6.68507695855897
-6.693382351189988
-6.683142473081341
-6.709273933124776
-6.677311568859621
-6.639291961367843
-6.6848694974829375
-6.554929520774744
-6.729193620289784
-6.717680483359003
-6.693365527588433
-6.684501673530979
-6.654238289702498
-6.688952257454557
-6.649540001367065
-6.7128823680627665
-6.696398896564034
-6.669280264499964
-6.73671573430655
-6.689470111953908
-6.670836457865076
-6.673004947178453
-6.6543037042981625
-6.679842824611043
-6.708091022013864
-6.684725615466123
-6.653634368745459
-6.683293259197611
-6.6423767803364475
-6.724690967239039
-6.666205581109516
-6.641198143427715
-6.729785543960533
-6.702595754392059
-6.739693280189035
-6.747934826050813
-6.697104923273528
-6.670337741223846
-6.69389138585732
-6.704984165193611
-6.66071293101685
-6.657735505685212
-6.6849912414817725
-6.695137264773585
-6.687492814142378
-6.73666928678241
-6.711470446411768
-6.722562055870895
-6.748608580310881
-6.649522657611304
-6.728189527332714
-6.682493676896896
-6.710314194814379
-6.713070967608482
-6.708737385593873
-6.695144353138528
-6.765236370710318
-6.716971572253157
-6.683166327523502
-6.750816639205386
-6.707188982646814
-6.697057961843562
-6.604839501774156
-6.73528078038066
-6.6860736647471315
-6.744657629912874
-6.731732170641547
-6.7152849637102126
-6.674018256107051
-6.659058071108738
-6.74153060969167
-6.73420281232728
-6.713884828181029
-6.703666786518486
-6.7580114187373415
-6.674813284601836
-6.714723864674601
-6.710375614837779
-6.6740974882984325
-6.689314831760406
-6.729542611594798
-6.679347604918404
-6.642165280367045
-6.670888799087956
-6.692561130759455
-6.744709038943501
-6.7096089463917155
-6.69911189220505
-6.6743895275435605
-6.763617954612532
-6.774102804009131
-6.723439609554266
-6.739826641833568
-6.721579600716883
-6.780414341627898
-6.6905242038006705
-6.689317681595764
-6.72173347289489
-6.742265321538351
-6.740716707225001
-6.705218449829559
-6.707182013388707
-6.787034888748659
-6.764437559013105
-6.7092682037862845
-6.723002180272373
-6.743030194088401
-6.761307203217888
-6.744695378334351
-6.712237009382142
-6.6895993720815845
-6.752790550387002
-6.70654375540898
-6.753473868952309
-6.766318159832879
-6.721538684116209
-6.723033668246224
-6.771887848608944
-6.813745354004979
-6.7451012652050055
-6.7384880742597675
-6.79405691865245
-6.751685285300806
-6.676222249726367
-6.771786881718947
-6.725727860029071
-6.749502829471107
-6.703207721022675
-6.726311613790414
-6.7684118543063425
-6.685132515741223
-6.692352500176935
-6.782390816385391
-6.657017825010711
-6.756128851259712
-6.648279028540232
-6.38162994520095
-6.541733749730215
-6.7734336150742624
-6.393893510939854
-6.418788049363761
-6.6550673724579035
-6.4206533946343
-6.787081658711208
-6.662042916282697
-6.770537137012797
-6.612255932284836
-6.751316321579629
-6.719606964793943
-6.729629695890144
-6.729614158838839
-6.772113740064068
-6.637717091671732
-6.706501797246398
-6.77736170379622
-6.775058005378201
-6.717143408175534
-6.727309553231024
-6.667489046747825
-6.801286180776469
-6.7257536009005365
-6.782301144525248
-6.687244086202641
-6.770213678233768
-6.745721223558826
-6.841048872896602
-6.788785246950979
-6.681575205372532
-6.764471083395565
-6.75900855109704
-6.701460205725808
-6.702039585268665
-6.770287886149987
-6.8052889774222045
-6.838553331451582
-6.636384637490361
-6.797516214821458
-6.746867413103651
-6.786973246343824
-6.717759208300129
-6.750501369116399
-6.792740962401938
-6.761403866852944
-6.772878962192407
-6.826351040386438
-6.746858784844186
-6.796576951829238
-6.767058633344561
-6.790372538969958
-6.751211163270078
-6.744750692665902
-6.7866312465715515
-6.812285330770267
-6.752729526658115
-6.791305965331579
-6.816128344299795
-6.805144465487459
-6.795765680029928
-6.7696876554890855
-6.7663238520646205
-6.8081485844972285
-6.796536646630803
-6.755359171626299
-6.741600251254674
-6.74965667328989
-6.825214231935132
-6.781640279337295
-6.806261179323835
-6.780635075682958
-6.7956407366568214
-6.773290892457486
-6.784015678228453
-6.835765696780448
-6.7468531118652555
-6.776289519286431
-6.834308146247989
-6.770269617479606
-6.777651633489282
-6.80091377561681
-6.818692136758509
-6.792262586534007
-6.720248478126745
-6.770285313064811
-6.838106614514827
-6.796917939195746
-6.847849312369039
-6.832691688342111
-6.80393571047387
-6.805265597952723
-6.773277641554649
-6.776483767600361
-6.779655778908867
-6.778873810454482
-6.797267842548653
-6.785726269911779
-6.710900379491817
-6.777104693606919
-6.802791192094755
-6.764643377401176
-6.80071039990757
-6.8415532724509065
-6.842989924915978
-6.792446441522248
-6.8383767190234055
-6.847891729291135
-6.812598394996674
-6.887420381641805
-6.7795349499988875
-6.854190856489152
-6.8250426409691105
-6.813097394018108
-6.819913928885528
-6.868661827233919
-6.786168553426837
-6.8138524373165765
-6.862382366769019
-6.864310521085525
-6.8441113774770574
-6.868057257466844
-6.829371146390263
-6.809919983974407
-6.772250376538958
-6.849304709667519
-6.844618069809991
-6.812533608043402
-6.8285979565388395
-6.792800435637045
-6.794888413600782
-6.860256050985555
-6.81653041757358
-6.874328958652971
-6.6943410595117
-6.822374758163727
-6.778716200145921
-6.841818918246293
-6.802228296241876
-6.835631415495772
-6.892075930497116
-6.8321264811486175
-6.813115333378025
-6.908796923362812
-6.838231790770632
-6.71907935157232
-6.824216269226061
-6.82581463161212
-6.843241649476586
-6.85339236602783
-6.78182036749835
-6.820089107850125
-6.830387781827035
-6.876476386809893
-6.818166446549056
-6.855844296228476
-6.824829554042686
-6.817761845413
-6.872973713769461
-6.777201051068309
-6.841533989411109
-6.814407291689284
-6.913983580738336
-6.843256813034573
-6.86455176958762
-6.864737551713802
-6.788437300499368
-6.8372750832407725
-6.878949868535341
-6.6810492483228785
-6.726228665977221
-6.881239203379143
-6.885504667256493
-6.838507732710773
-6.861295507615454
-6.82099475216276
-6.855238619036034
-6.718170334147404
-6.899577380612467
-6.889128551514499
-6.741809845058299
-6.831278964100981
-6.845121477183731
-6.765231428733741
-6.883194974463905
-6.812946215903842
-6.907437490275012
-6.696434691017861
-6.890089381457708
-6.5787142235471725
-6.896188520137144
-6.853237745141762
-6.8438944728211055
-6.786224562955631
-6.862076417602201
-6.804042795812482
-6.845429160118475
-6.8799245931014275
-6.828108492009857
-6.833888676181028
-6.846212544649127
-6.774998095351204
-6.789238766148897
-6.77292117420509
-6.794968067261769
-6.828761662886494
-6.761829436026466
-6.7790755778716365
-6.787074079988307
-6.766966440540294
-6.802604592596089
-6.896151686127443
-6.828459844380555
-6.763586027127198
-6.8220272791009595
-6.88960170371758
-6.864860301022285
-6.83737686145677
-6.838074010571766
-6.785607945698714
-6.787896037322442
-6.879018112377762
-6.750431892275036
-6.812601975296018
-6.842865313836807
-6.86179751032615
-6.906987480724175
-6.84296741422062
-6.873298991136649
-6.826102283367913
-6.8251285213112345
-6.921255114887618
-6.86132810230922
-6.834534205952974
-6.810684668960097
-6.882532862084853
-6.89562118784769
-6.884038754389869
-6.918482073356937
-6.87907177722405
-6.877642986696135
-6.85450463247405
-6.916627818611163
-6.883370384421756
-6.886889951000019
-6.9012505307838286
-6.888412938678091
-6.870036815386341
-6.845694480226813
-6.9566340722988045
-6.899323833773304
-6.940965077039285
-6.906839555401376
-6.923298930884939
-6.845931449627368
-6.84857052569453
-6.942574522883337
-6.8984610335021745
-6.893625769284812
-6.913388889954312
-6.918075762607703
-6.904451819024583
-6.910179872702414
-6.878136697373775
-6.8296026497666595
-6.927114219004398
-6.911573847688967
-6.889673783283988
-6.908668498761701
-6.890768590000121
-6.8790677119533505
-6.909818410101713
-6.923392853553809
-6.888026739480079
-6.89484515465853
-6.867282272388697
-6.857423643825836
-6.934917066700741
-6.850547383265251
-6.949769216652794
-6.962968363740325
-6.935646716983502
-6.901242973162411
-6.90342531450968
-6.939072592748968
-6.9220151820546665
-6.8908700474714255
-6.859015562354952
-6.9212906724141865
-6.936056888732859
-6.903025583941709
-6.982806685222776
-6.969182169719978
-6.927736151199146
-6.920418965097652
-6.930045298812878
-6.900342971304617
-6.944070323686765
-6.936164386997802
-6.9724636662904365
-6.916200742527543
-6.898079570911541
-6.922834240366656
-6.9518113014053755
-6.987045952153752
-6.905290612417537
-6.959984510246286
-6.917510857867947
-6.954296041084422
-6.880730631211141
-6.895061374710588
-6.988761922143677
-6.961537379679655
-6.9991116038667105
-6.969147458107746
-6.919830979565797
-6.9472703545040195
-6.91973326890022
-6.903268365710737
-6.989863454545198
-6.904777595814053
-6.922294425072891
-6.925886957969317
-6.933473584739199
-6.965312241811351
-6.923194455076231
-6.959560143617539
-6.899608204893164
-6.829626004758712
-6.946893742185295
-6.946091878672639
-6.9754032081587685
-6.946748575033438
-6.940486422949984
-6.969472763473802
-6.965709950760632
-6.956896283445774
-6.925430394347392
-6.973080310538596
-6.905240522076544
-6.962384746386255
-6.99764917641778
-6.967955264709217
-6.946666661883888
-6.915448470278915
-6.980498658545571
-6.996780581363655
-6.929501619524304
-6.956524611351343
-6.996792897379312
-6.924845629799042
-6.942699060947226
-6.956703177062806
-7.0176170236813284
-6.914086576593085
-6.963599144151975
-6.942882927852253
-6.9696541037266755
-6.913995189633055
-6.959026637723155
-7.006990926908951
-6.996265303376152
-6.937467145922125
-6.956696272445014
-6.97361411290098
-7.064688446087304
-7.036219270586166
-7.036932751086742
-7.012524636707141
-6.994877495694727
-6.987210221078475
-6.948214997867639
-6.931015668408493
-6.925185444923899
-6.916503990354482
-6.92919126476394
-6.9793891886907105
-6.979202429136878
-6.980008577309825
-7.025656736104962
-6.939024026699895
-6.979040914080454
-7.049122781736019
-6.893087840804917
-7.052373222777053
-7.006374019696157
-7.016215562760886
-7.016538696043334
-6.975436535702322
-6.984613846565634
-7.009830845033576
-6.919896107445428
-7.015635334856019
-6.975037884975449
-6.986703879730235
-7.022950995610713
-6.975053296226287
-6.9967907732546
-6.872938706348947
-6.94855812199258
-7.039971724263362
-6.960646440441483
-7.000586192024419
-6.997090714587202
-7.05857890059737
-7.038716267191669
-6.926709326784442
-6.965110473389448
-7.005234035964675
-6.970712054608254
-6.957770258413539
-6.954310238767303
-6.9883202684431325
-6.976018786145737
-7.0014178495312835
-7.021845643440823
-6.985162633228651
-6.95414627682481
-6.972596856061596
-7.00291437286895
-7.040833942465451
-7.0213995541720315
-6.982761192416658
-7.028025519653027
-7.053404714296815
-6.97943673370218
-6.98285884856381
-7.0097093597806595
-7.0395423081843775
-6.953802865357304
-6.987614686347226
-6.933419992984634
-6.990974088808698
-6.95142682536369
-7.056688045309418
-6.988497752835219
-6.987830259639532
-6.980806704983634
-6.959164807424621
-7.023128253800775
-6.972846702050848
-7.017368622156472
-7.037695179421267
-7.017933828962154
-6.96544509683072
-7.022153337082935
-7.033583840852039
-7.037739767583765
-7.03504633378787
-7.093491495891145
-7.0360095817804185
-7.0626320302670935
-6.993244874975774
-6.981678613084812
-7.055797554549375
-6.996348972130242
-6.988010310747313
-7.058821681781371
-7.035990305989728
-7.082339996551882
-7.014650501210063
-7.017097556294741
-7.047373987025272
-7.003529645758177
-7.063300426099355
-7.049486203737203
-6.986175938198996
-7.00496786752249
-7.022960655595281
-7.067289050468692
-7.067882688306644
-7.033256150296198
-7.026574196062398
-7.023714145726958
-7.030267004975554
-7.06921491445319
-7.02659959380535
-7.094204934405248
-7.019515793215908
-7.052290512995509
-7.0099388552666575
-7.083856690942809
-7.046578775125929
-7.083427091920972
-7.083706826417691
-7.05590856472403
-7.077747165115484
-7.038773671147131
-7.043682237989575
-6.951485908250631
-7.079897937150349
-7.020472943474083
-7.037271017433636
-7.120477439237932
-7.026406865583244
-7.033337665282244
-7.110462133719401
-7.050138799659303
-7.106638645963057
-7.0562527242289335
-7.0444662814091945
-6.999761268753872
-7.056650349277779
-7.091186939471341
-7.0485857114651544
-7.080936072526436
-7.0502818134848795
-7.100729867388741
-7.034874712085972
-7.152817517476331
-7.148822458113617
-7.101415830641783
-7.068767897669014
-7.109006009263009
-7.082301461918253
-7.053466525246906
-7.096644560548388
-7.070172857582847
-7.044222123299585
-7.014918968494671
-7.074820797735559
-7.043166948317946
-7.096239359615199
-7.117471671639099
-7.052475156159854
-7.044899542342266
-7.1621293174744896
-7.0421429427429505
-7.052726992585277
-7.091299685417463
-7.013646229101562
-7.079674945722991
-7.092353599054174
-7.169497015848299
-7.054527082539088
-7.058922207449872
-7.124850189386841
-7.0308900579715115
-7.104697131647459
-7.043219465405935
-7.135398913354455
-7.143607787583939
-7.0843983636160885
-7.049469174681313
-7.15617794542786
-7.138456048322407
-7.043980117440871
-7.172843901479765
-7.143691575418884
-7.103741111885611
-7.1576690546525406
-7.114385272667954
-7.1070998890224
-7.092323559254634
-7.104697076401614
-7.120238703401177
-7.026874865496405
-7.10564889182096
-7.074784520774545
-7.061207843965725
-7.123250962511534
-7.2097483261219315
-7.106436090762902
-7.140219528454887
-7.00815421703145
-7.085606039733607
-7.060543131014319
-7.066361815064305
-7.069721681603162
-7.067106098001777
-7.085807103991923
-7.133697964429186
-7.12950454082243
-7.157328684538761
-7.136514165313796
-7.068865409299082
-7.095630521818297
-7.152264133493633
-7.1379140108681405
-7.10284220465032
-7.102904727849708
-7.094171320441799
-7.165869560625191
-7.137252796792126
-7.121438660351815
-7.0978270216410255
-7.081733635996985
-7.132112640072359
-7.152101575835833
-7.104926906434063
-7.116824475089564
-7.12847601021373
-7.20069558423825
-7.106000561804432
-7.126359066058732
-7.089129866490886
-7.138363416790331
-7.194750553305397
-7.14355645359168
-7.094790756084191
-7.157786896575034
-7.113021841958991
-7.052059301431727
-7.1207765619480945
-7.059087635696369
-7.153203414192436
-7.16350568197253
-7.1386081041518565
-7.173914496210664
-7.167717818605621
-7.134427687687458
-7.110561324243846
-7.24877756868804
-7.160120599682881
-7.171458888365463
-7.07873365228883
-7.148712046622551
-7.188059541422044
-7.1426267746878835
-7.168449872610454
-7.143394345822109
-7.145810647724921
-7.133700648161251
-7.162052486644568
-7.154130462576652
-7.1657679026047205
-7.1464180395477825
-7.1385172621671025
-7.119850480755119
-7.139872457811801
-7.181854516109218
-7.089118312208375
-7.096329116699349
-7.206202437826956
-7.1116687190359205
-7.179472353918951
-7.2159625570839445
-7.111505432921138
-7.143970500740131
-7.153865176104361
-7.134181941293811
-7.2280370250299315
-7.159362507159149
-7.183173087140685
-7.11278996480766
-7.103494403073094
-7.135771466080245
-7.142711162188821
-7.152278962936293
-7.173528303199652
-7.160910232077407
-7.181356298056553
-7.181693156919639
-7.18555139169139
-7.1565081164137325
-7.168025960192589
-7.206158646283213
-7.1412843486391075
-7.052752133943464
-7.121386063878084
-7.163639959894278
-7.2271715132688845
-7.140795922836396
-7.199642028192972
-7.208753941120706
-7.177390944108784
-7.2368408244357925
-7.150288502564942
-7.201133108753933
-7.187126394315088
-7.170804180071494
-7.133365757500984
-7.143880287392706
-7.149481571781202
-7.166744068133209
-7.171763445191811
-7.150094817958638
-7.152880322245119
-7.2168704987318595
-7.132968756853103
-7.142011576722187
-7.196902826773139
-7.176753992357849
-7.180066693391243
-7.172212602928919
-7.216485507415427
-7.195932952506517
-7.138810727292091
-7.153622987351875
-7.163319481623231
-7.195073679598392
-7.187800231245024
-7.199976226971727
-7.211297300536616
-7.152699369598172
-7.190643440064155
-7.168990017195441
-7.188856716938986
-7.1697262126845205
-7.182054023895133
-7.1864991275483225
-7.191557490715145
-7.208168263185979
-7.130247269113795
-7.188021880806328
-7.162492283486154
-7.230646723265761
-7.146790277499836
-7.198012079993784
-7.196911291861956
-7.14528985704753
-7.176787141243705
-7.214718465717309
-7.186667359689281
-7.216694202866849
-7.20463869230073
-7.232997899497622
-7.225235375667158
-7.175723141048952
-7.252467827465302
-7.177845184909001
-7.250994747740226
-7.183637639472271
-7.24861245559726
-7.185627315013862
-7.186647994203435
-7.249564698403564
-7.210553630674489
-7.223109405290488
-7.203995848378206
-7.221920464056176
-7.213476679386469
-7.257014869699351
-7.195024889418758
-7.288068136469725
-7.177990921733879
-7.211993994181724
-7.2519802591883
-7.199457799725195
-7.240690883278958
-7.1683309569024205
-7.1816410172867355
-7.238860653435619
-7.233257143716845
-7.259952037095477
-7.282782666875995
-7.297741894742081
-7.217228277410436
-7.2078494882780975
-7.179317456365286
-7.251159252019784
-7.198159396381134
-7.226210035561515
-7.262032836900168
-7.190848666564512
-7.225935831103943
-7.208729583543949
-7.216233305469382
-7.259088835499529
-7.269712713818345
-7.244669677428831
-7.288599523637463
-7.200636272023352
-7.260904972183508
-7.193697254768506
-7.249590676808535
-7.081775727605683
-7.310885190792786
-7.2408718256434
-7.186385478642982
-7.11253372775559
-7.262219194447372
-7.145382154223751
-7.184112367842691
-7.262193940773135
-7.3077157318888375
-7.2437389461264905
-7.253053415663685
-7.241647709830407
-7.287691302958388
-7.263839639780212
-7.23624354934139
-7.260093963194446
-7.240680063140812
-7.198125773125104
-7.228026075279068
-7.266443583987341
-7.253258790998412
-7.172927269936249
-7.194968948069327
-7.3603677902186835
-7.255422005594271
-7.264226593104003
-7.229389627330534
-7.225226722899286
-7.2823694272876685
-7.294444985189756
-7.2697993269526435
-7.277666860296404
-7.334586821014539
-7.261503759413071
-7.253575713435861
-7.245310727243603
-7.242510179513727
-7.294222115475939
-7.222249233323311
-7.26280833929609
-7.146400427512863
-7.272987533383589
-7.2103260661248285
-7.2049972486591205
-7.258157643488261
-7.272410646395675
-7.2863281759116125
-7.2491766437283065
-7.330153896016189
-7.299252950244966
-7.266507376449728
-7.29559926529031
-7.278680882653702
-7.228376628368352
-7.235220295427732
-7.254788083011251
-7.2723894751269
-7.267255592814336
-7.308879184875329
-7.251163285267521
-7.297569494554747
-7.315834084795184
-7.231964727775244
-7.309658730799943
-7.241547008617478
-7.291605914814207
-7.280368600222364
-7.382768681512812
-7.229700454739597
-7.255457079385933
-7.317839460576704
-7.2172568627922065
-7.297910125831056
-7.399818451194086
-7.354667823865454
-7.234531226638975
-7.285501782091993
-7.253450605009481
-7.3093154911395075
-7.3098172912468975
-7.278675327413506
-7.246266340729779
-7.2777520655589845
-7.274784511739155
-7.315924429190142
-7.273829691704522
-7.3903349502798195
-7.362389291459633
-7.270228876317347
-7.262119355091421
-7.309444256516
-7.317980918562175
-7.252413131410648
-7.348457813336025
-7.294115880180667
-7.2873129660059695
-7.278310790743048
-7.275339860500276
-7.277731783314748
-7.3054794239456715
-7.215650880727222
-7.30375834178216
-7.274917848804051
-7.254575882225407
-7.310642318521514
-7.280204450934875
-7.303925096322053
-7.364265872605924
-7.286401182049372
-7.32603652836513
-7.353950267542243
-7.339104158034265
-7.281096285015119
-7.292277546463146
-7.270373150195946
-7.37259961446216
-7.384548336960127
-7.310358024601367
-7.336604816409403
-7.2886772026295965
-7.323028567468883
-7.290100635551648
-7.317640517498967
-7.338889529703231
-7.288868970485416
-7.398081338590156
-7.384172426759648
-7.349735439410885
-7.304964142271484
-7.353555145593804
-7.3162887390739035
-7.337494609860762
-7.35254180522989
-7.286042402269437
-7.311916892546138
-7.346707020025253
-7.35727747824437
-7.348002263188791
-7.340256363996294
-7.297891896722445
-7.374277485635813
-7.341185136965695
-7.3552524414440486
-7.392488960054788
-7.3555718122031895
-7.330228069409241
-7.4024347341993355
-7.40140903436108
-7.396123806140917
-7.360265047688266
-7.349098727246885
-7.341302276329748
-7.324827200979619
-7.400835480781833
-7.348412289643898
-7.3766057130878595
-7.343973596726787
-7.307625271228699
-7.318871408251541
-7.352214774075884
-7.406176851428099
-7.400783925554393
-7.393280196294362
-7.316787714663318
-7.387341626703769
-7.383826979331457
-7.410578322351751
-7.362837262009361
-7.376689948885451
-7.370422592907433
-7.386906783491203
-7.32735726048024
-7.368295141536532
-7.371232102348353
-7.3904436826374935
-7.34487427375159
-7.370088722600123
-7.377029213426765
-7.39344413490159
-7.322018514105304
-7.353464840718073
-7.406013560752436
-7.4706737023070735
-7.443197578269644
-7.373122119090865
-7.361238820909716
-7.357754008378416
-7.361520410894063
-7.340441244747814
-7.405467349982948
-7.431482203071686
-7.32668730017811
-7.398026312441279
-7.46808822101925
-7.422891398449448
-7.416074300028083
-7.409930898273103
-7.306214035389087
-7.348526224801725
-7.2013837443967805
-7.2869763981023015
-7.203185398719376
-7.208293297740413
-7.111819186969358
-7.368866584216251
-7.38380928248443
-7.4355819945374355
-7.409520796108605
-7.416601442261282
-7.450975968807071
-7.458268609545839
-7.38589682645743
-7.3245359189954815
-7.3855515125324125
-7.367240209091692
-7.322678939621418
-7.39067018798295
-7.383434269826392
-7.376379500306772
-7.443583648837086
-7.331546672942332
-7.5040301751596985
-7.356475458011821
-7.329989013060237
-7.406101662939929
-7.397654515554709
-7.4317591483120395
-7.411586113232748
-7.3883247153089115
-7.463696943428393
-7.461329833101278
-7.444406223736728
-7.397441159314709
-7.36185431721644
-7.388561141730907
-7.349207226248848
-7.428557390430935
-7.4753767166592855
-7.4186739201479455
-7.360078879720764
-7.501843409309356
-7.4506893382512205
-7.369104388520708
-7.40588866499781
-7.388910359592195
-7.40682070961908
-7.482836408703642
-7.436734253366156
-7.407403002870218
-7.409990760285753
-7.457635211674617
-7.494084175389609
-7.42211748129178
-7.382121651839134
-7.473819372359976
-7.435831674937733
-7.416637247046662
-7.34305730393418
-7.456316626341565
-7.472753242124298
-7.413460191235524
-7.4761566967461155
-7.432693579943674
-7.4153441131725675
-7.435209753742375
-7.42146403316049
-7.450108191406568
-7.432891818400562
-7.430192750597634
-7.443110494562316
-7.368499112297076
-7.41778219408741
-7.484052479020635
-7.49967862253163
-7.474641809081277
-7.4252996095011445
-7.413320772722398
-7.507239850775941
-7.4212137227020865
-7.519235709259781
-7.472551903496769
-7.4782246600499125
-7.407712369734559
-7.376229735275688
-7.452426555761338
-7.548384980747567
-7.453447709491536
-7.431930368276271
-7.513115170037903
-7.408476802455128
-7.471734986788542
-7.475739991973734
-7.412717054830634
-7.532230557093789
-7.490287339014078
-7.508871287743067
-7.413310745941151
-7.497763860971883
-7.503666872735869
-7.497224196099168
-7.549886334852182
-7.5311347435347376
-7.46900620684404
-7.506526593712528
-7.398238721926754
-7.297152591264949
-7.452040476804672
-7.490841932098184
-7.43786270642331
-7.44187232354158
-7.562965283841334
-7.507472585403541
-7.544736762005359
-7.545249767131918
-7.518404287733713
-7.436809247596677
-7.52404521008684
-7.511232572400306
-7.429582963869269
-7.503491040494286
-7.493517963226349
-7.4526764214784
-7.504881635530414
-7.471212506345506
-7.5103039555442255
-7.543458767794601
-7.53253047393272
-7.5307668056977395
-7.463989105351779
-7.482090908315875
-7.436352064820458
-7.472675038547482
-7.476610132728618
-7.510922814050976
-7.529458036807885
-7.544290971166086
-7.4134584990432275
-7.502882768657361
-7.444215336302047
-7.436783576771039
-7.456730806745333
-7.394318347226329
-7.506172412974104
-7.513744218655841
-7.491381847576652
-7.515743133285054
-7.503115778594195
-7.566713083303767
-7.434568625648748
-7.460714062309979
-7.4548125895683475
-7.432764095338129
-7.519691926646356
-7.47057394140783
-7.515288262965267
-7.497397396738873
-7.5256245392150625
-7.476036027862972
-7.542264363866787
-7.574964194021854
-7.494410574825159
-7.508572530416837
-7.537594718589692
-7.517725660508184
-7.611610003180584
-7.4720813382300495
-7.5481795945553545
-7.562532646722061
-7.578618727626114
-7.501895586420144
-7.5252608962291365
-7.582786417204591
-7.508110922329455
-7.523993190001528
-7.581965490252975
-7.528759078536009
-7.5158308458043965
-7.566438248870293
-7.518889061993464
-7.561623797227838
-7.534273949128465
-7.4840603588781365
-7.622755599480882
-7.585657759223643
-7.489763287230254
-7.504304258855824
-7.47699703187338
-7.496292691549733
-7.462089554119331
-7.5272426858979005
-7.543882095561999
-7.510625885247899
-7.5936237888913745
-7.549901608343844
-7.557698923451344
-7.499414752789352
-7.554971739358819
-7.607839784296738
-7.588345552745112
-7.539291601714993
-7.523465962840106
-7.556167865324243
-7.51120779566789
-7.545046589269671
-7.522810392099534
-7.562166317509676
-7.598436764072026
-7.553804468399058
-7.535573686824769
-7.5565559545018735
-7.544394042699927
-7.589588191636778
-7.562701623119786
-7.506203589515933
-7.541278423229767
-7.489218150300747
-7.6494389050118485
-7.559867033047313
-7.527347046129787
-7.518060414133224
-7.565926034035423
-7.56280132513856
-7.514679142282323
-7.556984486053783
-7.5466813399919275
-7.575281586416186
-7.649525318663706
-7.547221826970652
-7.542836246330641
-7.638256307080401
-7.610857885561423
-7.600392406090681
-7.637452016339459
-7.517194499335287
-7.4142771681161115
-7.035454726938281
-7.374722032437297
-7.4083983929380555
-7.626960512474842
-7.663234431865837
-7.57312682092418
-7.625736947020943
-7.618576814726379
-7.610717293451967
-7.588552266347721
-7.609879980666817
-7.6371667052090935
-7.6367595024872275
-7.614762578017549
-7.583846378809151
-7.62274150832935
-7.587870381337783
-7.643092130980077
-7.582393432827139
-7.568860253955541
-7.502267249651047
-7.5173064174568545
-7.455992772147329
-7.481986115123799
-7.566751145043361
-7.518020826783989
-7.510182054404223
-7.535361819066683
-7.467587686439126
-7.573896537533344
-7.506921538113875
-7.601975247122735
-7.584799083955708
-7.639794880669196
-7.508679956773709
-7.620386413127
-7.593449298687979
-7.595822926092826
-7.61213821244358
-7.597939765328298
-7.6295666547385395
-7.577624448739335
-7.657580321682218
-7.561004196990675
-7.661635086582021
-7.653219663632666
-7.581983757992528
-7.543579111647282
-7.599893645831603
-7.599441550754808
-7.632748269827502
-7.721700398775221
-7.607122243384061
-7.608482374672893
-7.676721795686262
-7.587475713078053
-7.7121421389508855
-7.618576656224322
-7.677305998237493
-7.601500594098616
-7.6611740948158475
-7.637792123988517
-7.689379370128136
-7.626989287903875
-7.705706706562869
-7.662386574598468
-7.692435386171455
-7.674203666261278
-7.637010824744056
-7.6659410669377825
-7.661013011495895
-7.7197768424475175
-7.634087952842532
-7.621868080446936
-7.636681524201276
-7.669804199650372
-7.641343484561334
-7.576624472775719
-7.49387314165071
-7.379632558125095
-7.264892611125234
-7.234389467899615
-7.1953302433691055
-7.109158096932099
-7.050839301088627
-6.920928002777396
-7.00005127049801
-6.851014281193937
-6.78542153284879
-6.784708455298428
-6.910259958952963
-6.915771868891979
-6.893428233630641
-6.868311113493428
-6.891885701751281
-7.024420185722163
-6.98561664009113
-7.001693205792647
-7.058874911961557
-7.2296633784433695
-7.199871771214018
-7.250330057632105
-7.245301150814767
-7.2889043766430195
-7.281986549113265
-7.276795721837044
-7.248891340007816
-7.301115549602599
-7.331513557081187
-7.41917245442324
-7.422673103727448
-7.378373564289814
-7.498835936537633
-7.5020240923764465
-7.392613327486531
-7.481607342400584
-7.489151246563445
-7.483118164783853
-7.410661699626717
-7.504542071312105
-7.543323763632708
-7.562418130586268
-7.464071481995089
-7.532967550511245
-7.640453454755207
-7.545843245311811
-7.579365563122116
-7.574776699641058
-7.4949161005170595
-7.6450457166012615
-7.602232858099502
-7.579693399569009
-7.6507525444962825
-7.64101657984708
-7.552007636453318
-7.630502245158984
-7.603179088204768
-7.571932976794168
-7.6482913230110015
-7.6671641308234975
-7.628390238907205
-7.668290835303168
-7.635408513566208
-7.591710187143355
-7.640260832988099
-7.632715241008603
-7.677730123334015
-7.6248896739555185
-7.722924028835563
-7.6335296622655
-7.661922742879084
-7.694099789206913
-7.68247021384483
-7.716426446084725
-7.6619552910442215
-7.66403090247779
-7.651476879905876
-7.626804326006156
-7.646218194242138
-7.667466286399094
-7.716515021396849
-7.713562604266764
-7.66852502963084
-7.697209274669927
-7.663775625907211
-7.72884284483346
-7.731577780513118
-7.678097562465412
-7.664045875947835
-7.6975046422992195
-7.763014533911492
-7.610531253687545
-7.689047114176637
-7.619925980737687
-7.721679469904214
-7.694846009494217
-7.732133715956661
-7.66001609986849
-7.753077040165211
-7.668662524605574
-7.663884470589285
-7.773446678198598
-7.747944827546952
-7.645892658076545
-7.721589767189977
-7.683608842085213
-7.762503074934976
-7.721212491284219
-7.705355636567116
-7.702741369762208
-7.693544528642024
-7.688993604145833
-7.733148327720187
-7.703337484043217
-7.744462338470251
-7.685846970688594
-7.743736514280164
-7.687559272609414
-7.666340756426081
-7.711439321068276
-7.694030154931642
-7.711932949970034
-7.749822026674841
-7.6382918659750665
-7.7020767190850155
-7.719853632349736
-7.701856310960196
-7.690065664551262
-7.79677911028266
-7.706879448978744
-7.74449305335078
-7.801531337288374
-7.697890924402491
-7.681421598367155
-7.766037969817383
-7.686131031811681
-7.768470003711039
-7.8418019839214965
-7.719334784921563
-7.71115458550088
-7.672803627357282
-7.717830736391363
-7.751725880170807
-7.72587592928343
-7.721966670287876
-7.767307781919278
-7.717913006692675
-7.767029919741404
-7.68540244937066
-7.694116491872265
-7.69890275104019
-7.776842311272474
-7.817191971360706
-7.690482430116015
-7.721876598525523
-7.728401786754887
-7.720369272188257
-7.8201069720672
-7.741697773436787
-7.705656690593814
-7.780784415445521
-7.786371507575777
-7.773702905005706
-7.765656980169805
-7.7359329627085165
-7.785109253496277
-7.741455033110509
-7.729516366508654
-7.606838409994335
-7.765538400848913
-7.812943706057365
-7.692582627932838
-7.742932127511958
-7.718691967862006
-7.7519774329857745
-7.73075240724517
-7.784552651051465
-7.795747406395242
-7.752661706806312
-7.7408600666588185
-7.743742848998004
-7.777188994446717
-7.789675611945997
-7.800063354680069
-7.756281704018147
-7.775229097327396
-7.764925641767505
-7.779724960128146
-7.782778604238274
-7.759512735986836
-7.657679848856183
-7.7704722430583475
-7.765244516578882
-7.779392734956045
-7.8131992221098345
-7.761665881176677
-7.802314997608747
-7.718797201926273
-7.738710532810157
-7.756222669922375
-7.750460058415008
-7.838284399490253
-7.764222443738054
-7.722585530568139
-7.818811238293069
-7.819334333965751
-7.836035128092401
-7.744875144724969
-7.808104992255335
-7.767399659992937
-7.763473682894567
-7.710741366314645
-7.728230398391601
-7.784516460337554
-7.723486980241848
-7.79058606602877
-7.782356396675732
-7.844901238129982
-7.794972137435628
-7.835964456496921
-7.728440958020494
-7.853780394984241
-7.866399809588325
-7.789431478178156
-7.755898699804631
-7.828880222334224
-7.8132369813110065
-7.795082569448363
-7.826901402073114
-7.790254989749345
-7.863636099585041
-7.795071021511785
-7.728380206009568
-7.78955598736181
-7.784621101213023
-7.842066534958601
-7.870220608580353
-7.887910018589469
-7.8207355961715
-7.82604165332742
-7.845058195404938
-7.770428802493801
-7.904947421089718
-7.812263576323457
-7.849854960342039
-7.818414364726248
-7.803637616450968
-7.847469221220983
-7.778513930459124
-7.837006927168078
-7.868403991256035
-7.817758982336308
-7.825694205631544
-7.859537584480136
-7.833494015305549
-7.786645923933633
-7.895557271445778
-7.815795219419626
-7.891709162588512
-7.824010522120169
-7.776530809169088
-7.874684553249631
-7.888530765207534
-7.818458996915055
-7.81840297253044
-7.918689863652239
-7.85390571371063
-7.84973299142373
-7.824941660981486
-7.816666197399745
-7.786485123331302
-7.7907532223033105
-7.897701210050198
-7.813506404275284
-7.890812182493419
-7.785189064367917
-7.875160373462883
-7.892364097058408
-7.7856673722127745
-7.801574528534598
-7.843327406979355
-7.66731773370822
-7.853162954732861
-7.889363109695594
-7.8858518624455165
-7.8724633105833535
-7.859072993247953
-7.900061805471342
-7.836756071438522
-7.7660500336484235
-7.866256116670136
-7.772493580347268
-7.85780601765131
-7.858810475397076
-7.799118602744317
-7.817338901431845
-7.877438074334339
-7.7752983829579385
-7.919413269827611
-7.894419629207147
-7.8479761736521825
-7.925492740743401
-7.85462317123104
-7.9241234445088455
-7.873249449208821
-7.864698637233324
-7.860234807780522
-7.913607228505646
-7.875917188855183
-7.929291353842373
-7.804072041433989
-7.862452390644648
-7.817144189243456
-7.891780091873392
-7.851879924328434
-7.8307361028071645
-7.896402042667586
-7.866509453599079
-7.798466655685073
-7.810101287084239
-7.85471200303408
-7.8570052115824245
-7.845287709052276
-7.836213874553265
-7.8731357776441655
-7.901266695708859
-7.869113585739602
-7.893830285142963
-7.932095895365895
-7.921627596995234
-7.8554620827755
-7.760403286849639
-7.881288174556328
-7.857272564097771
-7.852554738482498
-7.9500585051804835
-7.864097292107196
-7.930179933247371
-7.893450697836389
-7.885506429322952
-7.86762573097796
-7.9196935043717405
-7.855100302237755
-7.856634400906849
-7.847807499472599
-7.851057938827863
-7.897983600421302
-7.873353290447406
-7.963554152884687
-7.886285064259541
-7.875589989186917
-7.9243148510886785
-7.875830514205652
-7.846208270526309
-7.919882723124281
-7.8815476719321955
-7.942972034621961
-7.897792478910901
-7.924997311485278
-7.9688979603542585
-7.949840192755312
-7.867877299370585
-7.9727637555227595
-7.922294070689064
-7.899674728893541
-7.905436009238308
-8.012488748416633
-7.901762101358749
-7.909657359847185
-7.907261666374534
-7.894285498444316
-7.837253654602593
-7.925523420986602
-7.8848275945893285
-7.951057370142485
-7.92064135003769
-7.900032261674196
-7.936018066303032
-7.920844044252225
-7.955246912413793
-7.983462934879748
-7.892256297200612
-7.925311694504964
-7.855157761972838
-7.934223226051201
-7.942387367274954
-7.885298929491184
-7.96722657594695
-7.902091507502196
-7.834794684059007
-7.942850468401137
-7.901764851383193
-7.933803215267421
-7.900351109538487
-7.995308319766024
-7.907531558223216
-7.895332375112414
-7.95517410488203
-7.992138346307049
-7.910914511157038
-7.9626462953157215
-7.909313144494982
-7.962147456346694
-7.923832625287108
-7.909621679156388
-7.8964292983294655
-7.918544700877407
-7.976344554337452
-7.918262190108343
-7.927619501688513
-7.966828561860183
-7.883027959771133
-7.959737561659638
-7.911425595960658
-7.906238756034679
-8.038781071763255
-7.946613661037022
-7.981120354035966
-7.928309799539702
-8.010649507151902
-7.993638494354873
-7.981057380827362
-8.036472098109934
-7.749890075467822
-8.001747383692157
-7.9131276543024995
-7.908437699802551
-7.955267316783105
-7.967831990521571
-8.033214234478162
-8.012695933547485
-8.03768296358008
-8.031906120500103
-7.948299286236857
-8.023095295904252
-8.041402247325468
-7.989940645669112
-8.106092827961811
-7.911946413233463
-8.081228947119088
-7.927535299736459
-8.07605749040726
-7.960524908746264
-7.975170205138234
-8.028466551604405
-8.03406120170983
-8.001320587806768
-7.988752388174646
-7.978874518222163
-8.04996702979058
-7.9940618410207
-7.9491891854883505
-7.976724759528591
-8.011450273397166
-7.978412918654832
-8.027798104601045
-8.07291288330804
-8.062405911949645
-7.969535193759007
-7.9964281094669305
-7.96603463701944
-7.89405893843268
-7.921066965944054
-7.995458991946605
-8.105910088879085
-8.021700305232208
-8.089068473141943
-8.028295962456673
-7.998161851251542
-7.976772278961824
-8.045891310363011
-7.917250026763452
-8.026919766971488
-8.044284448018916
-8.02269048110318
-8.014881265200348
-8.06024492796964
-8.019978856228642
-8.037604707087846
-7.997534849683302
-8.056677923964356
-8.068808282077459
-8.035612735074855
-7.975433692873707
-8.039235509713754
-8.058437068436048
-7.996775150600392
-8.0600844452071
-7.820243360245083
-8.000825659010774
-8.082431826165982
-7.9917741042825075
-7.973864965044278
-8.03393200874432
-8.099279992473736
-8.017281134473524
-8.103909610415903
-8.049165692620639
-8.065124124802733
-8.026236908319401
-8.008103456928009
-8.033387159257739
-8.058804806625337
-8.104456404554893
-8.064115075049445
-8.129554012802062
-8.019427867878262
-8.032795040749976
-8.009752761426563
-8.068853211494758
-8.03814829594168
-8.0782418560453
-8.046624392044789
-8.038788955615773
-8.060100461504097
-8.072727745091186
-8.021537779378164
-8.124520308166083
-8.03198002709367
-8.035332182486945
-8.016143510763408
-8.04085642503461
-8.019514597362253
-8.038611979787396
-8.073434969828398
-8.00594503738864
-8.034571561500648
-8.06583075692597
-8.107688138688015
-8.04684354131314
-8.042969118218435
-8.045667098991357
-8.05505512735773
-7.9746273941055055
-7.963041369333151
-8.091377662404552
-8.095024351012738
-8.062650198857352
-8.042592261459395
-8.002663269616187
-8.04380520113428
-8.097582425802981
-8.038687281937227
-8.172619569680057
-8.124969001777004
-8.0439494257839
-8.03762347294008
-8.070747526760497
-8.024232344014358
-8.064710092797581
-8.071851493218878
-8.09390406597828
-8.023665769979338
-8.00477405915275
-8.116241292794317
-8.026509752251966
-8.165799872721562
-8.045037132720722
-8.084702529692235
-8.081356283287224
-8.104304947686161
-8.178133824103977
-8.12225817046804
-8.112365504142272
-8.094199954083543
-8.127914153414542
-8.176329464314268
-8.143076118933188
-8.110169873370273
-8.001364832035861
-8.088635877342726
-8.170065337275139
-8.170762059665117
-8.123199249873522
-8.163640628795765
-8.063336959855205
-8.12235695552704
-8.24197986255899
-8.17144972487063
-8.098674732761783
-8.239603421651003
-8.097875892149832
-8.181861372323462
-8.109588669858864
-8.110966456024599
-8.093551128728581
-8.09469574881404
-8.184219868803948
-8.068600277498046
-8.116127299969541
-8.1017268613951
-8.074047396880909
-8.091353896222868
-8.01527227602246
-8.185467591868258
-8.099516361307542
-8.034976782054775
-8.105474337319597
-8.052608006553392
-8.081461395648736
-8.075406582210256
-8.016315034431479
-8.100075328097201
-8.03938094193647
-8.0812482755597
-7.99786958746278
-8.04331858162422
-8.060653445292496
-8.130716400931878
-8.113490293971246
-8.001535301053762
-8.013597017127601
-8.040991781973252
-8.143710134522442
-8.177817220283599
-8.113056962819782
-8.172784948792
-8.13417145170768
-8.264783330200746
-8.150711941090242
-8.102752717417241
-8.062629332828577
-8.155047345079053
-8.120799163616672
-8.172347916726753
-8.161777830999888
-8.061110082398349
-8.224550327055224
-8.166605353010345
-8.156943703446995
-8.167481645589357
-8.152492404325386
-8.240097209281473
-8.251361822525677
-8.19655513470594
-8.172866215142134
-8.164027371948604
-8.108985904829018
-8.183693693317013
-8.19559230559875
-8.187328417709065
-8.13852772769276
-8.196983859688272
-8.22611366979646
-8.142128933896599
-8.221207864653326
-8.202374455464634
-8.258591790879871
-8.202325052151265
-8.233335316659034
-8.237468311325529
-8.205106271801794
-8.228104290931455
-8.180780521355194
-8.195157415293707
-8.132136365272205
-8.202874695774113
-8.196426714033468
-8.204253297475452
-8.177844273613042
-8.181289724899061
-8.216172642258275
-8.197463292467818
-8.202701879260486
-8.214323570220474
-8.156739804168415
-8.317395124519388
-8.154253850395124
-8.16074758574475
-8.25492804493054
-8.174244516405485
-8.177560058935454
-8.119462643547172
-8.301110164562365
-8.19600166427407
-8.234627520418593
-8.182366894875964
-8.300254783301238
-8.19673300643452
-8.218086816488462
-8.1970386007529
-8.171928275255826
-8.205470122715488
-8.249228297186106
-8.319175572153345
-8.275041506453485
-8.209050340185525
-8.261926298763568
-7.976295160228443
-8.192036420008987
-8.339753395877551
-8.278340640074475
-7.971114524290281
-8.317710206741717
-8.278842129626012
-8.274433104052344
-8.304024013846371
-8.23157581890077
-8.239768136089328
-8.292697414163115
-8.235903513681981
-8.222518726869355
-8.31582607727233
-8.238238946107083
-8.27586165543478
-8.24928611731631
-8.199897312728586
-8.209609020468495
-8.24067264017477
-8.181563986123146
-8.219074347987345
-8.175836831400913
-8.330088789701563
-8.262023993248576
-8.213533979795656
-8.24102914032534
-8.242560521103576
-8.216673136079653
-8.261597375192954
-8.136994269214572
-8.270230713306344
-8.267091229430555
-8.331431304157396
-8.219979405711534
-8.227307947512765
-8.2610205306085
-8.296203823029742
-8.233391893422528
-8.226664547736263
-8.151662135775286
-8.287958527491897
-8.213178116432067
-8.275219861228736
-8.278162502460198
-8.282072168446248
-8.320656330660576
-8.28841432170011
-8.221237089993181
-8.301745632031036
-8.390043003379876
-8.301758004207597
-8.287333965296053
-8.301720637454338
-8.250296217394139
-8.31828787986846
-8.171060651262465
-8.38785767893412
-8.286680729536602
-8.231343505208041
-8.278171614839458
-8.325657370521766
-8.27947585496122
-8.405688366150276
-8.260191629862689
-8.318760321647728
-8.266801528355435
-8.237184528158537
-8.262689263674785
-8.306090626075052
-8.329407586219398
-8.243285565942493
-8.263453919015422
-8.27696337850726
-8.340091079144633
-8.30385058497996
-8.266646706999218
-8.34592183643172
-8.372315911329952
-8.336458280311836
-8.369863836031104
-8.296594002160663
-8.298347008713378
-8.329156740767898
-8.330769101093258
-8.350056571669688
-8.373293243447911
-8.376323741604185
-8.262268600204825
-8.319974990720192
-8.32532457897559
-8.325275691914621
-8.307978635421676
-8.375734777471152
-8.35568144257604
-8.323871187138577
-8.289847265350692
-8.30971694597214
-8.338365621322692
-8.341123265820306
-8.321217816634812
-8.397984615092701
-8.305784192315953
-8.318323581294923
-8.374634809177683
-8.286405948139718
-8.236459935087154
-8.228862328981718
-8.268456253593275
-8.340814052857697
-8.322700302689217
-8.253639877610796
-8.330953458477845
-8.327132438919183
-8.24140414942585
-8.321422244507714
-8.52231992697438
-8.383715098030047
-8.289434708760268
-8.287300737921282
-8.30917030231923
-8.386620430214728
-8.341101872116207
-8.396613762217193
-8.37806137815817
-8.300022004514407
-8.312885374522597
-8.417278819819458
-8.389758040616847
-8.419246366418609
-8.415147448944479
-8.353814709050132
-8.374271249601817
-8.342825424682331
-8.383693599524797
-8.438642734647116
-8.400287468588829
-8.452080632651102
-8.406615026928511
-8.38794285730513
-8.353838452329745
-8.437211928734452
-8.394227626183415
-8.36849232105414
-8.38229744736002
-8.358152009099314
-8.471995879414363
-8.290814908293994
-7.660891244779544
-6.982880653536594
-7.863539472578484
-7.357977877478487
-7.165538196995333
-7.088737309341721
-6.563612235778513
-7.693278574393479
-7.958035690093758
-7.434748872135656
-7.853406675032689
-7.724181790276593
-8.486361064425031
-8.226547710020217
-6.986030546110138
-6.100667584685442
-6.024045396524091
-5.498917195960129
-5.521393579041733
-5.512616334809197
-5.4981857006919945
-5.498292866365395
-5.5039099766141595
-5.491189812097802
-5.49775183708907
-5.481968256659547
-5.508903703163241
-5.485241627289039
-5.4732761849670055
-5.485993880282797
-5.49915632994217
-5.482644693034928
-5.488681511837233
-5.476295660189398
-5.48307297391802
-5.479956044761415
-5.493960732721054
-5.494380593435019
-5.4947305850965025
-5.492340535440462
-5.479029697931891
-5.481991123061306
-5.483256217547947
-5.490305002328871
-5.472388806537176
-5.481476641910579
-5.490398270461635
-5.4947851213453225
-5.5005018066006475
-5.499444804877008
-5.498242038357224
-5.485741816405552
-5.488003916770091
-5.479375315334768
-5.492347425148196
-5.493130953419743
-5.473647911064203
-5.476275521910697
-5.476470513085989
-5.496189972078291
-5.488058503154256
-5.499281315071639
-5.4975353605292385
-5.5004739571991035
-5.491634142832046
-5.476098180087004
-5.473360733421277
-5.48029913396424
-5.484576994112728
-5.480204454451594
-5.474301122762988
-5.507399742515338
-5.479484212631131
-5.492094721354317
-5.4858113700841695
-5.485802940018065
-5.497395388099964
-5.502097187498998
-5.481437887651973
-5.4917501785598
-5.495077877251221
-5.513054560523818
-5.488363977970882
-5.478137685870154
-5.492925290809721
-5.481409116749079
-5.46917068694762
-5.477458833994492
-5.476117739713459
-5.489200276479453
-5.476330309521911
-5.494167335851053
-5.46987052683437
-5.485028177197968
-5.486603140475925
-5.489865271528542
-5.472982480378343
-5.49761391095588
-5.481658549153294
-5.4830594060836715
-5.493237937723837
-5.493228126306298
-5.488079381263273
-5.492766445511186
-5.481906715491977
-5.486477885107032
-5.483587145823181
-5.4771208778833325
-5.498555496620701
-5.477456402045742
-5.491012376606303
-5.485619956760276
-5.499084510494232
-5.496456205594142
-5.487602337543399
-5.483261432736089
-5.4936937852865775
-5.485774111238074
-5.49534210197297
-5.499441109330336
-5.4860070264470275
-5.482991414212817
-5.4962247720625905
-5.494473416252292
-5.4768812800344335
-5.4849811454467545
-5.480902712110002
-5.485487433079316
-5.4928441211750645
-5.4762345180040874
-5.489415248509951
-5.502077782026809
-5.49281936668708
-5.495905818382686
-5.48721009536031
-5.503606196567281
-5.482968365630442
-5.48322601105791
-5.477651672255765
-5.481168352965319
-5.482441986575795
-5.480707100543625
-5.4862701531795866
-5.483957366672501
-5.483818968490912
-5.489665458100685
-5.498545620695572
-5.479107492922683
-5.496404932890078
-5.47327034836702
-5.494609513292406
-5.486893930829288
-5.479934887996567
-5.4754473260457
-5.487521936781997
-5.477628799109997
-5.5020552764357085
-5.492524173424736
-5.487808820588083
-5.479745394358385
-5.488602067963545
-5.494987975209532
-5.487390498015285
-5.48379711077239
-5.493269551741127
-5.498575600117036
-5.482673825270445
-5.498328722199513
-5.48160634574643
-5.491680437276261
-5.4963668908854695
-5.486112232264121
-5.517674653261184
-5.491001649528515
-5.4954613614749315
-5.474046155703464
-5.483197637581819
-5.4827868995789775
-5.486754716077695
-5.497385376328438
-5.49136079763368
-5.4899369042553205
-5.495220555850214
-5.489000137043404
-5.473219912997242
-5.4916217187338106
-5.490278137981495
-5.494101444212614
-5.476156433225966
-5.477049822408494
-5.481355458374254
-5.47435612228837
-5.478309544467095
-5.483626916880894
-5.491528209366312
-5.4851620922015165
-5.495667848400615
-5.482638042644364
-5.477319744825191
-5.487671905643146
-5.478939130635911
-5.498856572346604
-5.480486241254475
-5.48927144461198
-5.4822766045099565
-5.477406214934565
-5.4861873024900145
-5.498630032313753
-5.481168944586109
-5.47857195712816
-5.485485086112388
-5.481713002362222
-5.477252388503313
-5.496661529082313
-5.494085255167363
-5.48521249080564
-5.474667935340763
-5.478058479808629
-5.49044718024172
-5.480650574062242
-5.497196355201738
-5.4944188181469045
-5.483326851791421
-5.49097600268183
-5.492486889587428
-5.491189869886346
-5.49119771984362
-5.48820739265115
-5.484700531256516
-5.483235253644332
-5.481119759462917
-5.478648144732084
-5.488230741856047
-5.472163497879702
-5.4772625454827155
-5.483877821467015
-5.484992251643181
-5.48956653243204
-5.48466386338345
-5.4892310914443385
-5.495322738291126
-5.494984194516935
-5.494670017484971
-5.484290108976631
-5.459294797490438
-5.478866468838844
-5.487717708370005
-5.499541773601428
-5.477446023071601
-5.490448145261404
