0.021032215328595134
0.028411975226739293
0.03516685576166108
0.016835754305682106
0.032203570854538004
0.022783466443429014
0.021250504382237915
0.026804767453573856
0.026308886612649733
0.028776982223113725
0.024378538789561706
0.022910140322098493
0.017747806673718267
0.013436384659306938
0.020711204794664845
0.017863847191569495
0.022837299308406916
0.028789655555262066
0.02951627232338815
0.023123830203695482
0.025646876475721326
0.020952210482368495
0.026410379066449538
0.032564713519837335
0.02805322795684168
0.028507275399443487
0.02042225048365472
0.021241051226739503
0.034089823742048754
0.025678664657074548
0.0167913171194333
0.0334568542223639
0.02124706142363716
0.023936084244197894
0.026990074322919198
0.0246364970954184
0.02716776479564135
0.028221296048618782
0.01177661145462948
0.019338316157249565
0.028154716912121486
0.028252984319596313
0.02773729487244484
0.025829376998514734
0.02401594350953307
0.017587403243531505
0.030134197522249474
0.03527921392785187
0.020974051786723076
0.017303443136856698
0.020489959052366665
0.033158776892653945
0.027811420111734046
0.025369934846275855
0.017798141418194767
0.03216964926365463
0.018684511456597025
0.019637636409598255
0.019102672892763815
0.020965276427766542
0.02112596148688216
0.019856608585909565
0.023866601169426866
0.030580449868982704
0.019750077041420944
0.028377932291837677
0.018166002695760786
0.0457850836623494
0.031995930237145934
0.02028699068572709
0.027635200541849196
0.03712689840561501
0.02155173297455506
0.04732228021929409
0.04166469245408287
0.03192193632316188
0.04876042237587176
0.05319652980050042
0.053579953000449834
0.0800742475955136
0.11900897375432642
0.05116421881541665
0.03369552652265
0.022038229528765524
0.04971814877291847
0.08184427429778784
0.12477012896386896
0.11763546961301256
0.0409051495071423
0.09836199201739101
0.1112732096337768
0.18507584844392502
0.12471623973998346
0.06377130310902275
0.13713327735866432
0.15582793503483391
0.16352493662525205
0.0871822763383835
0.09452250398607927
0.059918516185884396
0.1063206130003291
0.06502037779334673
0.1494429116674844
0.14110280344813844
0.06056153199768929
0.18107238143738644
0.17868384620305547
0.22052923310489353
0.23420589232149544
0.030189605263678317
0.14531147871635758
0.09132825965987831
0.15341498188360886
0.03981689441960221
0.13520753466059246
0.0687935779978409
0.06842820391407166
0.08299064717594604
0.08404000773860404
0.08168906898880675
0.08446093758018458
0.07926101731404127
0.04607858466676733
0.08031332338685568
0.06472660791705762
0.06237711701912227
0.053543980369009404
0.10024911354345555
0.06947647991922087
0.048090034646239656
0.13745611405405098
0.10824657955830884
0.09657805865899623
0.05950811071249031
0.06782195345730857
0.08658469942451727
0.08541478177765198
0.1603570903281876
0.16250434625571877
0.1157559365420411
0.06923999454190838
0.23887641771652382
0.21822785450740104
0.250094594704054
0.3093066284545643
0.17926683356440248
0.10093685947977615
0.04062890947598777
0.18710867742132525
0.33040400958395266
0.21559121138549844
0.20766445784237528
0.27807451722590404
0.2769855977403277
0.048979207836655124
0.03338707203511063
0.025904081451802945
0.0330436629881269
0.036652139421860144
0.04627639078509781
0.03463572377878293
0.03462207130147387
0.1895234276813607
0.19774822816443263
0.21819005788493834
0.03540477765298169
0.23223377177785356
0.028287122598524075
0.029243322426607436
0.03298011776127882
0.04740449097561889
0.043909384042509776
0.037186003698263824
0.03272836919885944
0.040056413995963616
0.20139155811982126
0.02875524377619379
0.03651803754533134
0.05335225202939556
0.1799545945759286
0.027578209943368025
0.03282609322773818
0.0375222478549679
0.029715042946832276
0.032813606027924214
0.03465765848520327
0.024555907236762854
0.05649097463720239
0.2201631717867442
0.20672407252847336
0.04105629882014195
0.03172442634274353
0.18916014233128373
0.20131912586891956
0.03901193452332261
0.2450548299382536
0.03096221841612952
0.19322435549987055
0.041226496349129324
0.08108495393908974
0.029714895296530788
0.27853833813726064
0.02367127479514115
0.1931085350775515
0.06523975248997534
0.22205892707849983
0.05457930177741642
0.0626389137049849
0.24487869500160192
0.19328317100937215
0.2800890922115639
0.33068696252529206
0.18142007485306574
0.26866167341741315
0.2977462676551246
0.24699808701539808
0.23012141602224367
0.2852979279964969
0.2764613503393881
0.20845836182393854
0.23228753128888752
0.17998897850010928
0.22508375909307995
0.20475421254688625
0.2845708936089089
0.20680370091670225
0.21194010338236097
0.23266267501419502
0.19312455722043842
0.2413340835500962
0.07265005665879448
0.24552607631457632
0.13666866517413076
0.17343121961441402
0.1284063801006411
0.19324844478601905
0.07131655811805947
0.20708623264938064
0.14584035455820307
0.11050699485593261
0.06177816452756965
0.17900283905814282
0.0265023823282122
0.05205960842309704
0.06763020263343422
0.13928735593651928
0.21250986881227932
0.14204313936402074
0.1971698631435839
0.2546992938929545
0.32658904043538267
0.2317443282254062
0.28337985374871444
0.2696435383625636
0.303640534627161
0.2564975541332332
0.29179506092620877
0.3294726787472683
0.16557746903149625
0.05943167263348582
0.30325970796574114
0.30486871488009165
0.263841148744708
0.2062401795835432
0.2416126531066207
0.31926323285329966
0.27059009059805045
0.2781207669402825
0.3305832808652167
0.26404210938861716
0.287613312414976
0.2576505770436029
0.2546497642910076
0.3825586907996418
0.20974118777110956
0.26437342523914753
0.2464850866832086
0.2160762004228476
0.24763901310694156
0.24635988944700235
0.30548915424751016
0.2659462216443132
0.25872601809126955
0.16125247033017606
0.1396067549174907
0.18490964599286422
0.22579383116167684
0.2539838072890296
0.08415286776178857
0.15268603141363746
0.18967109846973404
0.22341817564660807
0.05785008595609121
0.0990439876757191
0.16937309109501644
0.05861843036575094
0.07689870377629747
0.16000274956256763
0.254088386928375
0.2034206671180217
0.15533284513195403
0.04398373930609483
0.14377151540020358
0.0769761414792931
0.05801537527574602
0.06506853602311233
0.04759751992510887
0.03767625837452052
0.06208908754065917
0.06567671517065986
0.06710303464276038
0.08229194278821313
0.0415019102749769
0.10502371587733363
0.08435498932775591
0.05763167405703455
0.07248759548403068
0.06860507481628053
0.06739928904278752
0.07898318353480022
0.07841420553580174
0.10397090192820824
0.06334830433401413
0.11237627803669246
0.08699132972277074
0.06891235963678917
0.08028974346103042
0.0762585271746429
0.10248531193129937
0.0767122240724942
0.10134799864864544
0.10938486145993376
0.06906158248436926
0.04247163485716425
0.04489331497306411
0.06253822901082502
0.2141582633869072
0.28294046851153504
0.2572640467267021
0.32483541805651023
0.26515125803556183
0.19599107346774675
0.29093473343679405
0.20967817404745095
0.02288622633728974
0.2286904357137775
0.2056586415237324
0.20916422782465807
0.238888049905449
0.05868345315439593
0.18063000764777326
0.014232125270253861
0.047013444480889455
0.026126555057379004
0.22443435123778407
0.031033611461929195
0.0325431664891194
0.024850105550669525
0.02015100583565074
0.032246227454855066
0.030251202894272772
0.013072798938599597
0.020774623599243907
0.049976369341674015
0.03327533875859794
0.056884750617596555
0.02655261760874519
0.04337935456123806
0.05342743635970371
0.03602762473660251
0.033757490037733484
0.015486946386230849
0.03506242212833529
0.02240931077471947
0.034484324703068836
0.03853572502249586
0.0612346376636391
0.027136131004869328
0.023830683982139444
0.03438343268954408
0.022797913186258196
0.019791027558844945
0.028800723387761032
0.03979410636911237
0.026117760591644314
0.02694099900853639
0.026509787191939284
0.02730272019043398
0.039472602198697304
0.031421867824281045
0.028457162872030085
0.01717143683004668
0.01828970282791788
0.028665984515462782
0.03529046758946007
0.029991859875311395
0.03761935972364513
0.037440148681169294
0.027583665593687804
0.04286626140537564
0.01825320801806276
0.03428555305128973
0.037985156275938126
0.021349261285276342
0.02426257723056331
0.02924299955028109
0.027494545890566185
0.038527763117667195
0.038339757454379744
0.01645380364350477
0.03337030032854339
0.038084332012178826
0.041819606769186925
0.026271069691189544
0.030755688351484373
0.03379180875428125
0.032296581980833176
0.04659358423988545
0.03060221426847354
0.02566126606285512
0.035738939815993104
0.03013385877063099
0.039546695882048254
0.03500148442063388
0.017759895156997822
0.033930642135863325
0.028186483764737688
0.03071526044971778
0.043389222634523085
0.03663862818013947
0.20980194003510738
0.022148720242872347
0.035150476985662
0.22991347825162337
0.022033035423310206
0.057813664654520855
0.03646166768492892
0.04110756876367259
0.04820764184021059
0.02040462656364942
0.06956643037777475
0.047351964770596965
0.051441257432101
0.047582661252241865
0.024680904913509622
0.02894619313529111
0.035457309857918826
0.05187263159200422
0.22193716097971983
0.04320917359434658
0.22558689328155
0.20595904262253742
0.06023253823572053
0.02872520490316171
0.045340176373360616
0.3008115893760396
0.24359448382943075
0.11122487495189183
0.2658415743890993
0.0602629590808734
0.3018062494474455
0.2454924581439997
0.20840058039941742
0.2901378387160241
0.24009645838088228
0.2595195316133422
0.27270304868979933
0.32129881398892374
0.27866988747318727
0.25505624463860505
0.31108746706024315
0.2655902050536356
0.09930995197854389
0.24806284293617872
0.27756767354925066
0.24994550096341828
0.24281560142368064
0.29346057975890544
0.25209893511969217
0.27700540757106096
0.23434262274294732
0.24418905034498858
0.2978058637181411
0.18470376605180946
0.2399900155547184
0.19999904124141726
0.22813948490439795
0.08431747896442565
0.09260173737483766
0.2031539129452558
0.13756287486168498
0.17583882711392773
0.1883624128452831
0.1429834861622774
0.10639306589571211
0.16804414552562863
0.19495077632738148
0.14805965335587545
0.2379308213879209
0.21143732574972923
0.24720311204483603
0.127936605771698
0.18335936714962517
0.1894236371743575
0.20714137582741962
0.08233998556979871
0.10606836480598841
0.19508595728982267
0.12079393760223323
0.08825295509951843
0.0889625153578124
0.10830129029040778
0.10833444729986881
0.08266222673867517
0.18156572470629226
0.13788180327196975
0.18527202464001716
0.1220534900541631
0.0593414773729694
0.13399148431442442
0.2304027863813163
0.2491873857009948
0.2088275137981598
0.2422132030637131
0.19144592419033934
0.20044455412171258
0.24860787405677046
0.23673154676169314
0.2925281154570634
0.25320834430884387
0.26873971386929413
0.0735794464256755
0.18172884810837509
0.2554807840829838
0.2344478338050201
0.22441491693338234
0.15482777689931224
0.249465704132339
0.21464512782568218
0.03588437716963785
0.2654193282347768
0.21007612512337226
0.20774739870331033
0.23115579635510441
0.08607694628761703
0.20511718556315295
0.17979518542523684
0.17320682267978685
0.13866623890527607
0.23288081196085486
0.18368305280700323
0.1620586344850464
0.14490533776435313
0.043211306969588734
0.11559848171375776
0.058616739344558605
0.04294393844193966
0.15106139792596623
0.2278316783245769
0.23489704344484846
0.23379497469164284
0.2576232042513866
0.24371699583676307
0.22518900509234507
0.263241113048698
0.2282913241727699
0.1941843149852438
0.19682053704675678
0.16382358655111035
0.19368225532090574
0.21614855889176746
0.1584662414215031
0.20943761438441602
0.2531495749540378
0.11623262061714051
0.19595364483622654
0.19627026877249612
0.17042431940102415
0.23243066142603622
0.17616441198432153
0.16676265711640764
0.2489958917476854
0.2713255631189005
0.18019491164452991
0.14275451888988752
0.18786188524461975
0.21994417981009937
0.12011480562317937
0.18218154872882286
0.17991006051029548
0.2266604325740194
0.21404005815484775
0.15477426195050484
0.17241474977988422
0.1378594051817067
0.15869914564141901
0.177299062763214
0.24015643718072716
0.15699082770996975
0.055703171650892204
0.08078271210135222
0.16190200513652583
0.1589956828275365
0.14386197217875973
0.14794312840711416
0.10124998161448313
0.15484905105211
0.1108755747523035
0.19739885879531419
0.21413446478727546
0.08822942579453448
0.19564093632137752
0.16152324995048387
0.10059034640690497
0.09578670945768128
0.17783574283639283
0.06556012628394163
0.14181000520654036
0.1557122910071878
0.13986549529470169
0.07933594066089426
0.058138865827266656
0.06132033061611112
0.0641929667085245
0.1830409366360913
0.04920316947443353
0.10185703263900442
0.1806708430633411
0.056284155206787805
0.1455463392387455
0.05807049927637692
0.05855837234185821
0.11951984221443285
0.0754824693059302
0.08321965215231793
0.06852993402485597
0.12490265336300126
0.07860382321167225
0.08928267542823504
0.07059578254694096
0.18803253934637548
0.05339719137352562
0.12095244608699345
0.04963029414543049
0.05180291009568933
0.054304937853422754
0.08598343239600331
0.07683756326416763
0.14326216898335453
0.06638956900066122
0.06741319647884693
0.04313185587536872
0.1684838252729861
0.057321538333450266
0.1509935878756661
0.09758186815897645
0.14944496310534444
0.05457274639911795
0.1483235826799705
0.10339926665684553
0.08008786979061427
0.07499482840253109
0.09856447102326624
0.16610529168342003
0.10354046993297511
0.07928560809971344
0.09701171820094875
0.03616895172623662
0.035219335509079776
0.1593807084286573
0.17638772640440048
0.16396948821494126
0.11074816227763044
0.11691638324801379
0.05936970881220553
0.1624545919345793
0.052220558519993125
0.1957778678289534
0.08640205653625861
0.09916073615639324
0.14776219092216433
0.15602539950936967
0.0914604110831478
0.1196547520215957
0.20440228206553665
0.05199716983519397
0.08455260083791674
0.07912280311047534
0.05942767709681375
0.10139776848086147
0.19898394695457672
0.22182357782341977
0.05739963652258233
0.06792641034641982
0.11098293083627851
0.06589497899460471
0.13396151226144035
0.19095695010231792
0.06182916930643272
0.07620133286384986
0.22894226301266657
0.18424787500333964
0.07888598472944351
0.05827174323220087
0.08518145928428457
0.08552884065632736
0.07505681373758516
0.17279218188028597
0.16011208530221435
0.19125844650405102
0.07866531252135588
0.18124785696616735
0.13183101359201477
0.08996094868297025
0.04937380899352999
0.07841082138825657
0.13206492310080636
0.07862758027072608
0.11538269761827775
0.07353610509355614
0.2004758988096303
0.19264278896705297
0.14233303217987628
0.12639048127337135
0.15743653468416383
0.09016304501089628
0.08607853279661308
0.23271583296466603
0.1268362707752124
0.07776248371814848
0.21862321883991212
0.06099153741454417
0.19647427255806252
0.15310198965748642
0.05879243263386897
0.15017160967625276
0.08275718652454564
0.060307662895926116
0.1865703237921079
0.07030247933714286
0.12930410537352327
0.06631187151544644
0.09587528899457358
0.09664193528897073
0.10298864681750002
0.04102888756238724
0.07797032124667005
0.05897171660661815
0.17177299819471287
0.1964874747447919
0.09009548057986631
0.06324855589336457
0.0520109246451484
0.2056346301318001
0.1117975408624709
0.06866850165271922
0.07295248382378285
0.09582597806040886
0.052613189423911556
0.07520142101624189
0.12651995327367418
0.05167720159914882
0.0838218732964396
0.06346557331194583
0.20119235067325372
0.07573952540275601
0.08575741511839614
0.14581678123696287
0.08188834645943034
0.06313412847197195
0.19794994804290708
0.19783869268484172
0.09389731451638161
0.09242619512321773
0.078073614741576
0.08836661276302922
0.05308398056654669
0.1586182970635172
0.21329286124579153
0.10636018904855171
0.25817563521001086
0.18490103113950218
0.1381974868255565
0.08990476934352168
0.1730031646734013
0.09057657522582081
0.061082623437606114
0.1888248840694295
0.07601745872672859
0.1216668082871521
0.2410564342163073
0.1601036671038726
0.1423565432202985
0.12333114582319288
0.08629944412837062
0.08835387352384463
0.11191488955583383
0.2408694731556279
0.04073656901060703
0.07188688348656072
0.16472478921254863
0.05570080708379041
0.0796973692988774
0.056824366389677854
0.0777612379277147
0.06030569909040904
0.07125142896461463
0.09678412052682958
0.08648337046377225
0.14696444980575524
0.1018709453223915
0.048000609547292454
0.09728064975443626
0.07681362016494889
0.04416152874208285
0.11409314578646329
0.07526547030513424
0.13906986794416018
0.07039206719638655
0.06747154833507771
0.10906554853033318
0.06612372993550845
0.058769107854135506
0.1132667323796424
0.08343675286721604
0.07342904135123832
0.07874660691925693
0.04153834952998339
0.08136160249760684
0.07410032093775044
0.10485038184097786
0.140055683576256
0.08471207626590715
0.05493253174703325
0.18797738024559996
0.06550706637304948
0.1011489344406935
0.06173638420726496
0.07321773783843398
0.14965854143766752
0.06430438368674288
0.10018237251738431
0.0425183681140315
0.08849527820516642
0.1860258012216224
0.18848730894083693
0.09074727067695629
0.08183405528307812
0.13326588842567727
0.07697162204563773
0.09708384294793536
0.0719989210841183
0.059556359954626936
0.08684368279321845
0.08032247511154225
0.08100691981644446
0.06641866152815136
0.09283014032020709
0.09798908767480327
0.19999353490311036
0.08380833217475307
0.07760145831626104
0.09433065013408301
0.08460224965320597
0.07089238648539736
0.12439103321183713
0.04487728986405352
0.08343112992241472
0.13471359732320437
0.04701376948281943
0.0446259526486447
0.052460118241216276
0.07823557675789249
0.07728835757381634
0.08283414800797675
0.11578689511309334
0.23413451598666285
0.06691144932519182
0.1450410169805223
0.14554527784879825
0.0729496983062164
0.10095466132954553
0.08978691353816032
0.08527667818990138
0.07791170841103819
0.06196911349597621
0.12394592774886869
0.054960995784766604
0.06816025324840781
0.09358976344090492
0.09361164137095154
0.09409095680896074
0.10632012405068995
0.07799904552736973
0.06292838407736055
0.20600535262883088
0.0813192992619798
0.08055360000491955
0.09639723600986085
0.14019224565454433
0.09812581665639981
0.07575777993308716
0.05947525048534658
0.08160893904392966
0.11197455263747048
0.19986797434599582
0.07342383010900878
0.19535133330627935
0.3125355082594053
0.07822279590049383
0.22864916992010242
0.15409036463326628
0.04531533741306085
0.10335315664207897
0.24882091206115547
0.09120162394059854
0.17390626289329447
0.19593225130974032
0.16204103410220874
0.17089403116655785
0.27136450431519826
0.26435553107972287
0.06107362429142191
0.06255604901452563
0.076176915579727
0.10871915237755808
0.27033961479586743
0.1794025066291214
0.18291667631277336
0.08556461123123132
0.1881143892503072
0.2974782543180331
0.19382766235885118
0.18400645733017162
0.07232118086873505
0.21353306173040806
0.24489118458304915
0.17611463011935716
0.052297716542467704
0.08610189216181906
0.14345800036934395
0.1533246539543197
0.08157235181150568
0.06614728932355926
0.06054779709763413
0.11030657092706377
0.05957957682250766
0.07790997727450648
0.08200202734785593
0.08169967113547709
0.09632876667196921
0.10856253787565401
0.06366174873464683
0.1299513632169939
0.20855965588341016
0.08144110146133891
0.07281556086644168
0.09542777573564083
0.06151063263259412
0.0910373248020859
0.06687118260929911
0.062102229764279725
0.06970579584324338
0.08938103469319435
0.09110839735151854
0.07920602269180664
0.08420602748735823
0.08710394401233368
0.19991184754313523
0.06764828402120024
0.07249489933337169
0.08377012442791204
0.05427891070084989
0.06567925205015125
0.061406816686753005
0.01905269969383876
0.08690629181345164
0.21197828707289518
0.09340536331225072
0.07521412020181903
0.09732983777893192
0.0994978439630737
0.20104055350941358
0.08401329102409559
0.06318511021384565
0.08219568729240738
0.08288419652847175
0.08087870782578925
0.08547519260250852
0.10485256085443594
0.07794259863075433
0.07906899205950088
0.08911407160307004
0.050860040610496336
0.08018585065702827
0.06550689401552032
0.08405250162351226
0.08488395181757524
0.08524139963471448
0.0639353326698719
0.10722163579256708
0.08094035881488996
0.09927601526653058
0.24207090669264683
0.07268703273691177
0.11057105124885444
0.08886347192484753
0.0859512858446976
0.07542519272888462
0.06853388530884695
0.04422907542945967
0.08855522498300261
0.07622663071066105
0.11048821092078445
0.08610682974441135
0.12352139903358045
0.08664759416784697
0.10451520812587564
0.08155176560397746
0.0697614834190146
0.09459434869396645
0.08520572188685475
0.12170395465129664
0.07816435764641233
0.08631110041913809
0.07845769892297988
0.11014684207114557
0.07212053704367113
0.08411130777793792
0.06433259631717711
0.10335808084865548
0.059033773218267895
0.11506069462572588
0.1294861934949345
0.07665096144368493
0.09383338199696417
0.07144979728069753
0.08072150007694559
0.06951420246278954
0.058660537038787756
0.10314019388049972
0.22544941538330635
0.10223251341383804
0.08317107134057282
0.0853788315006438
0.10160940595176458
0.11332244484513629
0.07745935887825534
0.0815963868269065
0.06204898977885639
0.06781739255957012
0.1937795970885166
0.10789492899444379
0.09930275590888456
0.09441794527554909
0.06596208450889092
0.033246110727910505
0.10743542936132394
0.05704805686442223
0.07934866254854055
0.11970603578416358
0.125067384569718
0.10396881420871307
0.08237089266973525
0.14214105951023
0.052702398426297696
0.09295220136089515
0.06755833090996292
0.0956043563986902
0.09143746951693234
0.11562004010270145
0.09557035848146499
0.05154204148141232
0.11743150856138213
0.1285882757160317
0.11437791850370735
0.08266006133467185
0.0666165786709319
0.12089951971315482
0.11562640954433798
0.06290844209356372
0.06819601497594086
0.07687830382389058
0.06104688419041129
0.10666898019209968
0.14350182842063236
0.10949047583926692
0.0702162499937903
0.08295668370667753
0.23248907614130981
0.07958251406047052
0.08419829717529236
0.07004541099026786
0.09687483956345555
0.06725112863177518
0.1098126651848232
0.07430188436953923
0.09312856459443213
0.07584427098876909
0.2381639010283656
0.0950720675610008
0.28280939988213677
0.08485350438940768
0.0668786313302445
0.21016075313040608
0.28192512351988647
0.1435519413958952
0.08470266867524676
0.06577170745500174
0.07415814755754307
0.2584982855222597
0.33865922550377353
0.22905834328845295
0.23900258808791214
0.28378272488637474
0.1830425182997039
0.10081260471031321
0.06895971907286616
0.11433503157255792
0.08670523378896931
0.22145730737682617
0.07220537406336129
0.06455718696107612
0.09755274143473804
0.1272696343605796
0.2078601830299069
0.1370909041560092
0.08783010551993561
0.09659117755342941
0.13019489467151438
0.08527620965143469
0.06831950323243
0.12406708861587079
0.09699721933160169
0.036478798573549374
0.10707958596033963
0.13112611594633444
0.07644011350843204
0.09790971163322408
0.1539994606897556
0.08313362597259719
0.2243486870551192
0.10541181492896745
0.062398640205541284
0.07833286548097912
0.08560592069515657
0.07580870349472305
0.06691482267624907
0.07621278867949044
0.10816051382452173
0.0712155333603622
0.07406132188342704
0.12246456450870981
0.05913810635430468
0.08552342179252494
0.08438907721479397
0.11432439029055959
0.09260041438992887
0.0828395780625384
0.07002522129609805
0.08736970243323582
0.05435096834125071
0.042202529852625174
0.06542404290837044
0.13293969851623888
0.09247919410553056
0.12492943063277209
0.10637398458213604
0.08644388787166496
0.1153840223942984
0.061462808887437166
0.09084738064545547
0.09025705418875947
0.06954391068530555
0.10986828663396732
0.07233402517396614
0.09052193956384226
0.11425247224405247
0.08744689889051542
0.05868016670080333
0.07855264157500631
0.07778265421720322
0.09414700607864035
0.23892593419546232
0.1281707950831658
0.06893559116154731
0.06850283703947205
0.09661032106620394
0.06142743729393589
0.058719762204003094
0.06621009590702961
0.08323669893002728
0.08755886145615575
0.11410986085730151
0.11032713558499442
0.10780809207722468
0.2595335844863488
0.059015611739740265
0.07061319791888453
0.08103626210670709
0.102813063230774
0.09587509413249105
0.04970741930987818
0.10099916815463268
0.0672409122105915
0.06633780577725347
0.29396285574654857
0.12393223511287048
0.0930998985236066
0.05995127332757066
0.14602071397648417
0.07942476871284239
0.2132535442419131
0.2334690568537819
0.15190194362235812
0.06526400876287757
0.20734619271812604
0.08264745051059758
0.11865307819666143
0.07701097029277441
0.06784697801972202
0.06698581679456224
0.070317312465371
0.11188851321680607
0.06178345622350071
0.08156194424858225
0.10827518891546789
0.06358196883609554
0.06487562461611365
0.061427619553537656
0.08320942480410239
0.14520256347877344
0.053248775672560346
0.13585918039517242
0.05561550283592195
0.06630953251800718
0.15605850376282385
0.049766670248175104
0.10921366783236137
0.09681762602965548
0.13090529239864782
0.08080642860856264
0.09348598463044341
0.07766766706936602
0.1396801009168998
0.07585107239956616
0.14215813499561233
0.09591810717516527
0.08356942342240166
0.09717808509854653
0.07403265635291117
0.054268429542084
0.09850445249531048
0.09044785624506232
0.08076081717518427
0.0837214143810374
0.10943260304890028
0.10323676834609512
0.07694851149161938
0.2539602685659788
0.24633836125444328
0.04712096382706091
0.10223553982124357
0.07349055809281714
0.24296415633864327
0.11278790814257941
0.06750704892856037
0.06258004586823525
0.1692689824160213
0.28162419133890115
0.08865157113655879
0.21279304045985137
0.19093824717383143
0.15247612558198775
0.05753361459079495
0.10174474423927626
0.10447633754212661
0.2506069555450746
0.06874337110119563
0.09547525667254558
0.08269095978566716
0.23137169855593734
0.12367162307019242
0.07172659760593213
0.045900572629405105
0.19119628857983537
0.09029195571416962
0.07026023274256818
0.0715906702368327
0.1729817563727727
0.06319482039235402
0.10503864445581017
0.1813976209573426
0.05809776359502472
0.09286701390395805
0.08204106543080697
0.07900933473394454
0.10838075451670488
0.08928012324948985
0.08255627397951654
0.039176790462040346
0.08550152934816514
0.12618141692589113
0.06929318712092793
0.11080473343610461
0.08018328853651441
0.12272542363640715
0.07836898088514704
0.090544233312404
0.036141172073608716
0.06312503700332754
0.05858071623046617
0.10789000783054482
0.11318901791553021
0.11947039329025964
0.07050641404368575
0.0648969284037101
0.087797885790214
0.09244231239824248
0.0947438679027295
0.12003439729363609
0.09768780718946488
0.08162937933775188
0.12315608620202256
0.08718119759801357
0.12549203380765256
0.11383065450387594
0.08563099421600447
0.05686682542508351
0.09588037620007189
0.09097961307197151
0.07147417196481767
0.05099139053304176
0.05984239977495562
0.09179152812935841
0.13095217290515712
0.11775321365804625
0.08891988012839748
0.0682499396006657
0.09094942850992922
0.0770435295939101
0.10854328749251316
0.06714409141529204
0.09880855888074738
0.10731074796142831
0.04713534188850429
0.10179060000862188
0.12113261464178951
0.10962188161463446
0.05035857686590971
0.07875189071851056
0.07851696823323366
0.08874520510698182
0.09228208005220775
0.07570036314005163
0.07268809198314038
0.053361282256976686
0.11885679206912435
0.06168951854388965
0.0997316794776696
0.1364226995708716
0.059825100244723525
0.10217537473913259
0.10542319675241257
0.09519366948958027
0.09678572642972488
0.10993251881650035
0.10081050671171744
0.10123846617040591
0.08395192752626553
0.07127055953739982
0.091292923796869
0.0683378375713708
0.10845493783715496
0.08125856121819945
0.0930624636670778
0.07965911651715728
0.07428839618937615
0.11258422005194224
0.07204289579969529
0.06861781425074291
0.09086159958431535
0.10333144192263626
0.12383467130842452
0.07754475059171856
0.12455465740416412
0.07170833447669353
0.08978460827336131
0.08549362096813551
0.12330315384911622
0.10287265005809874
0.04982676635297665
0.09953334541564174
0.08952812166346077
0.09830019599048843
0.11127780254977518
0.08779101995488439
0.09696597353820817
0.14202118896828247
0.06762557837079289
0.10286076863723612
0.10052487523601335
0.08058518834423956
0.1277107988549491
0.08435672604838958
0.0985690169492973
0.08289272094848175
0.07705807583852513
0.07211640067328332
0.08145656865428412
0.15401136970762858
0.11337887104109834
0.09152271640922621
0.06570267856475191
0.06676178431849922
0.10928230125804586
0.07766983589328565
0.08203255770287217
0.11538185887828814
0.13960233234051198
0.07646302397320971
0.10786341215409034
0.12077750754898994
0.08106524535565106
0.11936899942470597
0.08107179500117721
0.08443764568841897
0.10563376400814393
0.05947743556613891
0.05706528841978976
0.085079002674163
0.10644847466742761
0.08595651254971272
0.28593382897811476
0.07767570558800081
0.1339075287943298
0.05559682751760385
0.08369390689309075
0.06969810250859905
0.08797951605004069
0.08508168682562853
0.14059577885653182
0.1010720626350174
0.09998338281950128
0.07692800307918093
0.11050037310516338
0.08697721373857213
0.049558925710442375
0.10368055929961054
0.08726730674001557
0.11763792205333645
0.05944786256377698
0.07221932211313364
0.12809215937231871
0.09382303692615758
0.13321985544586706
0.21340860233524425
0.0885970920337181
0.091345649614148
0.0931504340917522
0.06469157780894334
0.104515860173086
0.1008314851141305
0.1293790191641467
0.0962336763848775
0.07577891060226863
0.09199885476191964
0.11372443490781736
0.09231598089309859
0.04811302259767766
0.08996759081649645
0.08073702876811939
0.10557060455006623
0.08432795562390101
0.08555501005928846
0.08713205316871984
0.08241882134607324
0.06687057780130287
0.09327022679194623
0.07878161802022207
0.06520201126902327
0.07323505561064775
0.08778635760217539
0.11780545057164706
0.04803060247011149
0.12187091399047666
0.0774046799090232
0.08027901147285901
0.06942023659522067
0.07113228798155292
0.07043025323014614
0.10183576480637062
0.12990544925636272
0.0935720932514406
0.0970116889450418
0.08352432093282612
0.09928982644426566
0.09803937975470364
0.09383965458054086
0.07893112427160268
0.128476635784757
0.09361770317606556
0.10567792443048286
0.06995399040262953
0.07865762171706865
0.0659062264895863
0.11872900019778301
0.09851977554099503
0.08492719691784031
0.08567899638691664
0.09412362500531252
0.10792065744727415
0.11350719527075627
0.07916811803192444
0.1059583043762673
0.07059853464996851
0.07387452261261229
0.11826934490472914
0.0732978271061997
0.06765676172775442
0.11459821015389106
0.10152737615002555
0.1130627626206243
0.08989077086588768
0.12299017007616053
0.09630163074168685
0.09209962528655939
0.1220542400493541
0.122907957059559
0.10848917249151516
0.1079965912181766
0.11015989053591946
0.09824031086482932
0.07022411802817058
0.11878135136570278
0.11693694478515311
0.10975811938408672
0.12111171981762227
0.07864768821404228
0.09392581941691566
0.10460420241378011
0.0711378012100248
0.06049100180627135
0.11276966714145652
0.07549024380021949
0.08592553000650373
0.05712553584737449
0.08932351512444521
0.08322849506041004
0.10956781610782454
0.0889054727095596
0.1216240140271464
0.12516574141944636
0.11994587693115843
0.07191875242917954
0.09800886094579889
0.1356081936622317
0.06902833784703585
0.10952146729811509
0.08643240938126535
0.0743650813693747
0.11545084576267586
0.07305370000444489
0.09412926457887617
0.05597739902065556
0.07836770470417483
0.08370072561402879
0.08447079196217133
0.08898575890082558
0.059206494001755844
0.07579966167813172
0.14139867346921361
0.06906760402371057
0.1041742464062352
0.10470381533272723
0.1386152696265596
0.10152182758640235
0.12310797642972891
0.08964440739998451
0.07898178135190764
0.0567386166293974
0.07534627375551303
0.08572853665174998
0.07531323208432605
0.08902098816319898
0.06636707916899076
0.059348064701363064
0.09476705026739214
0.0921503722282152
0.09566494846225093
0.07868528913327624
0.06875871094236094
0.12094392931169037
0.10615142804606255
0.08219252520301232
0.10533711329771205
0.08968931329275215
0.1592998172805728
0.10481989162753998
0.07675211329600448
0.09802430972956487
0.05136634531535996
0.09879424966179803
0.10127039403508704
0.08807153954794493
0.07104004350657887
0.08253312351932082
0.060095751213445
0.2907668611048085
0.0787354607913448
0.10585192730374057
0.07222975684314313
0.098241360718614
0.06973637475281606
0.051405281092691595
0.08490507337922547
0.07109042963316274
0.08465504369753861
0.09949093824505939
0.07717127614927445
0.06739754473541497
0.07454125709527325
0.08617409006467446
0.07226430884355022
0.07646261677275051
0.058212505612187736
0.1163812141850662
0.10202230652361606
0.09216184977171975
0.0869622469478477
0.09865572826524002
0.07037045405435975
0.05701853510138373
0.07975452395301787
0.08268397934711336
0.11481314391177401
0.08395853986095991
0.07797279770500708
0.08928174969687618
0.10225858288677304
0.11394233764518454
0.0835223938618534
0.10539018626640799
0.059186735839099655
0.09135055242818199
0.09927373828211923
0.10457244478478585
0.0568218414638314
0.10816786434833772
0.09228009546813126
0.1004214750841625
0.09097361697126562
0.08831933681074056
0.14956128785646036
0.1585730110558852
0.09969685812240041
0.08344523226263996
0.08700217585063626
0.05424499178567878
0.07840800655115193
0.10631913438431145
0.068387331462594
0.05967378621952378
0.10572617876052703
0.08014835366337049
0.09574450721045581
0.12824946120119649
0.04997160423049417
0.08557063019216228
0.10894564606222987
0.09821221899269979
0.10226599515246272
0.09086482849365883
0.10584264430321068
0.08485321009441857
0.08422228548290724
0.07415068702818393
0.08001995901175
0.058656441843113465
0.08348060610527697
0.07842253909238527
0.08644200114075748
0.10669813359610911
0.06209713992146931
0.11805586713951367
0.07327691527355555
0.07977787961370462
0.08387332467230502
0.09145404838285981
0.06962306647234101
0.10282897502550423
0.10393532584675814
0.12075276516757964
0.10949456349030406
0.07958880245689427
0.06537924631978131
0.11628761465678064
0.050263011852250905
0.1021082779677332
0.11717628772287834
0.16260029282302815
0.0941402062545559
0.11745266302401018
0.06673489371156213
0.08806503542795797
0.06964246877640946
0.09891238302665345
0.10449704114727222
0.09585699611640289
0.08192167865403775
0.07505838916998232
0.09538747454480778
0.08037881560414688
0.10360288705822167
0.06719189007934921
0.09310109811022078
0.119257871391359
0.0815578534554746
0.10240915701365023
0.08201319943766315
0.05277576595400995
0.09542613140870017
0.0913499258201522
0.07778489772275975
0.06856192723011728
0.12035292541154874
0.1279462513827195
0.10954761967845178
0.07234511457355208
0.09977877425320218
0.10309610620545234
0.10337773740281503
0.10267039572201918
0.0631719329159473
0.13566531410423577
0.0797768566310838
0.0801428332880348
0.09260351035223614
0.10308887487400863
0.08092289477989835
0.11554546328420182
0.053412996857906805
0.14635541215694559
0.09109623677878055
0.060925097500076436
0.11056350837215041
0.09965757426164483
0.09627081279491836
0.09121976211468766
0.07051983130185388
0.08914677928999622
0.0988096775448308
0.09967585206684422
0.09116791977073521
0.06738725301330772
0.1180576172339012
0.1066245814793784
0.12976041737397795
0.27046912253815497
0.08157556258934302
0.10217952943483805
0.0772991517128067
0.26644168769391097
0.07524618213801451
0.1393525431179474
0.14883747291549612
0.12467902528792482
0.06596672670045585
0.103816707689846
0.10508397473139877
0.10378895817174418
0.0938291264812943
0.08586039829300153
0.11582269737297098
0.09668913875751457
0.08478592636598202
0.1074897284831986
0.06059260459207978
0.2111734641773341
0.05342777832363376
0.09789729261434615
0.09155886168414622
0.32701094617003723
0.05686444438064029
0.09782210470491563
0.12250989867703685
0.06765200986150864
0.1901855075671841
0.42502309480718825
0.3848950284958882
0.1144359509251964
0.11312958234802141
0.11547667226756964
0.09139016320168859
0.080484795446361
0.07869869942152675
0.08471562201803694
0.037427687924744206
0.08619040904698339
0.09369688145266689
0.2717470108669518
0.10656707285525069
0.11213621565006808
0.079468510799741
0.1940866879854522
0.08644851877541804
0.27694105973553046
0.0952578447067992
0.11984994271182385
0.08796287201916358
0.07923365928014495
0.10461882375008998
0.05662944007818955
0.09572687005111101
0.09324912134787158
0.11616305986304803
0.09314554182282615
0.08554518765854595
0.07656736446812777
0.1412045212977853
0.1035876439488702
0.08300196602783622
0.08569966054349432
0.06319611041255548
0.09142168105976425
0.07138835876182789
0.09973066433449705
0.10742855353542141
0.10293785565144692
0.06913514208781801
0.06903700910825725
0.10875502367156292
0.07242817433053453
0.10425321247492077
0.12129458961908925
0.12111697279768578
0.09035864177207066
0.10571868732076467
0.11636566366641077
0.09403463954487924
0.041904956124618704
0.09454421996391406
0.09165348393988922
0.10461327380941433
0.07445308306159329
0.07774195052468373
0.06676814286632361
0.08104842532111124
0.09294679749906294
0.06699254116837684
0.09698070524731933
0.06615480927543023
0.11434947152462467
0.08707175764958192
0.12275395632311484
0.09096993383494369
0.0924142924688502
0.10692569612557257
0.13241010809907292
0.05956699845458455
0.10780695149812353
0.10154348320233557
0.14686305757121332
0.08744556692767033
0.11080194102045086
0.08110165296093044
0.10684654736707978
0.08212717420044073
0.0816090561364062
0.2585191706025099
0.11109956056809511
0.07175447705394415
0.11092642737299858
0.09605864634889781
0.08704712055430958
0.09978767345848212
0.1054428656299847
0.12292246703853874
0.06745799431606213
0.05395599601860027
0.10204264856756595
0.08336098055827303
0.09640781742447675
0.11227371654226867
0.11431686445091364
0.07767379811255758
0.1213178062669893
0.12124377136940975
0.12961280240463535
0.08770789412697393
0.10095577623979343
0.1142665646774933
0.09128422487927217
0.09717190596917849
0.05840710288593876
0.08340676029708616
0.1113553336897026
0.1291571099464226
0.17811495776237043
0.097958104898669
0.12006905120267743
0.1369578779405538
0.08849667880670652
0.08601134880011353
0.11316582710081304
0.11661191191570147
0.2612687717277487
0.09299317869687818
0.07306731799479727
0.04001839157120161
0.10465922548773386
0.08144973039636094
0.07082401760209972
0.1594016221406123
0.16931042799459273
0.06623848314566419
0.06667589894653565
0.3177720182440002
0.07924269892393138
0.07898291922115099
0.29962775233023975
0.2161212762062325
0.10629210793487605
0.13386250174336028
0.08077065288361508
0.15295078848209673
0.09799019184625259
0.09451393550816033
0.06616365684322878
0.06258189291070554
0.16779762448418015
0.2195510001820375
0.3899322640166688
0.0907675535170829
0.3528056586095173
0.11640979174799096
0.08042959021167526
0.30539463410222006
0.09774522920963004
0.09234273485076386
0.08443205441349541
0.2928932853827949
0.37028634959768003
0.10285425047707437
0.061110816078903146
0.11604042635023824
0.09949816221237556
0.1117800027336951
0.07103175432551796
0.11701852647889349
0.09291873042969309
0.09583476994002953
0.08733404391996788
0.08652448475582121
0.1256065920950389
0.3538062889544645
0.1019941904417705
0.12685966739058574
0.06658992432878373
0.09167795357937765
0.09429463029519286
0.10597934167366421
0.10443798030031033
0.07468544907745256
0.1404008002684885
0.06036966764624553
0.06350491609024626
0.04602932813937036
0.057029457125424385
0.09399365767214123
0.06503134720430345
0.10346549278020115
0.08316140934463018
0.06763321552065789
0.07237376839928061
0.09435146566677045
0.1310219642666459
0.09725795241830912
0.059882639596278556
0.11822904939744186
0.11226979174433944
0.10624860537787574
0.10973771052248925
0.09544444932096458
0.10282946396599513
0.1276438052717122
0.06927184104194112
0.07853312600930344
0.08074572684048996
0.07986229372887338
0.11223868050654866
0.08693815489028736
0.09010165888882916
0.08695445604820047
0.06570901614340113
0.09254590530229952
0.111649096244038
0.0912088032621993
0.09779750442243221
0.04049537095891848
0.05468263611620368
0.0897729273964857
0.05569207397966375
0.1291622358598772
0.09247846755911611
0.09512555001295123
0.12023281605099247
0.09978586338247689
0.08376682071046807
0.09879569465106545
0.26751612888252213
0.07072335747441752
0.11135252109753889
0.13558379030404819
0.12165584679419505
0.08175369190720241
0.13652299525909856
0.08984101496161793
0.13916943196459583
0.09259905805192896
0.0674377180629742
0.0970995305186991
0.07926204050215468
0.10631659295008428
0.11560943762727743
0.09895805273144553
0.08389925656601861
0.11302033910846646
0.0887198678640475
0.05480997983714489
0.10416212752781971
0.07869167468452909
0.0792109023852148
0.1366367231981978
0.1297896750181521
0.10398310763149773
0.08843523593996122
0.09599416635211465
0.11560740023182951
0.11692048907176981
0.09873265829938468
0.0795530500283655
0.08355855173839191
0.08649421955699191
0.11498012999865724
0.1021503289539435
0.1098887849001899
0.08185471181977051
0.11150910037875605
0.09812786706017039
0.1133938241121109
0.11463769571223392
0.10006760652067509
0.059490195099041375
0.09087610797879876
0.10700613320768573
0.1162554248526211
0.10775372803935272
0.09427253430344204
0.09403888009898964
0.23048682493201014
0.11717987467600852
0.0941736987041654
0.09989833297312879
0.09742758888318795
0.07948360689692395
0.05520180522258086
0.11709877100159848
0.11326376198425848
0.10490654169997504
0.07835767408013346
0.08190289838533162
0.10359576422051316
0.25283099580943297
0.09819843582541721
0.11002490564210078
0.14494560760822842
0.09590690935740205
0.09124540424100609
0.25849508428145096
0.06359959266838337
0.3442225853599025
0.10968684204169764
0.3337500552199769
0.5117148932042916
0.49328659430009275
0.12020702999468581
0.45155461944717423
0.5107166514305196
0.31487235904236505
0.4676845103327484
0.05608370451324967
0.32982758720725147
0.07535351854333171
0.23504577279627933
0.12210330005489707
0.08539088849146594
0.18053463805078576
0.10885332809978485
0.11060750175404391
0.35684244571857776
0.055734172816663825
0.06475210537442541
0.08123792132785278
0.08797995077329374
0.06150869098314167
0.34609728035243037
0.09092639036871392
0.05090653943977359
0.1172380247462855
0.3445133637518965
0.1272541594709063
0.11062135582624538
0.12781880129692616
0.06046989739541629
0.19092038517870058
0.07646862602617913
0.10674525577919794
0.29768176730852236
0.3378597850564892
0.08215469200984714
0.0886894018492099
0.13648459528060322
0.36479296943331746
0.08148389643134075
0.08994904140725414
0.11138792835720789
0.11895731262359863
0.1390075266257128
0.09564625575574871
0.10142665381294005
0.0998889465207624
0.10166028512546625
0.04569545629600772
0.0953629283910922
0.09220558068260598
0.09251187423299644
0.07253748725472162
0.11158377707724779
0.08849689449402713
0.10466899438336887
0.08660957502724617
0.12618209456021426
0.14078613367617093
0.09330084059276855
0.1298023841287285
0.09739951927135455
0.07208932896572139
0.09711215524142103
0.07866726520790197
0.12775363962164538
0.09073330185413186
0.045060314518831183
0.0929109873718667
0.05434817802528452
0.0637634919495279
0.0880572629085026
0.09927221308275352
0.13396611378739018
0.11525867585066031
0.09305588322791168
0.0926226122390484
0.11283714501882819
0.06868361486852718
0.09740448313554279
0.08521702896615228
0.12113283756091488
0.10381375778632486
0.09385387938483007
0.20393633616782952
0.17894825577022302
0.12077257588472257
0.10220334753860806
0.05446972760213415
0.09438732904293225
0.06192151903709459
0.08075926843707237
0.06866728563283854
0.08608166660881283
0.10943451367340909
0.09708483746109298
0.10443951597674074
0.08103163890143228
0.2771226976166071
0.09592553219867728
0.07601012248070055
0.06546924696537162
0.048392759372374555
0.09332066201481769
0.09617014933082269
0.07923739632501305
0.11158019041548453
0.07897569329196692
0.07226144326751346
0.16125151020916137
0.11424221054188832
0.07242905787983264
0.13786866555246446
0.07630274445334038
0.08282378335249739
0.10821803498822544
0.09648382212533915
0.04844366129301346
0.12374102201414015
0.10762334896549007
0.09748584197999066
0.04637539113442884
0.08915147877851048
0.11727527460269409
0.09704956311215905
0.11038397367494528
0.14124573539860094
0.09748286641064753
0.12194086741501405
0.09561605417092352
0.09789140219109047
0.05185769259504979
0.07395006272480499
0.07296465211974154
0.3641549858059826
0.08971010267605485
0.11095791457572561
0.13669797624211147
0.09573458728293058
0.08884247618288885
0.11101698083675483
0.10314095174256313
0.06457082521761037
0.09220580339317308
0.05647444864007436
0.3001975622758118
0.11898611531114166
0.11442627071420194
0.1412378569136542
0.08166721906402352
0.07512102734240014
0.11608262178420274
0.06806778688787889
0.1444583579136552
0.1055602794188447
0.08399773443563434
0.1302701939465138
0.13500513610631962
0.10492856498759595
0.08018563617946456
0.07941678383279717
0.10017575199924893
0.16288621701121989
0.13155384372221843
0.11524068991683073
0.12493032658344752
0.1853261251619752
0.1292575006611441
0.12550180496173058
0.3868008128740209
0.33125479159643034
0.06780319115857136
0.1085179279054458
0.10433074409201583
0.1078833835254249
0.07458980015030585
0.08846053305948363
0.36782284583817687
0.13714077231902244
0.09014106494910863
0.3410137968461018
0.12263323680728543
0.10165614417898049
0.3634022518600425
0.07313863977238155
0.10753330443483905
0.10787757652548127
0.34800884985206254
0.09201271949733182
0.4537134838677245
0.1027658328734512
0.07308990960157837
0.11109278998402594
0.09920366690259749
0.08777424885420641
0.05490757387242885
0.0696993797208489
0.0544742750902902
0.06611344575696758
0.09140763308347864
0.05500262260369584
0.06631044893422548
0.10174948804394668
0.10798548839826477
0.09239283024918936
0.12724385731576981
0.10064648977095574
0.09901084857853706
0.09768953314427502
0.10023336935430426
0.08947014226217224
0.0908449403866143
0.150376728110183
0.09380011972518972
0.10433672712432353
0.11875520935387769
0.13371965530420366
0.09462561151650188
0.08758982385328068
0.11978717263467664
0.12941514972936488
0.08630776887918823
0.04638729944381691
0.08970127030999572
0.1025332109549077
0.11578156090896499
0.1230585667020912
0.07759404631607653
0.10752569542836023
0.09362895156268317
0.08384754616992326
0.13496364269330605
0.07559515438432901
0.10250777437929992
0.09462663767733535
0.07733966175588003
0.11862926553101637
0.09680433892957535
0.12110081156156917
0.07061735426205416
0.13064182844086195
0.08324539518345031
0.07773103131071285
0.07545459889688869
0.12934732690030987
0.1240920037746091
0.09833999772249735
0.07584775142968958
0.10701353443973101
0.10483719775908722
0.14866555355789887
0.07821407868758173
0.07923972844211437
0.11669828603986239
0.07444095282944045
0.12729725709055664
0.102984522769136
0.08859284262925196
0.1012715659426093
0.07329618825283257
0.10866143565663577
0.12456293016032408
0.09120745329330932
0.09788123418370047
0.0796787425416525
0.11982034151190671
0.08269636940148811
0.11907049958585844
0.10080697629624821
0.07307753362353661
0.05351779324105234
0.10399784048441267
0.11854226055148151
0.07852525797725161
0.09491068947765688
0.06034031714050081
0.054838916819707734
0.08992512846512232
0.06956546274537327
0.0913515306133259
0.053491789726569046
0.07886261846322523
0.10620799472391182
0.09475770850627899
0.15579799684127374
0.04450871850949824
0.10744882342741426
0.08580917727159347
0.0977530564603406
0.08839801243731821
0.0796260938780136
0.13086195982761092
0.15014411117677043
0.11825682553384657
0.06935145568267011
0.10200067012975872
0.09486963813192673
0.12606863267927387
0.10455801205346008
0.08262370772718451
0.13181433120081276
0.11774688678032467
0.12629987989733435
0.11053630890651021
0.1283503438169951
0.10226810305546005
0.07056209888532622
0.09284807103034134
0.0869427633011932
0.0860441248172965
0.061093139177778824
0.08695887008756396
0.13069418675855368
0.11042452067928193
0.143026691258358
0.09554949176103264
0.11372944492837893
0.07313342106519663
0.10762010597209122
0.12250437115100424
0.11355176172604299
0.09583312016483962
0.065037871221536
0.094751495262998
0.10654674982400998
0.0854775330843696
0.10254194740833886
0.05153846294371252
0.4265510840281587
0.10356123521680448
0.08829255325791877
0.09589589774125598
0.07667213022869576
0.061667461925409006
0.10822044376878925
0.10634874199210731
0.08988410485049207
0.07584044102854112
0.10708564676008434
0.08451913283048341
0.08408717360373619
0.13183344860670046
0.10559696453533819
0.11615833513372105
0.11477680947615744
0.14040377841437762
0.12896130148089244
0.11307447214272379
0.14213545354955903
0.10472052447360873
0.09089062629060209
0.08549482370768145
0.10590326592090987
0.15704112142079432
0.08519015568493869
0.16848149647614138
0.09118043222820732
0.08068521120646657
0.07298483847724277
0.10104328950974012
0.10093593085973314
0.09211504169433724
0.07140952048135579
0.10599959244782682
0.08923617116808384
0.16572823502437456
0.16775811858105397
0.11852486311037957
0.0793648818320603
0.15766453719840143
0.09224508035127664
0.09829679470575299
0.09267571803729274
0.08431790279753594
0.04887667973736594
0.07233696247601916
0.09266876119465732
0.0938307252155832
0.07522139228516778
0.10444041578267373
0.09800582822072483
0.11723152216845767
0.1149189947752558
0.32095756568272515
0.13285428584007244
0.14797182540809095
0.14791956597815137
0.0884433584369142
0.10163978735149429
0.07226346478515559
0.07691142650904959
0.10258156283171098
0.07848873068416123
0.05466154687589056
0.0758259884751726
0.07771814602319481
0.09422084631225276
0.08163944898729142
0.26578872501393547
0.12614258239125764
0.15182723209992877
0.11387278429268072
0.09242231069722028
0.1264759273864927
0.11610466827021486
0.11327793871462018
0.193333093535959
0.06477211172440818
0.13169258315975582
0.09364251942530503
0.04451094697824556
0.105961860735258
0.12098181930868523
0.09209308172756013
0.10675555551673947
0.11465279075246974
0.11119574977917808
0.08771405297769115
0.07862855924454214
0.06631695318387697
0.08402414702418706
0.10494025024014621
0.09323760505752554
0.1506892213235235
0.11248513295359817
0.11365133594091088
0.1526165904953129
0.08527211568112812
0.12317136384124718
0.12347521842130907
0.12243391521673284
0.10670977011400787
0.09948994601232518
0.11279342223872892
0.08306236597026564
0.0963419815700438
0.10681898583689488
0.11939994001450195
0.14060076644959674
0.10452660432152262
0.0967211420826078
0.12354596877866207
0.09916024535607436
0.15320056440636276
0.07045549689919421
0.08340949578918033
0.08671261953165198
0.11079209474514469
0.037652534370017234
0.12842217531488728
0.10984000223926585
0.12076878553299747
0.09831016100270852
0.10843269225973012
0.10524169632033548
0.09269752965809888
0.07727448544156164
0.11077667222292356
0.0960208057805069
0.1159255408534579
0.12877132132780342
0.1139705115280814
0.12927427397112845
0.10351790514631856
0.10721271081832408
0.10684080584829114
0.07589312597686576
0.08077974712125352
0.11603250678604503
0.12145128656694446
0.10860797182213477
0.11323138849117508
0.11560795495542157
0.0928899114698618
0.07180394093935091
0.13300934423592817
0.09784762553989063
0.12428693604623864
0.11796140829918178
0.1135664357771915
0.106585253390615
0.08063686152630477
0.10873758789408842
0.10630057829964067
0.08595139906417072
0.1058659837984301
0.11724766452558485
0.06899818763885883
0.08065012299873929
0.4252468658173876
0.0947549861011932
0.10224055920803052
0.10418604384693864
0.1184898746194523
0.09729754759655088
0.09274659942104002
0.05845661839982635
0.13256155072881698
0.09987970049750451
0.08411228334910531
0.1307520097489996
0.0745897835815346
0.05525569929921364
0.09006641333113288
0.09461531437722871
0.07938217861412934
0.10955738330184485
0.10308713104480784
0.13044457978336307
0.0777012432148003
0.17452486541937554
0.12591658338205433
0.09685548097832432
0.16195301055617645
0.05751257632754843
0.09394175756305728
0.1782414039155804
0.1274950923141471
0.0851273365274907
0.1419296060603268
0.09190185846690922
0.0868104330822339
0.1308928523477121
0.0905200551977112
0.13146408124588396
0.13198494986679177
0.07510356735009587
0.11323488642398616
0.12086887305946196
0.11588774817253356
0.08819828847038272
0.15041745451793143
0.06925268732172585
0.12090197515264303
0.08924466991991549
0.09134354175013741
0.1269173208805607
0.10133342804711509
0.09732496791219095
0.045278197768094504
0.11076651857931466
0.12610883105240367
0.0786689857256707
0.07725630331088379
0.12305416936980745
0.14265416368285125
0.07927542834468297
0.10975863145036097
0.14660895111363398
0.12450288104822474
0.1107310216609714
0.12178548482218658
0.09396751132818346
0.10854947064132614
0.08367868164983383
0.08170247000667119
0.06724344201979301
0.095736659498473
0.07646202514118547
0.08139518215215566
0.06626023848508256
0.1850235831090802
0.09268504193104678
0.08095068321165058
0.08865521278385642
0.0693003333290716
0.1223261742683875
0.07208682655623914
0.16390410356438062
0.05340670004283992
0.10216023930530595
0.12261707195482247
0.07559741210427223
0.12672701530347458
0.07816713602543857
0.0887122891286211
0.09178229552676324
0.10658071883956821
0.126414215238109
0.0845305236087119
0.059319844204182744
0.10334293878515677
0.14792986134821048
0.054015037119275446
0.10433077480510383
0.10045355972737612
0.09574862341130334
0.10471492293526123
0.08257635561211496
0.10316942071094276
0.1122428080999017
0.0859125379986807
0.12093258259236042
0.0965429584311288
0.1422512391718193
0.09813942658439946
0.10406489991439763
0.12767866865837016
0.11618948392120378
0.09572013045023767
0.1040855044659413
0.1016177452025131
0.06648621038658585
0.1057423551069634
0.08368899707597496
0.07981966515679079
0.08904785758940205
0.13513769827983652
0.09258001760742832
0.07160725535423267
0.1256749699906943
0.08255258921371764
0.1869783814830676
0.1019306845279157
0.08721235006401498
0.053765925246747386
0.1127351513355901
0.059123770410854405
0.10373252061248389
0.09702785787342759
0.05306799252123129
0.17446657190553164
0.0781370434583994
0.0921954103411965
0.10461439752863126
0.13648773859946753
0.1330677466824302
0.05054973344238716
0.11062334708069715
0.06765965735049845
0.09054323223913861
0.06540731449839957
0.07717393653704786
0.10580100185497035
0.09851245949921028
0.07459932925605565
0.07873177214409738
0.1263878980387948
0.11110611208284688
0.09441422117227359
0.17522315239703115
0.06427105753822705
0.10794914139268305
0.11758032888418801
0.056124297980158125
0.038906904754581584
0.10227631503247567
0.1272642741213886
0.20243535384685984
0.12281192113924468
0.11800293082116732
0.1018298292312817
0.06655847541355789
0.09673332495096738
0.14807233328919955
0.06412020684698869
0.1339023697881115
0.09421827047961405
0.3350925194212173
0.10639981022893352
0.08600794608454515
0.07276033215821995
0.13565826952331023
0.14154697165692892
0.07393246585736797
0.11632917568418114
0.1387425695237874
0.09460587724845151
0.11049948215691835
0.14167337898921323
0.08131721793249017
0.08103874600351059
0.08108445345063195
0.13747117025896208
0.12468403187232166
0.07452978385380309
0.08978401267406735
0.12601709512227097
0.18646374719857994
0.11206528610840591
0.07249128603356758
0.090434662617415
0.12795888420055257
0.13793385904819894
0.09771649586368303
0.17747876274818147
0.11844192738688769
0.0847252169505631
0.08546057039016804
0.1155782233165043
0.10131202735726501
0.08817853261948778
0.11207078715980051
0.1286475073471105
0.1203263991843448
0.11772144242669492
0.12417339829850163
0.16740670464610385
0.13223690125352752
0.08184673646456511
0.06343220067244698
0.09734012270834605
0.11063136894940619
0.10277095680199128
0.1079459208515998
0.10484072359695447
0.10864778658101534
0.10669448615587905
0.10810590892637023
0.11370526036021927
0.1300118599980724
0.07870934279402249
0.14777216061091103
0.1497737515127085
0.1243871084330946
0.0996589333152617
0.11401907442717633
0.12432294385698779
0.07485318043797973
0.1323837526701159
0.12391508766314627
0.10227940029545675
0.1108555108741362
0.07968462349643285
0.16283089699407433
0.08070145495566115
0.12654245231271827
0.05587909365169712
0.0718426522134169
0.08594554189577994
0.11115290334320557
0.16889967103604164
0.11798305483217884
0.13330760659173646
0.14767811524993085
0.08626096472261104
0.1274767931733011
0.06657725881645665
0.14253366506164875
0.11330362836916269
0.07732574313035394
0.15098500767715464
0.10572680345418724
0.08430402077723065
0.06741109961329984
0.09149577776122356
0.12228127875120816
0.09823480573815283
0.12341840876078879
0.1292446504409945
0.07253065499483397
0.07599715914527255
0.13069344654517762
0.09722849002471953
0.0636069321100528
0.14247110756692274
0.08615251647601678
0.09798172540289268
0.06158205904346261
0.1394710498826466
0.14563852503126815
0.130665573580205
0.09979122231827973
0.08142787635881127
0.08266296516902097
0.11939899368821782
0.5319308876989126
0.16556383123167379
0.06844655799933556
0.09937326014309249
0.49263088704574454
0.09856943634205785
0.464261469582302
0.27241999638880515
0.09628471499858626
0.08532362709771267
0.10256021768511935
0.08587930849301018
0.11187223654227631
0.08449954545337485
0.08778198229445577
0.15196643693660947
0.1038675488316375
0.11675244647198328
0.11955762142967123
0.1275144986065621
0.0975910374293564
0.11655270043245569
0.08512289830550344
0.1020509327211525
0.16862429477038518
0.12536697151878437
0.06503242710734199
0.09531828888425593
0.13234353986288672
0.06554992748541008
0.12205753899425464
0.12354712396263455
0.08169543208400712
0.14377765756615257
0.1218394489578662
0.15771185262897353
0.14572736810957307
0.14898156366212748
0.08314927818868563
0.14464662687456775
0.10520291030167012
0.12438506716207896
0.1574101114686554
0.07159470140172665
0.10679950062933223
0.14113062523765163
0.16682502928281162
0.10853435536846853
0.09137102030120932
0.0759844498262183
0.13058788373744118
0.09709228773590745
0.12181104907762004
0.09891524540030629
0.08235892313072649
0.0525857013706249
0.13441068107819892
0.11534198713914909
0.13341011290681792
0.08139492652742804
0.11250633102597621
0.12077811677114286
0.1191969414902733
0.10173846299216614
0.06490193228274699
0.08919436324065112
0.12972543061475034
0.1323959761742218
0.11337249420154369
0.08132022506386988
0.11174014289615283
0.10555346448462728
0.07622572574347602
0.10173280447877173
0.088967907888422
0.17315084556557234
0.1518198867554023
0.10898089773699933
0.18305148016813674
0.08651215683194108
0.11683910726085148
0.11500863711082145
0.10593190684970329
0.07586757203907185
0.10818887310837447
0.1182124441500086
0.07874783951587147
0.10620902456949045
0.1651357644413332
0.0864519514684165
0.11663694632458024
0.09570770005158871
0.11803421071613426
0.06509073282472067
0.08196082001569896
0.09991514796630438
0.0782297679612766
0.13717476608658205
0.10064013072669625
0.07714831632539323
0.09628696345088904
0.08117505931490358
0.09542834233812114
0.09869906239111724
0.11211323114635832
0.1353075673471483
0.0980372137030376
0.10440553237503807
0.1097264685028017
0.1267123675804479
0.09136899889319751
0.13714774653398815
0.1549640632702516
0.1064716830404358
0.09198080432325842
0.05433682256665445
0.08419421923102555
0.16550065976106038
0.12775826693300948
0.07384078795440924
0.1195716558398641
0.12724030611243817
0.11640782655663784
0.11614953348538541
0.07996701326119877
0.11252380774831781
0.08684926479039615
0.07429598319583504
0.09726270295201545
0.13405368521428584
0.1284630505289603
0.11731145493625375
0.12367804164249782
0.10442099194287344
0.12126935480161043
0.1229998256509119
0.10044056669874538
0.15228579397932218
0.14050509999082048
0.09224639234567499
0.10702890849526782
0.16752426720422017
0.14866227462719822
0.11470851929192033
0.13470656380649138
0.13497053704592532
0.1353234091222649
0.15272479799858252
0.12444738560670177
0.12816179752127088
0.09247711165697356
0.15313699576427026
0.11326856762887637
0.126158050929977
0.116384693494634
0.0949267554778403
0.04967377452641441
0.09835603698309561
0.12258135257113821
0.059368172337467565
0.09758353474839311
0.09271636701930905
0.12149520663963355
0.10202382705507318
0.0993375381290088
0.11977203670665182
0.1515394026620008
0.09108690450852153
0.11220485189962381
0.1232977749939218
0.10724687286457349
0.10134292736168948
0.07150547137167519
0.0891577593736228
0.16580414758979373
0.15974681541473615
0.10720419484381007
0.1192344980429914
0.17453761218948471
0.1438511591468823
0.13138641234035311
0.08586672672248678
0.14138293700922092
0.11007823049427473
0.13895408819736066
0.11596895322466545
0.10478692969963913
0.16596448990497129
0.1386968389046885
0.12526994364432217
0.10600422700054007
0.12048618182308347
0.07194632757889298
0.09873811705098119
0.1406250228843644
0.08593854567252437
0.12528072569408227
0.1021924724253928
0.08724603596475086
0.09722173306525357
0.5477864972092636
0.4896184495833367
0.495038512438039
0.4958811806496096
0.5485667048790113
0.09288944097469795
0.12696235391855287
0.06529240293160364
0.07958238773353611
0.16815794207465348
0.12473096279592603
0.09548892925671594
0.10375227951501882
0.06420425021308403
0.10838870532669721
0.08193208617348231
0.05907522113615238
0.14850830729043094
0.12662996580130245
0.10287571123467629
0.12641109531888509
0.08988823596604192
0.07846575073429143
0.07907561760728422
0.05941084043964913
0.19153943033623066
0.11159985594520407
0.11193785875453818
0.16467686996642508
0.11983107373650015
0.1408000224854574
0.12009055036982667
0.13017477411188025
0.16162835417891205
0.13520777723583635
0.10224854085755498
0.10690516934139833
0.08474916624762878
0.10745735075401765
0.09957492436707514
0.12736133721341858
0.11397838328722176
0.08607019546624374
0.04556702035487798
0.09835945219820197
0.12177310465931782
0.09373217082625972
0.09376524337783408
0.12758361215434974
0.1068075268368012
0.1362523741845654
0.13214261432074026
0.10456451438808158
0.11852828993865248
0.0964698274752073
0.14490814499878227
0.07848577346354589
0.19150542927281133
0.19755168625103947
0.09470603422645071
0.08017533442845605
0.06610559256760033
0.1035570059462123
0.1009124055594129
0.09490025961339135
0.10318511225858262
0.06594829705187612
0.10445637572657444
0.15443629613887852
0.0908946989123572
0.07222586665345439
0.0735173817734662
0.13816910038953734
0.12172100002380698
0.06963705452969529
0.1470236471318423
0.11695334419379702
0.05867841244651069
0.08183215192460828
0.0841728373485708
0.10219785722520894
0.16090511616318648
0.1140723728162336
0.0651274517360464
0.08867021507830768
0.09410216917946405
0.10217581781802611
0.12098249722804257
0.09458177029710836
0.1073828477054068
0.1329320923947083
0.1213135754253638
0.0948799679808381
0.09922726159832096
0.09155858259176344
0.09487892005744702
0.09974888221984243
0.07194848711050843
0.10099715135045494
0.07325061584592739
0.05564368279392618
0.12895877465357036
0.09435604015921337
0.09961856769240585
0.06640622996693277
0.3539266896323702
0.44630698906843974
0.059360367690884444
0.11129892195076253
0.12700275385656704
0.0513211045359945
0.13533402392356744
0.15667792507774392
0.07719259599044223
0.11021425777217647
0.11603354074411332
0.133967292643562
0.08525975347966719
0.13183836646986227
0.05268721121461079
0.1202799198179264
0.14493159283715568
0.12442810125169912
0.13761922018166178
0.1261907008108822
0.11055373769563612
0.12876670960975323
0.09645088971742072
0.07515778551777348
0.09375073087892694
0.07647027435858617
0.12480440507385401
0.0977946288590457
0.12421996168589242
0.13433363584855862
0.11516049158550745
0.1593617079253284
0.07874330561379991
0.16637779178185097
0.11078070980421471
0.11160694272010263
0.06894204705143285
0.07542579815621087
0.15026342952117472
0.06900597024688315
0.07471323285767893
0.0850793289222143
0.1276574139447972
0.07188074095830187
0.1134892124382198
0.09369877852498093
0.12184597188002237
0.11684615016739776
0.09353856551626598
0.07674546285799944
0.11514109483125076
0.09734762263318408
0.07768630526391455
0.10691745139314499
0.14324773427181797
0.08973388586977261
0.10649033565563085
0.10104486378307466
0.10056196607314069
0.1452797732013858
0.0770008926063424
0.149339798387697
0.09780173484436448
0.09245594828065594
0.10517373778545987
0.13073566989481558
0.10094228161573184
0.13161232344541188
0.14438372401469213
0.10737463155712296
0.15414920676739796
0.13216363152416669
0.09288880201395965
0.17688455826468838
0.07306707505839335
0.12580065844283936
0.15387848667047277
0.11823965247158476
0.10610257849060466
0.1184852077332253
0.12437832860230419
0.1298903675751313
0.0994774969106681
0.1149090020096777
0.13952673021481987
0.08081583203753326
0.12436972242020332
0.06989060984865064
0.14797629397551085
0.08410521211472287
0.09740885593086085
0.10877110585781138
0.12499694882817666
0.0982428258681655
0.10986473678746939
0.14362389397304567
0.09959601551668498
0.11663617883659466
0.14580397446501703
0.1047753679232952
0.1298481891348664
0.11451415085760992
0.16592922243372532
0.08765017899897633
0.10117793044811464
0.12419314308619822
0.10556068473111768
0.15686330210825067
0.21149127251406902
0.09019457407852928
0.09777390890757401
0.12016636723654035
0.11923263867843996
0.08378201626991612
0.07591394031033294
0.09976385602605112
0.13327344738359168
0.16053198687125794
0.11719002225321277
0.0987213794003818
0.09225808713749538
0.11462035855788433
0.14420486127913004
0.14721747010677347
0.09965538096175729
0.06524535189269905
0.07416089331049965
0.10824338124561515
0.10789838335484057
0.22182603518956806
0.4776065382827674
0.8577213772999972
0.6008225036095796
0.5408597863159019
0.12071707347291494
0.08125036401117672
0.14243392001789626
0.09480916478833847
0.11643211758936628
0.13457897372284852
0.1286284259091192
0.07958798118900724
0.11418824319563628
0.09586987456746428
0.10798083261318178
0.10674958259257251
0.11338525397050968
0.14962027683137735
0.11658869459108043
0.12284875211505726
0.15487778794189586
0.12599533330346457
0.1509575420085106
0.11825302492516582
0.12440987525514759
0.13984211316106893
0.1439930405321626
0.126395966022712
0.11685348740851749
0.11294047713563604
0.09061045887302666
0.1534844834283063
0.1874977322006476
0.12107247083950591
0.11959352747807267
0.12676013395487978
0.0850891691530582
0.13147016087122362
0.10620261164533759
0.1027899091721329
0.11950471020759461
0.10712071002454358
0.08911485794041181
0.12043416781014207
0.11168903230032023
0.06920482979496816
0.0819608421846526
0.12021950151778045
0.10511368013911973
0.09581198282818248
0.12982786807986496
0.11101833191227752
0.10723566760376728
0.09428430110778077
0.1242095995842954
0.1494649453222771
0.058999453208890634
0.10229206011128701
0.11240144419857558
0.16203033201900313
0.14663185505058587
0.17589257181930656
0.07939098480656112
0.16894219931452317
0.1552533103906911
0.10440027395966643
0.08162453813130084
0.1502472957346543
0.12919702357309035
0.15892764653410996
0.1270056059442919
0.09915495947902742
0.13377815430617654
0.11909760730286922
0.21177859223912174
0.08723250119287386
0.11424934227607336
0.11047109597264167
0.15360146625230947
0.12812806812515007
0.07197185448872129
0.07141809622195852
0.10823142630964444
0.1271779988488677
0.15349380261941878
0.1437062970209899
0.10105294255745348
0.08262806111777471
0.13698455887506458
0.1244562116772344
0.09015330989082837
0.16462987573739657
0.1606832539547148
0.14053658759021823
0.0931732250234609
0.13136537136936402
0.19485135665965245
0.10553299453693456
0.1520305654654932
0.1334697114307698
0.11499436051893437
0.15947040773739288
0.1984678967795034
0.14664952830086617
0.1804404379851136
0.14958496766021667
0.10097906477550413
0.12039212658132398
0.10566961445401322
0.11732891128165443
0.15654628562439532
0.10365720504033776
0.14891773655645715
0.12523902973738688
0.14499528557908772
0.11455184837930506
0.16338646695913006
0.14774998141514503
0.13260154738379926
0.07536781152590823
0.11978713868607804
0.11069944527023975
0.15850997965082944
0.16724314146770758
0.10443678831948645
0.14118828733272784
0.12904977401338869
0.14125459403377402
0.1486843620231974
0.12002443601603302
0.16429823455003048
0.1656680080707067
0.12608991637700356
0.13100734371240816
0.15510039436790626
0.12524630319754204
0.18728067542849522
0.12973077605818323
0.11743731383382491
0.10477692008938995
0.11744931154315959
0.13463291810253591
0.16751078552881798
0.1588869511368261
0.09446488617273041
0.11793701657434474
0.09201862801333335
0.14058626692596304
0.14640529485766293
0.1338296807792731
0.13479647951980464
0.12090177140214439
0.10110477468818238
0.10247121193666885
0.09636114737497413
0.10635905401126435
0.1414250947911206
0.11376616525236112
0.11466176205016582
0.09771143677696686
0.07113389113131154
0.15677708371699411
0.1308831558408399
0.14288368111517555
0.15436514593023803
0.14478253344442357
0.09597290758609806
0.11919671931832236
0.1393181663433704
0.11960091977714749
0.16257799813884133
0.15887367506613093
0.08928177170543156
0.074294760511004
0.09228056615062964
0.09720854045850943
0.13645279198118526
0.13073254155881914
0.08283947941932945
0.11025088954266941
0.13654289766596336
0.11083418662548797
0.18258585607727004
0.10018387152364008
0.08445459908544108
0.1036650560609754
0.10416568205210887
0.1395036284763438
0.11799866425765984
0.1408659752849301
0.10797704215776921
0.10643715711095009
0.12728368137272586
0.08794155042194536
0.09536169355324424
0.0977107193930391
0.07171630470687346
0.08494024088310723
0.09762612233599156
0.07850155459348523
0.14963946910259907
0.1106398493769435
0.10488899052600988
0.157644495453581
0.09119463554599713
0.14211384462784146
0.12967868924879025
0.13293808951892988
0.1449471600712485
0.1290084539572708
0.10100913897300995
0.10806818205823747
0.10567171435455039
0.1171847415053574
0.11641985477404149
0.15384833169584236
0.12728015221949845
0.15406869914454402
0.19031348139700355
0.1095588242627157
0.1102724123976906
0.08748617312303253
0.10738650310800325
0.1513445606250566
0.116871408615135
0.12386420814082152
0.1163373999043864
0.13974926513266575
0.11606900319731102
0.13611281138097084
0.10384505375825602
0.14167051479399498
0.11025170455534497
0.09381556770118167
0.10004212420053675
0.13365660575074806
0.08538165657552847
0.13530819566358862
0.12217648864628133
0.13972466661210714
0.13233551634919483
0.15378183155791073
0.14788999291761612
0.13652810932141493
0.1214427936708905
0.09272389857585987
0.07202132833864179
0.09656732800014031
0.12582880426643425
0.5839134193633029
0.0849140497824014
0.11525945765061761
0.1437162054161181
0.1243473920867069
0.12982604835781406
0.14495774345612555
0.09796164203007852
0.0955337526430042
0.11231560567999538
0.07970402649827839
0.08838132849256741
0.11330147358293745
0.16619100996328082
0.1340112099749921
0.13764717521118983
0.11114502679970768
0.10719768017501116
0.1311936305342488
0.14529232544045018
0.13276662900847713
0.11222382880954028
0.17208296920713273
0.10430604479604323
0.10083703764277364
0.13640943222771854
0.12205799326408279
0.12962089097676924
0.12363707213303357
0.15218028231993924
0.12097350440641325
0.13306931123653226
0.15437941518210918
0.11604088573319248
0.11812615690318447
0.1895440754993394
0.14266031771185644
0.1262798582063742
0.11127803708303995
0.08337276362114106
0.1358504687802275
0.09423813559919426
0.08304026224887433
0.10534276556415792
0.11572466970932095
0.14689898884745214
0.1236672900197682
0.1047865752452532
0.1072580235452702
0.12576324547966136
0.08228629052187869
0.1324201827814311
0.17173415520674412
0.11883631023595075
0.12141924274488122
0.16959878183157878
0.1026500566799234
0.11507047803183157
0.15222440349193692
0.19186837401869625
0.08334241141726917
0.14806816362595154
0.18714696638340056
0.0990399093307953
0.08818266348364395
0.15123203583795006
0.11572424211491684
0.10644792957108935
0.09777033214197214
0.14703449339709937
0.16936854167669876
0.10812490440713317
0.09470670942629263
0.17894231786227116
0.08284387362336429
0.09231814172796796
0.14842783173576093
0.12945573095430318
0.14376791611311565
0.07343438749779298
0.2516382966316519
0.15266582005275775
0.1376838111503751
0.13713369314616386
0.13460100527487642
0.09469128476011798
0.1675510248615695
0.06791209834405147
0.1426353241928721
0.12494206096747267
0.12467535517728523
0.14429879308875093
0.1416670202750751
0.1498511212682155
0.16162698309936238
0.11164045205502134
0.052081419752995115
0.12291135087738604
0.11180409156055915
0.12474593678189509
0.15638995576835552
0.28923526799027455
0.22331141177265829
0.0927710634264302
0.1366755148563456
0.12845733717893917
0.08799534059634836
0.25227253912130604
0.16334952359458899
0.07425462349567624
0.16619695020144848
0.1456656520723046
0.12891363927167893
0.2910500252053057
0.11639302341355254
0.09806090083724313
0.09205799878086424
0.1179744621018222
0.11822881163009841
0.10116444084888251
0.18611654715661402
0.0793345511471376
0.09505528711648498
0.11775191593550655
0.13885997704102016
0.0871347809059652
0.09319139326094619
0.13761009859572904
0.1569314807016383
0.07962380955694594
0.14444570959940484
0.1118525026694824
0.11141874009172827
0.07097137317650494
0.1549630254718616
0.09670181944830299
0.11351970133887199
0.15500555557229134
0.13622477480681905
0.115011394859913
0.13962356632964892
0.10487141674849482
0.09082497581093149
0.08606625055897221
0.09799339956673866
0.1092143361147344
0.12395064208364838
0.08742630832092739
0.10367833102732081
0.1144542030941863
0.09768609537064223
0.08595256736655042
0.09990549123128503
0.110361489979733
0.0774162787430698
0.11910771421692168
0.15418937157715867
0.11994913686601882
0.08372374589346741
0.14570390993057833
0.12885176352633282
0.11337825184972136
0.12863683412609964
0.2306055067980977
0.10227663537972742
0.09877767069173576
0.12067093817530489
0.1342389841723607
0.10888275067326089
0.09460557398998984
0.11873166723147352
0.12365563515447117
0.11650517598809203
0.11426169481890631
0.11954287863191129
0.14412964203698483
0.11936287606219023
0.13890327656132195
0.09951445231394937
0.13265406407301575
0.1259428346322591
0.12111165148495727
0.12934315846632471
0.13540530488409522
0.14794717253362538
0.06539754445777007
0.09719753886241965
0.12271005691045338
0.12722075764856725
0.13562636678147974
0.15299553724985046
0.11276673634826481
0.12169331576023823
0.06624576438006359
0.14511725404583
0.10008221887114992
0.09587915986261183
0.09189520086574131
0.1112937059124427
0.10314463548852999
0.13002885809170034
0.12818227966811838
0.10201518049449407
0.058664418869221094
0.10407557017262105
0.12380409299001112
0.160311234351781
0.11957813692033008
0.09621407624910784
0.13045426860427237
0.1597054060204131
0.15655205739016934
0.09980080612612931
0.17361454861504375
0.11097346074680899
0.16864477839058103
0.1896718089936823
0.13562118419815322
0.1344160577435451
0.11075807699083383
0.1542310901871018
0.13914087710393294
0.10976182074393609
0.1289987135796947
0.1839277507006744
0.16540936452791746
0.09560530845235979
0.1319109773892601
0.08472492407717543
0.1218375100924863
0.139030182796419
0.15791177868044148
0.11683043042833964
0.16228256025769716
0.11079160195018668
0.13496909022593445
0.15114496309158634
0.08345277042746532
0.14328078140807093
0.12939940547119308
0.12195846738382918
0.10523434466012285
0.07040265090579835
0.11042600721349703
0.09588433930343204
0.10845397854028406
0.08414020566347853
0.1440810850118699
0.16225917821608127
0.07770546363859727
0.11723667689083175
0.11703097620799692
0.09672914750157077
0.06799094227407432
0.09004236507309063
0.6913929877393247
0.09401447605780378
0.13738680957578792
0.1307593721174422
0.12461556397418332
0.1264021703747669
0.15501607764375483
0.200079624842226
0.1668196896996159
0.09672575769397894
0.1412014490206592
0.06767908618967824
0.08358758801687566
0.1255177956775813
0.11841717848838436
0.09910376205905586
0.04707742309826199
0.1301132288404431
0.12527480275806163
0.10372570090411429
0.08956625700521921
0.11429318320212706
0.14635790480078306
0.15105076628406913
0.13309532120526263
0.13514645780779602
0.08031720846695486
0.16796756339210173
0.15651368047674885
0.15223592358729648
0.08416449344766956
0.12896499747892945
0.12108971744787532
0.18512231616503486
0.13565764473186395
0.12581230612134958
0.12177511698991271
0.11292239690925616
0.266846929645395
0.08749207087644345
0.15829003013188056
0.06973189931483498
0.1529096749002432
0.11638699101316742
0.11471450266137938
0.08550188923997111
0.11170750011544894
0.0945253638442235
0.10689486009280588
0.11274556706655697
0.10224764890574337
0.08155889064523361
0.11080642908077262
0.11450082636086927
0.09823473098325766
0.07663912637769978
0.11586149595788965
0.1617006666074063
0.16124118898345544
0.13703163620727105
0.1422734521419
0.11715221120912449
0.12036221192593097
0.2793519789444327
0.12425088128378468
0.779163641143421
0.160705326015233
0.08913844719509553
0.21585897059902717
0.274147573058959
0.11809851667631478
0.07034838958419798
0.09229616324728322
0.08447381040966728
0.1097710992934887
0.10390899031415901
0.10462253197300077
0.1493945193143336
0.07771200601882106
0.12088007771346355
0.10655786525914085
0.10878761519464221
0.1725676606799919
0.09827041055295595
0.12939558186815409
0.11144411353033168
0.11034284654932158
0.12257892007733372
0.14187702374694355
0.18984869883349914
0.10578388080127513
0.13364104999226098
0.12931400646873473
0.1165566557889343
0.16671012914706032
0.12757511285623893
0.07356830413873254
0.20691888757953134
0.14512413026216278
0.07798736252988972
0.1627432979315306
0.11812551754454811
0.10382603406657542
0.12811728646554701
0.12944939656552842
0.11329297862268688
0.13400337195266854
0.08811164218379722
0.09423848445740574
0.1437218119472747
0.13160385265002572
0.15158177892384397
0.1657952016868389
0.0986878169326799
0.09045258333426509
0.0977029005106515
0.1799327372478448
0.13449063517411905
0.12574911262623925
0.1355637751367311
0.11565531109078314
0.09986699901012094
0.14140731445213187
0.17054195613176612
0.14188719282646167
0.08002219237887077
0.0948180238566115
0.16017466756576765
0.12763488101145626
0.1292374188342417
0.12355840894167301
0.11957255173632078
0.10775922931930222
0.13990461895780648
0.10487056798537239
0.10542332289235215
0.1380624401123652
0.1302618082217679
0.12870498793856117
0.1113134312714141
0.1419127296706453
0.1666776562202325
0.11946660021314098
0.15374150551327234
0.1376480364131872
0.06965260733675707
0.05498079277383038
0.1240675407257129
0.2502671644442583
0.11165304528949047
0.15872768127837217
0.07302085870534195
0.1997898985992639
0.12107487454994
0.15157589220841203
0.09686343999923526
0.18263380077281396
0.1040914958057556
0.11985151145631906
0.1523543201874038
0.07056912382103654
0.08901233164031226
0.09512144498092519
0.12774092795630138
0.1874422433669129
0.18747001491570114
0.10848790485739072
0.16357599572545026
0.10721078598597944
0.15285719186046726
0.12412612552723312
0.10016492158343976
0.1706756298782728
0.11532953450468286
0.09863872605446644
0.1404258179971408
0.13672442199394994
0.17301101991198317
0.15970413033675465
0.15021558883258376
0.09675865562679443
0.08676174467016474
0.18622442398256767
0.1159122956158312
0.08745570216308031
0.1748697916319198
0.13321444703565516
0.09123804910585116
0.1036171591498825
0.16321912755413076
0.1113929131965539
0.1080274597237836
0.1896151603765287
0.1505286064245452
0.12514881210058243
0.09665188713858756
0.1301063043000598
0.1534201061769964
0.14828424920293923
0.10304800295023782
0.18310239403571021
0.1114404350267076
0.11577561384120279
0.13270854834278922
0.10538093507105444
0.16492442226924037
0.14633537151249904
0.13972523011941942
0.14586480609347668
0.1701768568102176
0.11079830978945879
0.08570661152070536
0.1360927377129275
0.11941435166193583
0.18073603333790364
0.12097517648309705
0.16636217411663057
0.06509403198150311
0.130473743758475
0.14212457675524992
0.16099838202551528
0.15356394438665838
0.11520489822957193
0.1052329359787852
0.09255050345852799
0.10636257536159131
0.1471331876391084
0.1809911394615408
0.13208473177848926
0.17407986025158156
0.12439516855245324
0.15674633144634642
0.1149110487997352
0.1407503266885074
0.17653186352166655
0.1275861521834344
0.14910923257280498
0.14746630329313729
0.1376998019749922
0.12713816433067693
0.13808129349486228
0.11086255324105958
0.1316884348980549
0.13284926185010956
0.1152206437907463
0.08731253663689108
0.16548019216993803
0.15661132322296567
0.17622741828076524
0.059911514384683874
0.14258517435234597
0.15096293830209814
0.11013276538220516
0.12160402880049968
0.09689893622891976
0.16279384572717967
0.1796139766852004
0.1708899098929316
0.15173434727706547
0.16274127386689993
0.08851337980965648
0.11628627277232083
0.12122800670879272
0.15221235264727515
0.12112292342320659
0.5631977863528309
0.14562285507731496
0.11379034425585638
0.19612886662704537
0.7355175503341331
0.15518122225506853
0.13179553919455753
0.14376376824701878
0.15461707552136483
0.13612598338482068
0.11895491281696813
0.1190947865589424
0.11710275782783731
0.1467302948239494
0.09633862147707578
0.08822557555071676
0.12495563184829049
0.12497714671071422
0.16830601685376334
0.12338150187951172
0.18787696825061326
0.17184191230540877
0.1155662295824215
0.11234410682299088
0.18012826396651624
0.1459498764636907
0.13655043548266033
0.1215553757491009
0.12953412815238555
0.08907170847009595
0.10926787187955421
0.1084797303557947
0.12609122332986078
0.12816543875867323
0.18516338804191912
0.12662962018454327
0.10101331424723253
0.15633348469055444
0.09208023471650538
0.10058179115234042
0.17447666494508604
0.11555361804358028
0.12587494325301793
0.1289118174184078
0.12041663581325454
0.12307281688647229
0.17887684234116888
0.10081963977206289
0.17422419568128858
0.10086657016852721
0.087132426550819
0.11748403077746776
0.12040745871492484
0.11437952300208584
0.09881101357249165
0.15196804484224485
0.09812044704940825
0.11996047259163309
0.16202622621335847
0.11327908646436038
0.11592678784639535
0.10889626080199939
0.1486727180009873
0.16632033957359266
0.13470580501423327
0.09281102173486809
0.15038995431774652
0.11830615436288279
0.14786174503794727
0.12691404786684543
0.17850580651820103
0.032894856011917654
0.1575245311344866
0.16147042486319518
0.15751251037138106
0.1030444005257893
0.1360508239898974
0.13260055063952375
0.07233662587030935
0.13029800404615874
0.19343592332910506
0.2527584685893784
0.13063799099280834
0.07461494352392666
0.11922844776447655
0.12586285992578788
0.17662298222475217
0.10711169355706933
0.14470965791219073
0.11690515979187711
0.2032614010123788
0.13106988430076966
0.1236813934666925
0.13229936132184353
0.130286564652984
0.18022317408015132
0.11880540238140501
0.14277933110576632
0.1770921395451449
0.0930373546054123
0.16196351692828898
0.1834625720916531
0.09974310222120521
0.10946291028263809
0.14452663887942885
0.15367293226020193
0.12999099875543219
0.14036830633440406
0.12477936626224892
0.17315764521047838
0.12773215373706934
0.09250888271647789
0.12272152884868738
0.203248060590864
0.1559252847982383
0.1721510445657845
0.18409379179479995
0.1747892630936798
0.1621505933436219
0.19331310008999708
0.13513672347364403
0.07673431841764129
0.13113113220906394
0.12999445348259508
0.07140263919208538
0.09784294878692333
0.10887270976761233
0.1887934388877033
0.1570002760623673
0.11273459126593327
0.08719058787777985
0.16997752901779564
0.0789066016992611
0.10818042555536113
0.09377143113083197
0.11455794341285967
0.1304015001401155
0.12811704708105498
0.10749327385423157
0.12663039757389763
0.16204685197257093
0.21731079701047723
0.10835958991487775
0.11555205593303905
0.14841092235057807
0.13719960283557098
0.14615349421385646
0.1015738545223844
0.3728420474920847
1.0934971444742863
1.1279398275832975
1.176398669648857
1.3120014266348852
1.381371773371452
1.4194683676339528
1.2949497412388058
1.087120881214946
0.9001558353580861
1.2498690062813598
1.1373289798386497
1.0659423315771104
0.11784983324734061
0.25868508585526556
1.2732939742446152
1.085458086848461
0.9903064670364755
0.032558554988938886
0.04460901006032141
0.03840409820304931
0.02599836033234325
0.019036638093091557
0.025530049553658875
0.026622187528052847
0.027794204404537386
0.02241842074305473
0.02382761595858423
0.0249664911046907
0.031714034679968875
0.019826770444793553
0.02230389518627865
0.02199376190575503
0.029391383418102733
0.025660272989118427
0.020381445417423368
0.02078125766605983
0.028023285960921233
0.022335364658956573
0.020771648877357433
0.04020590579507444
0.023649187388368242
0.01417159596457198
0.024563663376860403
0.026367449691665972
0.01455437846777111
0.02081614937385961
0.015946037125894843
0.033061117686455234
0.021176168713282123
0.023536112104250294
0.03185332534363184
0.013161067472878995
0.02217133960626547
0.018977747618658013
0.027002159368955288
0.039203305668173725
0.021955380720701436
0.03100960802839983
0.01940991668933336
0.019883520315580328
0.03437891560215293
0.01885462931061525
0.02068926099067881
0.03399839420706005
0.023937638278575913
0.02029389646151648
0.019248650993866762
0.020276764614613557
0.018060810269027235
0.03973033808108621
0.02683811854217652
0.025244711442597895
0.02291646851107357
0.023416317183344398
0.016099942462161034
0.018494187783552263
0.025492283599801265
0.03053341814520517
0.021745367434788235
0.02077050187992938
0.025722133482611553
0.02984451034634647
0.029652152735253203
0.025189341088119956
0.02489418337738925
0.019874945739169328
0.025436940500273668
0.030620752692846955
0.017733867712561323
0.02102142928293604
0.016034931867218893
0.019802746977935298
0.025338441901712937
0.028235448683194213
0.03827178407631761
0.0377291952387859
0.021985607060561668
0.03286781365132442
0.026868204389511572
0.024460992877194557
0.02876280253711467
0.022522166255623203
0.028233177228867968
0.03135250716654951
0.031281593911828214
0.021374467693675937
0.022789142679200947
0.03163169459193638
0.03562753456448371
0.01708324254798501
0.02168432132008074
0.01952277764453266
0.019200957670935714
0.02264359503802584
0.024424867652122987
0.015644325263280343
0.03202733704619616
0.02527788154012225
0.030436561962232957
0.019641409628014465
0.02183578654543772
0.025734508572787376
0.03608629556619064
0.01834118070115885
0.02478160859685568
0.02300256973652921
0.025960115991214585
0.020250702593472853
0.03514139750952141
0.0370279311643821
0.027611969772039675
0.028269126874835727
0.018507406175082345
0.023231343868428102
0.02551084943232668
0.036617093876904205
0.02711093912252984
0.030855818810072717
0.019899384632375543
0.02223868501926884
0.034066968179968835
0.015603452633619438
0.017356327214383488
0.0330687387384699
0.022612399472807108
0.03475926371298362
0.03482996090218949
0.012617554823854678
0.027225020598579133
0.021655220433678533
0.03423711398346233
0.0141435364918321
0.02383039387197975
0.03272454120847483
0.028264477110510403
0.02590987995526226
0.03381324674018022
0.01887050384927889
0.021938515262404347
0.03430996932819383
0.02255759029715688
0.03649189784915901
0.021707237994525404
0.024359838767347847
0.030465626982427753
0.03973567737138563
0.02486388918858485
0.02948431212486977
0.028237697402804997
0.025678575220556756
0.034822111963299825
0.017097456843653935
0.04348480902164064
0.025285009270164475
0.02883144210088675
0.0322447602317407
0.015503259988776597
0.017268965983885512
0.028593341057532647
0.024370146813123956
0.03405599309043903
0.026005601007934198
0.031291745464163474
0.026692358684250843
0.023005233641908457
0.022422287866045148
0.024288216082828402
0.02060341194732345
0.02176611784996754
0.031105730765734002
0.018178656891053822
0.023130859702726294
0.036232902921627425
0.030464922174567678
0.04145530227434454
0.027608265772012322
0.025494011673235967
0.02574870701620163
0.021416586499559173
0.032233391316679676
0.029525920612801803
0.014943271450457622
0.02395443406557333
0.02520308682220228
0.03528979156651104
0.013038606706399508
0.0286962794924306
0.028955087921669044
0.019398275612493025
0.021988323919063933
0.028148240661062567
0.03300259038297358
0.023219250230771697
0.020351543001303953
0.019264816662308015
0.024637519926623618
0.02709272378143336
0.018431265304686043
0.03079648538448235
0.023375124124826303
0.027824442588016182
0.02169806268665833
0.022678027314627213
0.01973157100511829
0.022488114660158258
0.03375075325181999
0.025386938131671595
0.018197322007222506
0.031870147021919926
0.02563168781527613
0.014151956765214973
0.015941344315567454
0.018921129851127292
0.019259708735947116
0.012694301369652342
0.027264319697054073
0.02124847607482819
0.03506034624121156
0.017705188957901376
0.019620798901619003
0.02359672583653581
0.02135300576688498
0.017110828289651055
0.02448499424489667
0.01984620700205746
0.01944437992820322
0.029683945815837078
0.03517836364314259
0.030707320414075895
0.021503720265146253
