-4.372032569179651
-4.364862488372672
-4.361354168327895
-4.3706968394948005
-4.374919181066535
-4.355028618981464
-4.353184826943213
-4.370121939061675
-4.3733539484718795
-4.351909977242268
-4.350724515657224
-4.344120367409798
-4.35589273338465
-4.361477248419204
-4.356397853515
-4.355954644506555
-4.363446668306627
-4.363423606924804
-4.369504076841623
-4.3819333013457635
-4.365612922658481
-4.3714372592011195
-4.35726674132588
-4.370378224506509
-4.371494696764887
-4.372822009009161
-4.366379692637177
-4.363197395563006
-4.362191348561695
-4.3791600833893245
-4.359692015349907
-4.374017584982929
-4.359038612660171
-4.366858404733539
-4.349797032684491
-4.380094848334703
-4.351168880387106
-4.3671544582868025
-4.383174025601824
-4.402006627563198
-4.41878214742962
-4.375093492537964
-4.357253959150303
-4.396683983290576
-4.424541974211368
-4.405839413448926
-4.3986210934085515
-4.394859175124469
-4.44513597807114
-4.436012654663055
-4.387248517828694
-4.43576230932421
-4.414070282566757
-4.412727026437461
-4.432311637470944
-4.416577873342723
-4.424033725287955
-4.522331475544301
-4.415134681345223
-4.503167817500316
-4.468634483854516
-4.4512108928746725
-4.447487160947596
-4.541301393078999
-4.447811736600636
-4.603193510012661
-4.493416311139789
-4.549390913005399
-4.670457490105257
-4.585853891902095
-4.611322224315326
-4.5943975813028235
-4.674340655681437
-4.606033403938751
-4.749570393581105
-4.721289901652506
-4.737247301616093
-4.769515577627549
-4.8515245671627145
-4.743490438653678
-4.750031441185268
-4.719281359824661
-4.767558704014039
-4.761130130189792
-4.79385810473624
-4.873044116794221
-4.799825997276542
-4.830711264502691
-4.826053680372491
-4.884033370654713
-4.851123973434927
-4.825593700007046
-4.793334896306234
-4.9083068937390735
-4.849337060743016
-4.9518615255865015
-4.844361246101179
-4.933560200940581
-4.6888708590977854
-4.917918469107886
-5.071194770171974
-4.880462513970951
-4.8154193449615565
-4.745180805109221
-4.949324747560126
-4.8800544754846475
-4.946534943851608
-5.033855920417572
-4.959057046390617
-4.9686632262698955
-4.953768330670076
-5.059749844766035
-5.129495029039833
-5.0446037657205025
-4.982153066072264
-4.9922299353428405
-5.017311422778036
-5.047296631783141
-5.028876459462739
-5.103679936312936
-5.062087084255275
-5.019182398120382
-5.13321526869599
-5.156519952115044
-5.000958507276414
-5.054583381287449
-5.131215789412354
-5.037153188731832
-5.046311405370131
-5.06371334665871
-5.082720683989308
-5.107789996360515
-5.022753380447662
-5.026675559089247
-5.097298876992652
-4.986345683189004
-5.023945714399379
-5.083055234628049
-5.117432525905547
-5.140745303963954
-5.107079022877805
-5.29672060053652
-5.158971249215176
-5.1671510350547765
-5.0786901915185725
-5.110139859299024
-5.126535623085739
-5.179097380008093
-5.209561209804925
-5.2238136999064
-5.1279738285269225
-5.2548602991657525
-5.13678980061804
-5.1536918773358655
-5.072841385690048
-5.210070768614728
-5.230401103894925
-5.17488542557772
-5.084824615805289
-5.314179425829921
-5.143768243156732
-5.163698329288154
-5.245151558068824
-5.158608718119224
-5.242541938156777
-5.209127227117115
-5.29594971307697
-5.177666430757565
-5.24088233829654
-5.193703219824581
-5.196332298366255
-5.068779921708025
-5.180383257553273
-5.1709700121908
-5.168516015465332
-5.181054084965476
-5.153965974955165
-5.23890671466481
-5.19495088925575
-5.0944437014706345
-5.156844753536395
-5.276275684764101
-5.2401562481900505
-5.149826136980248
-5.095150992121957
-5.074384558947865
-5.140528215518044
-5.127863445578513
-5.009522015849696
-5.256962375417521
-5.259882334121748
-5.313370671714842
-5.204098216881266
-5.163918111728442
-5.120082739506094
-5.132296375243296
-5.182059371096892
-5.153908842854359
-5.189214098050524
-5.268112892521812
-5.346685613301886
-5.337484164202228
-5.193303200673363
-5.231641723559619
-5.316392341962924
-5.202382532520733
-5.184299125521818
-5.2948890271434825
-5.199250810674574
-5.184734036196976
-5.136573646042631
-5.229119567650875
-5.168795083731363
-5.1610407391541
-5.146884793854907
-5.162682955836151
-5.217624851028681
-5.195712274374102
-5.240294926654053
-5.311094809618083
-5.168308913134525
-5.145500841984109
-5.2437379866675595
-5.255292319299915
-5.228864329745886
-5.229229037183763
-5.186702030648899
-5.217565319726272
-5.330373019101073
-5.216950738335608
-5.221591948877688
-5.263098535473468
-5.343038164537084
-5.243903857222996
-5.303828047238689
-5.363716733634938
-5.2329038510480474
-5.321387233681673
-5.275181764360083
-5.348636537695732
-5.359199125476012
-5.400432492030466
-5.291379999818681
-5.247784408855115
-5.435829396123936
-5.337753314511541
-5.390849783761092
-5.421943285458631
-5.348700800025689
-5.40057953924201
-5.390092188078909
-5.391311007075495
-5.376708939870378
-5.389782926182676
-5.337869742655997
-5.456691917558927
-5.4470029694571345
-5.3924259222868685
-5.3492434752754745
-5.410463448145577
-5.321060863261557
-5.482532425854045
-5.428102557131599
-5.407112091204727
-5.454471787734946
-5.373040537349072
-5.459886020009107
-5.422074111449186
-5.4487363257272845
-5.359729935383665
-5.364738399186692
-5.418457847973869
-5.438613941289525
-5.429418972284743
-5.357309627570059
-5.4254615991148265
-5.412144528076887
-5.356811880454302
-5.508208103622154
-5.342403632256138
-5.414905223657335
-5.48314092302284
-5.324425912099545
-5.4682729528792855
-5.5094606051164305
-5.479040426205934
-5.500981500866032
-5.443014160337324
-5.4367391690741655
-5.404056327042494
-5.50679207359957
-5.547987393113682
-5.494318796411331
-5.376262606825715
-5.552157870385057
-5.4982049830361435
-5.465249287953778
-5.586011923380534
-5.432590580004082
-5.472257059952458
-5.4115421956380265
-5.530314179940656
-5.376401727755233
-5.520645674617011
-5.374248566836549
-5.492136453302808
-5.517111249030336
-5.431754394836919
-5.411479521554573
-5.563159350953245
-5.495525325383131
-5.544210839048528
-5.505993397882196
-5.541499786920006
-5.582399033860675
-5.406023781929225
-5.480223984993911
-5.537015820084889
-5.421907655283743
-5.483911899242186
-5.522287146573024
-5.50755552356946
-5.558627794606556
-5.629571863171918
-5.575683200873215
-5.509310263656282
-5.5238328474304925
-5.374710113370916
-5.4851478615247
-5.49900735765413
-5.475642233219405
-5.395365554623535
-5.425823593847113
-5.515397688598769
-5.492014306490698
-5.479928301769186
-5.580258588451371
-5.5204870712697724
-5.514262969211526
-5.509162487083189
-5.60024739634307
-5.559297973614275
-5.598429716886976
-5.6307989561556795
-5.509116156526645
-5.564627112969726
-5.634572846536816
-5.589688927625973
-5.5473549244207945
-5.542257526072232
-5.612489165997267
-5.620948615472816
-5.5547096023514335
-5.631218354273613
-5.524707490823895
-5.509115609245782
-5.5671508482171
-5.5978817527795846
-5.525398447680384
-5.527640389201926
-5.673892097949277
-5.66055912877032
-5.568876961273598
-5.522039262961438
-5.576523932672938
-5.602170528466523
-5.6807044303629
-5.567754552411694
-5.510764254739863
-5.530214318601256
-5.479675219626223
-5.5963320001079335
-5.613547900063818
-5.634263161872801
-5.594951093071411
-5.578969179773326
-5.623303248301084
-5.597716258376112
-5.7166829044492555
-5.581021759105884
-5.55378502335526
-5.454774957557587
-5.707925964422687
-5.606867138192396
-5.615533401737271
-5.522417813499179
-5.633593226252847
-5.578202702536306
-5.450873193190972
-5.4926331107164605
-5.554939724032167
-5.517895221644325
-5.648979628826963
-5.613193186384027
-5.682229321686226
-5.632225427136461
-5.522057446902766
-5.713298182425296
-5.5736756313921845
-5.520309951317241
-5.6695496243670185
-5.593649757398477
-5.631318686709449
-5.589415262688076
-5.531363405436174
-5.627485016182558
-5.547839797466785
-5.627345143685004
-5.636582093409344
-5.553799955312333
-5.617973743224567
-5.611250374686403
-5.609373003879848
-5.666593059277498
-5.582059193503142
-5.586877195388435
-5.705959206912862
-5.633424296345663
-5.722439217719931
-5.567882047624234
-5.645500870833417
-5.652187381770716
-5.617984179125006
-5.61623094325083
-5.62872290936783
-5.665534167385824
-5.704360672248418
-5.622537397594529
-5.633520806462616
-5.719196107205741
-5.634279539919635
-5.812343466789692
-5.6596579922823
-5.571693075744927
-5.650062708471734
-5.688056338301938
-5.641857097348868
-5.692178268785582
-5.630814339979235
-5.737249093282166
-5.605633065803727
-5.669776888070973
-5.677839848504982
-5.606892295464107
-5.698706366843748
-5.69073366953218
-5.643575108016131
-5.742974759732444
-5.602904842399649
-5.652492712852013
-5.773379163717007
-5.714913360710749
-5.709315533974694
-5.722897883705254
-5.779931408805976
-5.658492151924978
-5.673693251364102
-5.687672899047072
-5.721870215352312
-5.673452620321147
-5.735961119694911
-5.638702832649362
-5.731030827498249
-5.692970511494799
-5.735906008702029
-5.639358231484952
-5.644920911198514
-5.800752565355447
-5.679383434716664
-5.64612934571263
-5.687249448345462
-5.785693372773878
-5.611458047431789
-5.7310885622383845
-5.745653986626733
-5.704105588400587
-5.750833266860062
-5.741780150932069
-5.665538371961039
-5.691016063369383
-5.763453403491156
-5.73632386273681
-5.724798655303011
-5.629768021920069
-5.827766658193011
-5.796396235319781
-5.848858466165324
-5.678405144425355
-5.721148086917879
-5.7726132720208945
-5.8956433602206175
-5.6233800402945135
-5.727798536688095
-5.762105839265849
-5.761790410499131
-5.738389201250211
-5.6728157655982585
-5.876199439108927
-5.7565931126903696
-5.731463648434644
-5.782285069530517
-5.705683394812446
-5.743565571940334
-5.800561665457966
-5.753827618924163
-5.7214708393277505
-5.725223591407719
-5.735491010518967
-5.895767845421729
-5.744732636980512
-5.825196355007346
-5.8752848833211
-5.7928204493629005
-5.839010888390217
-5.7228347438638405
-5.76004379886021
-5.783411656857206
-5.8565123582095175
-5.70618309028093
-5.789982623109637
-5.833198380282824
-5.843996645696149
-5.865377582917203
-5.798925183773071
-5.805306088996879
-5.777698099780228
-5.882879632391689
-5.786277350258786
-5.770529504117995
-5.808460106202901
-5.862520177440469
-5.880222960847348
-5.810599586850801
-5.809016524024638
-5.780540546252957
-5.780248750178727
-5.861777256697785
-5.769398139496025
-5.810499020543888
-5.750358602795032
-5.755059867212179
-5.74722437174419
-5.797854471238543
-5.895829329329115
-5.891150370111624
-5.889222047655245
-5.9169797945758065
-5.844903916277113
-5.846437248043579
-5.876629842442349
-5.847149695518912
-5.911768642364721
-5.867101161987989
-5.875154568019696
-5.895870959968223
-5.8620375832121745
-5.797246438084045
-5.786222552640199
-5.845923715449062
-5.824050330884093
-5.6808136154615525
-5.846301923390817
-5.890104039763654
-5.888815656701876
-5.812005478028801
-5.82616515369678
-5.776387232822079
-5.821890437066679
-5.926913601610587
-5.782596768329249
-5.974963331120559
-5.837488853959357
-5.8613016844328625
-5.8555563125588
-5.887744021048473
-5.898195115680682
-5.805122316474673
-5.934139604068875
-5.88119376215719
-5.834747222001684
-5.885040381152593
-5.842207512798446
-5.969181753765173
-5.943106916376241
-5.943451558569105
-5.889476501190605
-5.925613596663318
-6.018157127304213
-5.916676551230935
-5.7635928716620946
-5.96081172678868
-5.881265052011277
-5.970594097718164
-6.02685277229006
-5.972011555035466
-5.931627971949722
-5.93527281014874
-5.9532488111413375
-5.941304476361046
-5.935826723159348
-5.956378975078178
-5.881247957131048
-5.954181991740327
-5.924244010677174
-5.953076515599809
-5.980762762534883
-5.957307986489058
-5.862607515831913
-6.021160184798571
-6.013071547456319
-5.873799359926405
-5.916573743170749
-5.904382161006935
-5.943798364598279
-5.845994815984014
-5.914366149731239
-6.029374933470859
-5.940960339979317
-5.922226912146497
-6.008053152079974
-5.901575579226807
-5.962648970078713
-6.033336907167458
-5.908402795678203
-5.98463036753966
-5.913877061693619
-5.943254519086256
-5.8583878043893565
-5.9583633175639905
-5.972094706732659
-6.027672956758461
-5.99246567744951
-5.870303862985579
-5.945795290770546
-5.94629494054881
-6.051759078964833
-5.910526481937506
-5.98314943214541
-5.949855208120672
-5.9695664080639155
-6.028035971094348
-6.018495789059322
-5.96992852474301
-5.8906081028715045
-5.991774032801178
-6.047755140966979
-6.084974048131302
-5.975735780862614
-5.927903845038246
-6.009356402813438
-6.127204319929185
-5.912411204686734
-5.9654477804069135
-6.019972936840457
-6.00924986873218
-6.01474376424648
-6.0987123621996435
-5.942210853456181
-6.013877069216328
-5.934565076474906
-6.007508583582651
-6.070974533744403
-6.061315996575832
-5.994143679637464
-6.0820092123684955
-6.036839231461575
-5.939428618501029
-6.064708966163103
-6.0208678321114855
-5.960035481359117
-6.097536503342247
-5.882596227314642
-6.044671003959752
-6.0104062627587815
-6.037299133510147
-5.998489357555513
-5.95102135873662
-5.8922207855468685
-6.001763022249637
-6.031254819316594
-6.01145691184958
-6.012853086713071
-5.976777542458059
-6.067463011791043
-6.025002340549391
-6.162162142448977
-6.099461849022454
-5.959384587954094
-5.950679318357884
-6.101441732192166
-6.02134358646537
-6.008343867728943
-6.089224894721167
-6.088345477350292
-6.031745082448306
-6.067324337314101
-5.984181915243834
-6.186162317177838
-6.071275988427633
-6.086704255174199
-6.106095569354536
-6.083142669705195
-6.018422389061673
-6.049391243366978
-6.141721281693037
-6.061593403050939
-6.0791071267835335
-6.171408615189802
-5.940200104221198
-6.048793817508385
-6.071440304949192
-6.149472708101186
-6.0189814965450745
-6.111920078333957
-6.244749949906477
-6.0729107672414875
-5.983207511271375
-6.09790471067054
-6.048579348008716
-6.0647663569197325
-6.06283147159143
-6.1948919545770025
-6.102975688588142
-6.16279281980782
-6.0634281564185795
-6.095924749014396
-6.180316848034247
-6.150561660492002
-5.991937004915412
-6.0964727463643085
-6.15858617897856
-5.980235033791086
-6.176895311112071
-6.068269680316129
-6.083513027018008
-6.187957911714928
-6.142019034083666
-6.135319518607691
-6.097671765515499
-6.082812411778689
-6.079367558616063
-6.05150233410778
-6.0458435465444795
-6.075395452657993
-6.173832465110748
-6.1804413953228945
-6.088841315922624
-6.081851165123617
-6.058430406456725
-6.063337969034425
-6.117573557718174
-6.125107929215935
-6.168302843117601
-6.0543799227682245
-6.090487989215538
-6.280950677764461
-6.149945847595654
-6.161966471913271
-6.258009885414841
-6.058828644434376
-6.078111619558294
-6.23192184274202
-6.154281276541724
-6.070380343594316
-6.024203735000663
-6.129692218642468
-6.076582681854516
-6.191043958606551
-6.215966161278499
-6.134010759212986
-6.09745603568629
-6.111447350592088
-6.2489141738350575
-6.184264394994232
-6.168402507343496
-6.077236865024572
-6.138153415011329
-6.2356827265504835
-6.171288240826162
-6.189455786067239
-6.120176124439538
-6.037913756900458
-6.03953353250617
-6.100868968629435
-6.190048888837055
-6.137678525688371
-6.208414660183053
-6.094427938716382
-6.079227689285498
-6.117741942441107
-6.168853877435273
-6.070958107723097
-6.134199560581324
-6.148855327615827
-6.238521897473433
-6.1527299625003735
-6.197717926593624
-6.173814666500206
-6.075497548931833
-6.109848062963777
-6.189688362316026
-6.0900488223585
-6.239634821897587
-6.2379975885494545
-6.265735903319083
-6.119630819790936
-6.324539273808438
-6.200259663623356
-6.132154664440016
-6.303572430573457
-6.214204719272402
-6.2818725439048295
-6.075794116529956
-6.14331004677711
-6.304844685775456
-6.12285558193948
-6.274389957429449
-6.26781425745103
-6.1887631569956945
-6.1397365569965485
-6.216026264168226
-6.2635714487072125
-6.3559481288058866
-6.209458526851523
-6.243853022344568
-6.22380988434937
-6.398367123813337
-6.232677629955989
-6.37901267891337
-6.245821291121157
-6.275120639237044
-6.254154353382022
-6.212104470200352
-6.160473663773698
-6.404021116289745
-6.1617367840885535
-6.166905449329912
-6.2583719958443185
-6.102922316402291
-6.302409119098657
-6.261132870425072
-6.243429531505877
-6.2424181877816665
-6.238446970285672
-6.336564229099356
-6.2496831051357296
-6.332908245708045
-6.321665777292643
-6.3390575515801135
-6.274820561455602
-6.287100855099732
-6.220334245631758
-6.2063516403832155
-6.300860817060887
-6.31305213045518
-6.279577069193534
-6.287655380316782
-6.303953729439632
-6.312935773830276
-6.31850310138448
-6.300796222708339
-6.275485003195177
-6.232807822043758
-6.329663096358491
-6.248665587100708
-6.355001578629173
-6.2483124617599755
-6.27020982940596
-6.218877555130546
-6.326758275586242
-6.280614874731686
-6.278188872975761
-6.27967403266839
-6.279996815401515
-6.292076293691983
-6.322737561579886
-6.405110982551597
-6.341619118966081
-6.354733107669991
-6.329194012908619
-6.306395284324626
-6.271067073134718
-6.350275291553444
-6.264653783555763
-6.299940988385324
-6.219167682954971
-6.2685731059014635
-6.38987093966628
-6.251015689914887
-6.2713939765555615
-6.341080064848901
-6.367847054302956
-6.31338341472606
-6.2290469274135205
-6.329962729233458
-6.254333829607646
-6.266494059702389
-6.306956222450555
-6.328910792679654
-6.485787985582165
-6.325545512396662
-6.412444705914995
-6.285731720946678
-6.447151482580809
-6.335432462249235
-6.358929315658889
-6.3380752453879765
-6.345902201182639
-6.417141579895804
-6.48626268436957
-6.322848769623597
-6.404120164452737
-6.431528060206546
-6.293012359861647
-6.451808857327331
-6.414940262386708
-6.363002152768941
-6.303386596856244
-6.395233274248028
-6.306506153862232
-6.302274028141404
-6.2810562180813
-6.4403253591460725
-6.357164285939442
-6.374641918532088
-6.270348027130094
-6.515059903433251
-6.372359518495429
-6.36294811694324
-6.301890794925552
-6.349036616262314
-6.510319869408886
-6.3340254018081605
-6.4864734408287905
-6.454798733455711
-6.364263730248187
-6.405788885670131
-6.402591256089477
-6.592818648915255
-6.328371295615565
-6.370207778798193
-6.487544972666196
-6.525029500724163
-6.663733497000656
-6.428050778527863
-6.494447265220325
-6.425607710203581
-6.416158124314558
-6.514397057769739
-6.578633414022116
-6.432445394714332
-6.390282871208329
-6.399785328137902
-6.475176795245296
-6.444677816080023
-6.482009539015497
-6.322745699565736
-6.51410843394407
-6.419910114046785
-6.399609762279788
-6.457072578607139
-6.442541762273102
-6.37658508612688
-6.527983829263021
-6.427619723956873
-6.420884733027447
-6.37888857881231
-6.550280384523903
-6.518623415038433
-6.58607729258155
-6.47714429241832
-6.478921805811449
-6.551707538000997
-6.577253663125998
-6.5424563488408225
-6.510864260514758
-6.552855278233364
-6.4913277083829275
-6.583663657926602
-6.575561517962469
-6.465877989720292
-6.503084965383893
-6.540062711435777
-6.540472541609147
-6.522696391482784
-6.459368467010389
-6.506665236577902
-6.526526674949746
-6.417080697426994
-6.587226113056399
-6.63992140566227
-6.525722173453355
-6.461032363275554
-6.543568714255118
-6.570830538242419
-6.509227083131645
-6.505986455674284
-6.551866762025854
-6.53720994843807
-6.486807350035123
-6.583263546486279
-6.6043074457975965
-6.376881553184333
-6.616819983078749
-6.582102576230693
-6.524337931015655
-6.29835324203037
-6.417313243737738
-6.451760904058003
-6.552344832950621
-6.026376864935688
-5.703587829738817
-4.846256188796106
-4.493008157972098
-4.4393249099467225
-4.589272753736899
-4.644598232713848
-4.439142717630055
-4.386704630315033
-4.635680113731026
-4.408847155014375
-4.628787668394667
-4.4097710242403245
-4.41552390039435
-4.406457432121135
-4.399638370115878
-4.395045387382937
-4.3757746121288745
-4.373839257960569
-4.463036050670958
-4.382953386880481
-4.658702877306281
-4.42356892311857
-4.579509114404664
-4.446197729331721
-4.800544156008775
-5.251341596860811
-6.1133527433021815
-6.356433999024642
-6.495271248099695
-6.628154679356829
-6.384257868986911
-6.405952228417196
-6.354223240813187
-6.304953595516962
-6.251218074282399
-6.167560775009895
-6.087078398442884
-6.045257385900748
-6.039249040338209
-6.046638221869414
-5.995291542232233
-6.026996625468974
-6.105728796246881
-5.988222103783065
-5.953226995993143
-5.9977304407361975
-6.0894011802163215
-6.023711421166895
-6.021190601094688
-5.971166693380699
-6.040988630345342
-6.129342418057563
-6.095078712524966
-6.067824438523754
-6.193033467711627
-6.072852918362134
-6.2923686695954295
-6.166808146647488
-6.309523314920489
-6.343750745615321
-6.2873297460276625
-6.280727780864263
-6.3315617505327415
-6.36946790278168
-6.418939050681633
-6.462027957921208
-6.52001387406175
-6.464874482137237
-6.470113355235433
-6.378666419967412
-6.488317001600182
-6.569668188050887
-6.478785722828892
-6.519373264567932
-6.580296165254113
-6.573194742067587
-6.475159492000555
-6.592200132506699
-6.459788270660933
-6.611164243903341
-6.483972988668931
-6.577205320353546
-6.55643624315739
-6.42529793254424
-6.476118942459433
-6.671804444698894
-6.532553694843573
-6.719513483845734
-6.7503897917701785
-6.670490606741011
-6.600058113892894
-6.604117622565422
-6.730674830474917
-6.639378505236987
-6.639533057971382
-6.62026495801912
-6.62497475821275
-6.631665122575303
-6.672972535772479
-6.711818317999263
-6.719512325319449
-6.658664784897269
-6.649447265791323
-6.565611976859548
-6.675059252288271
-6.764874010928374
-6.610376911448464
-6.6782470373416745
-6.631077819981293
-6.644480286580848
-6.688532962466933
-6.692508078419822
-6.603298494910013
-6.536095801767569
-6.788779550823536
-6.709893694738081
-6.7124742251583775
-6.635700351101554
-6.774461066646464
-6.772781057936884
-6.610496059615814
-6.745761525797978
-6.7554210477359025
-6.766187682168894
-6.8183009636464575
-6.709131518151712
-6.801081796163285
-6.703693177748329
-6.66187009982561
-6.80329761808616
-6.803647383690813
-6.661447610081481
-6.738005675809534
-6.817034180145232
-6.774797597595752
-6.763940609316373
-6.615015675888841
-6.842190062845049
-6.723136256454859
-6.849396921678637
-6.742933909845627
-6.679472444447871
-6.7834197823027225
-6.753921641600177
-6.876547222949338
-6.904366039425162
-6.818999053861711
-6.739487011007942
-6.729803902326778
-6.747070043603279
-6.712412632559297
-6.762857065149479
-6.701430264243648
-6.726818198850599
-6.834979220278047
-6.682272810049667
-6.657245767438389
-6.761796112807454
-6.72702261461198
-6.619031170463721
-6.808279504324561
-6.71334168435482
-6.812372401330292
-6.678295784394479
-6.794017915992668
-6.766970567487566
-6.850758466597961
-6.817269915509401
-6.855089825797804
-6.83409141749054
-6.760297121305401
-6.784443012331311
-6.795376609641778
-6.850085512569362
-6.863530307243753
-6.852081937350907
-6.756526338046624
-6.778248213919894
-6.869827387774503
-6.823274926244216
-6.827142809830424
-6.845328490750887
-6.745776987300532
-6.801473579497136
-6.868516015002609
-6.752412780792304
-6.862081385510855
-6.865207758224847
-6.787762032019444
-6.9235120569246
-6.976531536438387
-6.770830237467966
-6.781425219107499
-6.833618171381163
-6.806106174646411
-6.797251829212221
-6.795629096210397
-6.648071841087411
-6.7837435288275545
-6.8800450929599535
-6.714920021399134
-6.793977939486955
-6.87152442395925
-6.733465175595221
-6.862300708412636
-6.845565877771003
-6.75256676139412
-6.811373032385923
-6.8158092768927805
-6.651288734588817
-6.615874284608769
-6.523587418108562
-6.559272953591891
-6.417950239441396
-6.575263554209975
-6.592873910941967
-6.536127178882679
-6.530225002128628
-6.586992540612482
-6.622265606053948
-6.608544125409813
-6.660326390553485
-6.537880510392795
-6.704612690903524
-6.646788519293882
-6.58609550188724
-6.735286785914038
-6.680181025644022
-6.697811909320271
-6.741107198954523
-6.848629220383616
-6.727536380131143
-6.880607965514682
-6.807998544814399
-6.709510655718666
-6.808635528241476
-6.87998278217507
-6.784313828574651
-6.955635024044874
-6.856024658804408
-6.799393202822085
-6.977923462097985
-6.867834061824688
-6.865708181190354
-6.814883703858489
-6.915315141733917
-6.969463717659635
-6.841793771870609
-6.921961198913468
-6.895486303551241
-7.00257563883588
-6.816644463724266
-6.969757678462582
-6.874836421608286
-6.995954810768723
-6.968980640515655
-6.906654824308575
-6.758634753704938
-6.6317386966745575
-6.801961511559506
-6.802653178218724
-6.37428607869149
-6.226471548167677
-5.958753256417317
-5.6889696692274345
-5.190011107899688
-5.237503217185554
-6.656473528481271
-6.723106453002372
-6.88870929287524
-6.975213563164115
-6.939104276351459
-6.775047176436499
-6.898912125311799
-6.6564117356669605
-6.698337636204072
-6.458660891766854
-6.465763232281809
-6.263323173419219
-6.2793546634914525
-6.210934507793288
-6.098336554997917
-6.060385432655578
-5.9214598450930565
-5.926550977350775
-5.92412014143229
-5.921373431163185
-5.886402287646457
-5.757337055977825
-5.712460449468768
-5.659789470679245
-5.6918831635573195
-5.679514318593764
-5.743888463565883
-5.574570786074402
-5.610969774058354
-5.615491787675094
-5.7051840816383645
-5.687303934312548
-5.685212205795544
-5.655114860913966
-5.629086866826104
-5.756213191796859
-5.720615707675882
-5.765473696196892
-5.7539587215861365
-5.7840907293577
-5.8657624667816375
-5.785657627101544
-5.836661777867798
-5.792600484338781
-5.91750210154125
-5.931831627835992
-5.841477331720403
-5.893932658242306
-5.963866143941946
-5.922729722600617
-5.9064175602054565
-5.98595202053615
-5.959739953530763
-5.925050556987625
-5.949315551939793
-6.035947990000482
-5.945059938513859
-6.083308500941567
-5.970237239662327
-6.127234251671396
-6.113380020901567
-6.096627171934125
-5.919449872259941
-6.08073653722259
-6.209468219091276
-6.061995918213689
-6.119661319297196
-6.069268993561526
-6.182865300753569
-6.17377064414813
-6.180874791507204
-6.248944222003158
-6.2133252527761424
-6.329288725411602
-6.229287933398621
-6.259889665363638
-6.321634080064612
-6.271221593333088
-6.180135176842928
-6.289340109073606
-6.221555540391815
-6.384913497602443
-6.335265029807811
-6.343469280468326
-6.319531233351421
-6.333950440702807
-6.308652445994074
-6.390901136504237
-6.379555898269146
-6.499446240423405
-6.419006601250657
-6.390498637368779
-6.379728361892777
-6.410392144037292
-6.433491098991401
-6.416888985352127
-6.416091382011334
-6.284366642024754
-6.609746669992342
-6.482788327912535
-6.57917617094349
-6.41739620361722
-6.51969673627353
-6.504035504154388
-6.44772388063101
-6.473375954904057
-6.550882012370394
-6.523673786904458
-6.549533455025979
-6.545084493272498
-6.49945798552659
-6.439154684003874
-6.491648999712638
-6.616338149522004
-6.557909644051995
-6.630229354617372
-6.504443857674005
-6.629704431261008
-6.538752322683859
-6.610190421597629
-6.568842354830803
-6.672374844541739
-6.577705446776128
-6.779201435639372
-6.645745981310376
-6.734315172690261
-6.607844874866434
-6.614735873707814
-6.52979546274878
-6.567408439669854
-6.637110655509088
-6.644443245252077
-6.660356733753513
-6.650656481511871
-6.751100175802197
-6.739265170523808
-6.710612999087717
-6.687561676581698
-6.803889518402977
-6.643520926200108
-6.747727866204906
-6.709409985535659
-6.67382190487834
-6.6689685308971285
-6.7606768372630475
-6.701736223505778
-6.863095885073477
-6.779879456062611
-6.710156120128748
-6.8162959081467775
-6.762543368208556
-6.834227913025237
-6.62404055437602
-6.782263755191133
-6.732012381115699
-6.729108953499369
-6.708948401959673
-6.786054299249639
-6.794759124759996
-6.803699211361219
-6.755495410173994
-6.780983502776063
-6.867943280056434
-6.858532213425858
-6.782704899972936
-6.802892925788867
-6.8462293461842325
-6.803734192420359
-6.674519644932009
-6.8628833886015
-6.865832702398759
-6.865633473844494
-6.889597026612733
-6.882138090780534
-6.804414980781904
-6.7986770220702075
-6.791492556963661
-6.755854545960801
-7.013389798168866
-6.982244065669642
-6.832259921945966
-6.866496229769071
-6.839460681981335
-6.888674780860798
-6.8991662674360485
-6.84818957888843
-6.941989116452475
-6.8943739545873415
-6.823802925625518
-6.87471284757741
-6.766560963436522
-6.753260422100221
-6.851014639796215
-6.803841160682535
-6.964059183802968
-6.773720495397804
-6.70169477579498
-6.957689253657588
-6.988904899072908
-6.851097565262009
-6.7679643255840505
-6.810354425043193
-6.924953001095748
-6.854352356770467
-6.846005445218409
-6.820996883528422
-7.023789940056559
-6.962724916361887
-6.900979848473975
-6.982466323320823
-6.827050374987107
-6.973972369112651
-6.862037117427521
-6.861420437767423
-6.918126218462731
-6.764544103470695
-6.978595382641278
-6.868590183674957
-6.918167613450159
-6.90838662923502
-6.905507171496682
-6.866816499740286
-6.9045216101366975
-6.963226352549555
-6.977054387570613
-6.936029247204471
-6.78088791816539
-6.844802752975437
-6.8472552981201975
-6.863764020208698
-6.883673873195504
-6.845555630675321
-6.843979116684221
-6.9276491352136595
-7.031200082960453
-7.0325523090478725
-6.920514964975682
-6.954315161386164
-6.844040263889879
-6.902054094219307
-6.866982825972342
-6.9714338378126115
-6.861056334238028
-6.879363401116949
-6.8770044971584845
-6.873928577969439
-6.920021717366509
-6.7876418725752075
-6.960493576658632
-6.831544044969661
-6.998537449537557
-6.9572752975843475
-6.963374336062383
-6.861336907878666
-6.987222436622905
-6.967053459000401
-6.936772596289517
-7.063545762535097
-6.9038751054848975
-6.96989421509027
-6.961876517284705
-6.942576719944684
-6.911419911287773
-6.870027581241709
-6.989931597765305
-6.886725824804609
-6.929998433037003
-6.8853576886618475
-6.843969025819447
-6.948677968339426
-6.962229115271585
-6.8894738625666925
-6.854015957667826
-6.999763240252524
-6.966580909308256
-6.918759979790647
-7.095386456296881
-6.996485163214344
-7.052185988346665
-6.891851183641439
-6.991568897377154
-6.9073897805603055
-6.878330685866022
-6.88182167293152
-6.958202787128066
-6.879278306200433
-6.930399362227537
-6.817662277386936
-6.997490884507863
-6.96242679825329
-7.020081164561849
-6.972971829325961
-6.901086850896005
-6.957250022958242
-6.954982917305806
-6.98580042033879
-6.919704843481476
-6.869756746592519
-6.975301915035437
-6.867460906944496
-6.8871660321463954
-6.871637350615998
-7.026167465069176
-6.787263920989436
-6.95322542678797
-6.9615691325242866
-6.937610956745458
-6.921353778272532
-6.957167410933065
-6.983796736702719
-6.927339315322704
-6.887252761469743
-6.847972575668148
-6.92546998106913
-6.900885005417712
-7.008477749348209
-6.9207864536093915
-6.968843607869694
-6.915782979846483
-6.906038695382981
-7.082956837593972
-6.928941290003635
-6.953687151968303
-6.95353122659219
-7.015938205549152
-6.868168455359492
-6.908856534282048
-6.960507296276022
-7.130004067848219
-6.914191362605293
-7.115613106541272
-7.044202702221333
-7.027858849486808
-6.873109017485084
-6.9002893007976684
-7.0469662404392786
-7.0671492780410095
-6.864537059526201
-6.988175512134091
-6.945388025537811
-6.898315339900195
-6.984874791936031
-6.9487634289011
-6.9643496576438615
-6.979389564822286
-6.88572645243239
-6.95046355856331
-6.92598243381947
-6.948897459338838
-6.855311221582614
-6.92965981705341
-6.905531070526597
-6.908049339704931
-6.936855224281368
-6.939120096409892
-7.009774732382896
-6.912834086163682
-6.863305421419999
-6.97486596158591
-6.950668855914737
-6.946377612962204
-6.986028597671996
-7.01450727705748
-6.946190815131891
-7.005864507976142
-6.984709490536357
-6.9547257580073465
-6.993313423958634
-6.898355784410285
-6.920720964462678
-6.978013882683747
-6.948901786289759
-7.102835654049932
-7.167144911899406
-7.027017453019822
-6.986925352335021
-6.874104970757917
-6.975500607617971
-6.976294451893209
-7.030823126950384
-6.927600159309664
-7.012909591304823
-6.949947122902571
-6.850340383650996
-7.084553171403058
-6.956801688752262
-6.907363779611735
-7.04483553998376
-7.034199882304072
-6.978284521437525
-6.954771031074225
-6.967316162131471
-7.062073678988108
-7.029081381012391
-7.140602106924604
-7.1173305413531285
-7.056359956410951
-7.038063590079199
-6.912314849328394
-7.028662120485314
-6.990761236007078
-6.987085435893921
-6.9934097101260635
-6.903749214385218
-7.049084669474301
-7.072433727531247
-6.997022703964406
-6.958186019313709
-7.01066189785665
-7.1032371752572345
-7.068702053721882
-7.087934877351142
-7.052103264106641
-7.186035447698351
-7.137691457444994
-7.103537987744239
-7.013858331397059
-6.969679947845015
-7.02948123786688
-6.993054218333767
-7.03990741607652
-7.109693050688574
-7.1388123446418055
-7.040719705399311
-7.096825423583173
-7.036731316787236
-7.006032978244463
-6.975327876351257
-7.063141750297632
-7.064319564263876
-6.958034594163056
-6.902268580025655
-6.9964605493845005
-7.003442621092136
-7.045601506017054
-6.919686174466003
-7.065373064982402
-7.020669144293968
-7.021972276340328
-7.014278288729648
-6.897181964649832
-6.9836116394001415
-6.969371693559968
-7.091994082245854
-6.990430014526438
-6.964835840163142
-7.04602036062963
-7.0305720770922
-7.005375311320076
-7.017895822045381
-6.972250676836083
-7.015602823145537
-7.008591986341489
-6.936442116970529
-7.094846470894609
-7.077527093552608
-7.012574493275409
-7.052093998478148
-7.0590655275460925
-6.970788276338557
-7.066346993797828
-7.104742920633399
-6.966503399896592
-7.023657450381613
-6.973152288082556
-6.906304383677169
-7.020263827763049
-6.90642708117081
-6.947708896138683
-7.006534962441268
-6.9906888615089215
-7.165650241078693
-7.146717346162169
-7.023183240526598
-6.884344761739013
-7.149754967068256
-7.047478739273545
-7.109646696293158
-7.110175874144642
-7.021146174637825
-6.913807413024205
-6.998350294273478
-7.071417290204913
-6.994467587494189
-7.023278909814401
-7.127749612711797
-7.017914364197495
-6.999052799613857
-7.076615078543542
-7.097033363024289
-6.98272553976781
-6.979447595291797
-7.082365605325862
-7.081361419631634
-6.966245114118395
-7.008840700671808
-7.0018800652192175
-6.937468694446672
-7.1280185213100316
-7.102119341314816
-6.935276862908264
-7.143194225687366
-7.131940711132003
-7.106533627029748
-7.0344127540574695
-6.97198199515901
-6.9827512045976095
-7.152545489542582
-7.059643389328935
-6.980327429568125
-6.965718212310145
-7.041719969894816
-7.017004570568654
-6.911006403244446
-7.124138765889325
-7.078714909458727
-7.125228083979684
-6.959993440373253
-7.035853662096649
-6.999860235572233
-7.05750694741295
-6.949231388756839
-6.990915587522848
-7.030881969541894
-7.048736915729544
-7.016370979684975
-7.056090838290695
-7.200254350468615
-7.09260290603872
-7.149174093756333
-7.020159527459594
-6.989704810376991
-7.015032052552006
-7.127839883687803
-7.187579007569622
-7.0281082328981554
-7.061734293121257
-7.082605512737911
-7.0414373785547415
-7.019318343466472
-7.009633378672429
-7.084812045234736
-7.011138110685405
-7.119847302714075
-7.029558840367388
-7.091491490125167
-7.133396371727935
-7.183792542804318
-7.02468511552045
-6.948377183586939
-6.977183985999972
-7.163562472892341
-7.217152857953173
-7.128342225723529
-6.999327174071045
-7.083098656774218
-7.066887591880873
-7.159990359625194
-6.969093532539836
-7.018551936813464
-6.996690034667478
-7.0140465115182185
-7.045468601764712
-6.997780977372656
-7.00433507393549
-7.2090454161781485
-6.998714457084198
-7.103018763098262
-7.102511466709167
-7.074575167636581
-7.132850358459172
-7.195056271256689
-7.190731662959564
-7.124829534426079
-6.979803886172018
-7.064985349788221
-7.107464522398345
-7.175374306132536
-7.014826374533588
-7.09482387698046
-6.995248392738066
-7.068164374927111
-7.14667062911833
-7.181790897374852
-7.141115137613568
-7.063396107538704
-7.040898213717414
-7.086733857921913
-6.943423172294387
-7.04380361049121
-6.92595668717446
-7.0313484276618885
-7.086785338205113
-7.174387889191741
-7.109576237627751
-7.16679447240587
-7.03791859588388
-7.119342563046356
-7.077097271103097
-7.19635026912302
-7.09565588129188
-7.144701349033159
-7.115888104637749
-7.067289918159833
-6.902852218152539
-7.092748095443866
-7.057964772359963
-7.0633741869463265
-7.081504969484799
-7.0878517998645165
-7.026908795175139
-7.076720750312585
-7.077973306051719
-7.198824243216315
-7.1818365146674115
-7.087587245291148
-7.019866155046238
-7.1228776641446006
-7.153670362403187
-7.058075508940151
-7.023887114671424
-7.09491573342859
-7.056748534727913
-7.056247304346217
-7.089505560544921
-7.160633279530718
-7.147256320469443
-7.068382574506639
-7.240784709567584
-7.14128759283843
-7.023230517229814
-7.064554562251712
-7.051330417707414
-7.089457602896705
-7.065911857521849
-7.139765675329734
-7.190802588151832
-7.132282091731442
-7.018917217472756
-7.083607683433446
-7.078658833166874
-7.0527487802161914
-7.165781064328333
-7.088455273116614
-7.132461169527409
-7.132967513823262
-7.042096594844267
-6.896875087512332
-7.161583550979889
-6.899933155158687
-7.069203976965918
-7.26834179495737
-7.192061951015018
-7.101094540900956
-7.07060437694312
-7.157702937848516
-7.074657885473854
-6.986413448646648
-7.033821009991634
-7.043498368448633
-7.041805934335989
-7.088184863856147
-6.9952275582346
-7.0985484311125395
-7.177480839557702
-7.119599465747749
-7.156777780940939
-7.070856309170736
-7.206465067449267
-7.015894574552132
-6.993605782464233
-7.1115315348780435
-7.022678668757546
-7.125502307618532
-7.167250918269469
-7.055201584784233
-7.086294288223563
-7.106704972685496
-7.033094562173749
-7.06014921186942
-6.9882147987704855
-7.117937385932716
-7.17245620018528
-7.162416794342801
-7.032501934715341
-7.171969623165264
-7.0891285652918725
-7.12617337972262
-7.183775570061453
-7.1446484689831244
-7.1479324652628256
-7.006651098012931
-7.135800732739544
-6.873299643202739
-7.057437942454984
-7.068164233732725
-7.059186905413616
-7.030796642024362
-6.978459796155953
-7.172932392108213
-7.055698599402132
-7.211292478992282
-6.93025908916114
-7.176680023568309
-7.041400260887636
-7.103110881126106
-6.854342637632904
-7.115088212529371
-7.194813175363433
-7.191945561099094
-7.0775888541226415
-7.150926430603116
-7.056525230010505
-7.095433716585283
-7.124183954693089
-7.053015052256718
-7.221868827805638
-7.039170201486346
-7.080134727254536
-7.209739441659294
-7.1827424721673925
-7.152263343762119
-7.112339649710645
-6.908367677805238
-7.039056262652625
-7.037368672369611
-7.013617331286259
-7.131928218843654
-7.032058343629323
-7.061364787776938
-7.093858738996855
-6.987972041278599
-7.130708221027766
-7.122737125364026
-7.084604862759206
-7.039375888451275
-7.2312902025056305
-7.037381191050016
-7.087231118563394
-7.164729567874423
-7.15321324948378
-7.201557940197922
-7.03314740196213
-6.9946379970718
-7.094623602206984
-7.038388760276871
-7.0525101773236445
-7.202074154985619
-7.186353185526016
-7.030339448411343
-7.066457876768499
-7.041865114404331
-7.217419551504526
-7.1388056017283406
-7.014648412909861
-7.122566310449483
-7.146544581165007
-7.073214774985456
-7.0487153449948625
-7.272099230215464
-7.146902711126906
-7.126948062514224
-7.039549484148694
-7.175559871936222
-7.186764379766045
-7.061519149470886
-7.138533876701501
-7.156438631032245
-7.194011145750517
-7.127816521523643
-7.198064818060954
-7.2151417748054705
-7.149959251555578
-7.212587695229878
-7.080001612555719
-7.1278340191225995
-7.1390717091985145
-7.19098270199513
-6.976983063179555
-7.019598752833758
-7.137818769141062
-7.0189027128392
-6.947757617275234
-7.028791461027578
-7.236212034255482
-7.176998122279246
-7.058027701426294
-7.162669740420076
-7.075221930643628
-7.093517974340452
-7.1866523553457515
-7.04070371154844
-7.111969802649817
-7.037115983428198
-7.061184311265049
-7.116834769121636
-7.218597496659651
-7.150522193588748
-7.016886216474063
-7.0267489074464855
-7.043669984059275
-7.155714693542091
-6.876235117791935
-7.16990607347449
-7.002601319697625
-7.270487350894638
-7.076312970865924
-7.0596704542670015
-7.15415441394158
-7.248742627459764
-7.164052408885212
-7.276268970354365
-7.104142859633504
-7.02298739373194
-7.068548986190624
-7.145822068770224
-7.186239744685745
-7.197520974534756
-7.061342331980666
-7.179335544802211
-7.109093305660849
-7.015348033733424
-7.070779121072585
-7.021671004741474
-7.240210447919317
-7.1855849181390345
-7.08995846735218
-7.172065676759381
-7.106118589873508
-7.185943562904355
-7.202708255755981
-7.28670991087389
-7.123257804786343
-7.167301229242288
-7.16703781346441
-7.192425536144616
-7.081811735139057
-7.187721453650714
-7.091047822894261
-7.118144623668444
-7.213399246496433
-7.257636687378119
-7.134905726759094
-7.055797056861351
-7.133396527925775
-7.284663355060755
-7.065570212465888
-7.124939513140889
-7.092211199646612
-7.190903758703143
-7.240560205105162
-7.082804517436769
-7.114499842913213
-7.16216600259996
-7.08685225496852
-7.173863686100789
-7.127088321083443
-7.218080366281886
-7.163852082006731
-7.0637189068611965
-7.037531324858152
-7.247665859395983
-7.128030251762055
-7.125767428803286
-7.130565224228346
-7.134535839028645
-7.156187682142186
-7.293399711584818
-7.168429677420473
-7.263892372864898
-7.092195002527866
-7.146509232381009
-7.105117266602386
-7.224056230429226
-7.228252862557888
-7.170373600137243
-7.201026170441421
-7.257105547769715
-7.157132128630285
-7.0319506515971355
-7.277985632177412
-7.209789902755069
-7.17710176268197
-7.301903693171193
-7.141539059420015
-7.184264790711731
-7.302484316219257
-7.27666110024166
-7.169069763248408
-7.180194657961599
-7.133450094377057
-7.2670191572537775
-7.212418402767
-7.156665581582728
-7.139974902614689
-7.164773525379356
-7.295965313961393
-7.244825290850883
-7.058662743989434
-7.112905929942555
-7.216162345669378
-7.089354482583293
-7.2928994764515345
-7.11108288179484
-7.073924505672444
-7.025312401349753
-7.179431121267908
-7.276321121843505
-7.111035130643959
-7.224008519677167
-7.233420285921483
-7.026607849901449
-7.116012998428696
-7.164867807034603
-7.291527437344609
-7.228210762896643
-7.266333222520188
-7.189774461683259
-7.266321314353303
-7.2417755037751395
-7.257574938975222
-7.226315718368915
-7.220353941723269
-7.223384392728339
-7.327988755060732
-7.285463424647552
-7.142379872144156
-7.189107023137211
-7.256696334987595
-7.206889260972092
-7.2119754003251515
-7.161343182485969
-7.117257032830235
-7.1832257254860155
-7.151823814503061
-7.24695945917598
-7.184019904186868
-7.059486606492628
-7.2537782421886625
-7.136427104437475
-7.161334998061069
-7.264578201617195
-7.227603238786429
-7.25659465110999
-7.012385506324911
-7.280843985321802
-7.109165706862237
-7.227960414699208
-7.114201275179838
-7.188208095378042
-7.265282238074644
-7.243325393636809
-7.150484340957323
-7.220067777656412
-7.159230554296331
-7.121221686013875
-7.199464428928081
-7.171414738476956
-7.24070441899012
-7.224594439111866
-7.193451243893953
-7.080890513488602
-7.238397195788178
-7.231807883093734
-7.236859971741037
-7.1691724153162015
-7.237316696074453
-7.114725028960539
-7.162011346610519
-7.025363753864273
-7.141402008167103
-7.279713411065645
-7.179206503429501
-7.184729873819208
-7.228360470055225
-7.142898160821187
-7.150152272606137
-7.063228707124532
-7.215496061521278
-7.334133445560901
-7.236009867142629
-7.100933417414679
-7.200083976981415
-7.242751537928543
-7.221594634057843
-7.35498784919585
-7.264410537902383
-7.2601988604789005
-7.148426329513214
-7.208969745065206
-7.1738933589614
-7.120341830520861
-7.205021301391657
-7.308015378272696
-7.284502277746464
-7.217605407566267
-7.270833558503019
-7.115956380370118
-7.138984715981341
-7.306000668757818
-7.113450952563006
-7.1920007723521655
-7.233166715058964
-7.263631586363876
-7.321706932958469
-7.16875751924324
-7.235861685993379
-7.207717283508264
-7.217765845506927
-7.294116737027635
-7.135300035609742
-7.246966550630974
-7.1708668468542305
-7.208892110628409
-7.257068969779204
-7.1616012346090905
-7.23151156602041
-7.265668022727294
-7.188990308770302
-7.176131098311817
-7.142709266613032
-7.238248176814321
-7.087759847528097
-7.133325861494429
-7.354238997065051
-7.270782852762325
-7.191182437446504
-7.341311231577112
-7.161906322365429
-7.2337474373034
-7.293100339945359
-7.2275270498259765
-7.23641697750881
-7.21208728590678
-7.234301181885965
-7.164823265752478
-7.166722195242878
-7.186160022221803
-7.185466618969326
-7.228984878810177
-7.085989601608773
-7.196070523237347
-7.267999537793779
-7.324189085537867
-7.215775833619573
-7.392849928086541
-7.277381185176011
-7.30523250793779
-7.2574360979597206
-7.100949867618418
-7.345857896370603
-7.178355952313414
-7.304013107677038
-7.2558805079824396
-7.280587733346135
-7.296852337982099
-7.205927403914062
-7.352538967604218
-7.331202267695068
-7.217705965870043
-7.256009996123575
-7.290380241953727
-7.2699359736077485
-7.2273345353332665
-7.3189451664909315
-7.22612841183375
-7.119199539062615
-7.269245908163744
-7.202882224478689
-7.195304370065502
-7.211618241473328
-7.330725307550073
-7.3031738193065765
-7.157000974601025
-7.191661819355199
-7.358016504005744
-7.361640089808882
-7.32797002644109
-7.321571401171489
-7.399476813284387
-7.240605418588537
-7.317414265644013
-7.287084622130333
-7.233454541895178
-7.237186711586829
-7.228298037658405
-7.254654259918201
-7.2692457969340785
-7.171771441534158
-7.156007169229181
-7.229374400372047
-7.292536591000509
-7.2992160501848575
-7.241731571742702
-7.381705322169257
-7.2357117014596515
-7.277254627895482
-7.14967233455117
-7.25276976154442
-7.091056407451345
-7.338522977689639
-7.319759382419578
-7.011417355800035
-7.249312516010599
-7.269937443434992
-7.10120216450935
-7.114028254415103
-7.23795263335252
-7.399986627456345
-7.089919504717945
-7.291161817583819
-7.24501781781014
-7.301986218856268
-7.292584192263367
-7.158141407371628
-7.2069102048984135
-7.202077450064549
-7.402515746298299
-7.294035037843644
-7.204679075143243
-7.240926181737873
-7.1943686185127875
-7.241406291387555
-7.129649408959992
-7.300623706142074
-7.314419105846364
-7.235597104428759
-7.394717221027804
-7.164522747876605
-7.379483882994733
-7.17145473267543
-7.3314943135014605
-7.361829510978993
-7.35169671100273
-7.141063574224953
-7.306154188353839
-7.200162466983267
-7.316146431149822
-7.2593540159684995
-7.29264680276894
-7.3825686499026535
-7.309192173163611
-7.331138378364738
-7.358473094914418
-7.330795145382656
-7.114133903375382
-7.320207002355824
-7.2144102232309155
-7.461793866262863
-7.282151642844032
-7.354346352681775
-7.345149415753034
-7.279118878145785
-7.266053283195802
-7.258337919652444
-7.2343529005264315
-7.1939257831752315
-7.206690233220098
-7.167366437299586
-7.350558824729248
-7.324148270871949
-7.306997235717457
-7.233067133825786
-7.176832644335338
-7.2631480440730645
-7.348299047652351
-7.345501568838376
-7.211293781962981
-7.2223717903286175
-7.177643820501394
-7.20741654732767
-7.384655721652578
-7.222548153901478
-7.1786377864823185
-7.397204219680737
-7.212858303035581
-7.29599737838131
-7.425388938594619
-7.303661899224221
-7.313337839278752
-7.302004199125958
-7.210618458776366
-7.236684204152124
-7.161922123161393
-7.246712462618105
-7.297766621775541
-7.410246259347493
-7.410928833278994
-7.335299513479903
-7.330393127467559
-7.393807580253247
-7.266798821005603
-7.35423462444321
-7.186939861678505
-7.194128519874835
-7.231915618326205
-7.20307263383556
-7.257019058876067
-7.418206394030566
-7.2806718332500795
-7.34470762349607
-7.211764107693518
-7.292928825270782
-7.289036712565945
-7.361310866677922
-7.243326591026767
-7.201487479129567
-7.274674762967504
-7.275239162679664
-7.330121615183431
-7.366209286465163
-7.382220534048128
-7.439119926129802
-7.284562688148657
-7.312399884124365
-7.226305260654694
-7.4059183368039925
-7.217606812926874
-7.400805637082573
-7.360228821145059
-7.348109035570047
-7.47808123619476
-7.287462861614853
-7.437267149140567
-7.320432666158211
-7.3072330983519045
-7.353237442558184
-7.170971657153678
-7.374875266938523
-7.291816246648034
-7.3284213545937265
-7.148846555310129
-7.257125754568893
-7.485237811028195
-7.342082887772846
-7.453824575280052
-7.3474911551365585
-7.292982348024582
-7.381468068811429
-7.3013854788981565
-7.1927179914270445
-7.322119406335641
-7.331909668677553
-7.366748355646983
-7.235771547879846
-7.3354333969474546
-7.32631528814969
-7.29804028027856
-7.2496739787057765
-7.193261459694753
-7.224709842174156
-7.240928148598027
-7.340067887346824
-7.27491776156891
-7.277768837337202
-7.2547737119083395
-7.419254395528835
-7.227617808414128
-7.350683835004635
-7.303850716969169
-7.440492369294969
-7.250979743559245
-7.425276831941151
-7.323304182852339
-7.299750117413687
-7.396807136689048
-7.248544220927996
-7.423335864740004
-7.502017715235827
-7.303281593796271
-7.4245087004472285
-7.245693217377014
-7.302765386863413
-7.309266118185483
-7.315181233724712
-7.425749572324121
-7.377390818756719
-7.439557332728528
-7.288181369521411
-7.249205435836856
-7.253628738392213
-7.2821410799209225
-7.289081702699265
-7.334958074507681
-7.298961797613193
-7.405351258158008
-7.25175924517627
-7.281942556704866
-7.414520886471663
-7.304935931488152
-7.425895653007739
-7.388964092797387
-7.464710475309575
-7.3371250070185035
-7.386410799933248
-7.249977475018288
-7.28679743948765
-7.272755101671937
-7.3630105355016315
-7.42284997926561
-7.409875895895933
-7.35646458831064
-7.391794306126542
-7.40701264000394
-7.31765594244577
-7.347619652806845
-7.4467536941611385
-7.408055036334414
-7.39761131175855
-7.325231988278256
-7.143459447923059
-7.282826971792524
-7.329317099546052
-7.318539281829658
-7.459857407559769
-7.447488770001495
-7.233649052253407
-7.381876475238766
-7.435632107041052
-7.2973782124128865
-7.296733954157486
-7.444305211632282
-7.321613574008609
-7.397825092461017
-7.440193092286913
-7.3565113609116155
-7.415307433933655
-7.170736737726466
-7.555496598170949
-7.395070431672739
-7.3306876730438395
-7.2797153306253355
-7.4506460887526575
-7.4223441623835855
-7.398209238258682
-7.361026512561813
-7.448841046988618
-7.367914626715548
-7.376014267157202
-7.39582077399429
-7.277903169834499
-7.304942786974483
-7.382562849134619
-7.341810563989196
-7.3580007042783855
-7.4789287198302645
-7.402294331655567
-7.450946146418713
-7.462423069796785
-7.4440980123543445
-7.434002249410675
-7.395159399247287
-7.451828125546394
-7.234077207365033
-7.377123841801894
-7.165986984666548
-7.329547135403742
-7.29430126765561
-7.2964713931304575
-7.358541703578195
-7.430014398217707
-7.332134549262952
-7.436105076377183
-7.30320840859714
-7.279260105944537
-7.342147095285345
-7.324617552116758
-7.294556727924363
-7.278133482801795
-7.35060041693886
-7.4062072618421375
-7.3173055511598335
-7.426438485310527
-7.393369697992964
-7.2094448640883675
-7.432533942470105
-7.433994339843783
-7.259191596824069
-7.355366583412344
-7.326301802947373
-7.526055418073838
-7.271594454057783
-7.432585955790742
-7.3804971883554815
-7.2329166609045
-7.349203390682428
-7.429989460319604
-7.336103299930783
-7.3249844081576345
-7.442487680806105
-7.483342288788656
-7.361725880985694
-7.387835330939717
-7.440281442746316
-7.418132836253637
-7.288556177238937
-7.2674108514368045
-7.37735442946407
-7.400538933573518
-7.259787632410919
-7.37866984029812
-7.346239579067095
-7.522701673661993
-7.29879223713614
-7.419421711654538
-7.393617858623194
-7.348717177351452
-7.334279064616961
-7.408328945630142
-7.387698346788648
-7.426380209038026
-7.424698932317861
-7.325312395226124
-7.481137396816209
-7.3397978242547115
-7.404070987352194
-7.288294041966676
-7.430115337092461
-7.330751652546548
-7.3183013775217365
-7.392140438237217
-7.320307951323056
-7.458825791461765
-7.520397621070713
-7.356420899140781
-7.368393358890917
-7.384648512389193
-7.3233986591093085
-7.347033583311256
-7.404392932780697
-7.401290543597177
-7.444545586557787
-7.369303465077107
-7.38226457633538
-7.344666259684253
-7.431273007585259
-7.466486532382773
-7.419058141743552
-7.47155769864149
-7.28527435270205
-7.395766883741293
-7.422031739440148
-7.442797622279646
-7.558106650964802
-7.339107695388293
-7.298853486893437
-7.407188820080783
-7.409970504961516
-7.4136021927581695
-7.36783837428374
-7.321431801005254
-7.277203291944374
-7.432485759992024
-7.468705461786721
-7.407029268365962
-7.366092843613973
-7.4831048086587035
-7.58132893847387
-7.501185545066299
-7.408765822982301
-7.4652550570297
-7.508064513808549
-7.24267060932231
-7.332395706152844
-7.408003962775831
-7.26097110289723
-7.554809496386546
-7.418610607464455
-7.264935992464635
-7.35991134370329
-7.304994243662164
-7.487827690339021
-7.297944056891763
-7.5773776478317005
-7.354565800765638
-7.262488598610592
-7.414691188985045
-7.513700641706212
-7.372863089756272
-7.4724885548957545
-7.455384500213268
-7.549406352101025
-7.4738616289273
-7.343971686714358
-7.420653162818008
-7.450988078981209
-7.449956428790877
-7.477075793885516
-7.340064454072056
-7.47242926366844
-7.508724398540678
-7.464020518633202
-7.46878201835392
-7.405866159100137
-7.4725903167745376
-7.474065529537872
-7.395422911824325
-7.39200481395719
-7.418180362856359
-7.51420935205327
-7.53742027022092
-7.519652422731628
-7.453259496363842
-7.386326227839155
-7.345931649726509
-7.390534107882414
-7.530611769338309
-7.368804832974661
-7.410110346736335
-7.424300043006108
-7.547192757415404
-7.433969172971725
-7.378445755607888
-7.440389405207717
-7.402015101938208
-7.32824814177595
-7.456285741326585
-7.536042633504294
-7.405090306590639
-7.341181712358921
-7.5175579069623355
-7.421199628826848
-7.506861397159977
-7.5711542837423425
-7.353819471967498
-7.457766811071294
-7.456270098273632
-7.453028646551957
-7.603908403870894
-7.35033448314851
-7.517098307555502
-7.241118193481971
-7.409527230435675
-7.384843927419212
-7.4202757272637685
-7.540779123397363
-7.483444189374698
-7.445112076358504
-7.443346355231705
-7.428745422291446
-7.559230902234176
-7.405729678249937
-7.356891600860561
-7.485432758725114
-7.480735010881808
-7.501413817958962
-7.407063846473138
-7.3754141522717624
-7.531261851576133
-7.381836846819194
-7.412016076129946
-7.45636108171283
-7.309642456882225
-7.553144503787109
-7.386775729460682
-7.345797898467168
-7.468034538889819
-7.514484262671634
-7.3783283565789475
-7.350522007797352
-7.367324221816124
-7.354741259151272
-7.5351249858006994
-7.501759600120103
-7.467283726404478
-7.532885453231218
-7.38838029488001
-7.39104207093609
-7.406566651325581
-7.334873507492268
-7.333887628724094
-7.385680311406128
-7.419086789160101
-7.52132030100197
-7.548863658174112
-7.352409866297676
-7.567891142351248
-7.487076362813339
-7.432646329775823
-7.48996543883134
-7.409446322389993
-7.541985469184512
-7.486320801574981
-7.4732432922387675
-7.47058251112552
-7.480863923816618
-7.473481822550337
-7.4730648738516265
-7.52997835710315
-7.466257507518813
-7.361421024101411
-7.513363256962345
-7.6147342694105085
-7.535330388891419
-7.49863564790454
-7.545249636758438
-7.466763164097363
-7.464360185322153
-7.50835733296589
-7.532334537749087
-7.460115719173984
-7.4208998188848145
-7.392733300416279
-7.518940929251965
-7.503091529847165
-7.530918344000131
-7.524073224400595
-7.521415727470589
-7.386483819357483
-7.446557370574684
-7.540929661215049
-7.477888665208396
-7.451213580557596
-7.421680972650467
-7.394031670094215
-7.3590263865937136
-7.5230945710936625
-7.364405039370265
-7.523765582455356
-7.5441735678444
-7.495174662471101
-7.501324287031003
-7.629286735911032
-7.330921801180988
-7.4391022941236
-7.602390204231099
-7.53545652808904
-7.650184598918379
-7.4376478208466175
-7.268338891561239
-7.543102236761633
-7.475479524944088
-7.352756402590862
-7.535469624182724
-7.580702014739497
-7.504598144433459
-7.484200984615595
-7.180811702403502
-7.255492710840716
-7.217976246098786
-7.2134858348277096
-6.175504303826276
-5.948037128389291
-5.067531755372421
-5.248505724405409
-4.488205559156064
-4.691862207063908
-4.408165235704608
-4.396275661376911
-4.447889919418716
-4.370192654099041
-4.369425688835721
-4.3695892218261845
-4.360723618561084
-4.379888730370759
-4.37515924488764
-4.380421790894855
-4.3756822240342235
-4.355528228353232
-4.395875913362428
-4.3844889160628995
-4.359517718872843
-4.382526302943797
-4.360908932264724
-4.332022781717163
-4.363697578341213
-4.365702222901613
-4.363532841512405
-4.385903226914612
-4.35557627007598
-4.356816304957391
-4.374482945640145
-4.368190987796644
-4.369851635747004
-4.378669933551165
-4.355332823339175
-4.3668077797899425
-4.363083549089747
-4.37406508272143
-4.3559251619019745
-4.375101661736461
-4.379740397600441
-4.3619092514041595
-4.348941000410009
-4.370434948857377
-4.3670109762544405
-4.391719859834409
-4.347749293289446
-4.364822101385861
-4.373284899460251
-4.350195716344838
-4.354955925401841
-4.354957788219316
-4.369760079501577
-4.359756150355845
-4.365878915486924
-4.3652689542816105
-4.370288095520158
-4.377273190584753
-4.359954667079416
-4.364164315416276
-4.3630376855337785
-4.349289128883278
-4.35384103924992
-4.37122832998055
-4.370955837512202
-4.371964288414039
-4.375550471056537
-4.367297532237826
-4.369435326124372
-4.367024295371799
-4.367885955712221
-4.37194895071656
-4.3597768276065265
-4.363872987527515
-4.375403028945561
-4.356491422682018
-4.344740398879219
-4.36481085701555
-4.355547896141263
-4.354943214134787
-4.357401720762854
-4.370053989984419
-4.368408461905179
-4.367047534297543
-4.352655943411149
-4.3792967860894
-4.360556149561851
-4.3780656467244174
-4.35685905921113
-4.359266217967547
-4.350644105496071
-4.386339128883395
-4.357257687210217
-4.366166044097959
-4.365434057343965
-4.3509603298153054
-4.354323172096133
-4.360085794194009
-4.352465608669015
-4.351952633942751
-4.368902801634273
-4.366237491720443
-4.3669458985411564
-4.384981839856137
-4.363441576358933
-4.372277057072412
-4.355627062492483
-4.395611599663454
-4.362212342690023
-4.36358217445665
-4.36170946841888
-4.365100656132568
-4.356212657972781
-4.374095871757716
-4.36691593824212
-4.378803131020353
-4.3449820181599055
-4.370073529513474
-4.36929247137008
-4.367065406676168
-4.358317111468684
-4.367872572037093
-4.380144747737138
-4.36312777825102
-4.357859403692951
-4.351841419782243
-4.373866192021719
-4.364447629026321
-4.373751399613321
-4.373028387120459
-4.373911555225059
-4.3688485248249975
-4.358964559315528
-4.36983165895549
-4.356941498117171
-4.362714905681247
-4.347815717386221
-4.349450024345439
-4.36197853156822
-4.3722621510484245
-4.372426599254203
-4.367585865860099
-4.364687310461455
-4.36254225118554
-4.364901776217694
-4.3520105667769675
-4.36737590327599
-4.377977984860774
-4.386940432457947
-4.37912050050523
-4.359513090463335
-4.355000289997721
-4.380880884642588
-4.380131999723594
-4.36050591286252
-4.375566271447688
-4.374843547838377
-4.348862025918918
-4.364778604428622
-4.369438628896069
-4.361611491133438
-4.366462742352353
-4.369736276572632
-4.3624889689549855
-4.365174515837481
-4.374864196053627
-4.386583261139967
-4.370767659538204
-4.3812883087466785
-4.35735096195059
-4.381188924362709
-4.376140228044953
-4.365028783623607
-4.382278759871908
-4.359533366981713
-4.379696188764793
-4.3611078287593354
-4.355279627435137
-4.361433066587124
-4.367065137295698
-4.364489801146031
-4.349631255713752
-4.357044345178473
-4.345269546902496
-4.368215928582783
-4.390784150367862
-4.364097453672213
-4.358611336335004
-4.3646736378421425
-4.370616183605189
-4.36158849893073
-4.365730402641545
-4.355504589807524
-4.369606469570997
-4.347733654139371
-4.351606978293328
-4.3715363967635765
-4.358000665117482
-4.359551307372136
-4.359161481661741
-4.352796161894314
-4.3631754946593775
-4.367787494156589
-4.358291589555227
-4.364120452229076
-4.363732302866482
-4.373958084992694
-4.369085140032175
-4.3843659045982575
-4.380737347834341
-4.364630053801767
-4.372162168073127
-4.378535525191082
-4.360188127590291
-4.356020938357761
-4.375732026136681
-4.366435393046486
-4.364835910189217
-4.369368199304238
-4.380281126006933
-4.371210855203415
-4.344743163596256
-4.374474222079324
-4.35443150336552
-4.353766778175575
-4.367240347695248
-4.3640599763681385
-4.361798619470847
-4.352215347071751
-4.369447429746269
-4.3930031687658
-4.361306403482646
-4.374908459407067
-4.352470012807173
-4.364684189045658
-4.371145563793937
-4.38075427300075
-4.375848147712043
-4.372881898090882
-4.364164550626487
-4.360094331721348
-4.357379726252342
-4.373032411585997
-4.367824854926899
-4.369889702385315
-4.355553016196384
-4.365580806754163
-4.369519554291514
-4.364391596846918
-4.371333553090194
-4.388169892969525
-4.371351195598304
-4.372664667490761
-4.368988711387234
-4.389672258894724
-4.355314219497043
-4.35474822302518
-4.3827488776965335
-4.370867051983723
-4.368657071987914
-4.361507286782273
-4.361014287030942
-4.366904555940985
-4.368897205477248
-4.365502100812992
-4.359934576247535
-4.385946173489263
-4.385413097119981
-4.363145968377781
-4.3731282573592285
-4.359047321921233
-4.368028831462502
-4.367088270248741
-4.354785268167666
-4.3639779372053225
-4.3664342937581
-4.371467948956254
-4.372979133693538
-4.388437586647862
-4.361459768121308
-4.357075429418152
-4.373544001618425
-4.366877349674581
-4.358770226180747
-4.365826238378214
-4.366993784193965
-4.38056409947199
-4.373814115554819
-4.356988944381435
-4.383759004409068
-4.371487955061556
-4.365350026936607
-4.372870780825564
-4.356526823807288
-4.368164839610801
-4.364850494066983
-4.364662014624719
-4.384032219198164
-4.366181207620596
-4.3675225648931555
-4.364107509360539
-4.358885029316592
-4.381963439706233
-4.371504831758878
-4.363682997774527
-4.353342366394899
-4.382265356027253
-4.36138352018057
-4.384992814870887
-4.369603717345918
-4.375273668973408
-4.354028157730505
-4.377633386484845
-4.3753862760937245
-4.356600078515072
-4.362781627688913
-4.375000294159512
-4.356033759246541
-4.365202324033094
-4.375922560137481
-4.389466158007669
-4.3518238335270585
-4.369039611637103
-4.3726795281972795
-4.367549287373513
-4.360947668582526
-4.341955410788387
-4.36272065838261
-4.377245694453122
-4.362553940581948
-4.368019400265313
-4.360530338682113
-4.3657546526494295
-4.384062135142485
-4.374768111828199
-4.367447090394745
-4.3767916855984
-4.363291606733331
-4.381888946528958
-4.3718149184431825
-4.430389907413168
-4.362836009030631
-4.358518666387655
-4.3945771833055405
-4.357269716677632
-4.360580526329767
-4.360708573818499
-4.380320952297452
-4.366145524139656
-4.3594121449828585
-4.374867246184153
-4.368597054811857
-4.355785215125844
-4.377359757639074
-4.361049267298442
-4.376630038543284
-4.371488597924447
-4.367111610848055
-4.351731308734336
-4.3693670929222845
-4.35392290988924
-4.367936937344027
-4.370437371196103
-4.3794650347011865
-4.376924536419155
-4.360040983835702
-4.3728198857359954
-4.357968877361386
-4.375365901325893
-4.369793414230509
-4.365911573886753
-4.365099672025674
-4.37977719947318
-4.3804233362115506
-4.356577360131174
-4.370210255508577
-4.366228403270096
-4.363820578979943
-4.390315020356366
-4.355990601467042
-4.360911735579221
-4.347459877436733
-4.360779364545554
-4.362186530189263
-4.36962860282443
-4.35661219986247
-4.369055025499597
-4.3698516832302685
-4.373178456584168
-4.379229296724959
-4.358228350888993
-4.367192642415917
-4.3731846776455425
-4.364337210445009
-4.36993644489151
-4.381847852792833
-4.362663314908473
-4.357245143492629
-4.37221219993423
-4.365018287782362
-4.358056269995808
-4.388551900668272
-4.382319497542372
-4.364516140025543
-4.375782049896746
-4.3621511651601095
-4.3683731842513085
-4.369354698781992
-4.360580019137965
-4.374293004264326
-4.375363674265165
-4.356675396995873
-4.3648930167426485
-4.3698683659241055
-4.373835528090381
-4.3786280033909835
-4.375868271350534
-4.370753481194659
-4.37784201673171
-4.3631081125473665
-4.373378749510448
-4.3789615434337925
-4.373697954221073
-4.3746624476127804
-4.39273721834498
-4.37582810483435
-4.362328054558191
-4.36057165393815
-4.382253040499684
-4.34964839483708
-4.382238721930199
-4.393725193187062
-4.38440378125614
-4.36789444324766
-4.383611024611571
-4.366178749772454
-4.377387155332855
-4.369196758771638
-4.3656411818375975
-4.363262977519289
-4.367032838847318
-4.369671611626234
-4.348940458497684
-4.411927043303119
-4.364601049337662
-4.347683836929107
-4.3613608903968775
-4.367383846397413
-4.38042486732048
-4.339754676414271
-4.376884836416989
-4.366987239327712
-4.389785309364881
-4.39396496486964
-4.363990234569782
-4.396678453251927
-4.353639478197263
-4.367718986561834
-4.35935206345718
-4.351295138023829
-4.381395616877827
-4.369096466478426
-4.371648842946899
-4.372880908420291
-4.381300865893702
-4.367603917794869
-4.378485448257375
-4.367050845149466
-4.372002892796927
-4.359527275451792
-4.3610913709011925
-4.385561077143468
-4.378807649450111
-4.377969772147077
-4.367360828823166
-4.447243341953028
-4.359368385993642
-4.384101624277419
-4.375857275070473
-4.380451475896048
-4.379065565780759
-4.370570462861539
-4.378766475789159
-4.367994677707531
-4.374470495389905
-4.381066636686758
-4.367301756781431
-4.369407137540949
-4.400950306456244
-4.540255152947186
-4.367627371123386
-4.605692339908197
-4.388120290877636
-4.376138239055865
-4.38816483679994
-4.373064285310693
-4.370751250283804
-4.387448940574472
-4.515259400227769
-4.37693057482809
-4.385386572807817
-4.432520190217875
-4.380203536674268
-4.371443228061255
-4.399676445195516
-4.398836170810166
-4.654892357164991
-4.4040604643909615
-4.374648538916971
-4.364490761982808
-4.391864232385199
-4.407111084052351
-4.389201082219588
-4.3779362430309545
-4.674536207822892
-4.409109117515998
-4.384212703734652
-4.370516356616492
-4.384424153190156
-4.390226485623628
-4.741514541597751
-4.6196479856882
-4.793295364235397
-4.408276098935086
-4.478621659700126
-4.755061126487525
-4.980838191615153
-5.043940833748973
-5.150193782144121
-5.113626102939044
-5.406001486779946
-6.56745306993275
-6.890581599998787
-7.430474182149701
-7.354819055232858
-7.270872165036685
-7.324391513131944
-7.265675412584419
-7.251066296792267
-7.233645725897479
-7.236581521410169
-6.970604332037704
-7.056771221917973
-6.949734284753049
-6.910283171144029
-6.6971235910411115
-6.728571636346756
-6.673991274624571
-6.485276267762931
-6.451687537672671
-6.619140284575362
-6.606791356383815
-6.603093375912083
-6.493557249658894
-6.554609308928014
-6.482424995073756
-6.409396779835136
-6.550142070769737
-6.499243505843869
-6.568212113740761
-6.557312558680045
-6.563126417972214
-6.4964981367496195
-6.566164294788393
-6.776056031938996
-6.705047816447041
-6.678468371492826
-6.713444612883418
-6.746907524775754
-6.759111513398984
-6.659142266959904
-6.754508064831383
-6.854226503418428
-6.819826041773057
-6.966943621321111
-6.935859408296486
-6.85642743716005
-7.017314177359705
-7.01177893134271
-7.035800591912423
-6.896457758533394
-7.034316881497529
-7.204881660395934
-7.006815850907355
-7.016145049490423
-7.110986718258475
-7.0695997211083395
-7.185978411937825
-7.294429316568709
-7.2307635470526215
-7.239345981705795
-7.255857518240375
-7.255476274786057
-7.3154514966485635
-7.325045554766785
-7.2064948288787285
-7.395042023176034
-7.371493031450649
-7.436707041731754
-7.438848883870455
-7.397388891878252
-7.360168536443023
-7.458681871407066
-7.421842900704835
-7.412395650337523
-7.36971493051137
-7.424824506270522
-7.447632871381869
-7.451470510211212
-7.372520639467962
-7.4508014371586775
-7.453148700504191
-7.422753310117894
-7.415907905096784
-7.398687028006131
-7.469321414323914
-7.416314751299928
-7.524059273210651
-7.513861759649597
-7.494161860323628
-7.59211159587024
-7.55289907167653
-7.464479474724498
-7.612842554120345
-7.490425189129967
-7.477431066181459
-7.542603113982129
-7.630916791586062
-7.63567267404624
-7.4952401572686815
-7.466825887244721
-7.509557408350265
-7.486021327583384
-7.477218606344309
-7.522428876221065
-7.623426789306658
-7.478976694001054
-7.539546547844757
-7.626397395969033
-7.614788356726412
-7.765777087723325
-7.6095962052919734
-7.662492501997935
-7.608500035991854
-7.491295889124469
-7.507573136571979
-7.530030111719668
-7.662590296010236
-7.460607962616699
-7.583062326649014
-7.537043247759595
-7.583525200894775
-7.591489999015346
-7.607170814584349
-7.62880987204664
-7.678362062815307
-7.505869861930822
-7.581027683155606
-7.5695638013172655
-7.687228038985514
-7.718563400548655
-7.570530911979957
-7.255709120955122
-7.611026595730461
-7.5780567593438555
-7.697759170241968
-7.213911996656513
-6.852511416431813
-7.079587742454653
-6.829955289569293
-7.662042186555064
-7.512300140015369
-7.715722700586937
-7.380691314458462
-7.575420096668762
-7.637148465543856
-7.557079328641345
-7.670022715344674
-7.627867516438515
-7.655102887155195
-7.597472210148114
-7.612557860815443
-7.593745614465876
-7.59977447110955
-7.61672799218577
-7.4768189388824275
-7.587423721435529
-7.665444326485633
-7.622542754325723
-7.543091317341278
-7.54751422545051
-7.5316591943125095
-7.546468178450744
-7.4612068646482825
-7.546744476987347
-7.477551315702941
-7.567644882051521
-7.618187856814259
-7.5972005002425735
-7.556571489013034
-7.5696951155730865
-7.489323313162901
-7.577330352314231
-7.643158684961794
-7.639132807635597
-7.663874831149818
-7.6211779656089575
-7.485866309916654
-7.620119868854703
-7.656865527931743
-7.607129230066459
-7.520964191209882
-7.5834516833659995
-7.472878691213802
-7.523945572106712
-7.652776942663157
-7.652213609756591
-7.631812418179627
-7.830453662664199
-7.604508233476195
-7.67877772400152
-7.631925869249833
-7.584489437155823
-7.705389021636265
-7.631376543999365
-7.682348049483763
-7.7384986976002885
-7.692095695182283
-7.579054782174689
-7.755926142442063
-7.581908822876797
-7.728625011420305
-7.6387371687637575
-7.807813330339378
-7.764553294492231
-7.830531975902469
-7.838332436853065
-7.687400327431061
-7.638079170166424
-7.70096075650471
-7.71916204663194
-7.735140979573221
-7.840634109694974
-7.787773322186434
-7.768062367641514
-7.925195681997225
-7.745979786382079
-7.7585792421206055
-7.797813832251236
-7.675295824089712
-7.783392611766789
-7.8217032782810385
-7.846400195232372
-7.786314320068655
-7.766858875313321
-7.769213526315564
-7.73043509645365
-7.712244721629162
-7.743565118257568
-7.817633152996527
-7.808031836030821
-7.864267979304967
-7.860335095433929
-7.900148272018845
-7.916446696160768
-7.6281867353058095
-7.747654635592764
-7.40481574849295
-7.802624586520519
-7.776789846876326
-7.625498155126611
-7.863155225004771
-7.835196662979141
-7.780412755989262
-7.810946339340838
-7.773660139999745
-7.931380416760705
-7.852030008835737
-7.802629691422048
-7.970769716258307
-7.818109267912405
-7.89841458534753
-7.776304781640417
-7.809877183863984
-7.845422843827923
-7.757695814849265
-7.838992154852372
-7.768815173546109
-7.806554795873358
-7.774985939778019
-7.851844176054477
-7.7768696019398575
-7.673097790960174
-7.939535250196579
-7.870460276887406
-7.790934507190376
-7.73069439328034
-7.649678641491025
-7.758592541346045
-7.6902862831225125
-7.709270264812003
-7.739855285017218
-7.831808718133184
-7.799220554215239
-7.972644447643117
-7.863029160815659
-7.84637733135203
-7.893171068363978
-7.833151677813554
-7.923305619967414
-7.904666227414442
-7.7944640607621665
-7.848454239624471
-7.902397635065023
-7.919128967913692
-7.840479715429955
-7.858425064918146
-7.95534652026981
-7.792834634190846
-7.923621788338062
-7.848017465396906
-7.805015934626461
-8.003531039494508
-7.863633007420678
-7.904584827460386
-7.867547323207645
-8.009528490374082
-7.912514653443371
-7.969973910815124
-7.959701957618002
-7.899790295871007
-7.890929519948475
-7.866154418027867
-8.004965786396946
-7.935070073790168
-8.01027560947725
-7.916939618664478
-7.899747967368803
-8.016333628104709
-8.003693354587904
-7.871096966405663
-7.994097091476279
-7.950608029921307
-7.857785506270756
-7.887929531689025
-7.968326269764519
-7.984092090836298
-7.863559115264055
-8.110620877039134
-7.8933758334658
-8.004125464660673
-7.984459986380511
-7.829437055784962
-7.904579831358918
-8.00553638315025
-7.865286743895486
-7.8657882661849845
-7.733169065055613
-8.086922046345551
-7.938610383324217
-7.971706434305097
-7.935947737689934
-7.9154034314646315
-7.921279393986504
-7.9369718283480655
-7.903364986144789
-7.844167274084009
-7.8310484632075195
-7.975413735723649
-8.032174026302735
-8.03741435383341
-7.959143091861062
-7.797431538692745
-7.884805596611013
-7.9483646224840605
-8.045670860720858
-7.898737595038388
-7.983610252796227
-8.002448264623684
-8.047262135030476
-7.995244424899596
-7.906190072996889
-7.972276073904713
-7.965766423818626
-7.846713663866388
-7.830524529915891
-8.070577878478964
-7.978584498736584
-8.078364723631061
-8.157469223489967
-8.013410742081353
-7.988445931305063
-7.989641288816817
-8.001762754414708
-8.116938277929583
-8.125053310243194
-8.030751249284974
-8.02257285939658
-8.008494290044927
-7.9220698129425475
-8.077697114417083
-7.973987029293298
-8.07140157477673
-8.095928201810509
-8.136644631291038
-8.004912208168454
-8.059786574906662
-7.935794653844408
-8.174632757821838
-8.109409178765775
-7.90990654459537
-8.058207430314171
-8.064115458369022
-7.783332203659533
-8.040850873293845
-8.025249612944066
-8.096137193911614
-8.090956413618386
-8.019176796744913
-7.995407403700746
-8.152026894349026
-7.951852713230735
-7.872337943812958
-7.904867809869741
-8.054066751219443
-7.882064570875783
-7.9642697090214405
-7.987144427065494
-7.679887874610228
-7.751388200854361
-7.829513796559619
-7.762432282669898
-7.722125301131076
-7.760955658346886
-7.431562473905626
-7.306613847424602
-7.487874073279013
-7.453084079455959
-7.304653464182042
-7.215798418692853
-7.183057726781718
-7.0110052118016135
-7.187216757342217
-7.142333840990787
-7.100797472583141
-7.204743595990742
-7.220526180094632
-7.237180504145538
-7.1111420245295225
-7.2366723883175075
-7.135351208899003
-7.275324624119978
-7.3622153962273265
-7.475168563855305
-7.486303465200686
-7.5449842063748225
-7.550492909961921
-7.681154572659877
-7.897606844704804
-7.815190778459068
-7.682417050423201
-7.9418925749362375
-7.742004314049733
-7.741916087068368
-7.951468142204672
-7.9204706505376485
-7.983285844132294
-8.036174752633588
-8.013270272033342
-7.982750594676187
-7.836343366670033
-7.874523326981873
-7.879161765043619
-7.904719607616788
-7.903222554024353
-7.979539293462878
-8.012220198872885
-8.11664588646765
-8.041474674100298
-8.091341785434706
-8.129511136275609
-8.020946056123469
-7.985634380596753
-8.20682722980193
-8.071792157502328
-8.07819224955554
-8.12159378968922
-8.021340033013674
-8.083588026818655
-8.160377119885679
-8.028668160312973
-8.131811775887874
-8.000344966018586
-8.043677086711016
-8.05438671173327
-8.078823946393983
-8.052645460705094
-7.8690976065000955
-8.118195498779532
-8.053998072240445
-8.059442933961178
-7.961437867213667
-8.094382504222228
-7.899935079654428
-8.00548487637407
-8.114616633528085
-8.291150558283414
-8.128355121701281
-8.111483164979111
-8.26704465681845
-8.100152646492257
-8.278577955136829
-8.023168147424009
-8.172939478935117
-8.03536565321056
-8.124115394398777
-8.227201831084546
-8.085745871251513
-7.981746781714884
-8.064291684021171
-8.141361783523607
-8.108716840000278
-8.148731092988397
-8.11481481684638
-8.148223951296634
-8.198182235221331
-8.164442249834863
-8.178993719412272
-8.25174686209473
-8.234348137193015
-8.055554339406264
-8.193015090281703
-8.254403351065301
-8.229896626013513
-8.21215282166973
-8.201480337735443
-8.161791234060784
-8.108257634489293
-8.182289289617087
-8.246056976867596
-8.167737805142936
-8.219583811508686
-8.119468715637694
-8.137015542605317
-8.219697390740963
-8.203148821667341
-8.25146220402708
-8.189672473293454
-8.181623112852419
-8.158931415242078
-8.086307606016183
-8.38646640717598
-8.342765819314685
-8.236630105346718
-8.283071584855008
-8.226819256455945
-8.218545701423585
-8.216762174327599
-8.135538869053061
-8.22733761502159
-8.288264244746156
-8.314974838327954
-8.227596596625707
-8.309725072754814
-8.340659216916073
-8.38933011111826
-8.209962110487295
-8.142746483381329
-8.231163164024755
-8.374552277695015
-8.261472258482394
-8.306529651293395
-8.243683714031038
-8.151400169637602
-8.265513735116896
-8.33848942280559
-8.315480430433515
-8.269413518435071
-8.179428882685988
-8.340831007979698
-8.312419316916515
-8.370722079841102
-8.271676051201556
-8.371562377224068
-8.2670729751137
-8.372844392916312
-8.322001038019325
-8.294931090223884
-8.306988111004406
-8.25407184919535
-8.246197937700078
-8.366111352683816
-8.2296406717522
-8.39655469458823
-8.31630630496035
-8.187522474898302
-8.19677329893288
-8.296719614640507
-8.218953052233738
-8.311360979928677
-8.340885842426891
-8.269274557341005
-8.41571003587832
-8.244456100673007
-8.294647566178648
-8.275056453040717
-8.355923196749279
-8.282524455963744
-8.506197456988017
-8.239321513584215
-8.29147732377101
-8.394894365181646
-8.385536505511421
-8.294829819066075
-8.406003338573228
-8.349223194636435
-8.485614544872126
-8.309324824421084
-8.451863511788686
-8.428560558338544
-8.485291779700963
-8.39033607326328
-8.202218285011822
-8.445296081669612
-8.400696082726382
-8.306734327656676
-8.333665012907662
-8.341381021112047
-8.394208020987891
-8.328393494001734
-8.17843279240901
-8.384206956495893
-8.334254007238945
-8.0035070342617
-8.303147316800608
-7.970154656983983
