0.03587596728287052
0.02942443261064082
0.030834965497668523
0.028038306544972587
0.03012311511427318
0.020787027143533247
0.026406734520134388
0.016030146244696696
0.0204137676304927
0.02134274682296515
0.024010506920057552
0.02667868972722501
0.03011757532498811
0.0365520281522695
0.025683105675784183
0.014812950625209428
0.02138394339548121
0.047846673303442125
0.020050087005295487
0.020532752984057823
0.021883539147350778
0.04237902379412081
0.020988418623367908
0.021595214447173466
0.02756518718315955
0.027663304594389378
0.02676962690148616
0.017347386886765785
0.01781761270016359
0.03470496080200332
0.019876254818918082
0.03094302184514542
0.02066076815741058
0.022726091717073463
0.01934585821345183
0.0267492226137873
0.0187908709417823
0.03046642629928504
0.050494097668801065
0.07668219485367642
0.11021517666975901
0.03137167862492509
0.039027548171116415
0.04406420214415544
0.06230693816735191
0.05021812769492126
0.060309595765153635
0.032613093755896966
0.06166283572175553
0.07924125249643783
0.021347296862878538
0.11037718516038104
0.024627823349129288
0.03837941747988482
0.06793440367824517
0.05575355797986203
0.06275058756325028
0.15535124127562597
0.040165500340729854
0.0906855921817524
0.06046539665528354
0.05708959334701726
0.14208487264572034
0.15463620838615338
0.10492922912248996
0.1663437923615899
0.11410323909872826
0.16532586468528876
0.18915490375235197
0.164176289550626
0.15492658505369206
0.18260149164721937
0.23941600694801982
0.16888421613922855
0.17609931439954857
0.1215721928465649
0.1052183311301642
0.15573249237604594
0.19741943175889645
0.11294637169816969
0.09187772847104281
0.1188933257189846
0.11947350589649242
0.10396233113349806
0.14611187565605382
0.1501182540045084
0.08528694855253191
0.09152764222297455
0.14667448002471503
0.11879237309732713
0.17905157739639752
0.20971602780640483
0.18965088858200796
0.10201352700296663
0.21138572372050538
0.12634745456312155
0.20443706522989222
0.23350733514950717
0.23092135578605935
0.1417143894000362
0.18133578653318813
0.2536975857576229
0.2560364914661886
0.26095950235941356
0.12205056418315192
0.21852444283418201
0.13088823944907194
0.24520544125401825
0.13151100641969188
0.18523504655812834
0.21923686629351358
0.10926135394188591
0.20933530493123076
0.19479086415888017
0.1082103886006884
0.12537068772019033
0.11481107603955429
0.1807132250189405
0.19393682684325209
0.226326868362294
0.17077307730462957
0.23178773924450347
0.1452940374590132
0.2662836361822976
0.15891632157741634
0.18745691416966642
0.14125852655762147
0.11530157446068842
0.15159750874921984
0.18127689366903907
0.1671907473797014
0.17149547491957068
0.14677309743951306
0.25175330362551956
0.25543666739365795
0.22835298973121898
0.12291577994834517
0.27477382752676066
0.13920052257931403
0.16880245445515063
0.34205652404605774
0.25269104392308467
0.16770073643288444
0.12376542329831189
0.25029805131740185
0.13399726375328677
0.15850063141019732
0.16786342136253898
0.17015792266598245
0.21431306619622392
0.18094074102451171
0.1922115674476046
0.16060973923771213
0.16434209416867793
0.17847885301026514
0.20055874283619896
0.20117056254885762
0.1869776772558204
0.15311861583593422
0.1678345165713035
0.14668807940554363
0.13137801370910232
0.2342712482543248
0.18607055589560395
0.18593932261112633
0.18690869981415803
0.14920330996999998
0.12114613676843664
0.11927043253436898
0.11812678650484289
0.16516747496189396
0.10874621859010443
0.10885794581459998
0.08835755103152151
0.12985980498539015
0.13250095423036998
0.17734363184816052
0.20671946078742748
0.21074733223724132
0.08652532705649875
0.18699165661124295
0.1546541314110891
0.14237030807960024
0.3112211873025582
0.26350409720756474
0.16592833753029043
0.23477873239821062
0.27058042194203585
0.32730031210915755
0.14731500693454716
0.20008472209624967
0.15351105201809348
0.16460095764913302
0.25069419952478394
0.2786021953079676
0.271953007579537
0.123138179374152
0.18671604503952338
0.13612383891474913
0.1819626982851045
0.15680975674391476
0.16994646586576018
0.1449557760756605
0.10198037893935599
0.12445374537475057
0.13262636331536726
0.1258032524655611
0.14753072474882137
0.1764777094561364
0.19369363366811074
0.1005510756900966
0.17085086271662014
0.19821160929047632
0.15663083057707256
0.24770943952068866
0.17225114485162865
0.18428136493588163
0.14222889003931982
0.12735323696112258
0.17940060915884692
0.19159271871551933
0.1367710502778022
0.23493670034023592
0.13115175112824182
0.23946093008538408
0.18755552924724664
0.12760285873121602
0.12014983760404334
0.13520057795694854
0.16735701702859326
0.15110843985410136
0.23712889036664428
0.22182931910814555
0.18663504849097057
0.13989034113772644
0.18679871199690964
0.24280314392505292
0.11891201931963745
0.13373901015009604
0.13555115433079445
0.25408731482800223
0.18142815160723857
0.19119799525780865
0.25337521135316277
0.11095155621500936
0.11827540709665489
0.18960147769374275
0.20081490868428728
0.13331730562845087
0.1896326893051815
0.10982840817225664
0.2056286758779365
0.18926737380850983
0.16325609080112352
0.1425237169297293
0.13766460873917039
0.12270818856629334
0.16460560879340283
0.1396163971265263
0.17117265673701043
0.17041835049197887
0.1028929369819218
0.27276513899538
0.18722372245162813
0.13174430665747655
0.09516141744062209
0.16469900754686453
0.14385244598952046
0.1627502320424227
0.2106875533739419
0.10412366157624459
0.15656472849975944
0.13388494705561238
0.19133860996284244
0.12877410161380357
0.23416328580223614
0.13743680952721377
0.1979699145429753
0.25900455719304527
0.11933417197973904
0.1533758055052677
0.20393533491967042
0.174327961639094
0.24185541607570643
0.22941812541020618
0.17326008326341563
0.14233074643744126
0.1337162807742528
0.13518379052736637
0.13569909120371995
0.2217199704690041
0.1388438203353329
0.22400312098610875
0.1081464322690738
0.18250314411017335
0.14811187574350904
0.17387309200998935
0.18353326707579845
0.12809323530325475
0.15551647061344331
0.1520195739839811
0.161176846407248
0.15737849712385307
0.11819392677853721
0.1903836989875589
0.0788949550862581
0.16698672458388736
0.113094036959441
0.20596571981759945
0.13453878953523177
0.1733559652771219
0.18412709410612965
0.25940658768279495
0.1283400250195033
0.14612953615482357
0.1572740774139711
0.14237308736157742
0.15765087743495212
0.1915900813040781
0.1700824322922412
0.18475213678806393
0.17129929039895703
0.2337571876010885
0.15240558257922301
0.21305153649872696
0.19327192427733048
0.22192640345694048
0.15521166843061598
0.1842962268180701
0.1606682112806731
0.22658207353646562
0.12213554952632066
0.21835790983347475
0.216205162765443
0.1315956873792123
0.22899034568009974
0.1992894113924399
0.13536938976324173
0.16877435994962245
0.146119084014354
0.17488817631618436
0.11769998683423767
0.2301921519393509
0.08521845978269611
0.18944799209173016
0.14344077899179816
0.18813683492446295
0.1529557505625313
0.15575452769688633
0.20194412836272854
0.22210211505504338
0.1790643715830015
0.10332760909965456
0.14434444251115672
0.18542918208595613
0.17690343391403346
0.17097471828728492
0.2620710440368781
0.1292742784598783
0.14931987176230868
0.20205421354797531
0.1901499900407669
0.19485146333016098
0.22037887321624175
0.17017469588861658
0.19549339733978147
0.1600794479815846
0.14267554636275503
0.14571058158021344
0.19021562061418476
0.17964499755633173
0.15403347154363364
0.19947301835875453
0.26528579176222483
0.2022668555880524
0.30382529124921487
0.17444610697334753
0.14999768078171283
0.17911360309649166
0.16887809299353426
0.21367667844060614
0.112032287766773
0.20261403607431533
0.1530817798394823
0.1386483948506044
0.1285344473560059
0.19966439711647616
0.15966126823111565
0.12352053158583425
0.17208043830696668
0.22362795260305807
0.1245967111079791
0.18175093014322
0.15596104359793703
0.1886203185013418
0.1390101120449446
0.13845900381832615
0.2109789357079321
0.14663786303472837
0.14730276722121802
0.13094462374764715
0.21921410765676344
0.19815141847199394
0.17228235036376646
0.15395725388730397
0.2330724902253161
0.2373295340338667
0.11757826343991716
0.14502558597660378
0.16798695362812333
0.17109404634014916
0.13125182447499617
0.12745297482635368
0.25693174791886586
0.1916765863831791
0.21789377297685178
0.20971129810542863
0.2644460362902588
0.20082787749455705
0.18472669820646045
0.22193342550238646
0.26776535872423785
0.15980440851328623
0.18493965474127272
0.17883263608456082
0.1942060023146725
0.13234591483489808
0.15515014983221256
0.1399095086125168
0.13927623775092995
0.14410967908375208
0.1435546250987877
0.21127119586030668
0.11772143668142766
0.24483017057324166
0.171229816824355
0.12568644638574053
0.1955841166375334
0.17269211161821627
0.15345315784526506
0.15242419609183144
0.12323903391992311
0.13545322226395323
0.14710220772848587
0.17004662922038133
0.0946250669829792
0.19430666361436671
0.18115218128777358
0.17129560042873465
0.17513460617764745
0.18149460593592626
0.27165916383809824
0.20535953368310586
0.15649221111487072
0.16102436013431
0.15845563897819687
0.14373929286388826
0.16739479744693492
0.13588328757187604
0.17853091421066108
0.18764089832880537
0.17134267297861744
0.1678502166894379
0.08060653619415123
0.20127971401647424
0.1409052790273084
0.1657709808551586
0.172169948778951
0.1856085623873799
0.06998872225310865
0.1849152981988583
0.17697576285845223
0.17810395358355383
0.1326703683306676
0.19190980414505984
0.15566367662037278
0.1668627003973509
0.262591359990572
0.15647608080026731
0.17701742048436903
0.13808444942148274
0.18098163901957084
0.13198081613663637
0.1001694123487335
0.17593738844101628
0.16660479829624258
0.19551415100331926
0.09561831714827235
0.16061618896765886
0.1756813308711905
0.26579331549280594
0.15861590395666364
0.16440786850811406
0.28129642343746014
0.09349022666165359
0.16174291764980406
0.16328444798488415
0.26452285250352514
0.23516623554788016
0.17737647822031058
0.1363750136072
0.16390627305032435
0.1796858728773072
0.1477557443382403
0.19051852825509574
0.18507290098637302
0.24675764006318623
0.23698224348503036
0.18736908804788774
0.23002084735935294
0.22905818493525515
0.17718007712181824
0.15509206744214593
0.17921663981451133
0.1977146702728748
0.24738566518172891
0.15128073708273576
0.185245841176924
0.1991151204691712
0.16025578061367984
0.12817927080283326
0.19910926082557195
0.15774208318842833
0.1569742902800958
0.15520677862253704
0.14745688519008301
0.2062010083113377
0.1880508518368555
0.16270828579202282
0.1942504091758478
0.1654586797348009
0.15640546202452835
0.16315910382133933
0.18063756735716782
0.14411946147836815
0.15211160063816961
0.2228674198169343
0.16434368513108194
0.12718803056249162
0.19676900367662875
0.22751326952950904
0.20086565332852563
0.11039479481033447
0.20594676115592386
0.242646323513732
0.20490065209794953
0.14497625867005132
0.20795789506435622
0.16291975459473843
0.15711604839425156
0.2667447547516345
0.22048170119979077
0.1756255409016472
0.11673874138933979
0.21703131437896636
0.23868623017439508
0.17089149446583618
0.15534976408380052
0.17723436449425
0.18726669620178416
0.24767159748596432
0.15819204412921567
0.1489152414839563
0.22076899711519993
0.11069847050648596
0.20698431766540032
0.2433284002811699
0.210968641156044
0.17821393266556226
0.2823551928062466
0.09682871199839649
0.2215814516880804
0.1877565959528343
0.22234746024447882
0.18765335463154553
0.21501803157939664
0.14830260426012035
0.12967483254096004
0.2264715858510176
0.24855906902804795
0.1599636112735998
0.170194920816121
0.1921587087444544
0.16474393385546302
0.18401693792450072
0.12928804564469776
0.17393919954102874
0.14028462396324728
0.22301091588104513
0.19029347164418667
0.17314709376552342
0.18775482548672295
0.15521061684428908
0.24027277542230316
0.23229917455203278
0.19718715778656873
0.16842743060920612
0.17415241431381737
0.2206450513193701
0.133004407997775
0.10495604622140484
0.14773602750932363
0.13895168589646248
0.22158800444956567
0.2389876015557988
0.1639163198319248
0.19033885774580733
0.17990023704040198
0.2143284341234431
0.24219554041754177
0.13367031013514405
0.15360547772572017
0.22320113544680462
0.16044869199799092
0.18987775490528525
0.2626368178009943
0.19421927112593856
0.20817534404023647
0.27769410915293447
0.21293278607289642
0.12404836546906886
0.10510738439729628
0.1564902383534262
0.2146828909480798
0.2116038727395609
0.1777624020982345
0.14258624576710668
0.14407775483379853
0.16466833451286936
0.1861842405793263
0.19960475878395603
0.13733168041565208
0.20237487605385915
0.25940277932687306
0.19919441438265328
0.13794280069691248
0.2044173256110992
0.16019622391087157
0.129360678446022
0.23967261236085727
0.0993902815709617
0.22420011902692535
0.20417863593111216
0.17716534390037234
0.14411220242846404
0.14771185759267624
0.2765694709710798
0.16700784895003754
0.1896365570142235
0.230101847480742
0.17252019779881417
0.16517523015773622
0.22114618464790312
0.19300730276916037
0.13890502156395995
0.12044737125685274
0.20678980493279026
0.19937707511947045
0.13378142805836646
0.24948193229634535
0.13017863531798368
0.14817629143535
0.2510216474110657
0.2322682594799354
0.15497489973988562
0.2076325236221902
0.18536010763838096
0.16789217270129667
0.2012112912899373
0.18421441867685448
0.2133233235420024
0.16951357603278508
0.19689930074334627
0.18780312834088989
0.13551677347282784
0.16141591057235713
0.13254347572459965
0.21855282822034008
0.17278735890895291
0.2128402888002101
0.168155337326804
0.16894736638698085
0.20566922091346956
0.1911415199011236
0.19719460717178636
0.15397606426930835
0.21832314576749806
0.16179061025692262
0.19751944475805167
0.11818641923441256
0.13621241993255992
0.20346648208972898
0.19802466704115337
0.20340068870993194
0.2051371718175385
0.22942344542115664
0.12169403922671172
0.17081085303204538
0.2069712984055027
0.1822845953293379
0.15296243462009596
0.19670525949391315
0.1623383525308749
0.14875478402487233
0.23332026372041953
0.22110030098980157
0.14938097981465093
0.1553983168481194
0.1762454890291466
0.1882440214841489
0.26147388981532826
0.20584142396981728
0.18183687187860967
0.18197027592005321
0.14906562542133026
0.11828236844853991
0.16704671811303376
0.1717442677911874
0.1272118164308749
0.18694004400438557
0.24061707456759107
0.19340927458100193
0.23298012383381306
0.17034645432223805
0.15115911902721893
0.22592716636059493
0.26502123279894896
0.20320940927032524
0.19948557827363006
0.20642447821749982
0.1699343829008598
0.26104518645560965
0.10731868545809925
0.1489560371869358
0.25732455801508947
0.1949926377440653
0.21301471629806595
0.21269296367027007
0.24246647993219483
0.20262174520073134
0.21888430379391902
0.2778873314019765
0.10487992207736234
0.2032209582749579
0.25337773969244104
0.17645958032389825
0.12398572906144281
0.17391330908699454
0.2101787975156345
0.2204230391636338
0.13971796342781592
0.2269612317921761
0.22560518003607805
0.22023840907470824
0.1669519146072148
0.102473660797905
0.22889213993464522
0.20554824802630253
0.1636762987499631
0.20874465472671344
0.12517580173682616
0.23994298064959538
0.20653006376579477
0.17015573264511785
0.1517113650127459
0.19688882408345182
0.23166880919383295
0.12049349547943211
0.162467711455288
0.20427398807360264
0.12691753483950502
0.1848899150337889
0.14713747385579415
0.1991178591343871
0.19059896248495897
0.23141850811214454
0.14674277802980926
0.23936842427894992
0.2681316469566993
0.13105575654783772
0.16183070532236785
0.17249106348469703
0.12443758561723799
0.2350273765374538
0.2159644982259554
0.20302682545280043
0.2605015960764139
0.13102313011170316
0.2593888569483951
0.17578842562159477
0.23239521922731157
0.20848809993577175
0.1940214278125048
0.2582783335443937
0.1865895559464662
0.1760964311816834
0.1812706354778818
0.2250682775096393
0.1980202650251216
0.15211815424947764
0.2652291654039095
0.13924234423875936
0.13619622541721146
0.23545213831768882
0.2226602717323479
0.2690053006238582
0.15393806656236503
0.23321102735356156
0.18100249332878582
0.18193134535695513
0.17423175797712873
0.2140848061866228
0.11643229272262094
0.19335837403263706
0.21495005722396754
0.22323390902913012
0.31569469644753295
0.17030706617143843
0.2112941118462629
0.20690102079865802
0.22856258944020702
0.239239428226698
0.25597357473697735
0.15031685174241582
0.11887025374168879
0.2118986204456578
0.23517261264311068
0.21080150716579635
0.16762072823769925
0.2028788051397011
0.21850004381189467
0.17645170401277632
0.18000294379665305
0.2610951979175751
0.16071732327434682
0.22507394878119003
0.24729263788536288
0.2841339985969753
0.2064715778443475
0.1595687692907348
0.24941284252726978
0.25773622987361205
0.2414704672408809
0.17505657685088097
0.18949551512478902
0.2276728603225311
0.2641574092311278
0.2206771965554963
0.14725352761175903
0.2424227577211232
0.16736829120617147
0.19057196506212742
0.2198840239289708
0.16605483060246584
0.18431722039386142
0.2315772840718481
0.30240750817679424
0.16951380352925466
0.12955887818301645
0.2045886734534377
0.23159715056930863
0.15869085139648287
0.27344638232981183
0.21895702518262822
0.22761374102118287
0.14253900401041486
0.1332056937415396
0.11121450887977971
0.20169051789973055
0.20390033393459092
0.2823813647993937
0.1284900458728368
0.20663635340885908
0.2574574044859573
0.1603487722707176
0.26250894201941194
0.16643283508591
0.31332916176134584
0.18296962007996723
0.21321330759727883
0.2164162893262869
0.266057044128914
0.19688217722065046
0.15240042781051855
0.1965527424530078
0.19198288508616634
0.2198196470045393
0.18615712681769608
0.16600370391879568
0.12458272966371901
0.17577412221632185
0.20116553067485865
0.1389018472307947
0.20148602838672378
0.22424771232050175
0.1956729775860863
0.27069274340516186
0.22492682607119793
0.20826485665770852
0.21632720179460574
0.22706285352431954
0.2519806716440186
0.24365301295140085
0.2118755297195639
0.1420542240766557
0.1714207773964157
0.17477550024905136
0.14968236800157947
0.1727358809305179
0.2052429350950651
0.2484620172780545
0.16570545057731603
0.18859540816781237
0.21769176981002666
0.14946307509304016
0.18991151365908976
0.14702252381701372
0.19290378746786352
0.22967322259218423
0.23244895895760567
0.2616408399905124
0.18288331191074325
0.16308492520531614
0.2102503501820604
0.11421761222960543
0.2764874299516877
0.21637998505878378
0.17604961556387255
0.13348307265153278
0.24422999450811098
0.09409827634140724
0.19960064464358607
0.2548987247075176
0.16053473721328446
0.20144959706183818
0.18513021036482433
0.13927797207717973
0.15286928345202022
0.19825516287180434
0.17435609762819398
0.16581922131631707
0.2154309405716167
0.20892308515751573
0.18048934454987461
0.21276892573651301
0.22492739761564906
0.22748032387820388
0.14161631009704914
0.23794550146634005
0.26835649902282566
0.169903067343189
0.18626779839801647
0.3109852966207514
0.2217949151642156
0.15195295583343824
0.23207437110865473
0.2866234462260125
0.23337463099035866
0.1944472922806443
0.20953811390466273
0.23152655480569492
0.18117803351730524
0.24702738460257812
0.23376841177624014
0.19835848532258205
0.15689180135803676
0.21420921483613775
0.2374150565763754
0.22380568882001986
0.19904986214774645
0.19989867007270964
0.21145091232059118
0.23644969182634543
0.17545832870464917
0.17080225908273744
0.19731326221602544
0.1965134704662855
0.19719177853168435
0.2424440079796804
0.26288649271535264
0.16121162952085122
0.19385492384760764
0.1986737372663723
0.20364245140233314
0.19799368181016924
0.1910732606249929
0.19130579330021838
0.1579099816038878
0.1311573022747169
0.1623484587123043
0.1457527693112513
0.2116804678617273
0.15763195741469818
0.2600694777569383
0.19310581303496793
0.14245111385010786
0.22133596910413839
0.18198089800300085
0.2337551652268572
0.28273372639021016
0.2740802327364488
0.15598602059737293
0.30041650266831377
0.20122262932065935
0.20224790169109694
0.25163175911802677
0.6886315452026674
0.3105457921612957
0.15544950495415585
0.32126021446058406
0.5086808412670105
0.8919883817599579
0.5016823954615786
0.2065478094742225
0.1439346672642888
0.616488310855668
0.7809745009034899
0.16844812825033184
0.04253131147789851
0.728399961912167
0.07201799919028191
0.6696659920244791
0.09309733265551381
0.13724821224472436
0.06161943354655964
0.07278321068660364
0.029679778041555815
0.018692765181516358
0.03591950728057894
0.2224729883492205
0.04749061178484422
0.5761872007884323
0.11179129655595994
0.397966399094186
0.06561684692019736
0.6381554406819857
1.0023886693991515
0.32158106045566837
0.2665500106277161
0.17097362298276658
0.14312739210282996
0.19945051913862213
0.2126298553429508
0.2028196495582948
0.15178443178247278
0.2240677821842067
0.12188109023803975
0.2148954566876191
0.16866102149170334
0.16838601457419086
0.16487870645998143
0.1654425935624231
0.15890284565608406
0.17341760264691847
0.1850100397004781
0.22143162446868736
0.1942257289554893
0.1931626988381997
0.27110218697131894
0.20215927061177044
0.16732823393255009
0.1267628340347645
0.19988294577371848
0.17821980584981525
0.20257554577945
0.1591994725470084
0.1656544963109877
0.1505305291245816
0.1470356113644143
0.1852882994648653
0.19751990495409072
0.22993741055140332
0.1323610463880547
0.21136185434959692
0.1549860886144625
0.19907299367639525
0.21432236571113736
0.19780409284076084
0.13799720995573894
0.1864298162871441
0.17438663750648373
0.24447639903818408
0.2522143598290672
0.15951889336585418
0.13339063904402423
0.15719448310456435
0.1584216347989808
0.23462706067903027
0.2875999235401217
0.18966713218167766
0.22047787500888066
0.16139304497274612
0.23511175147242414
0.22996350743245808
0.11407978799312825
0.2119699048281179
0.22562651615756804
0.14181374980322192
0.1332123593100716
0.2103978957197631
0.20988923088003741
0.16668454597190122
0.2042979989365919
0.1572865552729615
0.2782580960643736
0.23514768818116055
0.15943086765697673
0.1961476122129811
0.18744721775110015
0.2217299723227188
0.2213920242425109
0.264924796786458
0.18401010640201304
0.11590346874787982
0.1903291863078404
0.22711989945574457
0.25750646438796343
0.32352070458579196
0.16773994426955224
0.2625397708347576
0.22467378158247736
0.17640312666584052
0.18034648108403661
0.11792727487284434
0.20947790701231658
0.15536414397795564
0.12472610464724954
0.16885616796944009
0.19645001853708896
0.22801118607319668
0.19398487000378536
0.17821679163709392
0.16207553969552252
0.20877907914817947
0.1774421018741821
0.1466547773531056
0.1857969767761244
0.20719930162215972
0.18439483439698723
0.24828310599694178
0.25962263720219
0.31730826910438653
0.22116544082434914
0.235283362856693
0.1581267762347329
0.1482869243566604
0.2741668893711327
0.21459005821033836
0.18763480185110537
0.1898892142719249
0.2573724222780384
0.2631709875405154
0.17844134763465846
0.24949084158377025
0.12265894664130393
0.2667973707835929
0.21896977275531526
0.23410460149054305
0.19796253185880552
0.20261489847978018
0.20559064278784092
0.22907980164398276
0.28054749985917166
0.21568693609032294
0.23805035228603513
0.1850301524207036
0.14498945099052724
0.17970437721091234
0.1527858105587684
0.25505955577323547
0.3235330721392086
0.1830970337273558
0.12377035593423749
0.26818756917465647
0.15871429211221488
0.1858050285373882
0.16911559979186186
0.1451526412958437
0.1939511024592688
0.20906036362992178
0.1629309263464659
0.2309429052015728
0.23376866538827165
0.12707264026399906
0.18251477438720667
0.18886723403471486
0.2567871757559347
0.18331743138505538
0.15510082990060067
0.19114142730290049
0.29359670150994327
0.2517284097693408
0.2711975782750762
0.1927528100100328
0.19820331829460167
0.2422396442525227
0.34305622780050915
0.19485369823310827
0.2656555942871207
0.1400610877988105
0.15286809523814285
0.2544255284208856
0.14516082805501898
0.2885419648952785
0.3234441893891524
0.2614563425870483
0.21696410677143166
0.1865104630757457
0.20244128216780063
0.30324809966839683
0.2671172070494326
0.19454650487981445
0.10526108354811156
0.10977007268213664
0.2797384897912906
0.12735348074588856
0.15950809611899722
0.1491377517206605
0.16935822003002032
0.1659923044751526
0.234993027226686
0.20789826102469572
0.26229937890276905
0.19950689157955126
0.16200169460858177
0.21814149020920148
0.18591770767307877
0.16469610186996475
0.17531833658224447
0.16547688800693794
0.20035955925042104
0.19761385727009018
0.22121648590422782
0.17834364067866595
0.3336531432445534
0.24093120413395458
0.24867309951429764
0.18069092782816606
0.13383986669765638
0.31685726171564915
0.1327300151281492
0.21702682028281592
0.1570306965624807
0.23951827815576796
0.1476784956370004
0.21047080622091213
0.2617533113039548
0.1801307542042299
0.11159657900070222
0.24273914474978875
0.23813324507994021
0.19334212193662836
0.17080395315945382
0.10942221971116141
0.17982382384988171
0.3080330519045872
0.23366404714939099
0.19960559737198377
0.2298215859215959
0.23929903615615156
0.2304001868641859
0.24354352490717282
0.2450455500091156
0.22477469393596566
0.17967581479964978
0.20040261068669146
0.1797997288497836
0.25474645967223275
0.1861991930126903
0.764241251094695
0.21029343831452732
0.2710365252385861
0.8520500836034594
0.8053822272808854
1.1033789385739297
1.0090760063641708
0.9372385481779671
1.0324601511087332
0.6685663944424611
0.3295159842007413
0.19197371757743553
0.22212255327180638
0.22341536588746277
0.19491956405453434
0.22706116915727803
0.14147292984642115
0.19167063108312735
0.2331774588574932
0.16696587235137136
0.1710511678135356
0.1802667476677425
0.17136852053275345
0.2552575388777362
0.13177222936068664
0.09806277400773977
0.3030638710953641
0.17649032297494352
0.18337350702163793
0.18538777032133802
0.13633060923637258
0.14674499807619856
0.14016473370854007
0.20270304387597837
0.14753135098491144
0.21307848155949002
0.1399810112252894
0.21042848151101284
0.14878934843360989
0.17867854607307584
0.13073723868551318
0.15313264299415758
0.10138815580827656
0.14073696655949877
0.17000269221986233
0.16087134819947402
0.11455121919840837
0.24609525025268317
0.13861735865882233
0.24278262749823337
0.20503552017438859
0.1977600088227086
0.1451399847356458
0.1170785710066395
0.08106983867660932
0.14691210546400832
0.12016142775442787
0.1872541281998867
0.12011902324558502
0.16564829806493647
0.19103253412781887
0.11860693102114549
0.16264470657122673
0.11489480711786645
0.15760456893092686
0.06376652333651575
0.12526809988350807
0.11005086785875913
0.16608543933039455
0.20652250183849125
0.2239923765238385
0.14022935075803436
0.14376444859959991
0.2083485915251559
0.2216607247711429
0.2056847810380024
0.16394641163492044
0.18702833684024925
0.1669210523704882
0.20932379276082969
0.11862341202306066
0.18978230315087208
0.2505912662971754
0.23253085133656715
0.16973207044058763
0.200242687821716
0.23219415463882645
0.1289257999340065
0.15101154306284698
0.1544563567826413
0.1994931834966085
0.12643582229666284
0.17106669414907838
0.15268849050192565
0.22489143185840432
0.1618747718671085
0.1546925630800666
0.11789925060470716
0.24074972098086908
0.17563025885517353
0.25779840086952527
0.12584502928616412
0.18505484791451313
0.22437931069315678
0.15440912268608065
0.18168724374193918
0.19530431244810653
0.2654918929601735
0.12508042774608666
0.18540974004365104
0.1858000822860556
0.1631715569843515
0.23880635483059648
0.22783654439217946
0.1360455616609173
0.22568987690706221
0.23090421135746772
0.12107602667672099
0.23971948045650066
0.16835448785229953
0.13876886258291202
0.18554895391232376
0.263062082270904
0.08493957446426194
0.17505379250100292
0.13118543668110522
0.2046287778350988
0.22407914071341706
0.18155946560988462
0.16305536081499664
0.2332187295349764
0.2539595171124221
0.1371587173680165
0.2845330677450294
0.15438721102323574
0.2151025565463366
0.12528780757579905
0.28116497077332114
0.1278756156999014
0.25284378935511037
0.21334824897202653
0.20670584673196782
0.23951629972852753
0.271477345974465
0.27176965519409213
0.1794093538676265
0.1607839508898798
0.198807631705624
0.1524200603245766
0.22946473230269576
0.1717872372156706
0.1693479114026431
0.11849082892894922
0.18585683949932438
0.17815498205960753
0.18418577422697752
0.1803871907673532
0.17469638354210693
0.19824510487025898
0.20288145434677207
0.24736373402082318
0.19682661059286302
0.17027342700394793
0.17859423480461528
0.28580478133197307
0.21844114527922498
0.19782378259502523
0.25168122164940054
0.13568998259155843
0.2686345344040055
0.17072955085151795
0.1493316514327205
0.19321254563555382
0.2289247871801128
0.1572425907224018
0.20566931511957143
0.16291633330532182
0.18813998275251695
0.09287261275013213
0.23476933563766003
0.1277287441596118
0.14905810921341608
0.2138522218141048
0.1990358175140943
0.2704098886426347
0.20140795223797633
0.17045663900665003
0.2006482070403442
0.2734725810255249
0.220917185575168
0.25847397129454297
0.12880343395740465
0.20160784540506313
0.15119599728923996
0.1445869867496902
0.22443703480160015
0.1691818184068406
0.21852551419366792
0.1895935105383146
0.2109782058618097
0.12198387170341621
0.2152991152968118
0.1665515902462595
0.18120847713386196
0.16410265645301744
0.2673141150879856
0.16387802568662369
0.24889995061972228
0.2790198717694012
0.21455783981385684
0.2787147820019448
0.20275192800491915
0.2655590281996391
0.22430587443130218
0.20953301299442414
0.2159545543491686
0.19317064515745783
0.15131253453993102
0.2444452482509622
0.19838833447996324
0.18225383248618895
0.19978380726201436
0.21100678115041388
0.16173612434105233
0.2543420276569698
0.16328466583561368
0.1909138094356779
0.16933412079389135
0.18275786952815162
0.1481797656712637
0.256230876724574
0.21593272608596162
0.10624292990753045
0.17871526876003888
0.20778569231788238
0.26465837410259274
0.19308921849150115
0.27307087083546083
0.17533152137730385
0.2986501325313421
0.1671101656764207
0.2448116254582416
0.2701125801347689
0.11468062966591498
0.24704987799554834
0.21104636376331828
0.17093480331985064
0.1619302155934006
0.25895799184215024
0.12532517208478336
0.21088997008634153
0.3294651552569547
0.2617477570913007
0.23227967169359046
0.1993041896471238
0.21509691020681942
0.2544835754907571
0.36443036511960125
0.1691380443836833
0.23524892045192708
0.1896605173387584
0.15268123268561318
0.21559522142605836
0.1789885635337809
0.2874020684694127
0.18769602696434992
0.2102024496909399
0.16069232003846623
0.14212872300995788
0.20160240776333935
0.2664829559937796
0.15123352354871383
0.17941254327052486
0.2110323522009853
0.25298661520509425
0.19904547029874153
0.23452240492556317
0.14926990530507306
0.16057601670564178
0.14719971301320015
0.1513831741320114
0.1816766370596852
0.19652345722129227
0.23362027790895265
0.25567655915754584
0.30188076871265695
0.1799817464938418
0.14217330000170464
0.2919598956347998
0.3266497549487512
0.22699906894865735
0.24816044344781918
0.1939587466641396
0.16896044404659913
0.1414446345933931
0.1287310654969487
0.15310361215075802
0.10482791074453363
0.23127326681517088
0.2448335394176132
0.14324348060937145
0.2244999354781896
0.2600344558075074
0.1469013131636315
0.16682000254875928
0.28594176817659384
0.15187297364854122
0.20183559340763127
0.1565897456597117
0.2504078776269953
0.2755114359562437
0.11255525562824528
0.13968798840811558
0.15070891106516898
0.17346771617626225
0.1432536033014148
0.17162554194367183
0.10805699208896134
0.25640987784068436
0.11600583701690598
0.15709128850728565
0.3109627445274098
0.16411913564741978
0.18402144008618468
0.19189433812967893
0.21487131483004385
0.14715371567453253
0.2822284447641529
0.22194501559662355
0.21983952463764747
0.12843174437889715
0.17811322517140316
0.19308920475089142
0.19059227757776878
0.21178170554561898
0.14869862627153185
0.1820112503587521
0.14302558654682473
0.24706865323783014
0.11448653062993466
0.10731212220926557
0.19517667900013932
0.26529285133345193
0.19670761990948177
0.17733975422952072
0.26084785025479207
0.17134918399802465
0.1567766321211123
0.15381644834331645
0.21896253538036875
0.2316450172866221
0.21550934408336112
0.13898821708080478
0.301147005560595
0.1771712430711257
0.24118498907982086
0.2326721257226094
0.14216668999087304
0.19366970494549382
0.22633057710736076
0.1337217362539835
0.2553571216133499
0.21071831433153554
0.19909083471130534
0.1974402420860636
0.2688806677364493
0.21864627448119262
0.1489713910347654
0.2061347181281924
0.14687412036659658
0.3391312633588817
0.15623631586871883
0.2087925955992719
0.15617795755328645
0.3050090537112414
0.16320532144391073
0.18319238968384982
0.15378864763793443
0.11086964410613782
0.2020618733579403
0.25489454012497514
0.13777819382900872
0.2455515589096539
0.23927651594291136
0.20257193109439764
0.2704113380598875
0.2850811991452746
0.16289645864056201
0.1599173456909664
0.2059676120680744
0.13723456351002064
0.19836278123994613
0.259865205847813
0.23394143787571062
0.16978829204164034
0.262386377511567
0.15377931378676307
0.16383329709036057
0.20279973329432116
0.18136204136843426
0.12495754721833165
0.20096273625713934
0.17516329172604198
0.19837567793101976
0.19876548155720514
0.2068940668195748
0.16764231779777636
0.20776547601085552
0.16258425913087013
0.30792732942506845
0.16819368534152446
0.21060348271055537
0.1710463587356625
0.23419831737173255
0.16856975894570547
0.14989684545601442
0.14284255312656555
0.1393690431172342
0.26431509869328107
0.1508254162461015
0.26879281336789984
0.17054944067437156
0.18666913184780495
0.23580117419570623
0.1964164920651811
0.1339084093274015
0.13271235556873798
0.1406042423643864
0.26684008034794404
0.13058012737606878
0.16504431334774916
0.21108311897621077
0.14926821574105578
0.25916727840004866
0.19262751555532673
0.22460771007549762
0.07259787735781711
0.16655454367766326
0.25120430474208494
0.20119025602858515
0.3051784504382717
0.2594213204000838
0.19123206198711223
0.17215151770183104
0.15111893354753728
0.2457482026096839
0.267217601894596
0.19328624419184837
0.13411424423387436
0.254836638076396
0.23921362552837575
0.18434161879274882
0.21134009148002175
0.1637109905568351
0.23139349280987584
0.18953924671200853
0.12700168969808054
0.15495868465575502
0.15634002622350843
0.1987894936675115
0.20137786296198826
0.19602102204956565
0.16126360256709257
0.19712083859137525
0.19774891467487288
0.20882092259823323
0.19839233094549022
0.13385156481007404
0.26027354199591535
0.27590794244729516
0.2144294814250011
0.2661779390086019
0.287533770830449
0.17378912449200018
0.23691309653479178
0.2278266984589509
0.20222482761536661
0.16994659282897526
0.2337323492080683
0.18762945201633735
0.20222243560600692
0.2055255647950859
0.23108065626594465
0.21666084594365406
0.20020559911180622
0.198007839481479
0.09676558244775349
0.24051134778148087
0.15767363571012227
0.18607251925685114
0.19215785255342369
0.19898194506864783
0.1757464398679976
0.19652904891925108
0.1712151377211247
0.23247419577299921
0.20884205051174481
0.15300976248232329
0.1271698816010198
0.24665410570919488
0.1300829730068287
0.3417356516968887
0.15733971347997258
0.18842255433926827
0.24075895581375603
0.23240660859443937
0.15356975047464022
0.19202578492401232
0.17175156335822064
0.23876086685096878
0.17665743904513806
0.20697687745882337
0.14549056063367916
0.18290501687691066
0.24311043410651276
0.18067771378454922
0.14280983754651008
0.14261217075724875
0.194227372246089
0.18775193280629032
0.17501463536328182
0.19321692605629417
0.15660279247065934
0.14941276154376565
0.2071566654789735
0.300759671311208
0.18554410797418777
0.13319494740148788
0.09543042854343224
0.23103244006959792
0.19367718015043978
0.19274207042659125
0.30039013690505717
0.13567005796106382
0.20942651782877217
0.22834156306232747
0.2822019858243943
0.16106470107313406
0.19274320646956297
0.09360609566849336
0.2630673818084495
0.1957800079944238
0.13497079885960098
0.16314536439423175
0.2838198961075883
0.14927219035893782
0.17832780752638627
0.16547410686137248
0.22849311005127237
0.206145190496347
0.2242327326471306
0.16497123071668005
0.2245258842371317
0.2708397218232739
0.14784057595103592
0.14387932030184708
0.24344645671892134
0.31670043288262356
0.1805771269408161
0.23028940020470726
0.13998237565432847
0.20597999693823207
0.18150853511244217
0.2408223438418319
0.24052610595976717
0.1874176625393896
0.1575147177242681
0.22790752720076965
0.15655850961460094
0.1772694653890465
0.28659867923712734
0.21920919240662626
0.17754701376567059
0.21410815023691626
0.22670851046250926
0.33113603014795917
0.22976247222846102
0.24035076004545766
0.14098551677177346
0.17848488213654867
0.0928315737809969
0.2037509419945174
0.2250362844361025
0.12108724539568555
0.25614922284994057
0.26027892342181397
0.19914201279197352
0.2258055521958104
0.2290276804808279
0.2528751307845141
0.23798881407828107
0.2905441052715831
0.15962143563659006
0.2641435611733684
0.17618926303320692
0.14997273797807054
0.27242123198868234
0.2823361733269555
0.12926114832744062
0.2669064030077306
0.2053317152745468
0.1822752813649721
0.17202548525441314
0.1829622927181084
0.19202187493898235
0.24829128743017895
0.2485267369336614
0.21471945106904688
0.1752820605929826
0.1433979889907802
0.18855742155127528
0.239946727479786
0.2475989734322979
0.1872520579723268
0.2851750812609973
0.2554483954172673
0.25790928207450825
0.13544430686797568
0.09666779719120144
0.1897167096534067
0.18258078041287984
0.18323067572705345
0.16376151271461414
0.3169172652536309
0.13407208241259927
0.0941645307484293
0.1337522175199094
0.2882751656040779
0.20181605436144928
0.26200617423971034
0.1856116523803607
0.2816919900811837
0.12604443352120093
0.19821750766684282
0.22684642040141373
0.16566943292512393
0.2250381599085934
0.30111574754083975
0.21883500330026565
0.2107357919410159
0.17737630315943714
0.17935168276384272
0.17988776850102503
0.20860875644531077
0.15905321127680289
0.20102580865094088
0.24380478984863038
0.2078445338440338
0.20186822391398115
0.11649925766836117
0.1836077297533619
0.22414375557606328
0.2611467910228062
0.28561691758066804
0.23484093774936976
0.1888947720616929
0.17616422583796218
0.20998991663328237
0.24256533627866705
0.17321840785815865
0.1650993177590501
0.28533810081309996
0.1714364888925645
0.2318232343665881
0.16338317661005605
0.2951045946339636
0.11630018630774393
0.20764795701775546
0.18185002686580265
0.20881033896161572
0.267361313866802
0.2778697064326245
0.12489910441050078
0.16761026407298463
0.18299726063943852
0.2556156995517742
0.25292990913568825
0.325375112791512
0.1484261837290722
0.20288696858035593
0.1627787718797497
0.158756310453607
0.28851803147698213
0.24543579831008547
0.24719363273346193
0.21711434893905704
0.3006197043724819
0.16492766078841037
0.19937348765898424
0.28237338498774334
0.11164773576440482
0.2453340592424022
0.23104065337492005
0.2414221648274278
0.24098697591091264
0.16244000210381304
0.30417196311900774
0.2808445103833998
0.16727364716916587
0.2858531555441902
0.22666377745877395
0.3442922714801207
0.42844896101160296
0.29432908382503176
0.2668293122286774
0.18597799326631093
0.2375537905182309
0.23222889332643748
0.24875625352026223
0.1532630116342223
0.16858776238861775
0.2312755016896251
0.30343413486888016
0.3650762506843653
0.19910777286897646
0.13899333674789963
0.19174574922339319
0.2632868658325374
0.22144865280371692
0.22767284271610508
0.246289963293537
0.18119258964850654
0.17434088301282888
0.14380870785902275
0.21942738389459407
0.32755959749775354
0.22754845449131486
0.24913782712579371
0.29364675616188474
0.18499217678625088
0.17034597444959532
0.21536931701318804
0.2751864431172066
0.19872707846420928
0.2903627384087762
0.26775950420764527
0.25862649944140675
0.23558620955922688
0.2905356391098318
0.25140598970060063
0.17066416313917054
0.2869346894547016
0.287745658487313
0.25455298291423584
0.26831421071662137
0.17379720896374612
0.31594702944150804
0.19395902782095534
0.22632586425331705
0.34567099537445894
0.18110972734813413
0.21772767067196858
0.20752429440163997
0.20342817798861781
0.1046445433543076
0.19763497018106468
0.23613344351969023
0.28803533539267556
0.07992128220032253
0.22447575520936408
0.22601726772719016
0.2704408402501506
0.24110765291753344
0.19263565992570644
0.2351967121222602
0.22526199834916186
0.2795549922649115
0.254843779693879
0.26938832257989537
0.22228087897343635
0.23681017853590788
0.201693996572522
0.18702467602356296
0.33032268694212613
0.28132797715723734
0.20710472156700682
0.1762919430840696
0.2667050484692859
0.2290197352253327
0.14803416643874134
0.12627704064007161
0.21662145906509275
0.33686836971055506
0.17525959047222744
0.17191238260178465
0.17440931626316938
0.2807163573547446
0.2008412846112228
0.21076551291355436
0.2820429000987083
0.2128437407761217
0.19019767690719958
0.24042248346531653
0.17385341273771962
0.20003613709485663
0.12478295125337384
0.25472812002085754
0.20625693418294005
0.1842152642449573
0.17374457867662943
0.34319319200994214
0.1872529668982612
0.19659190340584498
0.21103796549152892
0.2398691396955502
0.21025239802323817
0.26286093395783827
0.20151032354384124
0.22731288976138697
0.2851982242743853
0.18379194214996986
0.3563374335940186
0.389520112853027
0.22632459909239092
0.2561108673130013
0.3103286796922772
0.17298255388658057
0.25407734495557627
0.1578004562863097
0.17341024803201532
0.21398418403038716
0.19096449202727236
0.15940285022437425
0.18884981837622197
0.22765857729881303
0.301622847607232
0.19552338966081173
0.25608412163693844
0.13952967985680906
0.27383875881112796
0.22931308660629451
0.20645489219076965
0.1669708837121897
0.2364182961243546
0.1988230670476477
0.14551473155493724
0.2465848720441789
0.1977419778429182
0.16082722129282329
0.12921741132603756
0.2219544936146566
0.19099226669727096
0.248722922222134
0.22985632569887857
0.1335685111287194
0.21329109699310356
0.1471002781783273
0.2263606355073618
0.17134717076378944
0.2073185860497668
0.29125666366319913
0.24247056649233106
0.22955953425473674
0.21982769420945367
0.28327718069661917
0.19922803497015878
0.24338350539792472
0.1723772618984389
0.19271027196137544
0.23953393605642867
0.31410313033222126
0.1762908683217238
0.10188716544160481
0.19107416440742372
0.26758476993217784
0.16537342804109695
0.33912626802179857
0.17284699419508046
0.2684186320177233
0.1873942643568568
0.20180737438956678
0.19624857217317798
0.21025507606884453
0.22320852109653191
0.2845765203692302
0.21115043275773646
0.20594409055976112
0.13116504719035055
0.32818990860688113
0.17049217331934044
0.16135707028547616
0.196801979486205
0.2691224343132427
0.15438211596208365
0.1619595858796667
0.1975644121815537
0.1928736194654935
0.18642788678192246
0.22970552242856118
0.2578200284358932
0.19189144137335687
0.26035195535050265
0.14931733368282338
0.23153062096184038
0.2738680119742761
0.12515863178670683
0.19515492657620376
0.16368281486592498
0.20954892527552973
0.2468585437351674
0.1722720125013923
0.2176255684587936
0.21466370290830122
0.17521821286801414
0.21119112832137288
0.2700335528620243
0.13765832576602527
0.15517724681499134
0.25083584324785957
0.21045423510904365
0.2258804806783695
0.2177400929188347
0.39720750716633046
0.23156335903152875
0.2719399575475124
0.12306209395711364
0.13980804176824432
0.2520375796225639
0.1541083504414614
0.2097950677227603
0.2975129475525364
0.24135259659683297
0.2695793197594341
0.27108514708636433
0.187372826663665
0.24886773135575616
0.2737914478651583
0.21786641587771552
0.2519381979095087
0.33587325910678
0.2667429477658226
0.20842036713355566
0.19283625499835355
0.19855567130462717
0.1983745219858147
0.17641042750141267
0.16899346116357497
0.23539550106623003
0.2327332138164547
0.18163899870542094
0.2097636665006476
0.10515122323332275
0.27847783869778725
0.24553236310434445
0.19804849184390896
0.2231246253575257
0.183493852451986
0.27603805514508517
0.21019898539234222
0.13327020925883779
0.16043620513449022
0.2239183751245336
0.20920414023187445
0.22678892650663574
0.2585907549960315
0.2664092098428015
0.16245240632030852
0.21042957574562038
0.1740760505082872
0.16006189483239108
0.19530811125154526
0.1447191292472573
0.07237033475894492
0.16597013857673398
0.17440164525517976
0.25058174160227553
0.10997122500382207
0.17322581083481675
0.25911685011007757
0.2132812825762893
0.18803940823461573
0.26386549936122927
0.26998710664407194
0.149122389157579
0.25173110526928744
0.2259994321975153
0.15353398802749116
0.14334488591319036
0.24119030310857048
0.16675297455508029
0.15716358202257483
0.22905804331193697
0.2505784970902337
0.21565810223273527
0.1630532769939639
0.20929440797134774
0.15672996757973304
0.18117151319655303
0.2495294462259677
0.19124234727567993
0.2666815003418006
0.26776910531388975
0.19904551071754503
0.3014561650751731
0.12977492038620295
0.21679426980618113
0.18597933640731237
0.22239969721352312
0.14151014957519098
0.16465687694025796
0.19808360198266853
0.21842755505974512
0.18877482770845647
0.2658020513550549
0.24046760325598962
0.1576044014636499
0.2830102402830048
0.13351090825699707
0.19513033504437463
0.20264883544037254
0.2134505409121967
0.31357826235467434
0.16225648209991464
0.1518177037311107
0.22074251762037833
0.2662156197203628
0.2228271030187118
0.24117176287919212
0.22175615645235963
0.21435379761162737
0.21582520496085947
0.18234778855264822
0.16707289478395396
0.11394409808923789
0.2436375391886669
0.24946088219929927
0.23210997222456897
0.2701156821075893
0.19885849486465043
0.18570043321604307
0.1584782517367774
0.1712527651333076
0.19633941448724543
0.19595772963425848
0.2887666079887659
0.1573785785919207
0.19158104708987606
0.23763556748999864
0.2024307487961231
0.20185283975792198
0.15902610884274399
0.2433707895539397
0.26473128331474843
0.22236299000862544
0.1277092467671602
0.19058704437155788
0.15114040740048307
0.17007160079599895
0.19004176585097757
0.20834105438059683
0.18730961057045611
0.19356213928860191
0.18804575537026194
0.16371543207540676
0.29603341865527505
0.18703384978862456
0.2307546793535005
0.1597331600030073
0.2064149446950788
0.23400266430276132
0.32470686480426286
0.14994404354148447
0.198506184431366
0.23293890550530033
0.2690431554136479
0.12908299567387593
0.21766235701809764
0.21753207733868601
0.20677558231442608
0.19193485271697122
0.19378486248667484
0.2239946156796762
0.14741814796006578
0.19682722370594596
0.28952930084750084
0.18555159714745217
0.1533528780064749
0.1774931303559163
0.16338025694125966
0.13699423099683503
0.13899048027113808
0.26014459142137775
0.15458483531866177
0.17617328858692885
0.2218859193004566
0.26339117250726957
0.21331409131554108
0.38659406074791863
0.23596060312743572
0.18938044546012434
0.20518467962624484
0.23100741506481193
0.29597194850125036
0.2713762248316387
0.23492210956212
0.17434267964948955
0.1430965586239877
0.15552860674977384
0.27712680509018656
0.1842737600197894
0.23496078271442755
0.21916091123954842
0.22628927349505085
0.15697713773920824
0.13301954221584045
0.1734001624102731
0.18344066778270848
0.251774006445044
0.16740843289616292
0.20958388818118573
0.1854318708553399
0.2555610790286833
0.24975766469145141
0.3932684301181577
0.19992545528655248
0.14668638660401573
0.24194379605972766
0.227597895193614
0.1878363702676838
0.2840016905714084
0.22199191682298686
0.17742169929296708
0.35322387344838974
0.24321497356010496
0.1685602578788463
0.24623832379798707
0.23004432737289637
0.10644945961448696
0.16835142940975004
0.20890650053675852
0.14994145702320433
0.2051081423955602
0.24801585174193472
0.2635851156826596
0.24320444189280038
0.2621650331736803
0.34013877311825097
0.23328383566857386
0.17031480323504594
0.10409985039389764
0.30279787169376604
0.35859910375537296
0.21414229492123166
0.23308686645015164
0.1462283731261469
0.2572371887306377
0.15372472889486513
0.20464317178230254
0.17951387999319632
0.1940652839755904
0.2698234350973909
0.19544554983649623
0.16443812070626695
0.20092392128329975
0.2359250247636268
0.2117637880918711
0.23930134423513968
0.15592871393610314
0.21026665997940572
0.24298404575611918
0.1760802455845901
0.230914805587496
0.1474198532833832
0.17627536277827432
0.2176464179381023
0.16735206700567715
0.22556633618885924
0.32741195786817506
0.2851831174147105
0.16060661652353722
0.17832941221869492
0.17088365851224407
0.26806017078295574
0.19918356184436764
0.18089748264646766
0.2634866912951948
0.2860506683865369
0.3115354949876741
0.20456830853604496
0.1671531236331322
0.2573982453959456
0.3331806461404476
0.3029993218558268
0.20856653342022521
0.2202181576899656
0.14596791066986822
0.12861478069879076
0.23529913990225007
0.24879159553477548
0.33137174544700626
0.18113430248403553
0.20534504175252988
0.2435994974811731
0.14337623983892583
0.2108461964429549
0.1529264433206344
0.1732776369668569
0.1924933788608414
0.24739411345493656
0.16435272244931748
0.28397271379747774
0.3294632621453593
0.19297705120315445
0.21646184509933417
0.22793662162785144
0.16278089725620698
0.17989572079564953
0.14542428798793164
0.15284779627705386
0.0800140323877856
0.16400320736263352
0.17607010886005875
0.22348866461238284
0.2953360427854431
0.1355308104125912
0.25287711685145137
0.1899808758865067
0.21998541601485877
0.12685834259865514
0.16526462581440401
0.15596357565862692
0.20170110464063162
0.21773633440797432
0.23541534048655563
0.27352144748458185
0.21541909458665673
0.22481034497364571
0.2020426703474917
0.24750370347176578
0.20182475451222556
0.1814841256100486
0.21864504610251542
0.2286405658797751
0.23048619181611787
0.1733663010952974
0.17007871133157132
0.3330795259741274
0.21847172467213208
0.1685718463841076
0.2848526283333697
0.18562001297689606
0.19861957195310703
0.15911274499802414
0.21960793926175254
0.2054356339508214
0.20291483274096037
0.24708490286031584
0.17401198316950933
0.16364701871476947
0.18334726583706323
0.1874873873796771
0.2542947650786475
0.20169016292131023
0.21525904206357196
0.15734557872874366
0.22805081440573868
0.2953710147551756
0.28090413218760374
0.22698484154894602
0.19204462956319424
0.2279441673307362
0.19428449410244122
0.15084773897485035
0.29857375450117696
0.19470295204478674
0.21312525363641857
0.20938446741076103
0.2350964395697591
0.23008019044755387
0.15469175975600885
0.23847354645728602
0.220113752342167
0.26199054839711927
0.2513656755477562
0.15978394555676356
0.2306256557244556
0.2789402354645095
0.24174473296046414
0.24042725202947823
0.3675689665982674
0.2764028574055947
0.2605105124064679
0.1969598880995789
0.12204109173955925
0.22119426297094485
0.2455410833819678
0.23601170684936187
0.24376728374658993
0.22808473851910088
0.183584079554448
0.2713472285923835
0.23353685868400456
0.2011798593513956
0.156374425845248
0.26221211191158716
0.15757155551163005
0.16272131366041204
0.272830981769989
0.2601177454285813
0.21832861819176821
0.2656622697362253
0.22126524303900844
0.3183150609964238
0.1803835885215917
0.28858685819417285
0.14609630514414065
0.20831294477567255
0.2705440083544591
0.15498749970675185
0.19420537265100596
0.18579583370802563
0.13595941684506369
0.2134908198902076
0.20684558448811807
0.22311003506241636
0.19330865473136874
0.16672678990025142
0.09263250505558931
0.1945080364824185
0.15070411683292065
0.17044270515155663
0.13860165267128896
0.17994127990975983
0.23632231573356524
0.18593285906947055
0.20048564301830415
0.3177611040708288
0.19620364729850076
0.33674972153478683
0.216332626593411
0.11798966756498072
0.31146666039735105
0.19714339460528457
0.16975811290159099
0.2915666586789319
0.18895523123965408
0.23931127226790044
0.20130155879750777
0.3198691705024295
0.2619158591748334
0.18727084528762616
0.23599136045532132
0.14128816772217945
0.16581924635935047
0.1943235871695371
0.24158965670743282
0.17393242915234303
0.26240779643469736
0.22963729869284277
0.2097407829436509
0.25691575574652514
0.30556275813712724
0.2299833515602151
0.21444491554464024
0.21085155760705934
0.3237981624329504
0.14682700974923596
0.22739664023343478
0.23703901874814856
0.1737469541203893
0.406492749135167
0.1692296389565422
0.2085784921581913
0.20871759980198895
0.23401575935717153
0.15666356163349499
0.20592371956179936
0.31269889237226217
0.1166244296160126
0.24072232708883823
0.2526956178217996
0.17641519593124777
0.165143810624681
0.15399379830738225
0.2607054620613701
0.16826617439374592
0.22989893430850863
0.22656010577764188
0.30935912033868807
0.255288446032398
0.209423860820804
0.1986550804786454
0.2169104557900676
0.21084417835884156
0.2828613854534942
0.22059790566501264
0.2096221058108852
0.2719431091669716
0.25330960863483193
0.23015843131978014
0.17608605058596624
0.24562731888123115
0.1839389841609936
0.1802021973962389
0.1163089436687254
0.26513083277561883
0.2381470901779946
0.2000187610693823
0.22195814089175617
0.19617235923810777
0.23469798791663576
0.31176918517783764
0.13835294090938488
0.27463540566017536
0.19507855707289778
0.18250865678224693
0.2056615969381926
0.21346078502407903
0.2020689224767664
0.2233955179905074
0.17058530788266135
0.1771750190000273
0.2363223970967371
0.23015747324927974
0.24632265178600585
0.20119160702905278
0.18253906813872336
0.18055242616985195
0.2245196249890311
0.1658282951474254
0.27002369959181427
0.1782316560563561
0.28548875622540565
0.2997310851072883
0.2110507890537437
0.2449748265952721
0.16618577946642288
0.231333609115682
0.22048715178578293
0.11416780256632011
0.20846144519500484
0.23678225707349715
0.10468950621715999
0.19972573856416376
0.2704991769537496
0.3162053236317211
0.22811468307252822
0.21449522360492798
0.15423173008992563
0.1619443975103173
0.3205446318765712
0.16326995775763622
0.3320552462555843
0.22473822508642957
0.3375908580185204
0.1841477530007239
0.2192060577187575
0.24129178600898507
0.19892822849190786
0.1721839953564527
0.19994695416467337
0.24414148786318154
0.1888582479435913
0.1308974499191844
0.2164595034344429
0.17149100007036636
0.1403166229804913
0.3545053261122448
0.34145608423186535
0.1448249346308562
0.1433871591582414
0.28849618270119726
0.22518980065026983
0.20298133343801006
0.25049245209052073
0.17566448574613389
0.2766422478793036
0.1454872048816054
0.2739220187598218
0.1356709796095528
0.2109853493529272
0.1632984175064054
0.1796191080225475
0.23369282943581693
0.2524480040614823
0.18575838454013027
0.15132936904268246
0.17474752919152223
0.2352454219054249
0.2940787478494061
0.20140226059312596
0.21194363500579563
0.11019143211297859
0.27120587451643946
0.25363510930372996
0.2407249280951746
0.2923273026993193
0.14522244613470534
0.21666082876876072
0.14750809597284817
0.2774235737115345
0.28869223478913814
0.2155290163666402
0.16329200656982376
0.19383698951745545
0.21170846910545485
0.1645590057539657
0.21690688888179807
0.21563890476191194
0.2915581663929032
0.21256499432623974
0.215794948184065
0.13796763131584003
0.33429835352581194
0.12358541349846332
0.1614442952622463
0.13941373708045932
0.3317929987688407
0.164594300437997
0.1730874457439508
0.248033746594817
0.07670286427816018
0.1580315286391438
0.16393361031625628
0.23697126193088736
0.16790000954696152
0.21540302447673704
0.18021455887872082
0.1812901729324215
0.22269777437878324
0.22677063549523485
0.20173892856086428
0.24961868873752843
0.32043341760385863
0.2687359684023722
0.2709804109344193
0.17033920979714717
0.19809071834471648
0.2541472592222492
0.18011579012274753
0.1856285582731601
0.25430068516553694
0.2123031894841037
0.24016520789104476
0.21500917115541038
0.14396617336151385
0.20159682662749492
0.2006222700130291
0.1750491624360969
0.17712437655257587
0.18297683096414286
0.18691957504836473
0.22759712954905625
0.18332180761235548
0.20810933361713502
0.20075924152119293
0.2328916650460022
0.1408217354742054
0.15920547488396955
0.19894229053472787
0.11484169441767024
0.12242748404403679
0.1742328349299165
0.3339438341906453
0.18206941548107777
0.25335609021546834
0.13621927683352086
0.2639447817102166
0.25211217212717063
0.18150731199803047
0.21009076961556641
0.1671746156816659
0.19719701703517764
0.128250959191531
0.19017309572600785
0.21961177417300032
0.24799766374598478
0.2182664779806657
0.23550509951731802
0.22043754363940754
0.3041220030098358
0.3398002693222927
0.33451502328108224
0.1979183381503378
0.1956434311574435
0.17242738208680022
0.22959135594348362
0.18903806856406463
0.24744440129150785
0.226235738843517
0.2546486738960169
0.3018053247435728
0.23626016042421705
0.25151873556519494
0.2137398724337017
0.2068414288807912
0.2162705328144662
0.24234304449086028
0.20126350213793984
0.19780341455864867
0.23996758753550032
0.10287360634558869
0.2529105965805534
0.16052559006879752
0.3283540273868589
0.24125204825458127
0.17683389248383594
0.25076538329739484
0.24418173495800938
0.30943597908448967
0.24044573472859104
0.1488957060865899
0.2150348480855146
0.2284036490923579
0.22262563164639432
0.23526264990434947
0.24417838091045874
0.1886314792481363
0.27548584943370186
0.19729321356402604
0.2623643603996655
0.24213529591499672
0.1506017508604811
0.2045150903115227
0.24730732571014052
0.09777591533580343
0.1733680614783541
0.2199192344881393
0.26783469621198625
0.17368547726359357
0.34507260497017395
0.2399897417079427
0.25906309912484565
0.2396135817085628
0.23863797182910937
0.2431874563481144
0.21979495134599616
0.27987965233038015
0.15591650609617697
0.33192247440059996
0.1554967803977545
0.22324975664988167
0.1955740084006981
0.20487780353529442
0.1902685789222983
0.22366458019468888
0.23430199238216004
0.22606181089877875
0.24507841946891096
0.2096861672083695
0.1894712844893748
0.27850793667615853
0.2573486945737068
0.22158889837563697
0.28970019877986514
0.28936720867840005
0.6712801068443707
0.2280377217249939
0.37040057634028556
0.28974401855006215
1.1311928369693374
1.2316587991615282
1.0451265733670618
1.299226638862554
0.26970531261899355
0.7297731357657603
0.06826403286524967
0.0445762582233981
0.22969852144189903
0.03919878164695965
0.028237130234919642
0.027797911005788226
0.014032694461722313
0.0304179130790081
0.03733152590106354
0.0384562377148468
0.047067919227442995
0.03286377535710876
0.06598254701704366
0.02943589050542135
0.024139163778092144
0.019263506176395547
0.02673347333598249
0.021879782252400486
0.032588577167708535
0.015556062669585369
0.04390528280142755
0.026601170429911433
0.01913805293994055
0.020181710903534548
0.02518205287827739
0.024631293079118145
0.025527078591177307
0.03973327206585588
0.03438277066669906
0.03591697619414409
0.020116089897983996
0.01874099873413837
0.03547033691312677
0.03672683327791353
0.024096064927741124
0.031016232588199313
0.02369381822774911
0.02251419187442661
0.02134953833083083
0.034666263008621585
0.020497668769707725
0.0223115638565716
0.026876762147928872
0.031197076287119197
0.028875423695099336
0.02157132444818021
0.0289559699773553
0.02905013880296699
0.03154789202376037
0.0416576224836008
0.023724472432898165
0.03146318069857935
0.027515233216395974
0.0235231627274336
0.0344829376067913
0.013681978675510164
0.02502206481047816
0.022553537364388986
0.02196423959479647
0.02469908443376672
0.03419864027543588
0.03251495513175693
0.024943043110806896
0.025163186910990974
0.02227264272530095
0.020745936107074543
0.021495483992144435
0.031161272792483926
0.019932850581834468
0.023337049530631836
0.019414626409578598
0.008051894333721986
0.01900772328403991
0.02693777994330576
0.021389560430810216
0.037287632066091696
0.02463500650290044
0.039972662913408924
0.02061196126014467
0.016397618202520104
0.020957464395679522
0.02709857172897358
0.023970852484348867
0.028852791633194184
0.03135467049887209
0.03486766023612904
0.021893652354119504
0.028129400692146905
0.017915072214108593
0.02050145896078519
0.03350837852520609
0.01537638405062018
0.024225217940078363
0.027227909636838837
0.023477724998203955
0.043856131965178215
0.02178054049065712
0.03380402856196725
0.029783361617309368
0.02404467369117057
0.018703420739261817
0.025711641185549687
0.02597579545481255
0.024160746881294663
0.025841256847995014
0.025547255723060127
0.031571560086962644
0.012705399874079643
0.03510770217628691
0.03981937168799798
0.021213413697393584
0.024305870474175314
0.042178881362674336
0.02647052718374622
0.023950827621868852
0.027483975387064173
0.018509778974066318
0.029505655739675014
0.015931983915443496
0.02480005036885692
0.019643012806867564
0.029616536965688875
0.03539661419414324
0.030192250549055003
0.025915264907551167
0.0459392112730725
0.019612187659270894
0.03502156459482534
0.02585791555099872
0.02705279443835797
0.016218485495380044
0.018327068514512535
0.03467310920481572
0.02709342439615476
0.03563977625935085
0.03251041769890337
0.04076443764486975
0.018277231911150733
0.02406330407889916
0.016821184105650474
0.02359778633110474
0.03905634557802123
0.0354164754971463
0.03135932847675422
0.019032671351952708
0.016443471570705616
0.05554765158097108
0.020329393466625933
0.031090957444075116
0.020700951056453497
0.03374902945993644
0.029529518851125022
0.027737724697065157
0.017336777576658066
0.01656388819527238
0.022983944871257028
0.025850291199707866
0.013519375545278652
0.02198666608133053
0.01496483901401696
0.035951484659024716
0.03740048906385539
0.05322528827700206
0.021678283722327624
0.0299236935666418
0.03452742868315473
0.026157882151798335
0.023928557412620545
0.03937875498583949
0.025691518644536265
0.02911239459321428
0.02780825876665397
0.026047278971405033
0.029053809198933418
0.0294144914635946
0.023984335200759058
0.028318243533756025
0.016775886127514735
0.026031471101967015
0.03425836921403541
0.027303664783440706
0.023397011692762194
0.0308853958532608
0.021688466247889684
0.025556657719618948
0.02180925718601988
0.025941707272424844
0.020356633496506335
0.026777745709821943
0.01718139163250147
0.03030212642497518
0.04192682729041282
0.015103659364138175
0.028702632484648414
0.03416093068738458
0.03563185181010388
0.03498029148560238
0.020984701823679137
0.025590142676683202
0.016456660617123777
0.0264818111332629
0.021253020261442487
0.047649877244323624
0.037451484096842166
0.022465026585509106
0.027486510285925744
0.03209163826549747
0.026023481953886887
0.02716476615168657
0.031181562568980244
0.028324493678613148
0.014727863769944515
0.04391316967261978
0.04027397112431085
0.024322292306330942
0.020624787275974374
0.04879693146902983
0.02652625668061082
0.03164405153059481
0.024391246191665793
0.028514514016730667
0.016550545341403027
0.031608746546934456
0.02863290196458706
0.028435848030360943
0.02274641297422755
0.024241620507025205
0.0219770115075714
0.023351470068334188
0.025600639254820194
0.024826414954596566
0.03820294226548148
0.01894058766119491
0.033161427617248926
0.028772772396883306
0.021649583774929267
0.027089485825950325
0.012488788869867899
0.02304766522681094
0.04020284349632196
0.026471356866093344
0.028818584123544645
0.02477116520985707
0.02061549423713541
0.05121020976774704
0.03502824389902861
0.02637786161440047
0.01912959860998113
0.041045387444181
0.023426811074363833
0.01445066815039532
0.05083670589582834
0.023708313719144013
0.011235718552056025
0.025529021059982036
0.013680786460614058
0.02135647731665217
0.03359263257336261
0.019681422652540997
0.015342943257502264
0.034928144848899445
0.035576845416583444
0.02168153723835453
0.045251287298523624
0.03356176841401727
0.03109806627687015
0.020944557612812956
0.02883939822430589
0.022590214970116724
0.04020616898664204
0.022623192232456346
0.03526056366457742
0.031430188183963134
0.03154822758191631
0.02221574609641115
0.025463924379654147
0.02126146928359069
0.01276543978812777
0.029600842715422685
0.03534555772787593
0.028739890639865973
0.029082426279902054
0.037225482088917794
0.035525982580295025
0.03507791951470019
0.025194766849985714
0.019594821200332818
0.028391503284571837
0.021907306111934685
0.02288748009857954
0.01527280091863614
0.03275172785042403
0.029158923402648782
0.03399497394708814
0.04101310484134894
0.0207470573798182
0.031756726146686745
0.02195760463016239
0.024762379168318537
0.026126152663535615
0.025179944377231735
0.03183656906201941
0.045498343324086366
0.022386500085619078
0.027312755323506237
0.0319860855280604
0.024860378400042422
0.04198937276147565
0.018587125864690482
0.016427743341419606
0.020551932980683082
0.03634812862387089
0.020451341250071343
0.04248706683255299
0.04289183830270089
0.035296345229241
0.02900752933882677
0.028603549161025414
0.045631406782482
0.019586771843205234
0.016695572276695738
0.028744055604613735
0.01669897290543008
0.024749819400837907
0.03299065093096701
0.03152386682669889
0.024959531422854182
0.04048253370581562
0.02080086072331029
0.02531819647865307
0.04473482707939705
0.030972921968292814
0.023863896250227903
0.01844181738167263
0.15946827032524766
0.028959335469060075
0.018370513075799726
0.03701628390809103
0.024488252913690983
0.03117876755344079
0.023114709289166157
0.025669624641917365
0.06445433705585951
0.027538157472781606
0.034573110327691746
0.023209367037994578
0.026694724698044292
0.03607445772758559
0.028215527579835087
0.022357999760158793
0.035963245868754164
0.027833224058901776
0.022448684013474406
0.028062530301092257
0.022986912074661803
0.0294275109465571
0.025846404641058036
0.02336739606601702
0.018404099714506218
0.037335534279854275
0.03798582230743703
0.02451045877817773
0.06114954373219478
0.039388665657047225
0.020986023037323207
0.02444328401300585
0.0358808566661223
0.034153160317034775
0.031306702367674015
0.017954862095822855
0.03133950400830821
0.0407920061951568
0.054980198063427646
0.017128125314352628
0.04302144458933763
0.02605948922876931
0.028014657683738276
0.01794561373000066
0.024191007605120135
0.012940206002043706
0.030757114951859073
0.029005291530663665
0.04779206148505044
0.036571955442390267
0.037252242399505905
0.027725352251235194
0.017989456035688023
0.03319405189174953
0.04326173339335056
0.02614703382748396
0.014651428060361014
0.036006332201565655
0.03111598217397311
0.034935003927308465
0.022109834947793502
0.024855648610882713
0.018531212944042755
0.013954995513563866
0.020083797123396595
0.03256621176317515
0.01837196518944878
0.029531757270886274
0.026824242443980243
0.02882202441310391
0.022122829440648677
0.023006204792153984
0.016359399820010542
0.04183540675100646
0.024320883285965576
0.029677677881048095
0.015085914714140666
0.021424836316044006
0.0401144260227354
0.02035938518049664
0.030505062132027864
0.02895934964260508
0.026838773256307825
0.03719671251763297
0.028793639501457156
0.01452640623545193
0.0291893718421994
0.027295132478200944
0.041184981163365275
0.01823147117344079
0.04297946216060677
0.04316072002735117
0.024579139899523005
0.022498352533328533
0.026209490223935858
0.03647581832516438
0.029724882311564196
0.027543859181479356
0.02441285217407243
0.026344233097194678
0.010610242504064593
0.02095429808645944
0.01613913722273099
0.14828801171460615
0.04698346137935238
0.02448931265702821
0.032341475066891376
0.019218167497537065
0.033383200979084315
0.022142856695848263
0.020365588544312863
0.027776461212979133
0.023672874132299557
0.0583188977036608
0.04061336717579293
0.04292113610003173
0.03909214019374137
0.020546347980738015
0.029079311341092602
0.030390907148902108
0.03290236646811397
0.03197588653528561
0.025703029264324374
0.027764085948798766
0.03167242044623416
0.021585073832056902
0.032053903202634605
0.01802268201724194
0.026615386751654944
0.03773636920273659
0.028620212721858752
0.02791022558550488
0.015334146253830306
0.028548196646308335
0.025912252665541386
0.14910695915397604
0.018567827156259004
0.044929877146040034
0.04099958823964309
0.022749826316430202
0.03945280161932224
0.039915621191119764
0.031661351233458875
0.025346006856887517
0.0556821939997744
0.02715229528314053
0.041553041380904696
0.03829383010069655
0.04613903601439642
0.46836741101695833
0.02670045351662857
0.6374860162672478
0.027608370942686606
0.0342076199636751
0.04235793598236912
0.02835103299115685
0.031356323297564846
0.03251090155517115
0.3906080800395667
0.04485067799851795
0.03350382291860518
0.2004020499469435
0.03352311911315678
0.023400165944600558
0.03929530891930448
0.057899836244492
0.7861274457902614
0.07092812454865367
0.032243803900611885
0.028703511186455432
0.04443355213651864
0.039332391114920685
0.07342921377241651
0.038003931017048256
0.861193740537498
0.06126645587525744
0.02818759615698874
0.0372484441215381
0.041609989719601045
0.04240825226054475
0.8519842464278201
0.6212792745560917
0.6572332461526915
0.033991015132551435
0.18047839771281804
0.7643416545464778
1.0311163161859838
1.0733197152691323
0.9411367244241722
1.0086630441605182
1.259440814297339
1.1222440723483629
1.1177260070835944
0.18661301873491573
0.22998728144732145
0.20333606944775423
0.2171592786468264
0.2684635869993284
0.15137488080419848
0.1857704643242635
0.15997007734980437
0.15961262475770843
0.2026275017106967
0.22256955340845508
0.1250703830658285
0.25658357553648753
0.17867599830463604
0.17181320613118892
0.13923542773670444
0.16872941930358545
0.19680733758751537
0.1368480080315779
0.20852779717848557
0.15704483071688358
0.13042928236165774
0.16618397471028282
0.1192559460372508
0.2269828035587512
0.14510003945337804
0.1448758271979463
0.17653371289705638
0.18521260921113536
0.12615121741701021
0.15573841417189652
0.1613672702002532
0.10382074388706383
0.18133387438698723
0.11983728005828724
0.16109503062666436
0.15902403280582156
0.12279142885425197
0.2075754243394117
0.1967869415675674
0.20085088406789672
0.1529073486713982
0.17986857989487146
0.13061530068114283
0.144643151644837
0.23408659412875155
0.20526839349329717
0.20073334266552545
0.20561966590347563
0.2346891536174605
0.1237164906845477
0.1288393524336295
0.15937755107636722
0.15669943704488706
0.13349708917349104
0.1590438534659205
0.08435829880344174
0.2756047138777082
0.1735445363392373
0.15872372528332201
0.15200101764572166
0.2448870759779216
0.14158435560417085
0.20924192939083291
0.20923911777565743
0.12301163484792091
0.19130926641994478
0.25556259868868714
0.13438413911714964
0.15237439264101504
0.18700278453431335
0.1717627669082534
0.11967000614123403
0.25427690318710566
0.17184495675092762
0.1817920128738979
0.22777718199880148
0.10224820382592277
0.24554583710245512
0.1730893362068144
0.2137488806118425
0.19236541293934517
0.2429267219338876
0.16769048915634283
0.22201338696823106
0.17225657315842302
0.13767603322861102
0.18660089826467166
0.1911886890001845
0.12343465202043309
0.21289455950940633
0.21102973615193935
0.24325097129662146
0.1824265930280047
0.14425418992750175
0.14615840722617052
0.22582823542399694
0.16702473146771016
0.21332054049308946
0.14197478400954788
0.15513797901564755
0.17745618804418442
0.2692503225227704
0.1663614509169896
0.25564626397485385
0.2564091960936915
0.2117744834161343
0.15155040563061842
0.12734494537250796
0.20207270161753038
0.24536922141929657
0.13894822580104604
0.14976397599037578
0.19936548442571003
0.17576630641823493
0.22209190775883825
0.22280811578028534
0.17297588961086793
0.21528200144122045
0.11712218276934326
0.20905447323369905
0.21369213145312682
0.2254791033518291
0.2481738259202947
0.11841484288553952
0.21416967980292148
0.22348219676513403
0.15017787256804666
0.15616007018691172
0.7503059055434358
0.18500260916210784
0.22680510932574122
0.16358576339420006
0.7633332417261833
1.1201328442887057
0.9855692736676281
1.2319520007050366
0.1852881849190818
0.5717142111668172
0.18329938929827164
1.0049211994083849
0.09123395479855316
0.23477140450087183
0.19380240768690854
0.3234802057049045
0.13895392892966396
0.2366939776889514
0.20358237315019642
0.20315094393640484
0.19453291895362063
0.26660299147829836
0.14119277332554336
0.1718296294792264
0.22899682176354447
0.2794550670371492
0.1825787536163957
0.17430678236232808
0.2103686792861667
0.23074480733559216
0.14059013173943094
0.16939696457233078
0.16206042714116972
0.15111754609955172
0.19191218969905324
0.16527338358854507
0.2199095561603521
0.19055465481389042
0.16660949734918717
0.22169944376392556
0.18391825489011934
0.19022625661686834
0.22469685004410944
0.24381265795027965
0.2049086194809062
0.198030472484549
0.23786198761698696
0.1808199823414522
0.25844116861692495
0.14582093563076862
0.1400914569645469
0.134452270231273
0.0890207511755475
0.2059268205509985
0.197436486554775
0.2237359416878103
0.21981967474022696
0.16345693154329458
0.28167792780823375
0.2350497513847006
0.19044686196361854
0.2722699660479631
0.20962080884592263
0.21019794957051613
0.2188195121837079
0.17892069363003676
0.18258925229490666
0.21721209281836032
0.24077362944904881
0.249625254513173
0.18343808091797023
0.11872686715953899
0.23230744190501712
0.1364268941346124
0.19205842003248821
0.15554086030042327
0.19537092563968017
0.18961486464925287
0.16365423980816618
0.11913743140175666
0.18225959101445685
0.14546234496511312
0.2005672144939934
0.1683014144472958
0.2635817669352732
0.20933199962770185
0.13884474343658013
0.16784442700820476
0.15825638484656632
0.1783845892065625
0.2064096906593921
0.15568658627702625
0.28234020285985056
0.26465322000664604
0.11640145833815455
0.16950776754351662
0.1986851934549316
0.20005436515674413
0.3540786302519687
0.2386154515084394
0.1992850071373188
0.1526938227450364
0.20278443730140616
0.4287148001652609
0.15914279418134084
0.9765393344205537
0.2400166816820004
0.21515220964209633
0.3691757650783381
0.23708961892119582
0.14158220663818327
0.19907859091225447
0.15519514770616072
0.19304848936698357
0.14032454519958354
0.20570055427852726
0.18274971968763423
0.14267289318865645
0.13451846799068554
0.11155927961009757
0.18684280590463717
0.16204023349325203
0.21635882482228455
0.1717867001849416
0.21204744054506575
0.2510211551367122
0.17805094953841885
0.17558719446922583
0.19892945696087
0.22124799508228576
0.18882299368295585
0.29644602286332244
0.3204080870622435
0.12872292154316897
0.23005376697286853
0.29792129453404764
0.09501820370228253
0.11676227322874366
0.2591746050456548
0.17478348748465133
0.1511563337982718
0.14290897319814785
0.28650995548358454
0.2030399968301357
0.178965364236804
0.18051968760737638
0.2630711182959367
0.17312349333959198
0.15904845535787235
0.16900658853936626
0.1849414379369324
0.2984189085937991
0.24699518412859864
0.25670393821896353
0.14501452163658787
0.20145691869467505
0.34053754521230284
0.2248567938583564
0.11499187877613956
0.1955331779223067
0.20000393891693516
0.188524600610275
0.16467454617641558
0.2631399874578073
0.21291755158912803
0.15917557096680993
0.202214266078391
0.12773199469497457
0.29080710442876556
0.24227070516122118
0.23370636393442276
0.16144406751225227
0.16219624145319583
0.22326495108941544
0.14323384965512004
0.21668972089099675
0.22842908259839365
0.23898192348550812
0.17129768914599355
0.20246857769017496
0.18659343214323865
0.25289310679079946
0.11731434888960883
0.16636732924178682
0.17593129934401128
0.2275112154057
0.24216597749943064
0.20422294905927255
0.2892204014565906
0.18116105283287373
0.1947057787672293
0.21359813370979708
0.1736847197607994
0.15065778569254926
0.10078778144175027
0.21225043698199633
0.22913430154832876
0.17011340760932714
0.18158237313467476
0.27909634442510917
0.2757533640643293
0.27359572835003426
0.2307827670612333
0.185597093530567
0.27569277189291647
0.21944430347603425
0.26797115627850826
0.18188106710737334
0.2482931770959656
0.21010084189576725
0.22157420340015394
0.19787707288953382
0.20780061126567337
0.17647085275132135
0.2607248776547566
0.23706179842923053
0.20818373923494227
0.16257559892337267
0.17258634346995974
0.14932472761185198
0.2023859771026617
0.1916028353905349
0.24168531871796828
0.14295684555176372
0.18866994683269775
0.1511886163015474
0.25500638020309296
0.22911590448606636
0.1594584653210777
0.2943709856241874
0.21673860709668197
0.15367600212602317
0.175845036653992
0.21497586811077649
0.196648916162467
0.2492106179627349
0.16318579214359102
0.21000367066815145
0.1968909738027135
0.22414144038605843
0.22560504124634148
0.17489448282952683
0.23417245721847768
0.1409053994207641
0.13887835237877028
0.26342275073146115
0.13672834630158862
0.1711949326552629
0.314765446080058
0.1458241814794016
0.11793625534581627
1.1188536044061366
0.19895840111768368
0.20045660248448585
0.25232890863001883
0.22735088725255623
0.26316965892692273
0.23566538303188192
0.19985582186759562
0.13176410179474385
0.19659612852655972
0.25011645312222813
0.17732486448635984
0.29402542292331585
0.31043929825302646
0.23228825859299793
0.15607094949470157
0.11728980784774672
0.22842540917796342
0.2981969317487535
0.2459024829805325
0.3479619647716125
0.23591270580214743
0.15175628143915368
0.2794149868231466
0.34151307761011873
0.22542780468481513
0.3035405742526604
0.18272252834977817
0.30027770072089666
0.2048665960147515
0.27409302667418656
0.31437663308271907
0.26867130360099534
0.23065404961347402
0.29991119016410545
0.10481529365126638
0.2630344590782794
0.22829078295692448
0.278941327521929
0.219763405085444
0.22695517812899832
0.17764589965443633
0.26303096037314616
0.24817623572220854
0.23812195877862444
0.27031261512928156
0.17049149140203024
0.16616112555367557
0.15493431173403283
0.21590791480817523
0.20227809773180885
0.26414754871900176
0.22819165701054453
0.30029806312137236
0.18886849245616433
0.19965163034265246
0.1452487112288604
0.21325718447116573
0.20980439676592594
0.1995449648380409
0.2562173938145957
0.294574367579379
0.22077404404805734
0.3258956723165878
0.2133445415428068
0.2217000181270392
0.16519043222794894
0.23071677168889
0.19621753605345907
0.14746498535632008
0.23376227378998835
0.23511101096576925
0.16732286428884302
0.27446386575283055
0.2673039753402271
0.22990458971309197
0.16664575454810157
0.2711481518637892
0.16173637479258748
0.207808897356454
0.24586637425400262
0.1691419916264163
0.22488231699887493
0.25352676845301125
0.3684882716049615
0.31500994456628467
0.24657328123551667
0.18157769301743953
0.2641340870535446
0.2068890889089405
0.2764675318130326
0.16306336145730616
0.17600251642016118
0.18949721295187427
0.1971282345948664
0.24842411902532122
0.1371603885465293
0.17963717840508722
0.22921817709170217
0.3535010681965812
0.23251345542839943
0.4148949275976505
0.18708682682294034
0.2648214996993813
0.22076248681515154
0.24516559565443277
0.21410328812414356
0.21791870786050857
0.21375003223727412
0.2515210390205265
0.2864043769745857
0.29737730456233075
0.17365631455107827
0.19327462649917293
0.1509361756351976
0.24955354198677748
0.18459162378701602
0.1398584518691038
0.20454505808067022
0.1857562934451791
0.12841251180612817
0.17275649419251868
0.21566365578390584
0.23211712979551113
0.29296023577554436
0.20863766299157122
0.18786327547063195
0.14787113314622782
0.18667525966288775
0.10804092137063698
0.15323524265561922
0.15649847612682394
0.22770812854696856
0.17493308213323502
0.24973019266204124
0.14586556326700612
0.14749405197025134
0.14944469160709298
0.21732191936140954
0.10179328716553229
0.22687681655045072
0.1863109000086474
0.1542046041390858
0.2694817983763496
0.12357992686144773
0.30892496587201035
0.1401876600311075
0.16257998097634163
0.12569259823024054
0.24462680491748834
0.12369515123637664
0.1481617972461652
0.12729598158902028
0.18706161189993759
0.09638280299155509
0.19116388003550014
0.1689856194078788
0.19876606387719542
0.34615794466816946
0.17024862536100532
0.49435672524689817
0.17016138155113916
0.17809851123194742
0.16174325065786616
0.2449042020927901
0.20759550359749093
0.2608059537354423
0.18490072562132984
0.15198725375460687
0.2523282425364564
0.19892889434430852
0.2595864230486228
0.1879585626006503
0.11847635344465399
0.13009176451360416
0.2152635352841653
0.17476425003467821
0.26509444050963277
0.24018929851842347
0.15332477839944603
0.24102575211288454
0.17399644342841494
0.22119349276468475
0.18844816123799088
0.2477049039749567
0.2755981346403716
0.2028234263648291
0.15626956853937998
0.28019287675522325
0.204391598570655
0.20615126006726187
0.24091557658994212
0.2803603356375411
0.30196975192987335
0.17190072414148813
0.1959075086825673
0.18506783006624636
0.30390790672817763
0.21213775916442537
0.1855057282619386
0.16755973911281422
0.18818050641836528
0.11593860187285192
0.1513483320182395
0.21464322774066108
0.1824153915816381
0.15119336386781987
0.1897657879402735
0.20117665991209896
0.23690369610146295
0.25315259647410454
0.1363185676868483
0.23771184481585705
0.12180333024596751
0.3590490837442243
0.16658288485059475
0.15708894114935693
0.3203746918247436
0.1900463857241024
0.24159317662162447
0.653097504117551
0.29523176340490426
1.153428990019166
