-5.475459823839842
-5.483623462104784
-5.483524456485356
-5.483021706959299
-5.477909076227729
-5.476991149612457
-5.474623624079506
-5.4841174782480895
-5.482079480681331
-5.4781687239368955
-5.459413485869522
-5.471291006674583
-5.481398317761466
-5.487278687992851
-5.477128284714556
-5.49038957697955
-5.4903007815753435
-5.481796533093251
-5.489518907523402
-5.484496755552871
-5.489025410234116
-5.475024061006438
-5.465542132118188
-5.480071501873521
-5.488462477929087
-5.489051166814654
-5.464708703169457
-5.471366845306811
-5.465113395977126
-5.4907257949950266
-5.481148714325479
-5.482808548130077
-5.485766183338133
-5.494108567183842
-5.489378447925404
-5.4827616218563335
-5.487268665255829
-5.473417972345283
-5.4963439119927875
-5.493386864645011
-5.473673415363961
-5.492136289473445
-5.480153929994508
-5.487057743521697
-5.499252167145457
-5.48266579464639
-5.471395297365242
-5.4855699936850755
-5.475628345771578
-5.496095490688269
-5.480224641151339
-5.481096754643781
-5.465434361251969
-5.483424283948509
-5.476059186956326
-5.480342149870324
-5.489511296028351
-5.479386703968008
-5.5104529110909555
-5.500750787543886
-5.486886291832139
-5.480816688014759
-5.489249810038628
-5.496539105945828
-5.48716160719892
-5.503616749498482
-5.514128231977903
-5.510638016277042
-5.505641932433763
-5.505347281955782
-5.517815984390598
-5.5221911059075985
-5.530861756462105
-5.545951481461671
-5.535307807946225
-5.530584142526328
-5.519815824724109
-5.54508728384009
-5.525383333756801
-5.5665155379049445
-5.554296549056476
-5.57172882160459
-5.585144006932774
-5.594615206379306
-5.5720242025189775
-5.5949698016806115
-5.659686322225931
-5.6837118248763305
-5.649432426703753
-5.662853945533159
-5.683608237931326
-5.652143274213214
-5.704844324102343
-5.754872256703523
-5.846455456738666
-5.7817790848171855
-5.820761033520209
-5.74146723235883
-5.895714341441458
-5.853506460069259
-5.883798755989966
-5.784968291707667
-5.9132228790677
-5.856444621718111
-5.885597405254469
-5.927877285784181
-5.946424606578415
-5.896276280414131
-5.965979127127785
-5.893032503705678
-6.010326826358641
-5.987054441522083
-5.88753733146631
-5.92316416716129
-5.991968242178896
-5.9061458626370715
-5.912803342276913
-5.839729491301839
-5.874235310169601
-5.776628748723792
-5.740358048828541
-5.762406791921651
-5.928829796944804
-5.733304254881115
-5.761889720728821
-5.810650292315156
-5.924407320102548
-5.815346007215067
-5.896722221511549
-5.996086095389703
-5.997035206110873
-5.921708334750953
-5.96721613040944
-5.973854856826566
-5.935087204968639
-5.941799145132933
-5.969688536372467
-5.98091043838235
-5.88052054482905
-5.957567449315114
-5.946766901302162
-5.912603202558148
-5.912733098410937
-5.915143794158864
-5.877819700339451
-5.844824092958866
-5.914219129896548
-5.898763066847606
-5.880230755430059
-5.922254800211005
-5.890761346512783
-5.935201058166316
-5.874552136916115
-5.890232790246598
-5.892077793863621
-5.863775117757413
-5.915884620053589
-5.8835150399563405
-5.874837629282549
-5.913986911266919
-5.906832297403597
-5.946308765352511
-5.930294279339099
-5.919139705337423
-5.917292303625171
-5.916682435237682
-5.9996857523962195
-6.003541143045402
-5.952043237759558
-5.978945320330613
-5.995045634496055
-5.905164945053584
-5.953746673338343
-5.9860335404914835
-5.95953838825537
-5.981109259926432
-5.94961695131127
-5.960870252159168
-5.958384656218892
-5.972311497157071
-5.987549435883678
-5.968209806373132
-6.023422369208187
-5.976806794507149
-5.974117550779247
-5.979498780482263
-5.998403110879546
-6.026503885173465
-6.027545426569965
-6.003676473949599
-6.000733168488281
-6.035985625879597
-6.00470671551227
-6.067166013422195
-6.069230016044199
-6.0438691303384
-6.067156030385254
-6.064198165887149
-6.095621619269196
-6.097502595406817
-6.005175342837109
-6.087204089350045
-6.0896217045519005
-5.9775242360801855
-6.076374639137875
-6.1001308715711575
-6.062778726867283
-5.8644384211291865
-6.025858426842067
-5.954121946456248
-5.91959316533137
-5.920013837433686
-5.789847375146696
-5.7656016006801885
-5.8970911486130815
-5.885194379394588
-5.955430796807355
-5.729097651617914
-5.988245388628665
-5.682086525906323
-5.759188974791795
-5.928653799715391
-6.021751580087047
-6.059289326244112
-5.911708332770508
-5.938400107348347
-6.057186562761333
-6.060723805965785
-6.078892712305978
-6.104519284780462
-5.991217246788574
-6.042006725515641
-6.07140242476013
-6.083550785847802
-6.0903002089558775
-6.131670795671269
-6.087604622701555
-6.079949439747768
-6.076289181078073
-6.021271883300077
-6.060128884285525
-6.080883019340179
-6.058204353136779
-6.0678299147469374
-6.091251243764315
-6.085845459305927
-6.069997636498357
-6.089608281893786
-6.083517464155276
-6.133570759213153
-6.143654634635197
-6.167843977246369
-6.128039157565801
-6.144837259261554
-6.059280057122383
-6.0377220266619265
-6.10086313890527
-5.98101914551881
-6.1331011875157095
-6.083530949788916
-6.17954042538657
-6.147351214972029
-6.162036481900938
-6.1919442394261175
-6.152522574140358
-6.1395442343425985
-6.089791557641529
-6.113176620781408
-6.068402940502214
-6.038730324625479
-6.071149594499748
-6.081533045752509
-6.010802512769489
-6.0533589776170125
-5.960623691485986
-6.009190848010731
-5.95276128806591
-5.967755814008927
-5.980842967719392
-5.935605766911115
-5.963679739673557
-5.994590799299813
-5.954101437226892
-5.980887345899479
-5.931402189525531
-5.959388975329148
-5.908065320413595
-5.943480608500085
-5.897980411155281
-5.938492420911365
-5.925453632268445
-5.919970717930983
-5.929951739034166
-5.92034287637037
-5.911334109111937
-5.943872896117936
-5.9026571703306505
-5.944586087468521
-5.899915597100614
-5.9921398864990465
-5.899932130589981
-5.893458364926517
-5.855942037737081
-5.932613710393884
-5.905826520142808
-5.912529728935175
-5.88662470973285
-5.911982098921991
-5.941994789185558
-5.897952703235745
-5.890627336297193
-5.932416858140975
-5.927345969044625
-5.965195838595793
-5.913970803642647
-5.923337350815953
-5.930332669793096
-5.957960969831691
-5.962090643823253
-5.931436986375228
-6.029252855903536
-5.914645439943676
-5.9269388929401154
-5.872283911757888
-5.947860983799301
-5.878724597964723
-5.9434633907332275
-5.970077904385285
-5.947565081865708
-6.008502752540005
-5.926999931680979
-5.997371147838329
-6.034565293825638
-6.00536291904289
-6.031648696420589
-6.117510517329098
-6.119436664128298
-6.067865945664526
-6.140459003072019
-6.115628790422793
-6.087869902036586
-6.107529621709842
-6.131177447271131
-6.112039572648939
-6.101494484157733
-6.144334859724168
-6.115065233605218
-6.113954437832263
-6.12562848648701
-6.130525298374876
-6.158466305716402
-6.1549519899576906
-6.142300739371264
-6.169381929914359
-6.1378338032404525
-6.15544789250498
-6.151171627389553
-6.171318548130287
-6.130035419590385
-6.184594372279768
-6.138667376972724
-6.129295376842895
-6.158981769034246
-6.166517161715705
-6.188290606315288
-6.139259175446565
-6.198732057013654
-6.130601271956007
-6.193804252713649
-6.225513397816741
-6.13770809454185
-6.135485614513843
-6.150908384106727
-6.19619550347354
-6.122177135724053
-6.068186645811507
-6.056270239995822
-6.082838750209955
-5.960303044837213
-6.058412765724672
-6.056376071038894
-6.207633174086901
-5.997852312702535
-5.885146906514223
-6.076446129029979
-6.055817190954841
-6.0333325988790625
-6.056232265647123
-5.9044893630025745
-6.134866025093358
-6.076057859918139
-6.182874129941467
-6.129779123196772
-6.110084225181322
-6.063725648388061
-6.109387066747131
-6.193734854338725
-6.206924077871837
-6.148537341734047
-6.087638637783961
-6.0596376094824365
-6.193372095230285
-6.174763969724497
-6.082327659726216
-6.17207164038224
-6.098673739442596
-6.157701451583573
-6.180980340111443
-6.204827157980427
-6.205049248965223
-6.19298918540896
-6.2267246598450505
-6.18371829502777
-6.2405533801774515
-6.216489895516587
-6.2149947377213
-6.091417552162574
-6.2197688794262564
-6.177147163459528
-6.207326569434525
-6.204115490025906
-6.2282713417336915
-6.219995728616934
-6.198674727358844
-6.208731280241718
-6.262730392646765
-6.165393339906406
-6.218480394450342
-6.2027040768011386
-6.196413726490494
-6.185257315455919
-6.226163624944962
-6.229880804893442
-6.177877535274969
-6.226584270062791
-6.146524986542959
-6.2355420981092635
-6.206442113806526
-6.094913881902739
-6.220240917565339
-6.226393206790431
-6.084491820842303
-6.304128149812756
-6.175655637218585
-6.2488859488873985
-6.089276908138708
-6.128272538720128
-6.044076505737543
-6.1558931380399144
-6.150987646900065
-6.141724914110158
-6.034358168455202
-6.10074341422413
-6.16801447610359
-6.0691647825887785
-6.070502525798122
-6.094348561199666
-6.089723744020929
-6.20108922773548
-6.1828377077384955
-6.108453659830858
-6.192183036404787
-6.21561955578359
-6.107654722352532
-6.102019415865808
-6.187650325167687
-6.230518728220649
-6.136949300881846
-6.259379250833696
-6.219805618812391
-6.197210856601114
-6.169927007703117
-6.219988081184972
-6.196792875137199
-6.248958733072544
-6.255415076060824
-6.174698979500299
-6.154788418967696
-6.203293628689675
-6.219958455163009
-6.236237291391106
-6.206766356319176
-6.23103704205101
-6.171632341241786
-6.23919494186929
-6.232864123841672
-6.263853562199464
-6.230623635834615
-6.245690301372264
-6.323217473189507
-6.2210292136780945
-6.216539858148657
-6.2155302954496
-6.258467045259325
-6.274863132987948
-6.202156852417666
-6.267948801318269
-6.202152331498911
-6.203985056824125
-6.194296662394453
-6.282484499309683
-6.205948913791207
-6.250918286179452
-6.206379719618152
-6.200000924511819
-6.217729337408089
-6.278906966188835
-6.245397641585073
-6.192912508244605
-6.11055236803076
-6.227603749103338
-6.260541855117638
-6.223109167201536
-6.245551542549241
-6.241730687936383
-6.243324294777528
-6.236744024563574
-6.217365224392395
-6.243932988149009
-6.244158063528861
-6.227293054946749
-6.352317153139988
-6.230697029459518
-6.246900923390157
-6.221534334000491
-6.260312154180057
-6.248078652107319
-6.246747880775257
-6.1365674127304315
-6.26581722886439
-6.207651922517511
-6.271231267946639
-6.215754469365638
-6.234566570937635
-6.204480393153959
-6.187597787142707
-6.1417035578185475
-6.193259585179036
-6.1817758200519215
-6.216442119989061
-6.164875685265447
-6.1850917994453
-6.088962147439829
-6.239423464340613
-6.2689188973581675
-6.238802493514397
-6.27736600249558
-6.299470487684706
-6.247061716183839
-6.207227784366621
-6.256277391948153
-6.245151082082976
-6.3319576866114895
-6.240004857990761
-6.291103317230133
-6.241942692430874
-6.226467015623008
-6.1726073499049505
-6.145964500217839
-6.286286226652462
-6.249005402418572
-6.320732032153945
-6.299406294909041
-6.263030892109042
-6.219711097715745
-6.2320479681574135
-6.2000301113508245
-6.265059616975083
-6.278611584423989
-6.20655017967767
-6.2490968922189305
-6.251167011470292
-6.224441693272004
-6.253793230727408
-6.201479904083449
-6.199129962034414
-6.2255295327958935
-6.200104482356806
-6.168604235627068
-6.21953994136448
-6.163535910398103
-6.151424816554304
-6.147116694088482
-6.1425004174628075
-6.195918782922114
-6.198302613203406
-6.133168254292361
-6.1943449112615845
-6.225303698820904
-6.1921480506313005
-6.124820532236204
-6.201307891238852
-6.239570071789194
-6.218113557666746
-6.254096651655713
-6.237951530170923
-6.231147884419958
-6.229907372655797
-6.257888571300342
-6.168139991280862
-6.186491876067438
-6.2664982052820495
-6.247867947279734
-6.3088061195113525
-6.313202626504335
-6.336242453525294
-6.264412043557869
-6.257610006925337
-6.2546260116535635
-6.326804992168438
-6.241145048341206
-6.337115160097031
-6.344681020565849
-6.301650082614
-6.334931184755539
-6.284097764910143
-6.258644103144823
-6.216729788574531
-6.20792865425512
-6.186892117178201
-6.309185204324404
-6.228529919812972
-6.189364440390004
-6.08906261454016
-6.233842882424198
-6.309100043699299
-6.290322940213312
-6.189937548789714
-6.144600810904808
-6.2213117202325545
-6.282816094969624
-6.325309974446409
-6.246718778438959
-6.3153977873943745
-6.325064175016249
-6.274255809368984
-6.230210693495872
-6.307348433537357
-6.306870299161941
-6.221307605164866
-6.317696262849105
-6.215193997672103
-6.232122176215727
-6.328046312213521
-6.272457627804679
-6.297542130665476
-6.315916697389173
-6.294385196028457
-6.2830727063103495
-6.204195582352487
-6.326882798467861
-6.281642850565884
-6.313198575937922
-6.3141443039405765
-6.273022476971202
-6.280784249151592
-6.291201206829236
-6.255396111147586
-6.306277116295856
-6.297713111850716
-6.281132853632201
-6.276355576061497
-6.313504686725727
-6.323464327924792
-6.3310582138570615
-6.3434331788212255
-6.220865193276256
-6.3003549000096575
-6.350012807658301
-6.387477810037004
-6.318846435593504
-6.346319368636413
-6.403136305518991
-6.313596294166679
-6.2932818870119185
-6.275223510603048
-6.3213709779836424
-6.269451733168506
-6.275052591495797
-6.311095780536175
-6.285141901901324
-6.288077791692386
-6.275448422252095
-6.285742237762105
-6.3161414749248666
-6.262575634511153
-6.30511770222761
-6.266457561193821
-6.264654286216398
-6.316043056371279
-6.256430433268174
-6.257831191278429
-6.299767695477562
-6.324467474177528
-6.272534995136525
-6.319826197573715
-6.28610628134407
-6.243867383015502
-6.230456837216399
-6.247121620950228
-6.2622659637217915
-6.275946890711617
-6.2376955117001565
-6.268068793033128
-6.238932465134592
-6.2976201008055925
-6.250135542028181
-6.309249293565063
-6.268220053012192
-6.273794155873322
-6.351247449714414
-6.284434694728876
-6.288968627982822
-6.323288497881812
-6.30833884061953
-6.242634906773437
-6.261811785876922
-6.316266870940275
-6.289742825492262
-6.345155724377658
-6.300391750978867
-6.269326710201721
-6.2126632131848565
-6.28847032557103
-6.282041554362441
-6.26318619236145
-6.304573260000555
-6.263049047537344
-6.263471267892502
-6.29635892860198
-6.315496717287012
-6.267082942982252
-6.271197097624961
-6.2673749136759485
-6.287939253255483
-6.254853568231089
-6.266341899983574
-6.271929143750299
-6.320086889703579
-6.286497913179876
-6.2330505719595894
-6.309868046811122
-6.309678077956673
-6.2888351939359275
-6.265825108080279
-6.289137974546948
-6.275157343107912
-6.2386671469778
-6.228765326573182
-6.253952915692857
-6.29000614984675
-6.263778402304431
-6.204514107038277
-6.256557969725876
-6.237712710205828
-6.239184923375658
-6.222364299137414
-6.277443048717415
-6.277914320806536
-6.242454937413945
-6.313565279440411
-6.263361290989621
-6.260679766708307
-6.203076160707679
-6.211425291103189
-6.263166307786778
-6.245310072066026
-6.280162892327851
-6.233737471848092
-6.218477872659991
-6.277071135870052
-6.246892532850196
-6.280658224715144
-6.251231420905317
-6.1796698498899705
-6.201878106489295
-6.13406523537591
-6.145251779183226
-6.092745715808654
-6.094854180871853
-6.074045887943907
-6.107836252716504
-6.062656938548843
-6.104842639703436
-6.0428216842232345
-6.104018138354685
-6.033680746660414
-6.082972263982447
-6.103973958735323
-6.07821869902989
-6.015870687676616
-6.143441175801968
-6.051906908667453
-6.019196564517251
-6.021750539502576
-6.0293268956948705
-6.03420278909855
-6.041909240634354
-6.064931092967957
-6.050585683730994
-6.020237807829698
-6.036000085245736
-6.070958392683436
-6.015652596457436
-6.103475748461616
-6.027220021231081
-6.059414870997685
-6.081788508330803
-6.057435947029928
-6.162903333461155
-6.102785219684339
-6.096455589211203
-6.090609809655135
-6.077961936895793
-6.157803912617161
-6.154071544305171
-6.163231045039935
-6.181285468240919
-6.124584969643919
-6.22955702132098
-6.189178502528566
-6.155072097642307
-6.170548000407926
-6.210619378586
-6.213137936344554
-6.178897863459924
-6.194086158317864
-6.190320620047662
-6.1910078009378315
-6.21190146955491
-6.195011899625509
-6.165718170495278
-6.1739517620383175
-6.173624655504076
-6.1542681990437735
-6.1435576284460005
-6.240353614530715
-6.150939370831514
-6.225254217141637
-6.235377666965686
-6.235301416767216
-6.233760383846532
-6.244456800831218
-6.292200638853949
-6.250836646367413
-6.281475589227209
-6.214809424950381
-6.2673301244232285
-6.333963573634519
-6.290934241194498
-6.332607383740239
-6.332540916991859
-6.336140805741187
-6.290067061651772
-6.360023416469611
-6.3621255125888005
-6.359334330261635
-6.336306778097818
-6.327281746734364
-6.341418721174014
-6.304546960377451
-6.343091345408896
-6.342005067922224
-6.363615010335344
-6.345879877398939
-6.297249963519496
-6.31942344459515
-6.369657351103928
-6.383976460743085
-6.342831995874918
-6.3568569977859175
-6.307118669957959
-6.358377512865811
-6.427969280643584
-6.4181603881880065
-6.329542310652214
-6.357474704339454
-6.379418317310249
-6.405589039505839
-6.39503379637012
-6.309844639720179
-6.357429606372915
-6.400055652768791
-6.381921959562245
-6.327759430196852
-6.378961495493432
-6.306022504921712
-6.372516211831436
-6.366226620452358
-6.327948502526997
-6.408138656861003
-6.33767697916725
-6.430140219700656
-6.380888686953874
-6.420280288672713
-6.40825165817624
-6.363006723902952
-6.3773235316393695
-6.367581618482146
-6.432437706655763
-6.3632335802334445
-6.472561862626498
-6.349889254925295
-6.418667957605587
-6.377386525765521
-6.345366365545195
-6.382292080818512
-6.38455980706593
-6.383357887669502
-6.361799725873285
-6.3196342628626265
-6.339136893728231
-6.412614738891339
-6.361464477748481
-6.40320797418047
-6.385181257399146
-6.415808504830429
-6.434266617692922
-6.431566027781734
-6.407141454085269
-6.414862729294313
-6.397053849125971
-6.38785847967465
-6.386348060774357
-6.403163749875043
-6.372792155419933
-6.380353924566425
-6.411136083376125
-6.446222368674234
-6.360200019580407
-6.3923351618376225
-6.335055371307718
-6.385890650454253
-6.36262520795321
-6.353712188086926
-6.431351494789151
-6.429459605686414
-6.429783169133434
-6.364209473531162
-6.452977362471576
-6.458314401756041
-6.402217472886804
-6.38771450339506
-6.396585286063422
-6.36494549583945
-6.370635073516709
-6.419849700646033
-6.473821817212041
-6.437106509672454
-6.4467422552674
-6.416036569294423
-6.334097935218607
-6.426280390783986
-6.356860637256312
-6.361960397637837
-6.4247997243611685
-6.420926732647391
-6.4292497384122775
-6.394956626055829
-6.419850158813692
-6.401259409215159
-6.4171353140662
-6.468259984661415
-6.388094914911619
-6.445010087167148
-6.436524245717438
-6.425208555396598
-6.416284666025144
-6.43456888118448
-6.3889630552622085
-6.438593798490013
-6.417120158376706
-6.457516070749377
-6.4735568947609075
-6.381653137875471
-6.380448038125202
-6.4048443598202285
-6.4043605158296435
-6.398459082729218
-6.454098520903405
-6.475109857492296
-6.37679992298274
-6.397619018938432
-6.389797080994736
-6.407350594740031
-6.481640539193137
-6.424330371436361
-6.440775866113842
-6.468719264733453
-6.441399591292361
-6.446201983841835
-6.453567721233668
-6.40696262972475
-6.490344659880991
-6.4862773492946335
-6.39326631420652
-6.453566552966149
-6.439686292840534
-6.46321882762388
-6.445675027207121
-6.443877838467689
-6.417691736402492
-6.395172060786582
-6.440106475555028
-6.464012568059615
-6.418800380839966
-6.44512443712019
-6.458790290136124
-6.431799190882642
-6.425639283303723
-6.446021014988901
-6.416338266064625
-6.4228492018979075
-6.452413828165939
-6.467113763822917
-6.419478152207849
-6.423286144932208
-6.390807677128361
-6.489861954009156
-6.457411317226051
-6.483805385229298
-6.4684420933768925
-6.44584558361889
-6.43351701327874
-6.455777688076435
-6.497962501054371
-6.420845899804838
-6.487938110931482
-6.462233269030019
-6.434841013546995
-6.416548882363694
-6.4470839652822605
-6.457262417620204
-6.4182465398569795
-6.448759393067409
-6.455207060062499
-6.4813681317077885
-6.439959968904474
-6.4409645296286415
-6.416485910546
-6.416361896799829
-6.444754380325261
-6.458012344327847
-6.425214542585682
-6.380297619649627
-6.459363062139578
-6.460436648389096
-6.455670996568853
-6.477369974173316
-6.447069354728978
-6.457565970424388
-6.454949281565234
-6.464936655646851
-6.4408642907323586
-6.4222362365033625
-6.46497836516688
-6.461243898089612
-6.4661843117040325
-6.436813948421336
-6.536752372522296
-6.426938735526213
-6.429845270049288
-6.473280433052274
-6.475026291749799
-6.429956922573732
-6.4446456284288205
-6.474213404432255
-6.478865916310714
-6.459561404162376
-6.4462304585821855
-6.449545667601942
-6.51918002834914
-6.456692664726339
-6.532475320216284
-6.468407685229289
-6.477577731743644
-6.4984058876267135
-6.474483486078068
-6.488544668851413
-6.452923941789386
-6.524471962442
-6.3520488289248895
-6.419034495999468
-6.496510857743804
-6.365801094069725
-6.423816498554686
-6.450926295278693
-6.488085968368679
-6.5127533237480195
-6.330267041256242
-6.387818329918524
-6.389624638274182
-6.3934840922643374
-6.436510520667807
-6.447978194783397
-6.4846696019553125
-6.439088249872244
-6.339580607948159
-6.504950444692891
-6.440397864316157
-6.411260669148558
-6.441833013107985
-6.4321933052266775
-6.346168050195506
-6.270166796545694
-6.4441615701595785
-6.3760852227127405
-6.463926259851812
-6.48020708887303
-6.384867083230187
-6.473453053306244
-6.467882492893759
-6.461611122745346
-6.375069098811828
-6.336439045788691
-6.547148443578272
-6.473159891610229
-6.524382631380689
-6.516376449374062
-6.496798959316461
-6.46545984962681
-6.50064788471477
-6.50610309252166
-6.539641122762932
-6.498133800932988
-6.492855372664424
-6.483788405319668
-6.502002450128832
-6.5263932891752665
-6.497125952285225
-6.444831880571441
-6.469259999460322
-6.378144506492933
-6.50495779515685
-6.521071784037054
-6.512552669813236
-6.498918627952823
-6.479490564879704
-6.472914805834936
-6.483906006835419
-6.51505549525297
-6.498614554785469
-6.529840259115895
-6.493607862993549
-6.480925919554142
-6.485996707764298
-6.471661473677312
-6.507371969222946
-6.563017203947187
-6.489310575519252
-6.491052708332117
-6.500830725723273
-6.500286697390455
-6.493011161816554
-6.533636764443634
-6.506442938268982
-6.555775366325654
-6.493047752232241
-6.481589455752824
-6.532741038675583
-6.500666849115669
-6.491245460845469
-6.476698190032028
-6.511009204846269
-6.493737318927767
-6.528506322610811
-6.544570328513527
-6.505975967578066
-6.485395162696154
-6.511996814011683
-6.548502694394154
-6.576505716948771
-6.5568167193735905
-6.512240015903007
-6.6173660444378015
-6.505073784481894
-6.528133228677766
-6.449173359167553
-6.494014516054541
-6.532980181495889
-6.504160425658698
-6.486823856534997
-6.521435391826796
-6.4952640279994895
-6.54460053150372
-6.480854535856929
-6.486826908030491
-6.466527183516863
-6.507614345283817
-6.510938904326636
-6.560509776256869
-6.52815008698846
-6.535768668026987
-6.563671897077159
-6.515539416386393
-6.430307649041345
-6.526844366995144
-6.55514034058342
-6.504694669549021
-6.4602908987083145
-6.531793128942491
-6.508801696944556
-6.5372508904931355
-6.572554541123626
-6.544628824130192
-6.544927281225601
-6.490195668850396
-6.574209299428185
-6.562922871976934
-6.4972847906228814
-6.548348362691482
-6.532773613509294
-6.541668076372712
-6.52957837359757
-6.548232811764173
-6.5180663086175885
-6.499670720638772
-6.486006119492443
-6.545916486067881
-6.56223566070929
-6.523219885035491
-6.546172490649811
-6.43958366510517
-6.5443206361964315
-6.512263659798636
-6.49404256561565
-6.584228657155248
-6.5743359478547125
-6.5521633831840775
-6.439762951435377
-6.5416062667313275
-6.494771011510941
-6.54148661608999
-6.590230972908259
-6.589896785412475
-6.541919597932672
-6.5926802528801804
-6.567723422219173
-6.586992365978323
-6.526956335457827
-6.5292182228617355
-6.546378710629679
-6.573232511144969
-6.551443163115778
-6.486671629948053
-6.503870401217282
-6.54474102262768
-6.524201268215009
-6.514464556747095
-6.566129070612931
-6.511668537696597
-6.56404273004832
-6.5218886310336135
-6.55627826872633
-6.46835307858931
-6.537033343247896
-6.539420661609751
-6.560728766211756
-6.599026523968433
-6.494892592985251
-6.5078739347036
-6.584310412327101
-6.548113612678385
-6.504268736204138
-6.556042268014436
-6.446358713202106
-6.561448931503327
-6.537836911238779
-6.530790972603096
-6.493286671285148
-6.5808634639875825
-6.513281455224892
-6.523440454511344
-6.52579198965904
-6.602475649083371
-6.59614118899955
-6.508060931461954
-6.541087256879608
-6.608939906368409
-6.501599063709263
-6.614324304042644
-6.563412816080687
-6.511868771748431
-6.572641288510963
-6.571733677797375
-6.505788342351099
-6.495200378778712
-6.567229010042659
-6.542103947044686
-6.570726308506858
-6.553648407367337
-6.557742041435306
-6.557560283296344
-6.5620249272063935
-6.6084693946619995
-6.596384491154649
-6.562408302917112
-6.557185510719922
-6.581589984281054
-6.581021500061033
-6.535976120284772
-6.549507688564347
-6.519462111820686
-6.535784551440823
-6.547294375019373
-6.570181532958014
-6.60493804995166
-6.541933446638716
-6.56866803696504
-6.579447318868022
-6.571778413957701
-6.570002924697524
-6.537914544981027
-6.541008426303053
-6.615396580870371
-6.608222380339273
-6.5566117115401985
-6.6112566984033085
-6.575267896637223
-6.595870142969007
-6.539257067836542
-6.607577162753242
-6.574319645517004
-6.599838786313777
-6.626678429113593
-6.556158993704743
-6.559225858820793
-6.5676780505127885
-6.612158853955022
-6.604479622472526
-6.559500946102834
-6.532355356346874
-6.565464363182193
-6.630276213283969
-6.5915449017611145
-6.59304080801337
-6.545330170985856
-6.649043862577461
-6.5972862036733035
-6.5895920328212245
-6.639492710479951
-6.576405973989186
-6.5825480496854745
-6.57268376062489
-6.671426745321321
-6.575990697816379
-6.558466978005618
-6.6090373812592365
-6.446186677316198
-6.589578334179659
-6.573891570685205
-6.583138107670653
-6.572482054347468
-6.616824100483814
-6.496810543721482
-6.5867285087293315
-6.572997689175182
-6.482789383063217
-6.588601593461269
-6.606446539512567
-6.548559615785297
-6.6320450042047145
-6.598572672788878
-6.527841284981226
-6.609406571992081
-6.641123762664444
-6.586876480969984
-6.593147969430412
-6.67455858565268
-6.5450425779228
-6.622283362947394
-6.568274917062489
-6.583483838858173
-6.5980965387684
-6.575903170191623
-6.6435697018472695
-6.610646317401994
-6.564412832055483
-6.49725777048851
-6.598113487179251
-6.586898107413834
-6.647843629900868
-6.57713918859986
-6.6325319073660545
-6.626904944184985
-6.606402557224985
-6.608715234905282
-6.649188913718001
-6.562286445008635
-6.6195749676905935
-6.627629613941922
-6.664829772399816
-6.644790731881239
-6.631576947282969
-6.586773957529016
-6.6452396079019245
-6.675323459054896
-6.515926776628688
-6.622052309170312
-6.569321394348305
-6.602429769022312
-6.57536492302028
-6.616750092123749
-6.609351209680478
-6.630064289161867
-6.607949036966289
-6.637770329249462
-6.638771890923046
-6.632558710459643
-6.654718987855353
-6.624439510592847
-6.678956647470667
-6.602732293909871
-6.609174160799772
-6.602670066688849
-6.610349999975668
-6.676174522840643
-6.660292584739469
-6.634509873161107
-6.586292466572662
-6.675661588387432
-6.670127842019227
-6.610369002203313
-6.618094115049711
-6.605122480324304
-6.62794738831523
-6.62229885305949
-6.6480229700095865
-6.65120760158072
-6.609928481828826
-6.633107889553854
-6.680024520060641
-6.636979919433412
-6.654864529426144
-6.539869186773814
-6.590013650170824
-6.664180211610369
-6.668401806765312
-6.59176466721895
-6.615439374912345
-6.65542935031488
-6.642290121246152
-6.635847964444711
-6.635148005199729
-6.640306873934205
-6.666916770013699
-6.699007938402642
-6.6002464412276955
-6.635216407022319
-6.6105942526012855
-6.6090754174677775
-6.610481663145959
-6.706532134027853
-6.626259094972402
-6.605578811708163
-6.685868271508383
-6.6395151751240125
-6.666434821544081
-6.614545667358778
-6.686182714387812
-6.668529664649852
-6.6270916271379114
-6.660500561882218
-6.680852040200228
-6.692255025658735
-6.6678949903191524
-6.6325856834786165
-6.653633044158423
-6.663555897613943
-6.660321836788883
-6.685792074642599
-6.631193427247826
-6.70324833258801
-6.6671522830049135
-6.554021977718993
-6.60801713738086
-6.622487623772298
-6.6367823830209
-6.670440548664792
-6.6551758661966565
-6.638519845578502
-6.582843756838604
-6.652433365148514
-6.671266056924708
-6.650895091842911
-6.65254684613487
-6.686360224197897
-6.678348963194555
-6.691333989254568
-6.669785382136536
-6.659814120983178
-6.644792626403592
-6.666989675568947
-6.6400854567396514
-6.673551735800735
-6.696080489169301
-6.693186138809224
-6.57686152574035
-6.6670887842131314
-6.683649602434823
-6.64305481041718
-6.600667318679275
-6.717631965986046
-6.671796787558453
-6.6350113579893915
-6.600001423126063
-6.572642666739154
-6.579478490621968
-6.503047592601984
-6.511216378625058
-6.532943118055198
-6.493268041375129
-6.536291291668835
-6.43657491982996
-6.3352761903659935
-6.393778641926367
-6.435299303131187
-6.445519907660307
-6.412659247790407
-6.454750826484606
-6.390904691946229
-6.425147677877625
-6.425453712243345
-6.405367125531888
-6.462927971609068
-6.426831517825249
-6.463400409385226
-6.472367101659308
-6.5211935142428
-6.460039534776107
-6.473328162431675
-6.481447895768283
-6.528832727123163
-6.50858105194406
-6.506939006083115
-6.546569322880294
-6.5100112626419815
-6.5032398528456845
-6.556926849843241
-6.525058786106413
-6.598993895397365
-6.499375445789943
-6.560189672635366
-6.598287812758487
-6.56703313803617
-6.578661390109696
-6.565608908053356
-6.5045975961571365
-6.510458761908538
-6.549557394163938
-6.539950592345537
-6.575524611726123
-6.605249885657057
-6.639736275210635
-6.594699389980426
-6.610952137329412
-6.560900400552632
-6.552502426934031
-6.6226291768724685
-6.630623602100127
-6.635463784921481
-6.555620880445253
-6.611271329719324
-6.584330381260445
-6.675689623576002
-6.64323024080191
-6.670463500755028
-6.596224509892292
-6.617492894571722
-6.654258191277098
-6.652946060358907
-6.654039770464781
-6.656013538379902
-6.649786874176259
-6.697840258243741
-6.667919564546735
-6.63375071240933
-6.642449050207446
-6.676276484936278
-6.630304760572184
-6.645019354309951
-6.64111444664577
-6.628101288800064
-6.65681264852566
-6.734677637049877
-6.667182903379454
-6.674202730828053
-6.697071386022995
-6.7109428149738735
-6.701665166339206
-6.677327329287859
-6.677275060950925
-6.708396180448216
-6.628282039433445
-6.699174765641153
-6.730500495977346
-6.7218078286422855
-6.711954425985596
-6.64164850897886
-6.656112823298748
-6.657616370547135
-6.698795903336346
-6.6962959641045146
-6.67728784070123
-6.684957470974476
-6.715668697628132
-6.764182051616541
-6.7118257642430015
-6.7124913762669
-6.670352186774372
-6.678052339406306
-6.70800826544409
-6.677477782409328
-6.678857488822451
-6.659335988405044
-6.676243540729479
-6.725470395507492
-6.756149300419157
-6.732805348422033
-6.697607174821631
-6.676447501288489
-6.6531069538390915
-6.793396130169952
-6.694311437979431
-6.648741894747111
-6.64378625903776
-6.734772643064665
-6.635723464082393
-6.681879347339976
-6.712844173984682
-6.721646973449134
-6.717458688086928
-6.675829382586016
-6.658473356108968
-6.737108862985029
-6.7585763799533085
-6.728824821419126
-6.698282279537105
-6.761333988990426
-6.731430220714998
-6.734885865312356
-6.764391908914213
-6.701543079770213
-6.741171245851624
-6.7789344880728315
-6.751262200295719
-6.783895767056825
-6.752119798428957
-6.731858420628676
-6.6536030914154765
-6.695173946042887
-6.739245231608563
-6.604042264555898
-6.795466168568051
-6.649737350512715
-6.739619342350858
-6.669913376047055
-6.699704453912975
-6.724739648105843
-6.694529688080684
-6.698305402468043
-6.763370704779209
-6.705791946170646
-6.745234786079618
-6.746203120279265
-6.768184643168734
-6.76309852567536
-6.719612564298756
-6.780827440722956
-6.728996618404041
-6.632929993563842
-6.695627373320723
-6.80450633566938
-6.759122178299998
-6.7710091006494215
-6.763958796982995
-6.752151364392643
-6.736272470384648
-6.712997774252734
-6.6983097117062105
-6.738135720155906
-6.6774412376389325
-6.79386587088369
-6.766837976935651
-6.75436582256245
-6.732557324947037
-6.787762929676639
-6.724416441173599
-6.720668136231885
-6.780997032844794
-6.741667370717507
-6.774280196845421
-6.743245783522814
-6.7911878150319085
-6.745147796101486
-6.760304425536981
-6.721810282736165
-6.719306427596611
-6.729233241826506
-6.758606616967221
-6.719962345081889
-6.788407641045541
-6.723757032071308
-6.752086870255728
-6.756707067213869
-6.756873307170506
-6.740625348520033
-6.7275782727116225
-6.747957272260013
-6.729555297975519
-6.79164442419437
-6.76704165308702
-6.764624185415333
-6.808668524526616
-6.749982836290849
-6.735821716808769
-6.744389092338958
-6.735202882559339
-6.805315451782786
-6.810485754474442
-6.748709656475204
-6.765954166930671
-6.749129586886032
-6.749529726434002
-6.791119119684267
-6.72559875242206
-6.786810388185012
-6.725068203454324
-6.77709899021061
-6.817005460943566
-6.788442535244781
-6.736992743027577
-6.755758917051932
-6.74819293181143
-6.789107311718451
-6.760021530866602
-6.814228135607114
-6.750682503645603
-6.788668638532838
-6.78150216462833
-6.765437703872798
-6.783251372432523
-6.759881415665991
-6.780243267905971
-6.800365510809269
-6.807868663682057
-6.812828404217399
-6.7673836510143435
-6.80391378018485
-6.786001162467534
-6.804267620714684
-6.8100164710969
-6.828033300596328
-6.770706813720086
-6.758601769137847
-6.817070978223916
-6.74040797424945
-6.781687694153267
-6.750891307390423
-6.791809965935603
-6.77007331577851
-6.686496156760545
-6.848420439474781
-6.770998545195218
-6.844955993665135
-6.839887167298862
-6.783147108083693
-6.8489885558203785
-6.810231687371431
-6.759893269719576
-6.803529462046439
-6.872889615654948
-6.8078528764302435
-6.842563208359536
-6.84162889819585
-6.787330483055304
-6.782469315756308
-6.824473775672778
-6.83973197006895
-6.737185893307288
-6.799809544065527
-6.824559936879701
-6.782817881081626
-6.818646410549575
-6.8213845347929585
-6.863644651103574
-6.804638995277607
-6.814302136099599
-6.749295666454052
-6.810212103092164
-6.831617039366178
-6.803053816476545
-6.795775987680287
-6.827001403029286
-6.816593373383435
-6.848964344704628
-6.7934629704928575
-6.792708275435036
-6.815476224177271
-6.86974280079156
-6.775578864525937
-6.819006169319599
-6.839413158642087
-6.853316506477653
-6.838726429062993
-6.779475422944817
-6.77587591973941
-6.801107813983579
-6.80918318952839
-6.833348662563366
-6.833114820797961
-6.871266211051112
-6.802123007323532
-6.828762242089194
-6.8170903024496345
-6.8369147447020495
-6.843426805385218
-6.810308869550832
-6.786319063308101
-6.861815285250235
-6.8522059773064115
-6.884364838069252
-6.854700219274946
-6.846814194287311
-6.801502638568843
-6.830451610878919
-6.826266241244612
-6.7797849262161165
-6.87493322471416
-6.779383441780187
-6.797046666137644
-6.81631818432907
-6.797236919434536
-6.739706179090039
-6.782932257908126
-6.808818754728681
-6.82865345177132
-6.893125000760358
-6.8246993423984526
-6.826046011990357
-6.803613739247473
-6.80715316230516
-6.724500803139065
-6.877011063273442
-6.862680152517079
-6.891473716870327
-6.8015371594522325
-6.883822527214509
-6.861876617478264
-6.880021305875751
-6.792796540495036
-6.7930266585654495
-6.882581893566116
-6.828759054347734
-6.786261260210273
-6.841254681254876
-6.875152792301158
-6.856125372832604
-6.81717696423595
-6.829616405112495
-6.84490767528058
-6.8407203774293315
-6.824535935683636
-6.898458253329013
-6.795559832524718
-6.837813057624629
-6.701647959433983
-6.902128218826054
-6.850955848907543
-6.882573107751316
-6.853468851604494
-6.819554549217732
-6.904969986623162
-6.878416119212516
-6.888685229135636
-6.937211782116146
-6.832346058026288
-6.868477085273686
-6.820680628210024
-6.846303331792997
-6.776606003323765
-6.819667877177533
-6.845636713400825
-6.87702636343403
-6.836145679743578
-6.808327520140793
-6.756998527208466
-6.865947739802644
-6.764722051825743
-6.81719538936547
-6.807357773198257
-6.802253988622677
-6.828626751370283
-6.769024256607441
-6.86532667210551
-6.858508377254996
-6.789227938614054
-6.790959566143596
-6.7935467071837
-6.794058276283561
-6.844611245737344
-6.845240653318051
-6.821997546350485
-6.820013609933882
-6.894038143146166
-6.830602194217665
-6.812163442582082
-6.817185020203789
-6.794749955909428
-6.801882280491559
-6.776263711012992
-6.829505674887706
-6.850427593575185
-6.834163905853825
-6.946552571230945
-6.872654184528081
-6.833199501228048
-6.874017278042364
-6.825720726111057
-6.9077279647217695
-6.808496872985902
-6.864005290780748
-6.8039347919950615
-6.849382877356958
-6.820692997833388
-6.9514577510167745
-6.838329392698187
-6.8681806654840045
-6.899071819404412
-6.891516865834416
-6.894054854785435
-6.8736534246765135
-6.846690969458393
-6.922348428910393
-6.841845473288984
-6.87775446387396
-6.875975244223044
-6.842302823903444
-6.891432477265996
-6.906102548540997
-6.885427335303532
-6.917337188531352
-6.941569553407317
-6.873388439636203
-6.90824401674489
-6.857398098670578
-6.900387088402666
-6.898622613475609
-6.923216408832985
-6.9190174032091765
-6.925287732934854
-6.930000307154035
-6.889091034601979
-6.854443225746221
-6.907443912600385
-6.945697859303275
-6.894952158403706
-6.881323516348033
-6.904399946553939
-6.88404651177304
-6.89705439262485
-6.9427142124850425
-6.921526362101679
-6.860549736616742
-6.893662861904815
-6.874841506843589
-6.899723428416625
-6.893960339421766
-6.9524985922566644
-6.9107094800501105
-6.916208044028919
-6.942515214646601
-6.9536721878723
-6.906867792915678
-6.877451848448143
-6.9690222216202855
-6.44148289112387
-6.412440876547042
-6.436979931214054
-6.397469198558149
-6.194720934354155
-6.591680733397617
-6.936518030867173
-6.919317404291677
-6.829389212674133
-6.915745720285109
-6.9536167272375655
-6.977871405040154
-6.924002112732338
-6.766578235216406
-6.944128336195539
-6.8923353568379575
-6.965951803586435
-6.845772121846679
-6.891402255493522
-6.902196350124946
-6.986682337650186
-6.943759339171162
-6.9075944923859485
-6.947188765925532
-6.958619053601888
-6.9576600576756285
-6.87258114926139
-6.923941232611772
-6.875830597817843
-6.934183303585046
-6.901699899788288
-6.870993360752195
-6.905162771665117
-6.8534036558674565
-6.975636608467102
-6.872637319445271
-6.907779590715053
-6.857884154815641
-6.967578204033396
-6.93835054573249
-6.931247696186235
-6.918477339926682
-6.933214868036922
-6.89858010833483
-6.916005551502224
-7.024718830372823
-6.938062027834886
-6.93011849235048
-6.92064747435424
-6.890790022842061
-6.887819110495986
-6.905208995945905
-6.95884124116537
-6.8972440933073775
-6.971129430445259
-6.902683134561326
-6.9442211855256835
-6.936555945474119
-6.951992328396432
-6.934104744079557
-6.973411123840321
-6.94335249877302
-6.993516211492473
-6.920731655468131
-6.92792256400341
-6.929055075512228
-7.000086899105153
-6.950418956030389
-6.936572157412147
-6.890896038116371
-6.976568865291904
-7.036542965465131
-6.909921874726523
-6.937486000785661
-6.948370499592034
-6.969725027999832
-6.942387085935711
-6.949418554654368
-6.944524776661495
-6.984422771939816
-6.942291626282101
-6.988502589201842
-6.8282749875192055
-6.972249310807783
-6.990731223332031
-6.935892747406277
-6.863200081464348
-6.873906182809215
-6.988054178130118
-6.945602838718518
-6.975178198948928
-6.982740688526585
-6.9495800064718285
-6.789138797381724
-6.803311629209381
-6.944896526495794
-6.970987401401977
-7.006137214078087
-7.0263647886862906
-6.97595335931011
-6.937797895759158
-7.013970210973652
-6.979209482489949
-6.937931576753195
-6.973507791943918
-6.9719359884501415
-6.963159524630893
-6.964840962567457
-6.954863194513776
-6.95573706599504
-7.020109640375205
-6.934815583768852
-6.8903583721902555
-6.968116397295727
-6.988455947408006
-7.017314764624546
-6.95996222479436
-6.991931518624071
-6.989987352329734
-6.914276540658612
-6.995677429887017
-6.881854139998865
-6.916300286291419
-6.945364561093946
-6.817800443225034
-6.920007508565989
-6.8658968411824635
-7.034171509660675
-6.963509462730555
-6.98783370580687
-6.990009329180073
-6.938638966784078
-6.990626742846776
-6.9940639163595195
-6.9636659614098395
-6.985010246023925
-6.987950816340933
-6.9794661417551005
-6.959718132120367
-6.973914255310939
-6.984569839467428
-6.939965475250478
-6.977011229041267
-6.981965385569494
-6.991230447182494
-6.98325466275322
-6.979736469671107
-7.049901720626725
-6.970969925168288
-7.037249806536621
-7.000109929215468
-6.9870140702097245
-6.981759953604666
-7.055956780396187
-7.016752694239888
-7.037669076340802
-6.8870204010100355
-6.979168404004108
-6.968252086500769
-6.97407919461885
-6.981200486416855
-7.045608192004662
-6.971914390101725
-6.97381321975619
-6.947117849973269
-6.992855907871169
-6.98571455058941
-7.022835224683056
-7.0120021621486535
-7.033282057198564
-6.9435479131204305
-7.068085935285495
-6.9672011829027625
-7.038106290320048
-7.0625376518898495
-6.996478803338753
-7.04347845401977
-7.001237248967027
-6.956348253215757
-7.031605177222004
-7.036046868840652
-7.00868260589176
-6.98793934219752
-7.010647350259783
-7.028283490840919
-7.077576836883644
-7.020971291559139
-7.035361607311026
-7.0266373480196025
-7.0338095072771445
-7.036346194819811
-6.999835730439699
-7.010538991008058
-7.070493433575077
-7.028844842163007
-6.992975672840814
-7.035075158629677
-7.070101803213089
-7.055365909167688
-7.054383847676147
-7.030117444119931
-7.067905577955647
-7.017321629281338
-7.103916577327553
-7.113260502495312
-7.011281268767821
-7.033031463302921
-6.992132318765548
-7.001774186952257
-7.038090467070205
-7.0483077720576475
-7.018137347701824
-7.061814295300817
-7.019606191026231
-7.1116183951360314
-7.101727782807174
-7.023611179386261
-6.973393233976042
-6.935981246914756
-7.093140385459629
-7.012137224816155
-7.058058861919145
-7.006390638019193
-7.036344200462576
-6.9312808126224255
-7.070559968099374
-7.016870026798256
-7.037208755705669
-7.063983795697275
-6.998596498920257
-7.101772409320744
-7.006207200563374
-7.086463744915128
-7.054019228502904
-7.0727008917187595
-7.037624619661731
-7.050633778705228
-7.08117835999167
-7.018015594344089
-7.049457586512246
-6.995634694172455
-7.0666756166694205
-7.07118577432678
-7.064057303537002
-7.0606101368022784
-7.009108187278442
-7.0357587016573095
-7.013622791255242
-7.090433489622197
-7.0405119323469085
-7.011550968046255
-7.094531349777866
-7.08483515062697
-6.939534797782631
-7.056300126411525
-7.108168743725276
-7.00262583283991
-7.085658433224355
-7.039095195854414
-7.076715536793831
-7.086070494576001
-7.041675064129734
-7.069537782275553
-6.955571635527673
-6.987833475247337
-7.124493078189497
-7.061371508839476
-6.972513207374892
-6.9920763436245
-6.993893500448738
-7.062115435164493
-7.033278823335877
-7.043374493506871
-7.024496949682273
-6.992322489297128
-7.018999390616279
-6.9398741046958605
-6.9515316288166
-6.867532875011879
-6.93078109136459
-6.9656569458639455
-6.949580066797151
-6.8943255375872425
-6.921656867389775
-6.9497562694868735
-6.9101741435457
-6.965387030711696
-7.0023072729198335
-6.907962743453606
-6.960385125732663
-7.033082088878515
-7.018311873071773
-7.017125665085285
-6.9979659282838185
-7.024582566449074
-7.016863092756168
-6.950279109509387
-6.9771022483981255
-6.966469271891437
-6.923054167555865
-7.037000528616506
-7.010572044328693
-6.974255093442891
-7.046567572728472
-7.059856685113644
-7.049666695108676
-7.030961256723261
-7.048253657362683
-7.0407826067835035
-7.069575625685428
-7.066548587718384
-7.082907806523707
-7.0490868700622915
-7.0550691233009815
-7.030216836733114
-7.065755880414763
-7.112882800173679
-7.026848587906523
-7.046335447410488
-7.139188940076391
-7.0934816345653715
-7.112520911362433
-7.121420817269487
-7.004292814659293
-7.100400634040196
-7.09994736646372
-7.076945389780747
-7.079248491480778
-7.056479940001674
-7.040460115092374
-7.105331467614872
-7.124478506962982
-7.021634547777197
-7.056053701431501
-7.105738646878823
-7.099429360451431
-7.074607433875636
-7.161295753012218
-7.039015779709338
-7.032417305667503
-7.079111868084876
-7.065582536676145
-7.129658849943339
-7.091286411958606
-7.059837579447822
-7.069983081584062
-7.104249223067882
-7.071414664689307
-7.154535084223506
-7.079328743944204
-7.155127175728372
-7.111298384083412
-7.041687370799163
-7.055934542605652
-7.1426439357847205
-7.073689478978931
-7.041356780743536
-7.122627165392924
-7.12144879175737
-7.116566505318542
-7.176742599876731
-7.1056901905987475
-7.072574776547478
-7.1068879807901695
-7.08553917017959
-7.111431712159218
-7.097512346238687
-7.054268550516929
-7.1102879590035
-7.102115328845279
-7.065301324277363
-7.096204551881768
-7.04563266601972
-7.107272774856442
-7.152919947658676
-7.158185398002715
-7.103733457704083
-7.180915874091944
-7.161789932634652
-7.188131711048181
-7.1470278273083565
-7.187657697150093
-7.085596260068541
-7.093592290779838
-7.177681084171133
-7.182772039828494
-7.049786304818359
-6.869411919192531
-6.992026147074927
-7.123703053022549
-6.827668048787557
-6.813238831177464
-6.716246908547371
-6.842695582752658
-6.779124910531076
-6.975748327031197
-6.8107950928663
-7.143788726810951
-7.205055272995111
-7.107737925159043
-7.1460859448626834
-7.105325699292519
-7.1133392695336815
-7.159167823670311
-7.1956159688263135
-7.120742541377076
-7.109815838762062
-7.150679676640684
-7.120145393167603
-7.130484314708456
-7.127012908616229
-7.130374135255287
-7.0903546724001165
-7.094117288318087
-7.203397162499346
-7.092458789082567
-7.056732999092848
-7.161990065990018
-7.155294287829728
-7.105132863636273
-7.126147108548382
-7.152849492714322
-7.171896535345798
-7.185744341668833
-7.127941581929033
-7.1476392323519535
-7.159684986492872
-7.1608035224460735
-7.131646463530392
-7.125287151369118
-7.13869159274913
-7.165006002487451
-7.097583912184878
-7.137391147348371
-7.0945695502838255
-7.162400468240091
-7.155239728557032
-7.123022178473298
-7.084464094226495
-7.189645068066018
-7.2159446295897824
-7.117621786784483
-7.15390061711087
-7.180127772067229
-7.184488224686743
-7.104890017859984
-7.132748416286941
-7.147687600500717
-7.146699374903401
-7.157784367995148
-7.192491153348269
-7.160967983892654
-7.12324598513154
-7.195008002886379
-7.169320175759956
-7.109536707877699
-7.123554613340636
-7.201353892201702
-7.124986478631261
-7.12914885156779
-7.111152276738164
-7.204508787095813
-7.1622461787763045
-7.196940023564998
-7.144374513435877
-7.144880471766378
-7.161338766917442
-7.188964915292269
-7.209165423464873
-7.208364722949914
-7.20029870235133
-7.145090406589361
-7.161331055505392
-7.200593691277899
-7.233430731462971
-7.21356967766008
-7.19004162178166
-7.107739405936437
-7.18602735741049
-7.181695823809708
-7.226404567789537
-7.111299450564613
-7.087014100969341
-7.172298833457944
-7.128686627188357
-7.171501676418867
-7.177409819479941
-7.235153056906234
-7.095101140340569
-7.234627953716907
-7.219386006573202
-7.205495158532654
-7.148296705506485
-7.168885128441191
-7.207540526373373
-7.140758146708588
-7.176602197160465
-7.240321554471504
-7.172622134260734
-7.1785743816374294
-7.111361000865847
-7.298998093603203
-7.159955005488361
-7.269972426194008
-7.258769860453559
-7.229911993294438
-7.196537718841523
-7.22216240385098
-7.194155301819676
-7.1758788871235755
-7.185022471049142
-7.199463776775108
-7.23102453365174
-7.176300611646049
-7.1603092091642155
-7.229385109485138
-7.242982300982803
-7.250700739766853
-7.166237146712452
-7.189350467073253
-7.17740130601178
-7.247390994197416
-7.210940831481754
-7.189733737976624
-7.200722905751718
-7.219980552790367
-7.17738136465126
-7.213886281280569
-7.184550353729614
-7.145147757648627
-7.2329242919539425
-7.224147459573377
-7.2169491012216085
-7.241809515996248
-7.065543166973352
-7.249379045839439
-7.15943533573376
-7.164548075519168
-7.2366091456750885
-7.158806820985696
-7.215567548657572
-7.2500736014019935
-7.243948867198569
-7.285281056271856
-7.246809225523079
-7.235166112016518
-7.2195937805891335
-7.179512301422624
-7.212400316251046
-7.201732092227099
-7.196540789408208
-7.1999001903665665
-7.2027536438971795
-7.26438313494855
-7.247332132691401
-7.2026984650541
-7.173735005951368
-7.1686049935051175
-7.163368254944345
-7.238631805218872
-7.291087118532383
-7.200096251972276
-7.170482951326919
-7.197321971734958
-7.193497654981018
-7.236452772866613
-7.1895898423808795
-7.167415165134756
-7.197000998464133
-7.226979827485343
-7.165736582317944
-7.251148971351213
-7.183632260473857
-7.175085898712155
-7.234921141740239
-7.186965467042483
-7.210528389821824
-7.193750316936441
-7.140846712011087
-7.178285243372159
-7.260257601520916
-7.251731804343189
-7.155967567066006
-7.241600286962444
-7.215558528742301
-7.222060478776237
-7.271167076844691
-7.199623753144952
-7.218738649918787
-7.296156206644547
-7.197101993915185
-7.216880741884546
-7.235467736052485
-7.188386886344168
-7.267264182899073
-7.241750451139261
-7.208652278952096
-7.316905814850347
-7.261100917952344
-7.286079334531364
-7.2236595753596085
-7.196994416753471
-7.24086151361416
-7.20971137391502
-7.259005151671051
-7.261803180539741
-7.266396902521386
-7.244170027703383
-7.236162685130225
-7.289631799503386
-7.2924622703590805
-7.286508677371666
-7.269615822661193
-7.2271864452054935
-7.32291715163456
-7.2240126991220865
-7.2174241181292444
-7.226239196848339
-7.280336443045596
-7.209306990188191
-7.253774897189276
-7.267297799347768
-7.260038964910212
-7.221933314083415
-7.2431338573244535
-7.265098055077043
-7.311889100173002
-7.257028569627271
-7.244317547558023
-7.184448808953244
-7.2761736153292595
-7.258953791002011
-7.297093661841088
-7.237941967709521
-7.283102943785138
-7.247271863499818
-7.2496305077614895
-7.331605346217902
-7.267885252014409
-7.224171940558282
-7.3141985325973655
-7.323835869719716
-7.292955270990962
-7.2725696389280206
-7.2947085751244165
-7.215128253665482
-7.249117553359205
-7.236934030515328
-7.309483076095901
-7.331661909111138
-7.30668616138763
-7.299234446677062
-7.302639139071724
-7.338464822652715
-7.263715557290465
-7.309947222375122
-7.2912034247325215
-7.221149343906302
-7.290339644418783
-7.2990712267193105
-7.24011336063975
-7.294550472830565
-7.395897627122299
-7.300732333377585
-7.2662603322664765
-7.273798420753366
-7.27135146514561
-7.260057581896072
-7.283876883083484
-7.2041985430027005
-7.297145328115758
-7.367295796224585
-7.305264289024511
-7.3311176437952845
-7.328407724398933
-7.3084508481678885
-7.358699171910944
-7.32968583610617
-7.2841822161019385
-7.320263698433384
-7.317069186217243
-7.16891847650637
-7.260398858046753
-7.262622590912263
-7.331046716281304
-7.29359674808455
-7.202857211081549
-7.290609880972849
-7.2982673405017735
-7.246166337636343
-7.301587250491635
-7.293124993132544
-7.322307127631499
-7.297551802205337
-7.246907937103704
-7.27475122860888
-7.32678396771517
-7.362146577248325
-7.343773715945467
-7.281122913024309
-7.2928923702116215
-7.331093386359858
-7.263886740435845
-7.27066970476558
-7.354718181752529
-7.32324185014014
-7.290880941881736
-7.3545602865271835
-7.2540798634928665
-7.296041325276462
-7.202606322455175
-7.347835898634114
-7.3520103425440215
-7.325331759060726
-7.366924859972364
-7.3713175320678195
-7.349326169933521
-7.313917930017195
-7.315174583882779
-7.389686988681337
-7.391580457695567
-7.270096496407603
-7.381994351331709
-7.328728588958192
-7.325130995401736
-7.3323665193727185
-7.251447374490745
-7.318636984503424
-7.318938546371948
-7.3182334698476055
-7.339698899839181
-7.308457142728066
-7.4019577335877
-7.315862475295784
-7.440899813614218
-7.423643444062332
-7.381238708452542
-7.241916423872789
-7.346951867547947
-7.362615523128646
-7.317728068955993
-7.359439598691416
-7.380685359790222
-7.394814477145984
-7.344061750351813
-7.307294874451455
-7.347624217300822
-7.27367669788457
-7.305427767707581
-7.3320049591698115
-7.319684635957171
-7.373660806942403
-7.320535582998628
-7.302187932861483
-7.3018432747964646
-7.413062371149235
-7.317435133726637
-7.340190909099042
-7.322558223329263
-7.334839744060502
-7.379349490583201
-7.288867223149409
-7.380313119922992
-7.363161281878792
-7.375557918886348
-7.303305779061751
-7.339741765742044
-7.394987361765598
-7.307753238886718
-7.4299630628350375
-7.424488939276799
-7.433453657789366
-7.3285428325932
-7.393149285680585
-7.134023134817326
-7.315833918338197
-7.17349397447087
-7.397848219654131
-7.403952243366152
-7.341046504834629
-7.4154965299538205
-7.374870516804482
-7.318898876842126
-7.348154755192265
-7.384762366109547
-7.366779170626462
-7.413301897913842
-7.41002567133442
-7.36314946882859
-7.378722278760795
-7.372384435848578
-7.341065366020175
-7.353667736686983
-7.39788500016593
-7.359427514761544
-7.356340079693308
-7.4089110845723924
-7.364024292930475
-7.3666241558902605
-7.378384350440064
-7.434460581890473
-7.37487228152951
-7.316121806127839
-7.386621234078271
-7.390474816899463
-7.3594208557602485
-7.372080689723356
-7.386371635887698
-7.403081304611735
-7.3318791872972175
-7.441474045540467
-7.413526233499541
-7.322882538355152
-7.361797650095537
-7.460856526650897
-7.39692907796227
-7.429928575083807
-7.357679827978831
-7.415764951606111
-7.4459182461600255
-7.387043072900416
-7.437918184611455
-7.430564966515728
-7.421432086440763
-7.467913213008062
-7.34035608933779
-7.4605984611358585
-7.486668261285165
-7.3753927468928655
-7.402501194531634
-7.452609702268221
-7.395649909679775
-7.363244482657874
-7.439629175499613
-7.166259101733131
-7.224083154145433
-7.371958992457028
-7.412134314107999
-7.310807442698255
-7.415493569276674
-7.421021866019067
-7.4404539037899005
-7.42864050254951
-7.47090983177351
-7.355865099999699
-7.266118838938474
-7.361329762383706
-7.513385351563262
-7.44477583669438
-7.416537393328355
-7.388107961225991
-7.401190440219209
-7.432464625551261
-7.394485055526662
-7.427077670851673
-7.396007920627659
-7.500876438311259
-7.408804697747302
-7.428111178809463
-7.4434215684203195
-7.362329001598744
-7.347685921466814
-7.43641835944089
-7.366643728215492
-7.37774171328702
-7.361946864709934
-7.370564668796591
-7.2886184817523745
-7.381121077835644
-7.363961104886276
-7.3476215543680965
-7.3661178549438695
-7.417349252140444
-7.374726964599397
-7.347772648218715
-7.426678286771431
-7.392368378464794
-7.381984999288879
-7.4031683040625795
-7.417542965004424
-7.43765485971034
-7.362437304242623
-7.416610578667022
-7.4574460425448
-7.4466600638915725
-7.375874245944539
-7.478938878003671
-7.3870835658634775
-7.454694277376615
-7.462781638349128
-7.4465486866165165
-7.360643339460617
-7.480027840986747
-7.491099254081366
-7.417054232678591
-7.433786699102166
-7.4640228012860605
-7.4987095759559415
-7.4254802460891725
-7.388168511393011
-7.426279049105432
-7.431777727796654
-7.440703421262461
-7.487032890709334
-7.416663472216067
-7.43518460644568
-7.420948032385567
-7.451809640590479
-7.419455742292993
-7.415931966361073
-7.510832110072269
-7.51979820416943
-7.432744217113253
-7.532180747747346
-7.46547134862407
-7.584092103871576
-7.43043383394971
-7.41820482584081
-7.43444569798278
-7.4691844925592425
-7.419928325042645
-7.466091832981444
-7.502322875017736
-7.492512603723798
-7.502790470781695
-7.565526340409356
-7.4320266029715985
-7.455715134306482
-7.502786130740738
-7.499565704830788
-7.503021811967087
-7.519587795732585
-7.484083887325373
-7.469873575947119
-7.488229326869412
-7.400831712252873
-7.517745663505277
-7.491938297722891
-7.469552590758923
-7.501351424886993
-7.4972794757586705
-7.472103311407719
-7.49747438611183
-7.529552862037557
-7.579549382373144
-7.493812545461482
-7.525099461227066
-7.47850269376173
-7.534386994149512
-7.444226314209001
-7.483996073188964
-7.448602209776446
-7.4824172426125735
-7.472864548373315
-7.489807724424321
-7.429582667788607
-7.505656572882041
-7.4967467754455175
-7.5382902861750924
-7.501483235466484
-7.5717161117364675
-7.565149074389862
-7.471182815601954
-7.5364795000978395
-7.541804553096529
-7.3819881300882235
-7.442203268245405
-7.492966376995672
-7.4057896020617
-7.511141740065712
-7.457321355241837
-7.510531576022084
-7.455024132744018
-7.518905433526765
-7.517827668948726
-7.5212289464581605
-7.498839935427312
-7.512277562583567
-7.513497647448197
-7.535447017613734
-7.500227902234548
-7.535376593206857
-7.543389860049048
-7.476162232327617
-7.5522609390811795
-7.50649224047212
-7.4325299956659725
-7.573022400871316
-7.5912341275218695
-7.637587303391328
-7.46183774988308
-7.525218570021767
-7.503853560308679
-7.508936797823515
-7.548940540044652
-7.49615207188284
-7.5024819376971426
-7.5125312025125
-7.5201275558590455
-7.643507733898237
-7.538437324544491
-7.595231001198897
-7.5306989093310905
-7.540123959813998
-7.5307185347856915
-7.5088140925341635
-7.579506196542005
-7.5598338685152715
-7.544042235762082
-7.5746062772235305
-7.563050202860449
-7.519557600890112
-7.559279257120091
-7.521274002417558
-7.5637185039349735
-7.477456036142701
-7.618366171462144
-7.575906883621897
-7.6464373296962185
-7.59670573243058
-7.586882241785682
-7.593449295186367
-7.633174426528393
-7.589821055816284
-7.559179131567027
-7.534069850760997
-7.586875031407998
-7.584062814091301
-7.58452399954707
-7.562380980822174
-7.479681280863907
-7.571620307066005
-7.612998827315038
-7.624941932157803
-7.57007509147197
-7.547809506978656
-7.546006031554611
-7.509478885496823
-7.548780940195781
-7.601586459919488
-7.608286859546728
-7.558015134677451
-7.549213063900168
-7.527241272041029
-7.567625146995019
-7.585662144467975
-7.601464248287506
-7.619174614639667
-7.6462919325924945
-7.617840168388648
-7.584450279865966
-7.542894840678736
-7.597358210410035
-7.518185105997304
-7.603228517838315
-7.587288562871534
-7.592368198974433
-7.396507287406344
-7.576866203110125
-7.628733534480405
-7.6275042545319565
-7.604052458826434
-7.498269542114343
-7.651268907606138
-7.593485987590914
-7.601980831850603
-7.589998734368901
-7.545570985361891
-7.577965878400743
-7.680195076212197
-7.632906028545773
-7.602475742892134
-7.648205886704104
-7.627538584098817
-7.6099961383907315
-7.607941158382201
-7.646942775603737
-7.68047440505555
-7.629654004432888
-7.688236629266534
-7.673959260972554
-7.572080619102902
-7.654877484911151
-7.6163918734528355
-7.655267386441523
-7.640262703352545
-7.602560736824838
-7.641625716985956
-7.63550753819261
-7.691763068923729
-7.673875811268252
-7.637735418137925
-7.619583077370904
-7.6444529975279565
-7.571381254627425
-7.631783758227892
-7.530633457473937
-7.652566707484633
-7.619504237273573
-7.590780800581832
-7.585747003588991
-7.670022063221882
-7.6437121902336465
-7.639562273222191
-7.710731884116453
-7.665777707881921
-7.69304857972455
-7.6547543890813445
-7.673791867879759
-7.598272995546864
-7.624735281058986
-7.659994307813292
-7.692389579317314
-7.618799244698983
-7.457695135534074
-7.594019904284534
-7.564409201854065
-7.676551026588547
-7.638784223984408
-7.668722282790373
-7.702654297621419
-7.544461687738153
-7.721904729396869
-7.580314276754736
-7.653436287806584
-7.679208019018471
-7.681900862995583
-7.702788285258364
-7.643033236661942
-7.662232596024511
-7.663105854830507
-7.675494751785623
-7.680695871680747
-7.654733917874738
-7.654703287605074
-7.6707568826225385
-7.661505962572685
-7.6654757354675995
-7.717554419995965
-7.735062641171506
-7.742441699736684
-7.462906812506145
-7.688259700775115
-7.600672911349877
-7.2319789917180515
-7.365725471569715
-6.755112674755757
-6.342250839182107
-6.84215056822542
-6.209049622213913
-6.672420874059779
-6.751938791456034
-6.636119436369926
-7.6660490042584435
-7.509458359495416
-7.640479737656399
-7.670373495879126
-7.700176528891477
-7.672963096457344
-7.61524456210228
-7.642021335123393
-7.6571897596167835
-7.620897725683753
-7.627975986254933
-7.717439926519855
-7.722164144557448
-7.685166935227791
-7.650644639805868
-7.605241544660494
-7.648747964215591
-7.613212108356916
-7.635025155113344
-7.558953969331569
-7.6432924116380665
-7.571054509999456
-7.669668562896904
-7.597370321985024
-7.593556070686103
-7.661425374776847
-7.640848764377262
-7.630874286321685
-7.590860991576898
-7.659986018704948
-7.604457548180918
-7.696999225925184
-7.659459636105898
-7.674709480699498
-7.688226097051846
-7.652454011781709
-7.702400714495962
-7.6504676202565935
-7.694676807026865
-7.654751722231883
-7.798229999587569
-7.6939435812684565
-7.697089424044082
-7.698545791042527
-7.6972796082280714
-7.700552395206947
-7.731740344225253
-7.7793476276949995
-7.688722419576185
-7.715795522696557
-7.712414101524847
-7.695729610629058
-7.676297654538921
-7.6764668343022
-7.697120114041297
-7.749883646399367
-7.767344989030352
-7.72834713845612
-7.699226163897683
-7.68749322295136
-7.720398905258122
-7.7249581119870685
-7.7635414285558015
-7.754022027209136
-7.6884015878197935
-7.703599519342532
-7.5014271714317875
-7.539912191605454
-7.257164180529419
-7.072334851673955
-7.597634677822646
-7.732472529044262
-7.690250096751602
-7.768110830398253
-7.690474074448232
-7.720001210945975
-7.695719369411602
-7.737668798271594
-7.7663827753918815
-7.698305590452776
-7.614396176160534
-7.667030767385423
-7.553374650812488
-7.68266345659133
-7.6837853660165365
-7.651695849780154
-7.641380574667399
-7.6092659819163435
-7.660293992097623
-7.611114156648516
-7.6021739140436715
-7.622631780609982
-7.55840545197843
-7.632874044058281
-7.627542645450241
-7.684112521762728
-7.646542381382545
-7.691941895299621
-7.677312493286208
-7.687051157935054
-7.683015599713923
-7.652416701576349
-7.652944514843856
-7.715463864723002
-7.658975031195833
-7.695828302455194
-7.673034369458789
-7.663510802974506
-7.6909180086672215
-7.680437519249821
-7.683191942311628
-7.633360680745081
-7.750816598464998
-7.7467768801951635
-7.766153363262875
-7.739161774992391
-7.767870644614057
-7.764163037681472
-7.834468360187893
-7.791936296962458
-7.687545926818372
-7.769564276600332
-7.681469288366332
-7.722939554373294
-7.793730510828043
-7.760623874654428
-7.759133381818412
-7.729066195588962
-7.708076417271825
-7.791217712309266
-7.78071728707249
-7.8192435818125805
-7.896243282109712
-7.83213301621258
-7.8284263606897575
-7.794962813826975
-7.774826404372494
-7.792595252703315
-7.744285056731144
-7.766135485873598
-7.84215881256209
-7.745057033717223
-7.839569929661737
-7.780888712200713
-7.782446449636115
-7.882902341733453
-7.700248386820018
-7.722368467030361
-7.784728248392213
-7.793268890399189
-7.82926625422107
-7.812176749291547
-7.780352203328838
-7.8090598437014895
-7.772347842260543
-7.827358104614276
-7.819430569421124
-7.84908737434141
-7.79603772056258
-7.858611359360577
-7.76033145552265
-7.899791662485875
-7.8463071406722
-7.791086428481131
-7.753480690187357
-7.7881673735954635
-7.844410530494968
-7.820277111690341
-7.787369702816597
-7.802059012019207
-7.833641103025643
-7.746797917486012
-7.830942211391381
-7.720897305360488
-7.8135699246775845
-7.8139268993328574
-7.816827888682342
-7.8545362510620995
-7.804923654045753
-7.847444491832494
-7.826811486494603
-7.815636258004243
-7.84546345445251
-7.817819875506941
-7.897412667686045
-7.917668329174723
-7.807936522188081
-7.804225545299862
-7.812384864167351
-7.839598508427201
-7.8036201649641725
-7.766095958676522
-7.768987095016479
-7.794347985173747
-7.856442891533601
-7.85160504415456
-7.828543081784453
-7.823344391226844
-7.799607796956669
-7.829986987894919
-7.840822132380186
-7.802952827407809
-7.894711835395231
-7.796282801689175
-7.8835379034970785
-7.853733640447977
-7.799928992922384
-7.878070952436328
-7.87467089926479
-7.802094632999108
-7.854593023425931
-7.863679655107801
-7.853613338203289
-7.8798050286199315
-7.8490472128734545
-7.853670226349265
-7.819904156862016
-7.833419599258949
-7.908978834778321
-7.87847474222436
-7.880375424457845
-7.989066153031212
-7.923695730590144
-7.93984642888984
-7.939120050585938
-7.8554907817549235
-7.9610471272944245
-7.900035636099041
-7.933246638771259
-7.8770546327823485
-7.871026110114265
-7.893012285041085
-7.847231232538242
-7.920829553209775
-7.892125594713628
-7.965424005511283
-7.903462509216201
-7.867686927226363
-7.8245938841508424
-7.910294598774406
-7.88444838759878
-7.855658792902303
-7.945073009138695
-7.940858821948492
-7.823039540440925
-7.922906742871096
-7.94286836749597
-7.878637383292325
-7.908045126621777
-7.93096537657194
-7.904257370160271
-7.926937643603674
-7.878243900251225
-7.6883714869441935
-7.765300490184456
-7.916309613679502
-7.879804461894273
-7.948162826194634
-7.951097898315374
-8.008347772189053
-7.895869443776182
-7.946253237473204
-7.950726480170644
-7.902091751466336
-7.971391793341756
-7.885482165754126
-7.921782668279498
-7.84621653922074
-7.894008642245325
-7.9466598725376985
-7.948456817854582
-7.930073559790398
-7.925527441529723
-8.020546917848485
-7.870781625688875
-7.925317747960458
-7.9805423148802035
-7.91079432062812
-7.982405851993969
-7.915681157203851
-7.907724157199143
-7.842496630129455
-7.98013130912249
-7.878738712535213
-7.957534216641547
-7.955077724458981
-7.980608906168844
-7.958473192761801
-7.998067016135595
-8.022712549814727
-7.8717104184855735
-8.021492820659766
-7.971872601863153
-8.042001869454626
-7.919522846663066
-7.960762843402519
-7.900687843405969
-7.510016935339383
-7.822169124162485
-7.929178628920766
-7.49177519959175
-7.163839968613693
-7.313879413326276
-7.27796793881037
-7.474505698559122
-6.501293094970442
-6.306971080726246
-6.074626999641808
-5.939564185759657
-6.266282576366405
-5.826195424372718
-6.341085104087052
-6.5140386438886
-7.6646599334459555
-7.970873399251548
-8.016859593992667
-8.100477813252885
-7.994631839551092
-8.002543972718504
-7.950617397985024
-7.9543705479924505
-7.959186223434504
-7.922196761088685
-7.8671357265621715
-7.87269932689741
-7.902054590067562
-7.946228320848743
-7.841318594341772
-7.866884776081597
-7.843374864201691
-7.853323909187425
-7.773939503084545
-7.870003521210613
-7.7685934925088915
-7.912104504429519
-7.8946810384052215
-7.7959218808604
-7.851980018801012
-7.863082802584412
-7.810260385181282
-7.83134385724609
-7.836257320835121
-7.862766036417391
-7.868736169764829
-7.867896349823821
-7.891234047701284
-7.857957253004919
-7.859390444758951
-8.006625832120154
-7.897082098163924
-7.897620458711785
-7.921693287963127
-7.924155744445753
-8.070945647788163
-7.862176079742859
-7.958374708017425
-7.859756369280348
-7.88130621466336
-7.980772496594837
-7.945302246743079
-7.995805224369585
-7.983824311516566
-7.964557634923224
-7.9541739139867875
-7.989818278185095
-7.9397245200796025
-7.932427619454062
-7.920852568594959
-7.9940294083852566
-7.973575924639473
-8.024031457489876
-8.039736658328067
-8.061802386830223
-7.969482277820439
-8.062489344436496
-7.96415554754085
-8.008629370430494
-7.958817582935417
-8.019486203858264
-7.986833142636545
-7.950624206095348
-8.04474494185837
-7.994285463503802
-7.988908440295268
-7.984949111141673
-7.989162899906429
-8.005909485478258
-8.007278837528949
-7.993853408864992
-7.960192432595363
-8.017981625304278
-7.981360597663802
-8.079272338131494
-8.038720903413433
-8.036032792028715
-7.978645798543067
-8.011872054394658
-8.005771839936633
-8.07958000794792
-8.037583078835723
-8.025251031520147
-8.017316676949578
-8.12675648837343
-8.052381697676081
-7.778853950281842
-8.059756089422018
-8.002849885071342
-7.912668699577146
-7.925330826260188
-7.8737709438121986
-7.9436158225277556
-7.935451021289103
-7.718198041160346
-7.734200010003156
-7.760207679741646
-7.6696890370659965
-7.6566586204186695
-7.66061502353181
-7.615100780326265
-7.640563233524414
-7.571423974616329
-7.678727395340701
-7.575078243092354
-7.53405160445358
-7.572665481088916
-7.634655254728606
-7.689428060881318
-7.657984213641985
-7.695142693674629
-7.7420028728042585
-7.732188271528362
-7.729436923312491
-7.732546534281447
-7.791479534611885
-7.785448523204069
-7.781306681509503
-7.908154517369579
-7.930171260225824
-7.864015327118513
-7.939739565398144
-7.828554414657628
-7.91774124933461
-7.956021323575417
-7.963374818317654
-7.812816784709134
-8.023649762521822
-7.955389049585081
-8.002602022816792
-7.961553932640992
-8.017815640110248
-7.980061160586636
-8.058201915561785
-7.919605723988768
-8.013394332003704
-8.019930806149496
-7.9800059705805175
-8.012866678979552
-8.082121597702274
-8.087872553943914
-8.03959536285308
-8.068558807134307
-8.019935687225395
-8.057212104435635
-8.08051571469987
-8.036932313604991
-8.117131474528826
-8.06816601231475
-8.06603621570113
-8.084994922466063
-8.10663557298376
-8.06358189320741
-8.03247328004394
-8.055753064516324
-8.098435440140234
-8.099749300285948
-8.04215105178256
-8.095844093979489
-8.033400738420216
-8.041202373569984
-8.100340047322037
-8.063605043632492
-8.087415125067992
-8.135912522458382
-8.082011185209357
-8.087656265624238
-8.10538082242638
-8.127481953389653
-8.036191760444352
-8.06661822523256
-8.075776459685846
-8.104086101208685
-8.146890117383583
-8.02333118545563
-8.12699483635056
-7.999829346633139
-8.16727996769684
-8.038155754641897
-8.119942275011322
-8.091381839795806
-8.149174294763675
-8.116914690255486
-8.06603664657124
-8.10580288331531
-8.118090845729936
-8.06609384215166
-8.09745335919391
-8.158702548322443
-8.07995517787973
-8.121239915644828
-8.13009839083979
-8.177698672380075
-8.114652688324965
-8.067818489102144
-8.123808436274926
-8.065139874032273
-8.138629398198566
-8.179236463374593
-8.106500713446456
-8.111334088551603
-8.13451074990617
-8.190519592083701
-8.162494996028846
-8.093462381732222
-8.161684746772812
-8.151831657799002
-8.138027787171126
-8.168718116228566
-8.05819815231137
-8.186053597422967
-8.159526721879605
-8.123149613416379
-8.175701555921867
-8.092854868062314
-8.224199244829743
-8.151129961940406
-8.1563915499923
-8.179519782620352
-8.239502083015173
-8.18940599006803
-8.180622954549039
-8.169467901804774
-8.16852875738737
-8.21316615498947
-8.108892389740342
-8.173878415943582
-8.072531426763945
-8.129175612174597
-8.283561182109175
-7.938593613235397
-7.922010340107981
-7.03986697249649
-8.019452795760111
-7.181185946431467
-7.443318210025068
-7.738015404309756
-7.489987012114572
-7.837122576525328
-7.413091393308221
-7.371350026497386
-7.960743647658728
-6.876050633072139
-7.7436514958697265
-7.941506930526962
-7.82468309142677
-8.099820164567252
-8.190579612843655
-8.220030839769912
-8.070995922053605
-8.161407580085536
-8.17164942273706
-8.116524637636505
-8.13537322854985
-8.142720667400132
-8.114352123972905
-8.119133631971199
-8.128315560007461
-8.097868042822354
-8.01364319717769
-8.007359144664106
-7.954941431401185
-8.139067218950855
-8.10366075250951
-7.9554166532967034
-8.018406716816044
-8.058104873018248
-8.080300526129882
-8.026854282944916
-8.040232848835808
-8.017712585250115
-8.03131152774416
-7.9822428758466835
-8.066201246117016
-8.050432956216635
-8.06907148849285
-8.06803883164305
-8.055637346886432
-8.088984997971512
-8.102705599889633
-8.158482455851379
-8.118506844440416
-8.192492412196366
-8.164484948908322
-8.069529476056287
-8.225799010415708
-8.014261300291656
-8.171203105120954
-8.118170596469026
-8.132031608623004
-8.161973079632943
-8.18562647767578
-8.146177674679056
-8.242505989233614
-8.159255052099004
-8.156648500849778
-8.215173636586558
-8.124808878152692
-8.136059429367547
-8.170966303470529
-8.142742992755638
-8.171408014345614
-8.140619251837474
-8.218155429992843
-8.147987095340865
-8.209774732492336
-8.189695432034446
-8.152687411006033
-8.135359264273111
-8.252275134463455
-8.225095245190245
-8.151937639642457
-8.178706196653504
-8.210833188869191
-8.222071022165117
-8.243260024154367
-8.284692911281322
-8.30170905998966
-8.304103170075704
-8.219278962925493
-8.162753534278755
-8.283214783872431
-8.234968260930309
-7.957056861092133
-8.256779783297782
-8.20905148066355
-8.146488575023914
-8.338264317187937
-8.194958818185688
-8.214163933852811
-8.269920964706207
-8.226158551151995
-8.211188825070684
-7.95607731490367
-8.224107178341493
-8.178882184274162
-8.205919788268833
-8.288909250637252
-8.32791908606665
-8.257477810258598
-8.255061531345925
-8.184799352220526
-8.133576028364152
-8.283441144722923
-8.080551815003053
-8.207419988128583
-8.168795579131679
-8.239242215539054
-8.255327281580373
-8.314736260847507
-8.291860690345572
-8.229174133689543
-8.247502780839373
-8.2009572752166
-8.240436791733918
-8.264311770292469
-8.213732566521895
-8.280736571180645
-8.260503736713845
-8.195448396319044
-8.209661583923447
-8.115257893670902
-8.215328092852781
-8.22612171252286
-8.241482907425086
-8.245284630515116
-8.296314466185832
-8.14429993271249
-8.32007703818474
-8.236887376452763
-8.26825949060468
-8.256410572090456
-8.27436252012659
-8.239637381380284
-8.235643167537289
-8.285274300281712
-8.2753877963202
-8.148402893521057
-8.354127165412448
-8.313264655237399
-8.263288922776265
-8.232669182724132
-8.15385738097135
-8.318454516051869
-8.238890923897182
-8.258252852340807
-8.347178041048041
-8.290819923618741
-8.265181657363783
-8.276582484256693
-8.276447532171536
-8.314119376281779
-8.237889629438133
-8.34827661198672
-8.281789090512234
-8.255357209893672
-8.304503372044463
-8.323726710503868
-8.40139127599277
-8.295664875076055
-8.358889948254653
-8.273757144938164
-8.25547772136095
-8.21888692196709
-8.296244141856787
-8.212090789638653
-8.305819224270783
-8.305301785704847
-8.236456837227868
-8.25601263330422
-8.307339127308204
-8.24126242588375
-8.353327300863997
-8.346038888054716
-8.394295466082406
-8.29368270116677
-8.321655531974628
-8.241418299002444
-8.339662245076546
-8.259804216158676
-8.370754147339431
-8.359160852543367
-8.306483384643062
-8.270416911636426
-8.293000536218912
-8.317010362519449
-8.269512680316387
-8.374644653644024
-8.378496483959987
-8.308899037768255
-8.365519195346037
-8.234995644086842
-8.379778586532712
-8.300067192815915
-8.264872160291276
-8.244513507346488
-8.369201678282666
-8.298403480593116
-8.362182897129092
-8.31249276133013
-8.359239779719175
-8.318582440880025
-8.22609809740231
-8.356325161609698
-8.272195216282235
-8.31282476967395
-8.279505368026971
-8.417420813517559
-8.282025546514674
-8.305787794267562
-8.403481244943865
-8.277835729160962
-8.333924482942932
-8.293863472237325
-8.297252356881039
-8.360326133062026
-8.38026497538297
-8.3488676353569
-8.298876754969028
-8.337311707884428
-8.111053748820419
-8.401509526569289
-8.372779569860317
-8.333885542785003
-8.415393748834921
-8.297094743976592
-8.316694334556002
-8.387341050901766
-8.301625917795091
-8.34651301857961
-8.275375518391119
-8.408130379871222
-8.287813854450153
-8.433118961120087
-8.36838060901454
-8.273283685614414
-8.377161514287721
-8.355188943467196
-8.396971563554834
-8.300426108960876
-8.283672444745598
-8.350792212496616
-8.295493135522198
-8.372765868336115
-8.331922448106397
-8.283042075664609
-8.279329458542795
-8.34349645318491
-8.316582979837621
-8.266243922689622
-8.285631010903348
-8.312644871881963
-8.38516890302152
-8.313836011307954
-8.367674418148713
-8.37165410902065
-8.40649953521975
-8.36199263372793
-8.366710984131668
-8.322662128811197
-8.31924320691555
-8.37315473254134
-8.357906239444054
-8.40376949023303
-8.382112383878178
-8.434948349275803
-8.380913109108246
-8.387408307203259
-8.312568878251998
-8.333056354054555
-8.391316886315401
-8.388224063302076
-8.344375866532507
-8.423462715628068
-8.419948856531759
-8.396572095041595
-8.386980023862572
-8.325132760645877
-8.446360002486001
-8.413981139493911
-8.45522059222098
-8.38579323532909
-8.422953067731358
-8.454576876940694
-8.389684353428265
-8.4300658056277
-7.723456073526105
-8.201713260132426
-7.722629585132925
-7.474107893146307
-7.616127486744681
-7.645385366190498
-7.004269238111987
-6.697039535223205
-8.10191634804334
-8.413129667432548
-7.279926888234286
-7.005336506683189
-7.846185944139707
-8.038716928592525
-6.802688138401442
-7.090363124658632
-7.30016730390001
-7.663037481664387
-7.6718909358995635
-8.438334433547414
-8.399927335648282
-8.406243239667779
-8.38385983497259
-8.405855450820274
-8.410084482539425
-8.432822887255773
-8.451524186864296
-8.396374671987628
-8.399321756596988
-8.26841733453546
-8.401467207301422
-8.470532027879711
-8.429511285173083
-8.449430931058982
-8.426982031954173
-8.401284894184213
-8.461474591360059
-8.4458115789874
-8.33143952128933
-8.37049764321046
-8.351169007376525
-8.430091916338561
-8.362943087561504
-8.452488678727413
-8.38648412465249
-8.401912358977043
-8.384739452711813
-8.474245759916508
-8.378165587413818
-8.329426452129125
-8.379321347887581
-8.482722132889453
-8.415876020979566
-8.396075029284356
-8.36271028670424
-8.463209523294259
-8.467126667410865
-8.48979572482542
-8.50271611225906
-8.502050704044617
-8.45024113545719
-8.415002407749554
-8.512930168933552
-8.452235230002502
-8.43360813576329
-8.502268223480653
-8.425645057065855
-8.41669839938477
-8.364256195318102
-8.404358242520324
-8.412399302974286
-8.337279128992058
-8.441980005156152
-8.358698280149843
-8.43463059486724
-8.371989705792034
-8.391157234049762
-8.404666927761689
-8.305165752379734
-8.37626728460842
-8.572367531960063
-8.462749709067168
-8.447325921625241
-8.480199421689708
-8.444326973494883
-8.444272397899182
-8.403035598973371
-8.442442208396413
-8.452481879788955
-8.457534775095565
-8.473521588960656
-8.422341577634937
-8.47249604217194
-8.52387217393711
-8.470432647445106
-8.501413842564496
-8.458812493102377
-8.471912477262382
-8.466351618643646
-8.410511213491194
-8.422925383000957
-8.343523212219745
-8.38035013337309
-8.442920608953017
-8.510804540572835
-8.434328981354557
-8.352037776752502
-8.451090996304906
-8.361758818489037
-8.508717963678947
-8.346802013321573
-8.458320683341432
-8.442354374575762
-8.409515604840317
-8.531321829896338
-8.575383064841805
-8.430457616392909
-8.458527010134745
-8.42974768786806
-8.529112976911144
-8.522110942268263
-8.520370023743308
-8.40970049907048
-8.456922591478122
-8.512514782915964
-8.539129678073607
-8.469171749557685
-8.407429409870927
-8.429148959600786
-8.530731035564818
-8.49485499713188
-8.48779116689246
-8.499240680080186
-8.50578560390654
-8.530034409695796
-8.443154216960862
-8.53427445668712
-8.499546628186101
-8.488693639062014
-8.534617243585206
-8.547713092764397
-8.454354624022661
-8.515373776413872
-8.55889559473128
-8.590476716166615
-8.28381180514261
-8.517776921778609
-8.56918729960007
-8.45032760860424
-8.465323866011008
-8.573656628668266
-8.461409900740533
-8.493833098765096
-8.469146860763736
-8.567568781932563
-8.501461838484785
-8.454381350073174
-8.517224155307863
-8.436139438263087
-8.432234841146125
-8.46345792041325
-8.500761572154975
-8.558104221843962
-8.398786887353145
-8.432227641396556
-8.48769065242934
-8.39855769475498
-8.44004462159493
-8.478554861138765
-8.473037882673673
-8.380471373601045
-8.433623472762651
-8.516917825029035
-8.50221882039744
-8.444352600733875
-8.52029952668747
-8.442457335722926
-8.46037663560693
-8.450330831639297
-8.45783536054534
-8.58275737357108
-8.533521907731107
-8.474315859310602
-8.454863801911552
-8.515158625265968
-8.43535302502402
-8.501916655365436
-8.54552469423756
-8.44731762073348
-8.529912549310271
-8.56180976306277
-8.560848643438836
-8.592724045108257
-8.439456588889312
-8.47495774578749
-8.486459114762878
-8.61043455004284
-8.487402963948185
-8.542349684304556
-8.550230796033398
-8.562162526642
-8.459053383993476
-8.569566182010217
-8.480648886676397
-8.60259838145371
-8.506628938903328
-8.51518435367039
-8.494039443660526
-8.569298883480563
-8.513425221685855
-8.4696802741139
-8.567046076653387
-8.551870462674353
-8.580787867430198
-8.572584357724848
-8.600339744350089
-8.648588603062297
-8.634301600308385
-8.524228315519412
-8.597316734396806
-8.48402116240634
-8.644855247069975
-8.558645872838598
-8.55509156538689
-8.627268979081462
-8.559280159447402
-8.597396071395302
-8.57087456498821
-8.64572794213641
-8.607094278633273
-8.696199673281606
-8.59000915128721
-8.698407758322553
-8.528239663794926
-8.494336106065935
-8.678706794919826
-8.552695270870426
-8.601398879124085
-8.6814047018482
-8.579644017545395
-8.609204856247002
-8.54298515321418
-8.643276484242254
-8.589217426316257
-8.636208697084987
-8.346241891232374
-8.608435733624566
-8.585470559257788
-8.606252233403591
-8.575591727885
-8.503359019482748
-8.587723449020412
-8.453199758031714
-8.3653153218811
-8.321945017903
-8.18422718378499
-8.328036549889708
-8.226462379504014
-8.184993761194432
-8.184132908803376
-8.093008498809315
-8.031682531430958
-8.057939298916299
-8.074530725029522
-8.131022368926443
-8.102978172373623
-8.100958234116863
-8.188034494701435
-8.154580609058037
-8.195332246251958
-8.16767067814653
-8.246473362756335
-8.270022044178422
-8.310858704695958
-8.267760986925401
-8.301705083423519
-8.420122539669448
-8.477951111846492
-8.417720870111092
-8.517725753732625
-8.517095792974782
-8.522056950228924
-8.44849167648077
-8.486803654886442
-8.51083408831387
-8.526233183545456
-8.48396195798726
-8.538879653232888
-8.515954454951883
-8.58956066668186
-8.567273552795989
-8.604819569144867
-8.590293241601126
-8.669749493703074
-8.602794939986902
-8.563794837091399
-8.597977643458488
-8.549944638149697
-8.535264893646504
-8.571826505742097
-8.637590316443717
-8.621263917005455
-8.630481104907032
-8.572843418933834
-8.568073024821254
-8.683290746503499
-8.721695153986149
-8.627077906046095
-8.663144661904349
-8.64688939147325
-8.63380525651645
-8.569894292179313
-8.588160933870176
-8.60925821688089
-8.5831406829702
-8.573563683426192
-8.624958459934417
-8.662153917416626
-8.537531865592374
-8.633643138618167
-8.583635508920294
-8.579842986583007
-8.629905597175503
-8.506589388463608
-8.586161164090527
-8.669650396260797
-8.583535075652076
-8.584451505920645
-8.631060882566949
-8.592261196577779
-8.592996962996132
-8.602454874075809
-8.669221896079954
-8.536098056198696
-8.633340070283573
-8.579618282327658
-8.554714504013798
-8.627311845088718
-8.61723337408183
-8.605657186590939
-8.576077012068001
-8.656022625595744
-8.61988042561701
-8.591557781537402
-8.576507005677707
-8.658336193276261
-8.674760306746363
-8.6207574995965
-8.599192857960826
-8.709607721072334
-8.670351372523056
-8.523648090783272
-8.594009919377097
-8.720468920847173
-8.620470339317349
-8.666952643277027
-8.701205826202768
-8.65180516096533
-8.674849412240354
-8.728478961581926
-8.663231238125652
-8.673241206147418
-8.745262903287417
-8.627643259953459
-8.657216961889688
-8.617322935188819
-8.645239790110628
-8.718231449166106
-8.731299934296738
-8.68508444300607
-8.733531270738647
-8.707441139987392
-8.66665992545876
-8.720508434727753
-8.587837563507156
-8.748172559082997
-8.684478813464422
-8.716676015890348
-8.749363638630141
-8.736967477481036
-8.698001576328673
-8.686026680828848
-8.738524468701304
-8.638813343506154
-8.801569976550374
-8.65999117733844
-8.738522985724762
-8.702461999339882
-8.745527671685254
-8.729203601133486
-8.687725013028222
-8.665488756971083
-8.70852242287275
-8.667079476175674
-8.642667801782169
-8.658797338593862
-8.628691896953423
-8.684435167391584
-8.576601434830343
-8.660455240875734
-8.702439694132588
-8.628398070203708
-8.631223226534374
-8.706180409908994
-8.539447610677563
-8.607710430046174
-8.597480765231913
-8.57062726429758
-8.55758578363206
-8.576211298083766
-8.687151526241122
-8.627582346416364
-8.645139965046198
-8.675548185169898
-8.633216882435134
-8.612396492501984
-8.636990253923662
-8.623143261917422
-8.75444567680371
-8.606695524643904
-8.73723048658528
-8.743066575568328
-8.722177222302376
-8.734865988202982
-8.731127101978974
-8.583406094463916
-8.654547363564896
-8.680792552554713
-8.65961088040378
-8.679314696236828
-8.674852621128744
-8.671764235970585
-8.735267070060456
-8.671824739457113
-8.761723839549168
-8.655985061073928
-8.703456560982916
-8.731402616384768
-8.76614060900446
-8.739822090076022
-8.71690562138061
-8.720543180231827
-8.811087087408792
-8.807070209638274
-8.76557448428355
-8.740227733771688
-8.708125387035826
-8.759116963159954
-8.781261119320666
-8.712266336370275
-8.671555295400484
-8.642974065219706
-8.679713233172766
-8.665000089098635
-8.698322069571969
-8.726326377358857
-8.73333090327784
-8.70706581530708
-8.669226285029213
-8.68889079912394
-8.651738818032797
-8.713353311475382
-8.71631543059175
-8.667063158057209
-8.665426111208957
-8.751138652405814
-8.70408665235948
-8.691325309008716
-8.682647471577871
-8.802462333318589
-8.66334964342896
-8.772426138051392
-8.818367442337504
-8.746762710907637
-8.817467576827422
-8.746908334955425
-8.73460573686234
-8.758536640095178
-8.736641441449537
-8.849815150281918
-8.802378393666219
-8.740385424819278
-8.75014474868807
-8.824528480042911
-8.760743277193937
-8.806472848791916
-8.724198657609653
-8.731410447222718
-8.765606293900696
-8.80674266507461
-8.820718256556928
-8.40631851111618
-8.800684525259541
-8.701805298272676
-8.846244371601646
-8.78161881303741
-8.896245188977971
-8.804902271359282
-8.785556562205846
-8.73710276820917
-8.823846716074662
-8.813578745555857
-8.786477644835673
-8.691459718991124
-8.710981075386915
-8.732801589849968
-8.810392276812905
-8.731191836095809
-8.73341030809659
-8.70491663607221
-8.709654730010527
-8.744530217052887
-8.731347196505956
-8.776638756365097
-8.728025278102471
-8.697895359532337
-8.641468587670177
-8.778449084031946
-8.69195853615073
-8.733409760780042
-8.740674720924378
-8.76938308189326
-8.751472558781472
-8.783712047682027
-8.66728327152414
-8.714897651234027
-8.786981087213146
-8.893742512367686
-8.738067304374548
-8.807712089396505
-8.686005090085706
-8.800979764143609
-8.847377576486341
-8.816733893922182
-8.767848984273732
-8.80264835482667
-8.755817551758062
-8.819470539614704
-8.786782179418474
-8.864309031900707
-8.785613134109616
-8.89670234507386
-8.893028188776254
-8.773827407520526
-8.836963003739465
-8.819474009179306
-8.740289801886748
-8.869823913744677
-8.84255627130034
-8.805040034961046
-8.843016402910028
-8.814435647470756
-8.785811584651922
-8.832317509504668
-8.833602112319712
-8.885411195631955
-8.847019712430916
-8.732662978484145
-8.875385951730737
-8.819664966650477
-8.866262233059784
-8.886102247623652
-8.878984197637989
-8.805370013492269
-8.789391014437077
-8.779063868234662
-8.859027640693256
-8.795644588956412
-8.88018138061035
-8.865000909257438
-8.792995186523882
-8.879571413242767
-8.802269468321095
-8.922800989883005
-8.802252773263692
-8.77638578357365
-8.797868420803676
-8.838643249721693
-8.861615923740322
-8.967040501792452
-8.8211065115215
-8.897258997789768
-8.8089889901334
-8.858840495991915
-8.811080373078918
-8.834803531871987
-8.805066478200391
-8.899849765705282
-8.84943798067887
-8.767716221853354
-8.870841345174961
-8.851842925981261
-8.916850809376013
-8.8810486075732
-8.878919809615043
-8.73426736945246
-8.4522209976217
-8.12317565293637
-8.156642853988394
-8.976753664353046
-8.83615044397188
-8.826624874919768
-8.79342869120662
-8.673576170865989
-8.557575697332284
-8.420013065769444
-8.313218898021134
-8.23236058264362
-8.130906392832182
-7.929360462755075
-7.89212741207033
-7.777884928226105
-7.6274365943485565
-7.8244506656461645
-7.623717655711457
-7.708231088079245
-7.710974442862764
-7.794269537110475
-7.951365333870413
-7.9376349060783715
-7.994654117236951
-8.053762275578599
-8.128545802708459
-8.20827288496868
-8.261989348251266
-8.414083498873438
-8.349383601116815
-8.435726690603465
-8.520613070156703
-8.52094280873649
-8.624163546224311
-8.612997314096914
-8.66166982886543
-8.662250150799167
-8.638836288950277
-8.640076846250945
-8.848773334670176
-8.656405882113104
-8.768646040866136
-8.796494156786563
-8.676416439467943
-8.76149540097339
-8.807439820689096
-8.802143371466583
-8.819390639976666
-8.820968217388545
-8.801478373871971
-8.789442716265256
-8.740991900741426
-8.881294155330215
-8.76478305464399
-8.860867686878215
-8.873208964295246
-8.877375988589023
-8.911210292227539
-8.826182268389871
-8.872240581436436
-8.914378557670846
-8.944495500694792
-8.870954662730169
-8.897080789694478
-8.84815111189253
-8.922843235997883
-8.898085246060147
-8.808318095526879
-8.83968104161608
-8.83463116135627
-8.903556188166819
-8.876792368161556
-8.846188157969811
-8.905512316106588
-8.87071137969326
-8.903291941310533
-8.818811161593187
-8.876824124494457
-8.8584173861777
-8.841610256184948
-8.892732060720101
-8.880616465220857
-8.923003361880491
-8.79313601590114
-8.919228017038563
-8.897217555401673
-8.92809650696277
-8.965132922441624
-8.898285237004215
-8.809541270545905
-8.926960094239803
-8.855215784989173
-8.81170517810862
-8.896908079132938
-8.897008798796959
-8.81853659029173
-8.919090753178526
-8.886120401901438
-8.915895489592101
-8.871441806092085
-8.80441087062835
-8.926284379990767
-8.794117532441716
-8.90556484166755
-8.913185589798017
-8.875539722633077
-9.032980161728501
-8.939914189950175
-8.954139923805998
-8.85952613366379
-8.884154365021223
-8.848395163452583
-8.949039901370686
-8.938308198867551
-8.914692153118663
-8.902704457378032
-8.913601519549948
-8.928032983114639
-8.979887270080463
-8.89244197473077
-8.949101530989793
-8.852816865520184
-8.900728268081961
-8.986048050729599
-8.972497031283012
-8.99957430814186
-8.929410064983973
-8.919480692524104
-8.933101987705198
-8.932790228604613
-8.940747155001118
-8.90974833797791
-8.934260262124818
-8.997436643869499
-8.908014980041903
-9.034207139649913
-8.940862284056635
-8.976710406556908
-8.86307505895317
-8.939777736614586
-8.996720223519063
-8.94320491068115
-8.99545469959565
-8.94650712547021
-8.915160426629939
-8.99180888471023
-8.935655468082599
-8.872919270519164
-8.744662823909747
-8.878669367970817
-9.009683844869947
-8.856453625164132
-8.859439903058686
-8.92122593850459
-8.941025818508285
-8.926324549023798
-9.007920092588014
-8.852014532092086
-8.895932668002377
-8.957357066194751
-8.880586813191554
-8.982518990675256
-9.023065120056911
-8.909215663159761
-8.984329775973595
-8.936708067665895
-8.955199875020298
-8.978225243569005
-9.0143793652288
-8.951298907535891
-8.93715169692882
-8.93995732233782
-8.941403923715509
-8.977810822235845
-8.977795956960739
-8.990574633953049
-8.932576326673418
-8.950086649489462
-8.996135724213003
-8.949450774552366
-8.970485307738521
-8.949919795308732
-8.964503170658416
-8.959138599871201
-8.904425456700695
-9.015814036671719
-8.923539811859895
-8.890175850377048
-8.947112780907874
-8.88378120542401
-8.941863870029147
-8.923023080148221
-8.996635284992092
-8.955480462304092
-8.975827417230006
-9.113456877878866
-9.028554714434703
-8.986181896717099
-9.037915717602052
-9.003054880258388
-9.008077547951189
-9.010499382196002
-8.989767761069208
-9.064170676527057
-9.04212438293357
-9.001067107824083
-9.008085293378567
-9.02825858952024
-8.976924169567509
-9.009694212462565
-9.023480727539129
-9.068826564752046
-9.01869673875292
-8.938577816856691
-8.93418092054088
-9.024505465600132
-8.914634884596003
-8.984893945925224
-8.944504149776312
-8.895091098181465
-9.036286866086716
-9.000282198046062
