0.021050665500640893
0.018693591930971386
0.029279614598979594
0.02291954640212877
0.02434758887234762
0.02785575030810564
0.019434709081535828
0.026309965143007093
0.023457357448980275
0.03763476386342649
0.019415753051695846
0.018270628481246606
0.02314628165534655
0.03345383441650244
0.023821469385297854
0.019555817470716795
0.019311847039235566
0.00809528177269587
0.009924942023168196
0.019058042538584338
0.024876091624750702
0.02954783683764239
0.02954439953234742
0.03266298806365234
0.03165441372148487
0.02258256078364433
0.022978215343446018
0.013775935138586754
0.015597438753775257
0.01725773641679428
0.018247578672352903
0.02183074274772941
0.02434413926733821
0.02920085109242416
0.02817972117322799
0.027020152136751917
0.019223694340852544
0.027663502662275453
0.02504605763564672
0.017403858371166488
0.0160829644428941
0.02583423567849653
0.01692509882419492
0.03232265680343558
0.031420921259096686
0.014028372375357544
0.017494556116874588
0.020081099253459474
0.021832306856818084
0.026521877396567656
0.01877164259823011
0.03416895029607102
0.022745207773740117
0.025974162892830093
0.025665472449552636
0.028810224095500457
0.025644784129590002
0.029354063849474067
0.02824714506005834
0.028254854983696863
0.021537995038404107
0.02664906381388241
0.026992685699923195
0.023802449872143076
0.023255698672865175
0.02680437194901711
0.025998517415356106
0.02998336968082668
0.0332966752801284
0.03498517187413258
0.042585144705074914
0.021934374771661404
0.031120804037167077
0.022920088585299883
0.032193618805743174
0.016417558977595184
0.02761289313853999
0.06456046182969537
0.021843677859335955
0.07569223114488473
0.04291051526842192
0.03887796972771761
0.07313497737583752
0.12409726882443972
0.082635087969632
0.10627071298214014
0.16433189964038053
0.1213867444093679
0.1630473432230581
0.13661186033742284
0.15949450522593972
0.13759188567921404
0.11353847901395792
0.17445676554854622
0.14670385805192715
0.09975274117522888
0.10095644975599365
0.1589868504889994
0.13653699162454366
0.11016055063564655
0.06255866205500157
0.15774700917484924
0.064637822773571
0.12590245876465164
0.06424435809116809
0.056436122400403174
0.08337812826616323
0.08526323345529972
0.05080076106954227
0.141558597751732
0.11209298089149684
0.1455237433004037
0.19125746491604348
0.17694219762630595
0.08124256226238885
0.17028876023302972
0.2075948921542646
0.22979368324165467
0.2286193155381534
0.2602498789542373
0.20607957262334614
0.22650858984299754
0.1899271101600184
0.23102563837170514
0.23096664346626675
0.2328719077681637
0.15171380852195762
0.21119247775449743
0.19500417509163734
0.07505643656289882
0.10946700616780194
0.13270585801917326
0.08006788255560454
0.06756586048642901
0.06498161343014047
0.05614604493064679
0.09354496474902325
0.08526265656396669
0.044884172668650434
0.05199920344224675
0.07809410934698141
0.07122460896017466
0.10351456644155715
0.0710756341749746
0.07259645742002203
0.06598131817434083
0.08760534386984259
0.07501515131282357
0.09210690518142867
0.08642025478397641
0.08219198321750491
0.06037430475729081
0.08903972771160154
0.07287712418788092
0.09665999568847881
0.06187427421464881
0.0819243832383241
0.06365065667078605
0.07187666650207901
0.07029065864731565
0.07798739082124383
0.04427134699657828
0.08408083224774215
0.08056543979557707
0.06701563857360843
0.07184462215560328
0.062071709220512694
0.08839054591283174
0.05332521160394042
0.09289784978016488
0.07225670003690372
0.046488496583673544
0.07778705199402465
0.08683676415002269
0.08187389000547171
0.0580803159200702
0.06561159914311909
0.0819994965897222
0.08013303783007956
0.0651703772578403
0.06206770647194559
0.08810641235626289
0.08672456634135967
0.04070997018173338
0.05965727048777672
0.10530269997517636
0.0701236982453927
0.0828610184707987
0.08348563415411256
0.0724947709330205
0.07419716824407603
0.06478773498279797
0.10290253281226382
0.11401684451568013
0.03644222917338036
0.08746083402428748
0.0599961993950196
0.052790053076605246
0.09403704824941338
0.07767165041716864
0.1622160851133907
0.06890240482668639
0.060853615472459405
0.1997754043147999
0.09299364922050006
0.05999053411358704
0.24828832277642443
0.2999966309131925
0.22853669364371323
0.2546408208694613
0.1854107647735182
0.25556519500960284
0.25576307722942787
0.2420360774407554
0.2676606351387017
0.29557818690283444
0.27371485574806564
0.24328335269709506
0.21766990429896338
0.19352806583091192
0.2412346592099635
0.25163171959084724
0.22098250361949498
0.28612521921851114
0.2643642882322484
0.2677141149709311
0.23765698393923843
0.17549167187310466
0.1590885793675478
0.053979343851948476
0.21601497976866263
0.1140246692964108
0.1562113258691237
0.11751403932477694
0.07978050813469749
0.11521489171085632
0.05402400124564019
0.0703700549958147
0.06614600749538682
0.0644921782314426
0.0770749378010039
0.0759674915788903
0.07114140008166495
0.1002773428986716
0.06895909391363064
0.07006678393300282
0.0681322383940599
0.0642521264446666
0.060355790192377363
0.10760095020421073
0.08238134790246533
0.08662475687769368
0.07034667271710981
0.07130905832188499
0.1569613915486605
0.22724756567735438
0.2206561745720285
0.19290068706786115
0.1423271173385928
0.1694335323475078
0.05995762252484508
0.0718621200093642
0.10526867808785705
0.11547995573817545
0.12018344672093036
0.08394896587162705
0.08220704945203572
0.07042182556248686
0.08365117396666945
0.04699267412705909
0.07723591357320435
0.10029366839052715
0.10030982523642205
0.05960706181670012
0.0802619939504371
0.10482937863680895
0.06386975727583133
0.06456046274264636
0.08081940376146449
0.061654868169292665
0.059771099078531335
0.06787229073802772
0.0558438073672291
0.0942820650849786
0.08047571318185316
0.10105261682869447
0.06650652765696831
0.07878822996773394
0.07682220683028475
0.09092314597525969
0.09103888586779803
0.07969267157386788
0.0816244303446841
0.10026979241489421
0.09106559747438571
0.08535951665941004
0.05123867952439343
0.07650443951166053
0.0786117393215163
0.10761314259755358
0.07730890400810153
0.050564518337621794
0.08242181194624021
0.08590464249163768
0.08436758308953671
0.0898205955362371
0.05000280556940029
0.08661255935022553
0.07300958716850674
0.047270926703153866
0.07787692876572647
0.06842301193233177
0.08155713706498037
0.0811827302637204
0.06832726350516286
0.08312181405994282
0.08373425400978783
0.11439123037882107
0.07349697513721232
0.08845603047348734
0.11495992971388684
0.08436362724239453
0.06683594671473472
0.0852739032099728
0.07998893216315485
0.08037261039139651
0.11341314727783816
0.06481976568123601
0.07532561671347672
0.08321688099148368
0.08405549718793917
0.07719227005697327
0.06666805720626247
0.06660717909935802
0.033461891654826714
0.0588112863852658
0.09951117978246919
0.09649115310421347
0.10615981225320761
0.05314399267155183
0.07154436055034909
0.06631319755232544
0.0761399250003404
0.045040320515940716
0.0520116225271558
0.05643700203708615
0.08507631154968974
0.07764430812718795
0.0673303965801852
0.07405374754117014
0.11385965442452903
0.0847714888843601
0.08544031448028415
0.07697913422045978
0.0778229229921629
0.06886039184884638
0.07961651602901093
0.09489496442162904
0.05841840184214281
0.09863335138446178
0.08634977688232122
0.0714527636308815
0.05323297416807401
0.11251991865196867
0.06589249168826357
0.07089871914473328
0.07854836917449773
0.16102207879493105
0.05581913530707561
0.09556173825415108
0.20521681711645734
0.1924929630263733
0.21392812123605773
0.05609841180893149
0.1731418782654199
0.27546581540847426
0.24452882723278158
0.14250987745996158
0.28387917207504815
0.24433516829167418
0.2852728030751058
0.05514820840276829
0.3144752627229396
0.30322172829685384
0.23731742724900548
0.2792449181409544
0.2916183126293388
0.33615861303809236
0.35189099292480275
0.29579374419933313
0.24378519470966678
0.06917584149450613
0.10780645292174032
0.211133160913753
0.19935689717840235
0.3080768460545562
0.1450334757046101
0.07123065224571248
0.212177027016262
0.27233609787316443
0.21488331420254728
0.07758857664609103
0.058471720064297905
0.2827364483931046
0.0745972534632095
0.17720733373550882
0.2309747932850382
0.08481210461658599
0.056550483433201175
0.09334296163204082
0.08441632935365999
0.08598676574514356
0.130517063983476
0.0818726313329603
0.10551218548612773
0.061599893341853076
0.21041662768521288
0.06641461023619466
0.1124835334988852
0.07899207250832269
0.22684612934617643
0.09016473814942275
0.09647986641586771
0.11060123891257637
0.07522685292187
0.11324790266986802
0.07678935193107278
0.13892733455785525
0.051291527863760435
0.08642952256538475
0.06757669520998649
0.06497970348443102
0.06849726773103686
0.07358443032535779
0.05744393440163457
0.20722013849873763
0.06405885042159346
0.04742596844728643
0.24222809762113184
0.051435101888330115
0.1310798559836635
0.2544106909405332
0.10852705957293174
0.12327525508581556
0.09107869840655357
0.26322491169460227
0.20216586377032145
0.2984534701053177
0.19405179696930724
0.07439324820128705
0.2197538010981282
0.22876805109553985
0.29168602109867
0.22685686314588896
0.2561766420791039
0.2586580547146146
0.2723388036100298
0.1948339963848781
0.06627779209713026
0.21444019351211516
0.24636829315483108
0.22561885363046766
0.1990724570048942
0.249559510879196
0.2801170160080963
0.22614989210330294
0.09428452356484394
0.25671573230956896
0.07443044055829723
0.05061195112901651
0.10557245592298373
0.1313583030811426
0.09554745438682044
0.11728441586005187
0.10721157444296352
0.08919761434742253
0.06904380393820225
0.14945261916669478
0.05337376324635388
0.09766712249302996
0.07846833231792186
0.09268378554788026
0.05789322395208719
0.06121472128075169
0.10568712164900275
0.0796440423234592
0.08277021140634645
0.06380589095949879
0.07116781465959703
0.10796397813858803
0.05906414460647029
0.12020435109732858
0.05459570274931679
0.07701094479536136
0.12059775272794235
0.0860964305262106
0.10677073566004223
0.07282478114286522
0.08583243621424326
0.08822755549080594
0.11204860250908441
0.21793343522234723
0.08202809197318718
0.08923221121711428
0.07547986919820977
0.06553052365927196
0.08192512923303873
0.05945472344417184
0.07582533612556891
0.2376255401975509
0.11612193449431353
0.10752389993590852
0.053478357213813305
0.10596273570663166
0.08082727357283749
0.05666568377340272
0.22823292285899835
0.06114162776854556
0.0819217348905081
0.1192243024667776
0.22637520770751135
0.09477413737068126
0.06480637437249201
0.06714493405907691
0.07832486132599419
0.07869591651408483
0.1288551271429671
0.09059907158380764
0.22194750240445352
0.09111539026782907
0.06593572202216662
0.06150699120318075
0.08226948360696364
0.06499141572946832
0.17196439085052695
0.24971462363291866
0.27988203048781435
0.21845971083074806
0.15859673792762322
0.15284205778311435
0.12495208590820515
0.10505934901042761
0.20324553794163439
0.1777473564281829
0.13326564572300104
0.09751491403477525
0.10310342873352599
0.0801248443360036
0.055376469439771564
0.18002607758822833
0.0724573681861123
0.09775352176519435
0.07244488081087151
0.058197502781791755
0.08176373166404782
0.11178789767440929
0.06547660371442836
0.17778473055768185
0.22009753214992692
0.09189929732608851
0.09955281026634408
0.10613888804947917
0.10697127688550162
0.10827815165928033
0.06142690711343712
0.09171763921300444
0.05064193118359363
0.06625181506489895
0.08244154630836
0.05964084168610296
0.07712008600826391
0.08987959570214647
0.07033491015961348
0.06607713909409725
0.0843216120340406
0.06110314971409846
0.11521101974654122
0.09053574199407684
0.10233567870413371
0.07898836022548296
0.0813914257517487
0.09427557411742828
0.06002190084484096
0.10868337219970726
0.09455670262338935
0.07355893302558883
0.09985192018167872
0.07868847304365773
0.09457526160449774
0.11382939752834968
0.0460758383624204
0.08465904435405419
0.11713051209640118
0.0721745664600853
0.08260247850823876
0.06644166062260211
0.05255986388449019
0.09154281606887983
0.0947614351802896
0.053997657209843106
0.058819662914527386
0.1007641843522196
0.09824621271155545
0.11821405615173124
0.044825464763129014
0.08139311108134692
0.10751880526671022
0.0740035577302274
0.07432438431433495
0.09623388733294223
0.0516462459363238
0.08931203282203536
0.15166585749788503
0.12206041582650393
0.06429800900467601
0.05012870196348177
0.07611836647888556
0.2210809687173339
0.22932788116068692
0.21903494415600547
0.10634603863711624
0.2509012195314252
0.2607271211379793
0.3076878996445429
0.18804753937113708
0.23340268127538077
0.07557470734048363
0.25112703315756485
0.2650061103740228
0.1753845367842934
0.26389737223417925
0.07906161329141181
0.18445024460635404
0.07854325441750921
0.06883518509505768
0.07022100710329267
0.18915988981172904
0.08129280382587567
0.04907256030948798
0.15824405188093554
0.12276953783922927
0.19398782591912173
0.19449336910734596
0.09473309016547907
0.2537867413499378
0.0915555438595014
0.07539982024347232
0.10269209049239615
0.1437623904104209
0.21990275244274626
0.05189809567109061
0.07942795177824966
0.1374355430997521
0.06098796519223531
0.0875887116462398
0.08347506556285077
0.09005377689461339
0.22625139869563077
0.09508150185137133
0.19377930013340242
0.06246932640851478
0.06884308629760141
0.08864572814965052
0.07727369154526074
0.1354829896809701
0.03887842947062084
0.21992500938529386
0.04401504601365151
0.13496012506817945
0.08605207595866242
0.1120683209245488
0.14973273423361347
0.09681927264828952
0.07064477652720211
0.06610384735522809
0.046621371641677095
0.06990325767588047
0.08314560556843767
0.0781654214084786
0.09308092067459504
0.09529220593505723
0.07159679701828002
0.053306802414768185
0.06671069147049206
0.09772525373318311
0.06694894451404322
0.060890474306867975
0.07632729858631011
0.13390029887392288
0.102598739023458
0.14549406252848093
0.09194365378104154
0.08539571923619901
0.09495041930137382
0.07335330435998548
0.13271758715508597
0.11514370912816606
0.0706494298460307
0.119516134929024
0.07815370664285867
0.10863682373679161
0.054598835000921775
0.09008626838812954
0.07391955300575678
0.08994919129149213
0.0840464466144302
0.07192149152700884
0.07532460654336726
0.075075680206278
0.11371306047461759
0.058809680534678194
0.056918783218826666
0.11818139912078998
0.10272482556391588
0.09522119498370563
0.07996865499723241
0.04626177048605172
0.1178060351510724
0.10744570842236863
0.10935750374339648
0.1207832550938032
0.07948142681163238
0.05497164191072814
0.0843635067766194
0.11789553989124145
0.12165152408452727
0.11918447544800853
0.056498922540910775
0.08282151654782309
0.12208995813600157
0.05633432863465773
0.12133282194620561
0.09275573675092269
0.11179945423420606
0.10409971685059853
0.07561068371065334
0.09454252067353966
0.08294916796216058
0.10162007794258941
0.10914614820264341
0.07604510107536136
0.08482160242510657
0.1508405132071991
0.10647582814163188
0.08968369796686632
0.06082348718753174
0.11065437071736856
0.10304906264145777
0.07810512834859186
0.08448624684155998
0.061978804691505275
0.13303086815782217
0.07170376453243574
0.1365847865978442
0.10242282095348802
0.05860934430324994
0.10536725452605303
0.18248943867087034
0.07339352479328246
0.0685400924820268
0.12466537960966588
0.08860094606518516
0.09020005431321501
0.05459131040289356
0.1181974313468841
0.11081850393971725
0.09527604371381708
0.12219929065934691
0.1059060340164006
0.11835443461378264
0.09748277208542538
0.10794197332375559
0.11557849708381529
0.12181991506477076
0.06565732985614345
0.14404837243334537
0.1235071001699972
0.10826432433398644
0.07107396574390656
0.10301604449517825
0.07201464513609121
0.13671237593760344
0.05358100217882691
0.1234902699164432
0.12714370980486384
0.12259867897869217
0.0845734161107776
0.11858883095203691
0.0818048875509553
0.0856508896381733
0.05905840515624101
0.16882224195532594
0.05785634629882451
0.10470871874219966
0.10968649193083428
0.046276003953438664
0.14670534231963148
0.09194190971314113
0.10120643895065282
0.10131936760500701
0.07316747041095499
0.07978966977615044
0.11260453171746687
0.0903059039125767
0.11811077642195235
0.08137732896648142
0.06352474438961378
0.07699735661781805
0.06972671856885967
0.10835109630447205
0.09052925446073763
0.07662968445123933
0.09720215077069895
0.07304302797064187
0.0799259985679204
0.0948281483000278
0.07910019914949316
0.11147300363222816
0.09396485487870872
0.15987886292286727
0.12053869988710268
0.08844742279150876
0.08776109871927476
0.08243115915731848
0.12570169232661327
0.08137911031540877
0.08514835672701389
0.08462939741133785
0.08122501778589805
0.13016453189855348
0.15336673985599195
0.07696019659486682
0.08162729764467767
0.0609453128073164
0.0907871281039985
0.1311215543432316
0.09573052741299466
0.08364434142198088
0.10342852274518209
0.08408439011287035
0.0823255731030429
0.0666071577335243
0.11408262296601576
0.12807636766677374
0.11095601945604712
0.0754451170538442
0.056300024172918905
0.07729277451348707
0.061235085033265586
0.0735057181525378
0.12899627393002167
0.09164918642590558
0.07589661924793596
0.09010680513895124
0.07941144027909615
0.09728269046965556
0.139884180895611
0.10345303049369545
0.1072221974810742
0.08514249803386531
0.10326354664311892
0.09110571364905844
0.1099318569101118
0.06567103027374627
0.12068210112543477
0.0972563149315828
0.08895318205674199
0.069239488850576
0.09940097210122485
0.09462966730573016
0.1058613597716527
0.06430903977810078
0.09860395659487194
0.10358674163877397
0.14136941226625938
0.0746085679222557
0.0604766022187573
0.09680273206696485
0.09383415685310152
0.10857304406186388
0.06350155064296874
0.08072154880635585
0.08267465215349774
0.07874436564990518
0.10070265138823456
0.09200146263909563
0.06033216100900143
0.10098948343518206
0.10550214081772731
0.11009695595457081
0.11320330666020031
0.07755471193504673
0.09790696653037183
0.0739556588802025
0.08903336355980827
0.1269137150253802
0.1180749399306229
0.0957166218985177
0.08720786902334515
0.1426686730160029
0.055155863110544726
0.14029886655883575
0.1017171113389501
0.11689359418172922
0.0794291677289868
0.11125432102686006
0.08815425711414329
0.061818521695102484
0.050687270645742986
0.06563068882515947
0.041844258240782646
0.07526026543946052
0.09288908688281852
0.14964290390156204
0.07063254691320951
0.09452771665033095
0.10155840668384028
0.09101743644210267
0.07261896009405666
0.12299586893371017
0.08471218018887104
0.06682843242990813
0.08406676037226839
0.13898516012158277
0.07581046531571999
0.1099232410679279
0.09403278922459578
0.07147923196043365
0.08826750122876643
0.07378566484002132
0.07539112896161651
0.10627441716096303
0.10816915733949954
0.08592139679664576
0.08641673011361577
0.10565914363199087
0.09903368201972933
0.0866256873201668
0.2323903748208656
0.05815556012681813
0.0998037192073678
0.10065996189428474
0.04258056714189005
0.0974670452229367
0.06528346234706997
0.047091938225398575
0.09496164810888702
0.08595393787427372
0.04174553524918636
0.0624494799187009
0.09559685257393377
0.17788836440909425
0.08011706230381807
0.05964532358379816
0.081456350742897
0.08078482965013409
0.07181613500730433
0.19137687770176035
0.1313442526766754
0.05762732434319226
0.084872784571457
0.16828518800196518
0.10583106880906937
0.07341442860484149
0.06005005586896051
0.07529070213155613
0.09033618560741156
0.057147984239511215
0.056438506095351254
0.08778179480357774
0.14964723054546636
0.07509891685551726
0.09847350569513662
0.0674537518117772
0.03555161992972738
0.08458977273867825
0.11909562043342498
0.06818873217992102
0.0572988664068625
0.11496601703827457
0.08895243629665056
0.05449290376713354
0.10473262541156952
0.0780663786736775
0.07685969849969557
0.0937902563402699
0.05888955602586924
0.06299411849221058
0.055198723318392685
0.10950391161449895
0.081223488703726
0.11066559658001067
0.0904351644986575
0.07582016445068934
0.13901218209960844
0.0918156454423395
0.07629759923313524
0.10424076285180121
0.11330649371640716
0.09203753179244263
0.09401990813347454
0.0825791202444475
0.06346321037099566
0.11506293598504189
0.12132495527549804
0.07715681085328616
0.05077901634844474
0.07009321870137983
0.0857781614984699
0.06055028376435059
0.049881951687741365
0.11019797048220721
0.10965777691656077
0.11220388574027297
0.07404710627818414
0.08524762827405284
0.08726977127888542
0.08161842218274717
0.12289557547439271
0.1037206863527571
0.1040780324382642
0.11075486832485312
0.11249954158721874
0.08535559064525304
0.07779976846899539
0.1300950007996017
0.07003042349727664
0.06183592119203792
0.06967878247280407
0.10885279323153046
0.11285625322290697
0.11186935699837423
0.13181254086568425
0.09816338391506879
0.051377905299907045
0.12844230727584602
0.07938971829122969
0.09584589567299034
0.1002598790525209
0.08188965094405017
0.06653367905156236
0.07890457525044013
0.10708345368119655
0.05978690522298945
0.09116102201971985
0.0793022993387992
0.10519130132493973
0.06648992435199584
0.10880046239521196
0.15390777741524558
0.12296603966691041
0.0645371634636948
0.1029572641020362
0.07757364307137139
0.12348399914536805
0.07727702918733612
0.07391357076816187
0.09209948663596723
0.06649611791929094
0.11190631919922946
0.06043091240048013
0.10295607571445083
0.08322627640675263
0.05490290869138431
0.09348209507338093
0.09567755345384846
0.06213140544909476
0.09280319784245045
0.07354307812192844
0.04837475055581599
0.09977375810044947
0.08586855085609715
0.10653608066536946
0.16162103433539649
0.11699464355847218
0.05919795346423024
0.09691193742420019
0.07332942484817194
0.11728650857296373
0.10885561951212659
0.06409097896878421
0.23680810676173386
0.2905675122755899
0.08296871843908857
0.3005494342015205
0.1446788702971042
0.09015362075098034
0.06320788992440936
0.10383743101204955
0.3478007046166583
0.29611360974472
0.26766157226891824
0.21137346856981404
0.10911855787581957
0.08260651118684045
0.11060461106087038
0.1812944136361277
0.2689424902169862
0.0784972173496804
0.31602936825854056
0.26023301028217827
0.13423279709850874
0.20002009521500874
0.34273398643644
0.346215538226342
0.2575998949735202
0.27998882877186365
0.10668448901737912
0.09072662072993312
0.22340932160086902
0.11568037697634675
0.15891525461861566
0.0675592579088659
0.2839748277214334
0.3633851905418925
0.06568453383811237
0.0851083903754094
0.06787842111383169
0.11547743224717345
0.1079410589690553
0.10917664743865434
0.10314555320368549
0.12034519841553222
0.09603025880945235
0.12401099160265561
0.09112606253009611
0.07004475162774361
0.10715335108936644
0.0764417230976242
0.05910058547863336
0.09537970523768635
0.048199069856542556
0.27063795269076624
0.0792412943299416
0.06951494747930838
0.10759574860105542
0.11868047939938742
0.07608863016059421
0.06121524182700677
0.07759127368835254
0.11747964753284858
0.06932726696115453
0.11242270525920084
0.09351151670545191
0.08333792053741357
0.11472503636177837
0.1070409133354291
0.11632508802930326
0.10988440704200012
0.07613327972034606
0.11077649071883619
0.06482723462648164
0.09166832706672434
0.05702461174364634
0.11607347261488679
0.09322557661396762
0.10801018225679246
0.07775863112747858
0.07377435590228391
0.1754123682006004
0.07507395765375853
0.06435278849556347
0.08547795314514446
0.1110500793175977
0.048743357890051735
0.09061130608837872
0.14013541391988724
0.09113123391100135
0.06812077337797885
0.10126032233768487
0.11819624817760892
0.14770347818920235
0.11473128716235269
0.08263038572125746
0.1699617546174763
0.08467119807405983
0.06595953741244794
0.104242674359391
0.11223643363115224
0.11694395968378422
0.06949507537201374
0.04661674658678308
0.07978123435024673
0.06798424221881368
0.07732870628094474
0.09252154438245361
0.12546855720148883
0.04278344205438173
0.1058135414136955
0.07990412753151127
0.06817846920333936
0.08155023126113976
0.07349059416297464
0.07755116101150028
0.042503240474749564
0.24005643428940454
0.06371896213330266
0.11313717602155968
0.10930745476655053
0.059463659691722626
0.07961406799385426
0.09257725258393754
0.07809744397691477
0.0872492124360053
0.08517970025158457
0.08670523871147852
0.09417337099821298
0.07077365428316221
0.07076487470068286
0.08300450873920802
0.11683811170481549
0.05126186249409543
0.1054210375851043
0.08262320254553561
0.06874296950111104
0.09383792542034379
0.0844126204382404
0.062009948998403286
0.08118459663892434
0.11031728043990717
0.09641958404869008
0.058681251910488015
0.1447605693357391
0.05839452556713461
0.11764926468467218
0.07529801383510523
0.07117886110299224
0.09887328444911726
0.07288939671478736
0.2962510839484269
0.0813784523719844
0.26515876164564556
0.09225447633778287
0.08804267976697099
0.0631224537460081
0.0891447257174377
0.07081042055096809
0.08389945784017602
0.08945411025749203
0.08863351567130939
0.09531327818886091
0.07767406148928756
0.07990511267399558
0.08660284640442463
0.20787448079006968
0.12364815207776327
0.06750186295971854
0.06362576602551033
0.08433481517425458
0.09796886435186367
0.06904985406993316
0.13355660003896458
0.08680964373632281
0.05135931712944835
0.0719000300819439
0.07550545099378717
0.10555917201517205
0.11123850537445941
0.08245190980040672
0.07903030813190283
0.09762443711293571
0.05645096676766776
0.07801783625329502
0.08665588993954636
0.09220964705259141
0.05277007282362584
0.1374820321219002
0.08174640161539382
0.0599124234341132
0.10418157961537024
0.11158091255746416
0.10573721305340086
0.08963844244406784
0.07635013955859579
0.13706473284011153
0.08814107789682918
0.10338205956416678
0.07693572211118738
0.087336011268326
0.0875467606248083
0.09223026352918003
0.09458568324292746
0.0934864398109997
0.09412352644816768
0.09146269320890688
0.06723636799924312
0.07809644961239284
0.10711556942877652
0.05435417944685135
0.07527196202321795
0.0695777333313576
0.06716159196326305
0.09682049500629458
0.07716075766040342
0.12327718199261863
0.09886196769514743
0.09918146296293365
0.10825997889787072
0.0885812022762593
0.11953856118153085
0.07737329124232804
0.10799649242415396
0.08088904617733297
0.07287150437875624
0.07415871602432836
0.110025384825294
0.11589603501762279
0.09066638574681024
0.056886610017931494
0.14098213146331987
0.06199720321284145
0.08289812981969295
0.047717758922295135
0.07709502120696962
0.10750939057381681
0.09939003435427148
0.0797235777130661
0.09065085296392231
0.046225194279180315
0.07384955698698255
0.057732536472982376
0.07025741796455373
0.07129174199035708
0.08711371739929807
0.11034423888929988
0.10572642378647282
0.14948657392595327
0.08423510670785068
0.088492181233511
0.08001288905528763
0.08280009078088571
0.08433090892217911
0.06671442047228766
0.10739460089462344
0.07552072311742951
0.07757884017890447
0.08707877985651226
0.10062108398487912
0.08226385229068946
0.11398300035683884
0.08549357530998025
0.08431712576041958
0.08180656754457372
0.1073822059270479
0.14646072929493667
0.09051462374817718
0.33939714786025554
0.09703999900478077
0.30341442794712786
0.10375369832436612
0.08037409436174332
0.08056960116038787
0.178815822409798
0.11123274213301941
0.352349473472023
0.12027966472089036
0.10984626844544962
0.24501551265040902
0.12020418440484791
0.08731046253194862
0.23887182500169943
0.07942514582806204
0.10969248621470394
0.1650492591147839
0.07784499078559962
0.13764153375920518
0.21716198216452537
0.10789903217212811
0.10202777627296535
0.06134620343175552
0.10238346706463287
0.09225157691443583
0.13137599358687613
0.11042907271922878
0.07496103341744599
0.1023091135550877
0.05292103343387261
0.10827510502046454
0.3181157173207857
0.0749784144672823
0.09505567779775959
0.1090652569303158
0.08092488262844329
0.09751046168833083
0.128250293399355
0.09727361727184969
0.11442294121496684
0.09582942600782493
0.062249277953515966
0.07140974468673392
0.091362793849949
0.08744231469854483
0.11571915801442037
0.10159489581115227
0.1041689674442358
0.0816293623580503
0.08980422526538002
0.3420346317481919
0.08634762480583784
0.08496656021113125
0.15479683571171776
0.08900372774297372
0.08355383641447275
0.11519207111886005
0.06470499514797126
0.055446350665818336
0.08383073973709268
0.14988091207860532
0.083515536499055
0.13081510704460794
0.11213451300547753
0.06295212747345952
0.05134190923098958
0.09131495565026888
0.23345655375665708
0.12042445336904761
0.10496856190478043
0.06640103139085671
0.09035428449165579
0.11195624423730514
0.10042589218750413
0.1080024506155019
0.07580425676856509
0.11028713364397842
0.10301511118421715
0.09131037173518605
0.09719667935558814
0.0712413682677146
0.09247642589119465
0.07680854623146692
0.11558573578808795
0.11870181748144251
0.07958272061770584
0.09147345566981743
0.03565318290543274
0.08882903484407549
0.06931942547088552
0.06490714871519154
0.09964005206272715
0.09964503043085134
0.13616880564116912
0.0608609339257651
0.1107281485554573
0.11317623436689034
0.05461636841054044
0.07632960404928672
0.09761700038807183
0.10402457008809737
0.10451939640896092
0.058852301370283924
0.10276969290194549
0.11600091896384299
0.11042363579925588
0.09906641196240064
0.04943781324153446
0.07934086506976024
0.09188347274455812
0.11511053387212454
0.08748367371627193
0.08101389034331688
0.06946637776028136
0.08942143812287895
0.10540245290523212
0.12962211802072696
0.14567135899468361
0.09447449321959478
0.049331379887018315
0.09347095980921398
0.07988226047426611
0.18910907070129337
0.05649255211859163
0.11299722433247708
0.07237343531854629
0.10138098825925627
0.29455052342703764
0.11034723126463244
0.08877718998222571
0.06441749006075816
0.05692871686671728
0.1569282848652924
0.06361471723102874
0.07396828117935014
0.11259564355309072
0.09130271076422031
0.061731132580449065
0.051145261860842346
0.08773923700556696
0.07532748318946193
0.05110289038436312
0.09969655776565586
0.1064204077822009
0.051804069135044345
0.0997244776771116
0.09564165759785632
0.0659501966634124
0.09011097030610583
0.08383261588657002
0.36730255209391316
0.15073149729244736
0.07355920941636522
0.08567495897853349
0.08453622239026452
0.12311096719747036
0.06238062213639467
0.10017001014364987
0.1452439758737142
0.13159935595666503
0.11402752205979039
0.07839203249624947
0.10454340068218602
0.14515828961259236
0.09004082919203915
0.13504799421629046
0.1149087396628506
0.05879475872362548
0.11159082007371801
0.1335329495752039
0.13437615071264186
0.1322527098120452
0.09366738235682136
0.11042805306117515
0.13940892762005758
0.04798274572050396
0.12550787924190485
0.15332438857074934
0.09427993709941125
0.11077461511057925
0.15798072670611554
0.13967588448778973
0.09643974518195482
0.13950805623027424
0.1037382478580743
0.14850770557783874
0.10612539084570305
0.11669242769890288
0.10434872819440635
0.13082310911391018
0.09195331572836152
0.11967683028019867
0.08792009017720213
0.0856097687193031
0.13498847918983836
0.12218879484710649
0.13150238826972455
0.1659188315021236
0.12512982000741227
0.08795771154638124
0.11983304655432572
0.10921644770798163
0.09415962623046426
0.0891381625744491
0.07026731502305464
0.07466021963253729
0.11575657435556388
0.19266676332077454
0.1250959966317535
0.10498699525126899
0.074069836030288
0.09951301964802711
0.1157314902738586
0.08746912435849338
0.07717771440974766
0.1246913712340513
0.08715291302130954
0.10755955607317212
0.12081429595251018
0.08126089825386922
0.06666467916347567
0.08194941359519761
0.08173198224356967
0.11321544370167329
0.08616969433360086
0.12923878318824694
0.09566133249840983
0.09194059997102264
0.08659519350953143
0.08299938352697159
0.13821028469233626
0.07198535659269484
0.10207148580089681
0.08795245151985105
0.0948534077043745
0.10833076111663015
0.07654500607753885
0.07602182896699283
0.08007247954444618
0.0860080623995145
0.11837184025264974
0.09728565305795334
0.072523091277745
0.07085584599872444
0.1329276584588164
0.09002330447505563
0.13453393710239064
0.11080775797626835
0.0748686060102833
0.11955013483205167
0.09577843249195409
0.06818489415151086
0.09887878721876237
0.062334840959563965
0.11132130083461664
0.09007899015625931
0.13694422395996877
0.07740411075384396
0.10273418845811594
0.06105964534792154
0.06442367516403699
0.062188692868470334
0.08743695961789458
0.08536222909165928
0.10290884403344991
0.0694608340965418
0.1117779095093618
0.07518453403184636
0.09631886071480071
0.06876681323145449
0.09643911308545246
0.06354366340333681
0.10877741424406308
0.09582703344451805
0.05176564037019872
0.10098395271307505
0.06541288743630143
0.12454161495563688
0.06522873343470265
0.07783540164012973
0.08047735934622137
0.11779384073552648
0.09652919440918031
0.10797696165741541
0.09886304737313416
0.0800862850029014
0.09415003847086657
0.08404694937193428
0.12276931084702966
0.07565695730969543
0.07336210478346437
0.0970845704839035
0.12125746423653351
0.06415689937670731
0.1277768675702693
0.06882551160090532
0.08838148768439483
0.09387509167861507
0.08052273963808929
0.09005487730943616
0.09031017548266332
0.07986273543943619
0.2927817623089021
0.06098434085757356
0.08408945571327954
0.3616898481301279
0.08318291472010479
0.04099961976361946
0.12924898912214858
0.34874723042257466
0.07350178684895468
0.09385891072473666
0.1003975399431804
0.10990047481125477
0.10300512847895399
0.10336384914966108
0.07251790640775167
0.13436003609605884
0.08265364257813035
0.07887121107135853
0.0952159855752811
0.05203187317420929
0.06505308616164844
0.3522067149674244
0.10858684434238594
0.11547664282611575
0.09450487690722183
0.09837725972980677
0.12279050553068675
0.1290235279452966
0.07125817995252301
0.08611419457098778
0.06046135103706825
0.09918086845361264
0.08235259137597332
0.08001119262350079
0.057900892704985316
0.09386154280340542
0.060557242153367725
0.1688353006200679
0.11748045984656239
0.14073367570158576
0.12722726318954267
0.12669255070597488
0.1023197099489534
0.1288244474249626
0.11756214193910867
0.07298935369726245
0.08063703140970827
0.10429672830147957
0.08737150205809885
0.11991702781095576
0.06630848564402643
0.10883567734336043
0.11777294231734987
0.09041408551231779
0.08200522005339952
0.08472143766648245
0.11656525246453191
0.09250881918830194
0.07249114377020983
0.07085644607812107
0.070825502417972
0.09106886280048565
0.09619201437360243
0.10444362178296557
0.11233007954544295
0.11043885786137617
0.12448910333840328
0.05971833428757635
0.10307701353266273
0.13064695067941273
0.08963698879515412
0.16711711816365774
0.08156400455128468
0.09095280218248537
0.08483368407966918
0.08426535777745864
0.04870277641940621
0.09636466109213586
0.07925021061002807
0.09789930792460025
0.1130910757054393
0.10308693283631834
0.09797751116978796
0.09613832953906787
0.12135381443915585
0.13055679776445214
0.11036981211135989
0.14909891105059686
0.07971062392825365
0.06217143797707707
0.1223977831691226
0.1346383979781541
0.11014409483086293
0.09063224400222455
0.07913912307559334
0.11808200941837496
0.12164980145931606
0.10771534967148876
0.1135110759147814
0.12820551354045284
0.10005254890265255
0.11477327048277115
0.13505524112464556
0.08051898177025348
0.0995132468925909
0.12427182395570292
0.10001249214622357
0.06645553361300503
0.12394939740018632
0.06694882477839062
0.05354706445912822
0.06136706316625077
0.26489897475026725
0.12241721813220847
0.11527040499306682
0.11064210331017937
0.09158550610079656
0.08851398470818476
0.10540945040334786
0.07501115260740805
0.09661648900271098
0.10107400582718247
0.10976724628476349
0.12771441115625895
0.10068713458952303
0.12048048394523997
0.07657970041063603
0.07453374069824416
0.07094048109545412
0.09671297360328243
0.09353970733879495
0.0849510598257901
0.07338619447305396
0.042954400136322936
0.1036969781080036
0.08645878213903281
0.0954385797620154
0.06212703785622264
0.09534227536314804
0.10042397252278208
0.14465779796652886
0.06792223946880364
0.15874271078762778
0.09844464122870095
0.11232740667217801
0.06108607793158407
0.14689837328708139
0.07301563414819266
0.06402964793992524
0.06468696962609978
0.11697946257850411
0.08854005562952827
0.12619719646800096
0.05996480840486127
0.11571065183238434
0.10953558196821693
0.06686440143637708
0.07434871294291602
0.12158556107865003
0.04951589185610248
0.07846534564702859
0.0957792352440906
0.15615207469347758
0.09041619567991738
0.09264446320043324
0.12887343188788752
0.10896894041093898
0.07772104189518021
0.07555765126259655
0.09646417661883108
0.09406853401984722
0.08779200231725641
0.15000226067889114
0.12166845090416274
0.08937824325486596
0.11146917152135694
0.10116245828128544
0.09830165890999451
0.1264881075853379
0.12039701508457866
0.11479212433447242
0.08731912194846865
0.09712432590080534
0.0961057025570501
0.14925840752127062
0.0357998850682305
0.08595945406908245
0.0959904044762541
0.09983383293900054
0.07467533512579526
0.0734232119571548
0.08024095434319636
0.07843591581079205
0.37288946998237066
0.11033215435727103
0.08180819889063325
0.09099089282785347
0.11079837611563531
0.13071465502992347
0.10230674597302185
0.12420094657876771
0.10169954694529863
0.08116316659752491
0.11887704645370249
0.17772144393519018
0.06450290407846765
0.059991794105329975
0.14618447994954775
0.15788738089906457
0.08952873308709015
0.06529307257539303
0.09465673319345719
0.09732575264648839
0.07400605081281983
0.10828278518359598
0.09951975087334881
0.09308721425653672
0.4294628870899305
0.08587129574414933
0.1344205915375194
0.07196798019391099
0.07382650123303094
0.0826962667791018
0.12207723411374576
0.1035494505920502
0.0574295472087224
0.10517184587714606
0.08622611215027236
0.07659395065605339
0.08568237124771068
0.09658147097392737
0.2342761098728583
0.048611536452092194
0.08140276150609514
0.08062627089331631
0.09103131955297093
0.09764752952734479
0.09038910470837021
0.08900699765857006
0.10374848198129687
0.09787572830752522
0.08420552089032178
0.08741983231269465
0.13423845944754723
0.15341792503273669
0.11555389776775418
0.07978816446698007
0.10797816884923886
0.11567099806596752
0.08774082581798949
0.10718964796839414
0.07980845753664348
0.11357795924491097
0.12436587755382557
0.12599524136385254
0.15047288037353096
0.12953890679613386
0.09501037986719323
0.06734334358151396
0.06982890132173002
0.14022205862093726
0.10565504874579347
0.10030695161496068
0.1318652784513035
0.056692191794071554
0.16849457033326465
0.09538573199013373
0.11610110448836859
0.12402106376572616
0.11999309726343804
0.14457982968074254
0.07601228511977533
0.10668289413014359
0.12032493469771606
0.09813624099222602
0.09946761336783462
0.12634985718138722
0.1575064031741946
0.1300370514678697
0.10768628674469978
0.11915860848205961
0.07957445414351119
0.09645807647410744
0.10820551076152905
0.10253734011692962
0.1068529920018489
0.1135812937111585
0.11748492111976534
0.05901574865633521
0.11184506813353289
0.12920203971481237
0.0836733543906258
0.11484927822005789
0.11358126391680726
0.11381137416814223
0.10166110719868279
0.1202497079204784
0.1541702890785101
0.09751313528418973
0.07124447829096499
0.09983039973326897
0.115845587966819
0.13692660500910375
0.06240315269960995
0.10646937607352912
0.09839897536704685
0.11113378679494096
0.15090845735613626
0.06258293130623038
0.10670718356063583
0.07776161732796358
0.12007074995539424
0.11449638400253595
0.1032978172576286
0.08003225171541957
0.07833444889692642
0.07379141901377556
0.1301109901208459
0.06300608295026072
0.0958472318254077
0.09297356717784853
0.11886232150332872
0.09951193665153399
0.0836523842143756
0.09439335081689916
0.09895427355461915
0.1415096937315013
0.5406223289274596
0.5996378321622929
0.5404837288165184
0.6504316242006594
0.5684727688861169
0.4978215265181199
0.11984321261029887
0.15585318160773132
0.37434102206064523
0.08113922829314917
0.09369727861673692
0.12158160190905394
0.10055152304652935
0.3387711609839856
0.11926331799778933
0.09571378179899387
0.13495077749693685
0.09617312715730962
0.09116304245065696
0.1389376658782882
0.1161135132378002
0.07729152801278891
0.13007293380326446
0.08630580864704954
0.11073631968633878
0.1052324848276646
0.1072928430094316
0.11171693618635514
0.11149532931490154
0.08202911723513248
0.1047236800152788
0.11432444868142044
0.14312174737938263
0.1268399680658633
0.10941501869242969
0.07501660978157845
0.08504190018474164
0.08718296569647568
0.1226267663173658
0.11066977656526436
0.10970222701977056
0.14926654703020692
0.1064973823706815
0.0890023743269362
0.13740088686058702
0.0997996381332897
0.09272524923107543
0.1012899993015458
0.07129345897581607
0.14068198098656234
0.10537155930450116
0.11971119948684461
0.11875163859602769
0.09823540106823955
0.12233327083555762
0.05894443797251615
0.12252680713040294
0.14442272535925688
0.12244991672991586
0.08525331126539382
0.06714306244801957
0.09597079189981973
0.09569274774699417
0.06154649467172022
0.04069925816412436
0.10778476860359618
0.10586504873318503
0.10826853318366679
0.10121803575344429
0.1018292084838147
0.15042162130408535
0.14569468373269687
0.11139804409694312
0.06825209176142513
0.09649822066824723
0.06296918851121402
0.07941927149683807
0.08531102579710342
0.09640734450991881
0.10406886109951498
0.11056881826305107
0.0667932202975757
0.4196512867534199
0.10333110489152492
0.08003057078608226
0.07103755784644288
0.4122881920155248
0.17287948587992602
0.10750761296435057
0.13354271958246866
0.09322861173322014
0.09856446420341897
0.06063923304650096
0.3970230956498359
0.43440478342757904
0.11621004333463052
0.06570711046577257
0.07953640512608788
0.07067167915934205
0.05986670884151655
0.08961979405872474
0.13018968606817466
0.13545653538359273
0.2585818884642494
0.10682430243324655
0.08632180129673854
0.09393034088235301
0.06656553212236829
0.12040859413871373
0.17159885730186827
0.08031624715851456
0.07259440930872187
0.3949366557498073
0.0971892070835525
0.12941158756818588
0.1074541800386718
0.08186192346554606
0.06957258842701954
0.08102333821890934
0.1371860365907813
0.13000388007138478
0.44533173405798576
0.0903790861590779
0.04354353604171925
0.2784760057814633
0.20419837629813384
0.39850661704541707
0.11155226844912405
0.1275478419798277
0.08565692349486702
0.1989054763607064
0.12821735007805693
0.17557277558403514
0.08951833913247036
0.13782080305641006
0.09810771754074848
0.15456177274899519
0.08174273039606729
0.06831157116554358
0.03457458074369607
0.11094635283598986
0.10488757812189142
0.10070141776758378
0.05604440486054153
0.05587448806625624
0.11407241550740552
0.11582639403339927
0.08676724992366099
0.06786887806478113
0.16455744559170046
0.029842773463636153
0.1880453004409067
0.18785228850122623
0.09972321585454014
0.12666146462821323
0.10989747705496075
0.34990032448390257
0.07653129708239773
0.10113614623480749
0.10106942222202213
0.12377922277673493
0.09551600470229435
0.06590914461280518
0.08016687755247673
0.14736007350008606
0.09718468900404732
0.07319795854330205
0.11242714284719735
0.1110284830378961
0.15821560917636163
0.1353475081852698
0.11919119726051283
0.07419271695296716
0.09312104157344636
0.17313282732959004
0.12011696811638824
0.09403122905439651
0.07804611736888224
0.043992396504630514
0.1308320248997625
0.12938077778527612
0.08744958181254196
0.07873870895494266
0.053671581035790054
0.13715031028694058
0.08470854016392529
0.10585915809195222
0.1281311520314443
0.1012781483071186
0.09483313890585357
0.0772221964452258
0.10190660891815058
0.08434921384556106
0.09936811513644175
0.1237652887048204
0.11132276474437143
0.08989478336316674
0.11029326839262266
0.07913461085828956
0.11551871343197684
0.11279478926499692
0.08441254837854169
0.11490055000901471
0.16880548629650202
0.13089499362405196
0.08715600061217194
0.11521827870948993
0.08555620762690234
0.06381989491120686
0.12925623877843298
0.11642884146420295
0.07771531678834934
0.11725309772101283
0.07057110228556529
0.11237339243544756
0.10838168766765878
0.08087027571037349
0.14134530485489702
0.2696143053776274
0.0984930443631957
0.11035999939337814
0.09760628918089134
0.10859924180614251
0.17598036174456272
0.1477765699788352
0.11643367030181101
0.10976979550871932
0.14548935434546315
0.03749893900437635
0.12990544088262365
0.0934772327284079
0.12911240695022438
0.09704991035067877
0.12451660070707994
0.08492588014637523
0.07062963959596817
0.11339028679446286
0.1450566057124544
0.07696474384416638
0.1357165119250826
0.11877024687683999
0.12186358296434063
0.06991551229144889
0.07038795162049524
0.0926828680142472
0.09363225845536514
0.10684506904498045
0.10581211897226021
0.13297810253945722
0.10230790071997915
0.0632726354181712
0.12399694054087554
0.11867293598331574
0.18220904021174023
0.0938658466463471
0.0923610339533107
0.14642980073313314
0.05134245132845896
0.1132544244555441
0.07992556845635947
0.13836597661938835
0.056668283243619
0.08000352668043349
0.3079819385306334
0.4250583004012671
0.12051093745136626
0.09105903580609699
0.08213333435682746
0.0563685189481621
0.07374722938366378
0.11242414234497058
0.06607060889640558
0.10972604979067548
0.16540992912642546
0.14082097888086823
0.11451933815943811
0.08482057798124985
0.12655476339887559
0.06533837668562409
0.10730527087533498
0.10335444168903889
0.06657681387269987
0.07258017024147125
0.0677842529241277
0.12477051155630774
0.1395140251510095
0.11861138089988019
0.11499787328255509
0.16144132059008173
0.10979278204179074
0.06295937519518341
0.15470258348767085
0.14618343546858184
0.12027651797867127
0.05578961625947463
0.11456129846483425
0.10415533116272031
0.11293391181457407
0.1385463955283556
0.07029780454983942
0.12250678466404134
0.07756062244331796
0.10565025648840878
0.13857137719390905
0.13707758520924446
0.09362131917428872
0.11786551658025142
0.09931761181671939
0.10585562785736768
0.08740004484194572
0.0858681172253993
0.1270668749282289
0.09296099854347922
0.1383588487063123
0.065740691797949
0.08707249362779584
0.14116605059756832
0.09228708025520382
0.12060565429222708
0.11509247042944931
0.059747748788607405
0.1441036451332486
0.16671055947233085
0.06773796340383952
0.10801478726534418
0.1390642872683355
0.06009422203841225
0.12227235806882747
0.06217794347030652
0.1288266013889649
0.11411213446384286
0.10004518682199663
0.13045829760260547
0.08955557808130517
0.1091424644515849
0.1575305334987482
0.06342254446810054
0.12313065012667362
0.08478306100241596
0.10490029599412685
0.08951472967182894
0.13627582030756194
0.09138513014222732
0.18363616543019365
0.09406720146883389
0.10231373420336501
0.10852526076987089
0.11919415556361526
0.10275666063075255
0.06713392840624498
0.09775059938781729
0.08312699833307775
0.11873052405095215
0.10578400676328689
0.11264602059829855
0.14103624977774157
0.1575017249901474
0.14792855123463297
0.14239081399384065
0.10615214250577361
0.10068632607174466
0.11363646664848863
0.0864923137419413
0.0968441171162307
0.09253925815376379
0.16441383703362514
0.11733086339097151
0.07906721254020817
0.14371401366741207
0.07724187365507025
0.10661550931916255
0.12141508358785277
0.08088353407460865
0.06814630968285292
0.13969660099210437
0.13290135772330292
0.09232239704858623
0.12146924837028124
0.10002520235860818
0.1046868038515019
0.06643278882142283
0.0854719894893066
0.11897484029783346
0.0846448593774876
0.10994308704056847
0.14674193843880048
0.1758817740656968
0.5951863494017688
0.4843723294864383
0.051045227921710616
0.6297685154474607
0.534926868575988
0.6200543523437225
0.5201221840388575
0.625852081940126
0.4100709958616478
0.5872530988595923
0.09890162932109002
0.189117833354071
0.049852698692729756
0.10104000421852913
0.07535359426648425
0.15906606150209446
0.1194685725797218
0.0995898004816967
0.14339134405977258
0.09320513921628003
0.10263193105437254
0.10280500934760058
0.13136234829628013
0.1526406065649303
0.09844544549269865
0.11594878336515993
0.11939779652745428
0.0982472699424352
0.10886703929129175
0.07267589873651124
0.14110727977144222
0.14931493635048992
0.1068518877507188
0.10104038152591832
0.11614604097557263
0.07078202717183683
0.14280622174375113
0.12826411358224138
0.10560963214686425
0.15856525724417028
0.09495328764578359
0.10485350621567395
0.12358102441502558
0.1004289826542751
0.1044089207652661
0.08239759657289394
0.1109336931379503
0.10620617175781386
0.15420947520979955
0.0962481599496932
0.07691735571688062
0.07649166326117392
0.1494643914821022
0.1216447179889832
0.12294224405411662
0.10921808687338856
0.10512496451512686
0.10722147225343255
0.11554497117354917
0.10928384401036083
0.12018118661800112
0.12254498344020741
0.11820354284409716
0.08175012229516436
0.08416668586775493
0.0970581870058344
0.09131263107150946
0.08393209857455994
0.06139028172726069
0.08055080081051458
0.12084780704418842
0.10445986469561537
0.09024209567557483
0.0944556112707663
0.1339603028537271
0.10633471163305112
0.13841398726889825
0.09105982181265512
0.10838768828787476
0.11968075368424223
0.08391903544805651
0.10120464049541472
0.11753532792451296
0.09402478853095525
0.1362517827569238
0.0965478761839966
0.07327220978615377
0.14911250405901894
0.13275518037970846
0.05146534822827739
0.103833434791835
0.13219006398093297
0.10874710886335895
0.12455513234588954
0.11006036102673894
0.07232941755214957
0.11590847709789738
0.054464493978652724
0.11097169647065872
0.12076929919294675
0.09668465862659381
0.11341776016191622
0.08355616598572811
0.0937125356095652
0.11279490478370911
0.0835370574352803
0.12029676204126515
0.18818700345138314
0.10155315385379458
0.09535067176173867
0.10238082697098125
0.10560601492350642
0.14240444474233724
0.12157620784292307
0.11220709692006185
0.13108839214116041
0.14467817587355913
0.17263163226207467
0.09334970898165944
0.13867987256243983
0.12243328847252982
0.101584857794118
0.06832165743863776
0.09694510110178692
0.13299799796163547
0.0849312923391421
0.11269270437257141
0.10696000286114937
0.07515295323892218
0.11360605896093169
0.09018965409040454
0.11198347020942699
0.07885174926247013
0.08238243734443662
0.09784677221044465
0.1125429536866984
0.1325840888966181
0.13464681520827612
0.12887547640890618
0.14100037811412833
0.0910826420303064
0.09051283789067437
0.05951556872170501
0.09501456870115896
0.11426522397370607
0.09554912584067722
0.10666969392037466
0.45468829918901466
0.11179815944057755
0.09709650702614614
0.07011645278737957
0.12615127442416785
0.2782394205460169
0.07067071327778003
0.08748481954264083
0.1240300191932171
0.07088211151721346
0.11777685383633504
0.09198910640871186
0.11840379946887016
0.10000668509232191
0.06794399255228398
0.13922801046562033
0.0852426809443649
0.08030585806085841
0.13248722320752926
0.13753296498117193
0.08648989136799963
0.11780362674228981
0.07181187085430527
0.07465712367089979
0.10467776644629173
0.08482590841386443
0.07455504470082482
0.05168664337492974
0.12142748723013091
0.13746980170124928
0.15141938386368328
0.1250828701497835
0.13819121371164136
0.14587282017884326
0.09206689758087139
0.11896058983059664
0.1412185862342209
0.0755109192977772
0.11595177753845715
0.15585430834283448
0.08083956088855546
0.07834292661631634
0.14949346839183145
0.09681196187546723
0.1630058442282631
0.1324500838637943
0.15592702025592264
0.06612229617984165
0.10890525133853694
0.09979250388625723
0.0771503184557816
0.11825029223374081
0.07216120020196427
0.09128280061576612
0.06302545661859689
0.08924855338624328
0.135786563528585
0.13826934179856096
0.10389745080741795
0.08956157275173905
0.13995133872555174
0.12102438128331681
0.10574788809471629
0.09554006667287825
0.12942555000109818
0.06829062130422325
0.143696004914154
0.10285741285309442
0.07352060212683113
0.0795484957480285
0.12222720292847034
0.10868975405005991
0.11764798354302274
0.1340500421197021
0.13789152913983954
0.13587773883787463
0.10410884879229905
0.12617399514092675
0.15990327088829162
0.15565041052331974
0.10642394123540162
0.0712715974395432
0.09556661396389184
0.08726412505922004
0.16029965803793514
0.11736164222679035
0.13593265769668886
0.11149491134045185
0.14089841667427844
0.10323251834947612
0.13472538234473724
0.09657058523710926
0.07477880131587625
0.11590557930285769
0.11059092676274655
0.09862644858895174
0.11697683116800911
0.13250889202260108
0.11433472113886176
0.08379199495965459
0.11141931500490436
0.09345134766459151
0.08223056912574422
0.10330832639866305
0.1438125137188371
0.13985294443509982
0.14657466322495666
0.11847600726347113
0.11135418527339849
0.09267004367389094
0.1484103471952046
0.09302138106326699
0.14077795529190387
0.14917678801274523
0.10016341840188359
0.10977639288745225
0.12880587410219924
0.12661259696875632
0.06782186980474546
0.10855427706028672
0.13041002471816823
0.10410721811855071
0.10635223421371877
0.11799693896671926
0.16907102267309035
0.11173550498180138
0.06214954086876478
0.11814385413876814
0.08368256212150878
0.07737225606553416
0.10963090403630033
0.12750750788407453
0.10210206024093466
0.1040618521128341
0.12862858411680206
0.23629390363336786
0.13447839244500773
0.12893204643677517
0.10402718651767545
0.11204455997602017
0.14701250550484385
0.1116683478307374
0.12653158571346582
0.07373917737845323
0.11950249235601695
0.1545429357290466
0.14928195312007897
0.12894063998757022
0.12088216812756615
0.11915082116987018
0.1527375239764521
0.15000823809985542
0.13726771115692765
0.10863183569025903
0.0724125398286556
0.1766195099648774
0.13047211435850067
0.11529020467336204
0.1105032620839707
0.0965224018218574
0.08205727584327341
0.06804517654760665
0.08077123087775395
0.1654891997094789
0.09220247668098587
0.15158846329544715
0.1411874523623006
0.16597056797378887
0.16880031208383814
0.09746476097946973
0.10863813468068953
0.13525643135794624
0.11637992501353592
0.07196429684719029
0.08670494233284279
0.11023475453103736
0.11400441608367905
0.14301463770257639
0.16142264116334812
0.09435927629066196
0.13532146138521658
0.1061587616954403
0.14061269523546271
0.10916644055364302
0.15231449952057294
0.12704653941736027
0.14636239959752362
0.15004679346954014
0.1052285664446674
0.10599051772753437
0.07368858074106432
0.10853235750139713
0.06940653741575989
0.14450725913307325
0.1284131358046493
0.13111758280367855
0.10042222222613266
0.15775924991454596
0.08318230403377543
0.10121574205000891
0.11173919541868597
0.13170190431698686
0.10889041563983158
0.2240709618049636
0.08669743370764903
0.11572219596780883
0.09749119185547742
0.1006724609856177
0.15045049170082678
0.13629256404107465
0.10736265338695751
0.11973116101697615
0.14191646712040631
0.10526466478851856
0.07831061328550028
0.07315934861417418
0.13940453777267442
0.14434987968828297
0.06661800898308919
0.14517486186933157
0.12437384886990065
0.10814838461229606
0.0630277378887997
0.10559402952578693
0.06833990281940341
0.12572587096012988
0.08771230274592184
0.10001850354546898
0.11831298279328409
0.0877006507771548
0.09730409902165928
0.08940207042923522
0.1379086584702269
0.1091866067065584
0.11811473066545222
0.15866298400268805
0.12037655716036773
0.1753495133390727
0.09930584996231537
0.11502111156798396
0.5525501531562886
0.20325355660128824
0.4269923417583742
0.13475934365900236
0.11439577396012063
0.0835941912638224
0.07364960972776975
0.2068499777362765
0.09393714570053166
0.06311887077945695
0.1092279732965168
0.1022460738548963
0.11254043792326378
0.07440908570752211
0.09805036420628602
0.12855855680169367
0.1128423341300982
0.13024004619998378
0.06957425624290563
0.05573921302245117
0.08496366544703393
0.10667463213178323
0.11959854850764629
0.15604666111510007
0.06992489449885887
0.1192942548137075
0.1147666976908658
0.11723010837313774
0.10258816856891798
0.05787282456407634
0.1233792500065236
0.15200522810279787
0.11152345185283513
0.08874023644290518
0.10675476075867822
0.14657384821567737
0.12207864852465898
0.13257862812866839
0.06535872112636436
0.1013439075963673
0.12121867404424984
0.12739500776851206
0.10464402067595105
0.090252568505628
0.13278074276900365
0.13651661068010046
0.11087967800185601
0.14493438294380068
0.12240227118109666
0.105298966579203
0.09769756659266907
0.11268373071666815
0.12657009307169706
0.10448209633983635
0.08704437829689789
0.13481508463000527
0.1331378776069832
0.08687894795840848
0.07326752144560013
0.08235466345779723
0.5483656611826533
0.4303250962925306
0.11204737887022719
0.07461652082244906
0.46813811961666396
0.09632931163706915
0.12420267485187668
0.09129693218903343
0.07332843395474552
0.08310129159722339
0.13923503721180466
0.49550184633441374
0.2873807233269365
0.07333762157394436
0.09245089193460304
0.10986887994306543
0.0896587053274667
0.11218967386409423
0.08900559149911286
0.08681009404864665
0.100280032666898
0.11199931531751868
0.11541649017539249
0.05939677374742128
0.13020214805587224
0.1011727929057593
0.10344973961099822
0.1513417728149458
0.12536627353874863
0.16624980832540695
0.1245235128479849
0.09738448229035872
0.11742040094661528
0.08718920443850339
0.0937101202026311
0.08079211303894417
0.1043289334718428
0.09616702972083727
0.15019532409561792
0.09166445550290193
0.09849979814324895
0.16457275625141313
0.10396649294293389
0.1296166569269597
0.13201432944757593
0.15526856320792906
0.1305007793175187
0.0891436265403614
0.17738089461047704
0.13414292403824846
0.12857615372279393
0.13660307080156936
0.143657961967144
0.07618596905062457
0.0971020061937014
0.0966066293618471
0.14180054584958485
0.10236007594956589
0.1293315330930995
0.15742157756180905
0.10531284963118437
0.10956848387380931
0.11180353277286774
0.09756896930582043
0.09460183317655833
0.17071453570918013
0.13856274734497495
0.08137235112508556
0.10302679243633549
0.1474326669453457
0.11357154686960375
0.08080159679953
0.15967204737360363
0.0961387699078688
0.09016149097848669
0.1408631923435186
0.14004937131662015
0.09138061815728236
0.18678987801892932
0.16285576181850347
0.14526992122839413
0.14582420920096772
0.15138044901292
0.1489197565685474
0.08653859927708278
0.1044140116894499
0.09435112463423512
0.1308268918515732
0.1140106733107514
0.16178325700549018
0.08191294967278795
0.06164301385949881
0.10534399186186184
0.10873267974159367
0.11061775231122013
0.11135002635755181
0.1072168073981047
0.11611216540983141
0.13182096163686752
0.08985623232776463
0.10183197995868948
0.1888161073384673
0.08419848629654002
0.0925879397959716
0.10750219147279931
0.11260661060360963
0.1117035822292779
0.13893761358865447
0.09245572731535721
0.08551787490388824
0.09088701845918383
0.13141785608694959
0.1511278702459488
0.12939100682168736
0.13698736822146151
0.07861607770323586
0.08969990559601773
0.1594443732008403
0.08993646801496151
0.0755303307042816
0.13480136346608004
0.13694782583734338
0.12628325214840191
0.16752686926960225
0.15406155470124444
0.09150337790187801
0.14610663165158777
0.05719080956244968
0.10551408721962037
0.15150428199782165
0.1125553895385527
0.11169672840825651
0.07829124824943111
0.1234277424171623
0.10741470039339523
0.10162814085442502
0.08271931107532536
0.10604638744001946
0.07022538604375023
0.09893590563509638
0.1384390887257252
0.08393052115299805
0.1571464225117795
0.12536923172508402
0.1275417704652088
0.12287572882971819
0.07405073710083322
0.12809130964598228
0.079242440585175
0.14947231583077208
0.1580310324672127
0.07116641609162186
0.10438480682948881
0.05723502746705517
0.09773223382131756
0.11800020339314199
0.09848414478004394
0.14204898109606443
0.12374965725426629
0.10241242913875531
0.12551603068898357
0.145321302492089
0.11412741202637633
0.1668625506765247
0.10295406093838042
0.12262662972702411
0.10100606768598817
0.13911657208270406
0.09351879269655816
0.11840619439908903
0.10549263349979905
0.17155033519274415
0.11550716750527201
0.1408254642889744
0.14613794787628284
0.10160322788169143
0.11989436967366876
0.11779808814640672
0.0512450212736608
0.10130430351534307
0.1252778810978391
0.14095935860508474
0.10015083969835234
0.11246789705282483
0.1045141593446116
0.15656629713441345
0.13708395884150243
0.153615649841125
0.1413830324101236
0.12234709504731611
0.1037971423817657
0.12696870760571108
0.13102044356202167
0.1995954664473921
0.10483688642320065
0.14697994484654983
0.09099102262942822
0.2071513526341267
0.08328543334630159
0.09830035632998399
0.09512057976622791
0.09079621513543293
0.15778775643982876
0.09957140252628835
0.09886018477678153
0.15123708012704645
0.13418900605545195
0.1513388182590044
0.11375540345218206
0.10319218613820788
0.04613333743987402
0.08326988312774176
0.07405189990676857
0.14562326386531393
0.14522985180195389
0.123702263673352
0.16945719672220855
0.09225141685008778
0.09213997261440075
0.12281497071123759
0.09437676222453659
0.1104422895181619
0.08591090917183393
0.632233447020942
0.1294503222496827
0.10541405869680949
0.1266310766596383
0.16839948902066798
0.10210922057984001
0.11885467177916267
0.1210396363604192
0.13819519940405384
0.15342754124777347
0.12424905741787014
0.11382853286933568
0.16075471778797326
0.12384154823001159
0.1256690038708862
0.1410473158771147
0.12444408613644938
0.08714851462248406
0.13548932742305092
0.10932205146991354
0.11503561909671922
0.12549884103289768
0.09636324208283051
0.1346386609654403
0.13624619035499733
0.11016935505885148
0.08337184820984077
0.06487797763389287
0.09555051229396264
0.11920483160002676
0.11550872167353325
0.09745875887342027
0.14716589222664228
0.08338237687207972
0.08965540325326966
0.11082378231833846
0.09099083534936447
0.18367352600327239
0.1599155129271762
0.46494477304670445
0.09869094751759079
0.09202158351459327
0.07940291059694946
0.06695546754487258
0.0920028297783134
0.11992185568662624
0.1419209971358926
0.13311097914620465
0.0965473122807601
0.13853025945978528
0.08474829878663777
0.14612371984566852
0.19506929501032236
0.08614305174086115
0.1330528791306793
0.11846481699075809
0.1392316827648614
0.6089485270630516
0.17887044529710683
0.19800984345941144
0.1273361505824036
0.17303882781923316
0.1130785937471296
0.12379742407938474
0.45176268238426387
0.084471793621086
0.1400846531890602
0.1383541441856858
0.1465164115257382
0.07083407055527594
0.1130419561447734
0.11715267223983729
0.14855587473736484
0.11351270106417793
0.12730690557848723
0.11418397598909306
0.16254304427280686
0.15145638737478523
0.14560577616651504
0.09816043181812856
0.08061164401447948
0.10792530938277549
0.10853082936937648
0.08790007787000823
0.5166359972120428
0.10730120516282801
0.20041984359818701
0.7331690729102146
0.7435867493932807
0.9758747643036916
0.917835359701595
1.073091085233856
0.8491702300912993
0.9767043581720448
0.964183314004025
1.0930667900704345
0.24219014938425076
0.6373588810993572
0.11002535703183638
0.15730544767311366
0.15217467195751153
0.1290726390273376
0.14231147237668149
0.1326458851533215
0.12570152931156045
0.08047038245896203
0.12682031085890363
0.11321439443178785
0.05738531840556512
0.1447451239351304
0.126555277597516
0.1397788724425742
0.11362107989087976
0.13712070214516844
0.10670048532100614
0.108396313078052
0.08692545071010567
0.09197199142180514
0.13001088982546605
0.11371475241723661
0.16722464864112258
0.1432601734154723
0.09249386499669829
0.13727084983049226
0.11657132844645839
0.09301708023893455
0.13784938722737833
0.10799810390675955
0.12352196687129342
0.10379907480637729
0.09255053496253335
0.06749745289824316
0.08890160447804328
0.11776485754506862
0.11113430182989036
0.10897997366039124
0.11240062554250066
0.14055292253871077
0.1226772862721358
0.1385012194624101
0.07020138055209425
0.1219432881468378
0.08520717184789556
0.13085985466209626
0.10840075955529756
0.12030966293560995
0.1576127564366226
0.10678608100841434
0.10647955957584539
0.12841719182816427
0.09346268223446343
0.07870776572410879
0.09423286952527044
0.09454970093937572
0.10414178673180799
0.1009999784629879
0.09050716341693736
0.059855160322418915
0.05600917828211099
0.07804568603476948
0.1255034580548151
0.09918991717997619
0.6125171570384419
0.6293398981928519
0.8446863257334507
0.9303553131799253
0.30835618361446726
0.13235907969981678
0.10503633864299763
0.18748376314562482
0.09669955986382471
0.17365599539560783
0.15886110922824992
0.14456197210811927
0.13321342080309032
0.08430668856322455
0.10344205602734359
0.1284873624773797
0.09209459787527081
0.15442129523411655
0.13895060367589868
0.16839829881580384
0.14169591705563628
0.13937960266931532
0.15801852403151584
0.17437371959769218
0.13238566595890883
0.22077453009474335
0.11694390821416882
0.13241907589288543
0.1828671019626464
0.1364209585525771
0.09479415275120812
0.0922051236429111
0.11860624050694694
0.11415401812593175
0.1549122554871138
0.0961789112602257
0.18469763623011232
0.18683136241855888
0.11151633585662903
0.14828528740318397
0.10581850416718502
0.12128125070697184
0.1309955971065326
0.10212193837169746
0.10864679873927975
0.14287421685002033
0.08367966926204236
0.06970291578226075
0.14635417075648696
0.135726388766506
0.05817560568056378
0.07347522657725478
0.12634418188687804
0.08382177739826395
0.13480655496177565
0.09429011433605924
0.1065752590884731
0.15099839129953954
0.1434727105271429
0.08474222502109562
0.07982585662035409
0.10612186952225708
0.1297147580830082
0.16160304175605453
0.11337903069168258
0.11730385297160857
0.12300686935500779
0.15315026046195224
0.1331873902712748
0.10821166323276046
0.10285953679917527
0.08883027183937647
0.08686528224411219
0.19198935355454477
0.0903632056351121
0.12109832741037702
0.08993441025874793
0.10620026732961822
0.10167455273556085
0.17193898779612576
0.07237767782065298
0.1270260927228185
0.1326529344485668
0.18296431280712297
0.1299007573167721
0.11219695740675288
0.09945855298963924
0.10822223205513373
0.11826326481744044
0.14984009972948514
0.0984884575810621
0.14053470527978243
0.16296739321112125
0.14250769818162445
0.08802290105227037
0.12775185642854903
0.1344979201407813
0.1506599416031059
0.13302381062327867
0.10130059071368783
0.1295576490557061
0.15545796667004474
0.14351528485388232
0.13813439104372693
0.1183120866947271
0.14044141568746116
0.11782916490492552
0.13363232881576154
0.12621099604579436
0.09404340481624936
0.12586266667221405
0.16263801882856915
0.08799618123210502
0.10413898434313618
0.09155009800567393
0.10396542098432071
0.13296959420406473
0.089127205687583
0.17297667801919983
0.1481433789840654
0.09720872753356401
0.11286953612916541
0.11493717995053505
0.11989756921799544
0.10976772694039717
0.10642002929349695
0.10463479127414105
0.09344598465297775
0.1443778004658896
0.09602825682690698
0.12484299767525654
0.11698391294333652
0.08742838024652752
0.11463153828149292
0.11859412498379511
0.12092929074585933
0.13328559751968513
0.14108133416014634
0.1294485884900575
0.1396196723047273
0.13642549838980744
0.12783473466117343
0.13043379023108068
0.07498544872082685
0.13032942179309237
0.07706972009982667
0.08348572973530685
0.14448858310142487
0.10453727695851538
0.12523667188411447
0.0749531711831356
0.10587943708688018
0.12814603090475216
0.3015936232113982
0.09969710185679985
0.1426648965341971
0.16126469911947483
0.1194451832271704
0.0901696516348131
0.12861188128023818
0.08549369237217036
0.11754945617867094
0.09166220108622099
0.14070476698717851
0.12853166338179683
0.09362451325436592
0.11553009414702935
0.083848901157957
0.05740263663743998
0.10661881474352565
0.11535806820398482
0.12186179231535049
0.1562774372846084
0.16379511712003975
0.1108144852777551
0.10459232393710338
0.10861127798920353
0.08973907956232799
0.12809345225137433
0.11451798055666446
0.12158616421385467
0.07585302594825342
0.1388044240911798
0.10852226993164016
0.10624563162748411
0.12368802724119278
0.1075265968763579
0.7259884967003146
0.5668434267419877
0.10114677308061115
0.09184752150667265
0.09509222220827174
0.07663948611469941
0.12150747892592398
0.1327104009560003
0.1477106603366659
0.08612613648380185
0.12412920124216767
0.08995509391674904
0.10878577664677878
0.14214756119887295
0.1050717458438157
0.11147224879359274
0.10641061581420487
0.10831394636401427
0.10673207408298574
0.10454275126721138
0.1123283096939437
0.19978634062449938
0.06388340587062535
0.1513038701612228
0.09830625227052497
0.11369360750560888
0.11672100320322158
0.11943699096089891
0.10852312327669936
0.10682330684395602
0.08056557343048736
0.11968595280469116
0.12877875080805012
0.1204229901089509
0.09455675380599755
0.11921123353704763
0.11466140999848004
0.06832894517093058
0.1461402416295362
0.08946798070328209
0.14026082406974924
0.09449943139953848
0.11149240412299365
0.10517264867751297
0.9500837654990815
0.6276318360508665
0.14220807355551796
0.8342985984146676
0.9495388678723995
0.9827226080733317
0.8192137770670687
0.9626185856191061
1.1002794036830732
1.053494122850448
0.9361537089468849
0.7097911361150812
1.025654060864566
0.7343235078576682
1.0871196786264512
0.8565767499756145
0.6966282054030958
0.12343028167587125
0.10931935241400177
0.1593800165655736
0.10830921725304492
0.058183496841839134
0.15860700409351058
0.14195286391548204
0.0849013883775376
0.13571276110998023
0.11124308967008163
0.09503590959518032
0.11638594728420633
0.04396719399100524
0.12832476032999543
0.15022584570928363
0.15829541775041842
0.08291347824674505
0.12490969720578873
0.1816994185414194
0.08573947847893675
0.17567963278873586
0.16006749966097622
0.10890111770375006
0.12099930930665684
0.14533915564849084
0.16533074177204238
0.13059855683214117
0.12192043163970871
0.0876295310260191
0.1234011616700922
0.1708500534169826
0.08881559259060444
0.1069140004442853
0.1619122642977489
0.11116169978680342
0.145963965701928
0.15655870655673568
0.11750769628154126
0.09889454844342288
0.09860916368185199
0.14529160065922592
0.17125290372685975
0.16806121119222467
0.09655030018059174
0.11782498571539637
0.10540880713936228
0.06553619696777228
0.12719811570397632
0.13225431180818986
0.13611828036568802
0.11069844711085468
0.12580734607590463
0.13878021848584346
0.13533413068834482
0.15297713338946306
0.08816437093425061
0.12527776558272644
0.15943810629413746
0.1787341487159944
0.15914491703983089
0.09714787444626066
0.1286453889157473
0.10526120966485923
0.07498928601590442
0.07078609218330725
0.11967441695124494
0.10728921338292098
0.1495789699515538
0.17645000083558138
0.11167115338680496
0.19408028046313364
0.12063621930452739
0.10335047998556023
0.11294438241002171
0.14599569914882127
0.11820593374729903
0.17435950219346452
0.14662616130293063
0.14785629900105657
0.16645082294616356
0.12031984542428444
0.11732545721732675
0.13843757267647558
0.06451375091371751
0.15136293848649143
0.1877878111937032
0.15437921527962073
0.13859305199917624
0.15617857571255292
0.10499988923513032
0.7256253877980966
0.13307452834915126
0.16161457984588629
0.10034528914751872
0.14881955127929627
0.1633134280589057
0.15022531447548715
0.13921433185400883
0.15399994778986822
0.15335636515760556
0.13791101331554226
0.14261017704543338
0.09793708373292098
0.08888155411430423
0.19244821988881938
0.1211420539936056
0.10604827146015827
0.11922927880538603
0.1420055483676611
0.12052022377180112
0.1434296092597729
0.20634742367044187
0.15089541069674323
0.13658847030005986
0.12753849975438764
0.11809302869940703
0.27565370102040637
0.14097771800274825
0.08717760471789636
0.19149899615739222
0.14230990733400425
0.11602953121320275
0.16133044367420385
0.12244475537479876
0.16925816826359572
0.12600415936990672
0.16210188774475565
0.1326140108702513
0.1341591952360079
0.15417306199016753
0.1298700915982827
0.19612431908951847
0.07647821128693935
0.14446610598723203
0.14435457639691873
0.12313858877859388
0.1306266639930864
0.13857027101023897
0.09983116751367119
0.14240409295370218
0.08399928535753327
0.099971952524873
0.14319952829332086
0.13781592316238644
0.1493434048343589
0.11427786309800794
0.10550612777565878
0.0896150465254976
0.1660942591715752
0.11712772171217137
0.14729854978399382
0.12352763201330147
0.14803381162751583
0.12095745346080777
0.14603765284721698
0.18072089024413782
0.11999821997508309
0.04870902048125649
0.14219357387791565
0.14745441030110293
0.17059630029139017
0.0770995472313517
0.13627429350384887
0.09871524714965167
0.08353108488549449
0.1376601095099822
0.13784107859048267
0.1254625195656359
0.1196040122746281
0.13483216895970093
0.12085941221257569
0.11262680468866881
0.16242439082318208
0.12761003061820514
0.11897023651686617
0.09257021360545091
0.10235756510641034
0.14193545835037444
0.10275450067205075
0.1235615222409832
0.19500841978494157
0.12294989340890895
0.17313603071362807
0.12597035373094542
0.1341735465292783
0.1056847692918337
0.09166601752551942
0.14775301074161115
0.14025443957048386
0.11583898336157988
0.14601790114761176
0.20329308725552758
0.10378243397012384
0.07016325137889642
0.14555033297735612
0.13785216869301245
0.06736811398713431
0.10492465880357578
0.14543710277074232
0.152357240170609
0.08105144367148528
0.12857574377789832
0.08705787270815873
0.10170466468666282
0.11451927289924378
0.08648171714064892
0.11535855825497815
0.12513514683364763
0.14504770505219297
0.11004649141556641
0.2059196800054596
0.13663226062971573
0.17688123293535452
0.1367819985335547
0.1569409943091106
0.09099662575362931
0.09839887560230291
0.18014602590714593
0.12341438274362108
0.11356068209637696
0.1401491117400569
0.13461080311998996
0.12965758644976905
0.13396835388993109
0.14277157938915475
0.10405167405559326
0.07446037479950468
0.12578739068441902
0.13446630884827407
0.07781818163458706
0.12442097787218426
0.3651488118877827
0.20846958084971007
0.0986967876823313
0.746543683294647
0.7312205818861502
1.1739142861822656
0.4902307863613653
1.1475599308675777
1.1219573714333049
0.9099110991896724
1.02756032790476
0.8185449264584782
1.0830431384070236
1.053412436932503
0.5588679925470557
0.9663616478739193
0.8109237948098631
0.7777794536593657
0.7988223298331789
0.2623630077828797
0.11431716329748275
0.1720271365666537
0.11736775767431118
0.1798053038646738
0.19272839973592942
0.11209289988179931
0.17346178835269607
0.1338527656806107
0.1574766582610038
0.1924697798543807
0.18926485822107328
0.11356426070138823
0.13944484252989497
0.15042681582078415
0.12286104387964461
0.18392581513260037
0.13814414839398131
0.17555088511775765
0.14720488730058168
0.1311675313463072
0.1546760805412031
0.16485351790873365
0.10327634356684447
0.10671915796529079
0.10633412015634978
0.145232740354894
0.2332640741706667
0.13485056088306752
0.11343646406780006
0.16563483876414622
0.10185664301498705
0.12491492628757304
0.15456804667880478
0.18534582549584325
0.25202602655746736
0.11976023100248095
0.14556527372080263
0.09845388782300153
0.16722806281496402
0.1373762285123983
0.118947139022048
0.1141093124458753
0.10111901606664475
0.10046295600559489
0.13594170220758184
0.12148393272222399
0.1325490631924905
0.1716403702404119
0.12378520944198258
0.14978168935278172
0.1696183760360286
0.14889599400477324
0.1479198074275513
0.13694466871874075
0.21315944757677543
0.12137951381840284
0.16306686737112291
0.14231288159026217
0.16498816631013374
0.08119412738982448
0.1551275415184979
0.20010011642632944
0.11155354804219995
0.10227920039644653
0.1574988878488189
0.1315692221412942
0.156215659054797
0.13309094342135439
0.12331270450118383
0.16126934425335393
0.11420934721993983
0.152281284044758
0.08643103178415647
0.12444254217900039
0.19200340599069582
0.10738781660813411
0.7590542913478995
0.08695631983487509
0.11693274399137366
0.35293433736448815
0.11971553958587335
0.1214164876039612
0.10190731991761212
0.11734966439148371
0.07779118576521428
0.16530133960580087
0.8246296325521824
0.15142712464978386
0.3027982419005735
0.14563017822719876
0.09598132240499756
0.1243359918410904
0.06133098861834876
0.07097822724625351
0.14616458275107483
0.2614628172654804
0.11058607729832702
0.38930893954194545
0.15064914274457633
0.11494134102867813
0.1021461317203933
0.19494789511830038
0.08971873747027091
0.1344304089760053
0.12983190539593428
0.12689813919747417
0.11142156790217546
0.07370748823942495
0.09068800962029512
0.1059355533640441
0.10580143578332091
0.129385487791133
0.15377493648223012
0.13684582716583568
0.12890850914449306
0.15656485359588385
0.1413871096376758
0.12032694410410301
0.11920497150911676
0.22148903993834654
0.09197833057223245
0.14187699063761744
0.13089758471220372
0.13178625354310586
0.1569204036537799
0.16198274816669092
0.11333170515349732
0.14547260563249617
0.10232151118012593
0.1533470343751653
0.13713979333873688
0.13560986320294782
0.12080353197719468
0.14306338406915398
0.15808198327597542
0.15592130099968665
0.12017144795369654
0.1425935493694188
0.10568088266058089
0.14444247584340714
0.15088089580279207
0.1519281941610019
0.15623674868127715
0.15818553509687686
0.1025043403671791
0.1436077494769964
0.06403894513725986
0.19814437340078764
0.11392232331689568
0.14949924796533812
0.09780819553433971
0.1833031297788855
0.13092309517314393
0.18176406095719372
0.09948954385633024
0.11915802863719013
0.10881586565130014
0.13501740990554992
0.13956323468610013
0.13700453650967964
0.12732958775098904
0.1368693236225411
0.07357529121336832
0.10600470024326426
0.12897538548789922
0.11477194366881165
0.12820617769008458
0.11667195158608752
0.1769406971838467
0.09168782875102335
0.11592803545308254
0.13525713893484997
0.10570419427658492
0.1708097306707083
0.10108732277353068
0.09241731723177435
0.1257249163458226
0.13661751788767082
0.13062896394306708
0.1690602108586072
0.11254413314158036
0.07822601184322363
0.13206949486546601
0.11293345373048702
0.1118987913145482
0.19721150830278528
0.15621655604017504
0.16842511673341004
0.13917968149251406
0.13577767454698872
0.13115521973677316
0.10160544553073413
0.15874038065796908
0.12426070157112104
0.16089403705227606
0.17233111885980562
0.1880852370014583
0.17826832561990966
0.13214225529147605
0.13587556624941813
0.05695262427140564
0.21637097271951028
0.15186915921105154
0.14711310087864835
0.12449239902324817
0.13271692786914793
0.07267326776391271
0.1593872751096197
0.10611721734724727
0.13080809392372328
0.13573078823608023
0.15276105099229823
0.102246987501918
0.5976292134584631
0.12279288784799472
0.18959722778342133
0.07938114091710814
0.13012278687912854
0.12843607302049417
0.20490778064032591
0.09202517391888741
0.25712063359304066
0.15907933803113125
0.15234515711198965
0.10851861649646637
0.21248118565444338
0.1015074593184009
0.0821343653172743
0.08667918271159761
0.06168606386547141
0.15684125682799965
0.11387804929236625
0.12423349136525452
0.1076230844575682
0.12763735589596087
0.1347547928529455
0.16324290044693937
0.1457602993207838
0.1011994338552245
0.08237724627520607
0.17920060448917938
0.10261004614122023
0.08897684510333081
0.10430354298567003
0.18522144006476948
0.1574455250011054
0.13173684325780763
0.10899810920558661
0.16201659172193875
0.12111151078578562
0.13858140884251016
0.1296661827510882
0.09440838437934919
0.11055366430246735
0.12624001744533114
0.12646951941521323
0.09823362304691509
0.07322006900431094
0.19347071787035724
0.14008972422865565
0.1476640365593252
0.10389897224675636
0.12021483201287018
0.0761800224988641
0.1374540939641111
0.15346135015084608
0.10645727646209475
0.15596105998222207
0.13275418644865278
0.1565500499633608
0.15464130507807536
0.11987095154745415
0.16505930482170575
0.09253735967169294
0.09324211893044011
0.08357895445592317
0.14022266828204827
0.10603896831229852
0.05137099322175743
1.1886292709461184
0.6999065304895465
1.1015654104312027
1.2932663131634268
1.1715512363175766
1.1207827413112215
1.4193580805025066
1.2604053788693177
0.8636160712296622
0.08397424135589157
1.3913591864216672
1.3657120629423538
1.1442650310287268
0.8753788799271329
1.42040878494785
1.2484224217558142
1.4546902445734757
1.2992306415977941
1.08885142934512
0.19052675015433376
0.15666909990161412
0.12033457434288944
0.07796855993838404
0.1697721123221987
0.13853244329679779
0.11156564204187801
0.13918918651570023
0.14586978702517286
0.2106082139040469
0.37017821016583835
0.11082828780344411
0.1312070115488807
0.14922952484926974
0.12779681052630582
0.08963607057269989
0.17480499294547647
0.17983705081750448
0.08906346919034508
0.15720964980873137
0.13176857235673642
0.16646709464986154
0.13184078268385926
0.1527496964270704
0.17673595231479589
0.12830499164384643
0.12131235529132223
0.1227768813092144
0.14784846556732237
0.13522467938436747
0.1765550333347368
0.15251676134436695
0.13552358840808262
0.1242815674227273
0.11594326347805513
0.08568132643966918
0.11991509967427694
0.11358955745700944
0.08924989266773432
0.13478985351741454
0.1296011521059982
0.14422598505323847
0.1516618801634425
0.15153388873343704
0.18700967543081148
0.09300078751220149
0.13532113310000993
0.13849460212895418
0.07957576664534609
0.15979492658476988
0.1393763707469884
0.08407357643679983
0.0985529901955968
0.13819341967305726
0.09116409040252271
0.09124835627251485
0.15403742368162118
0.2047586110062785
0.13419632872551973
0.14746177052812123
0.17933700339038883
0.10441680923915377
0.15092545641347743
0.12206798328932512
0.12444605024666563
0.10319573586876717
0.10556507808399045
0.13282351991230654
0.1121651815582075
0.199349088931516
0.1165996984536806
0.15688096232705032
0.062387574876961435
0.057749910354392225
0.15453787556829351
0.1621205257331027
0.15225019891234468
0.19257172868073744
0.14125386443821233
0.13368005605243372
0.14552723374218002
0.10298330586592573
0.17090469491012436
0.10866720080946705
0.14380105233184615
0.09782130887931748
0.13335968104044776
0.10000166800929153
0.1235560291666914
0.09690819002257632
0.15114525101334672
0.09594518855299848
0.13265863009379333
0.19405789077126048
0.07656839326111016
0.16720994353590365
0.11185777092553613
0.12095133641293272
0.11717865968720441
0.1839037260265417
0.1365722591166388
0.12815350869388148
0.08212604162825503
0.11370336148538066
0.09399984939115162
0.1810278098094886
0.11498692715899055
0.09462600524863143
0.10620840813419195
0.13378306386531713
0.11212420652111324
0.1490139933647719
0.10777790533876794
0.15330877268943363
0.13132460272587193
0.11143079621184473
0.13187292828616043
0.15503846513141217
0.17172884686587983
0.11926766247443481
0.10724627807348605
0.1285409200172998
0.1675235923413022
0.08830193571334397
0.11332708713642912
0.1230550839583952
0.57471154814836
0.16135139537597745
0.123841038772994
0.18151227820109345
0.09386495700912974
0.11502689334877084
0.18146178346837294
0.1174305227788442
0.11702311991811785
0.10948290762534076
0.09932605293369463
0.11340506366868401
0.09933373482468513
0.13702397358949553
0.10350442391981492
0.15273567605143695
0.11001366205041828
0.11436131479051986
0.10988122663996035
0.12027492071963782
0.135208859807862
0.1660986172311751
0.07194089169867682
0.12299563426605536
0.16037410265517163
0.14804497172495262
0.2353381849103792
0.13809851260805078
0.15739584265235904
0.1416802665473598
0.14510621247071245
0.11985325976219935
0.12818447200547806
0.10963189684252408
0.2042695055961897
0.12057083922438111
0.13853908580386048
0.14135138073634623
0.05783287145633644
0.1528074424551567
0.1459730747899237
0.14441759139671786
0.13487484181206238
0.11921431008365485
0.07551181851490602
0.10061046279520626
0.11361421733269013
0.08813474689830908
0.1661615867224019
0.16250921407195199
0.15030447074265815
0.12031391125777935
0.08813974857990843
0.15824681150707617
0.12733338882106526
0.10826634738178009
0.13288822963241742
0.09003766794784702
0.14301689725088715
0.11194495124946927
0.11312108749126175
0.11122693565925948
0.14211489328017937
0.18341913500483775
0.12707652109178588
0.14108479816810957
0.14461894267761446
0.12828605489480513
0.16024329363687612
0.08544993583898632
0.10443532355959428
0.12201522006379015
0.12952464348084372
0.12921035588300314
0.0839396002442948
0.38922653911232835
0.14364823581141556
0.1475321110238386
0.1631653321310599
0.1542956159388985
0.15586097227083495
0.11167262274579562
0.11501505682496696
0.12576950967614672
0.11991416418334198
0.13077926581637248
0.12008158970992645
0.13299457316204774
0.2978418480234109
0.12715868484067808
0.09101616823568995
0.4184246329769162
0.12785118134712925
0.12115102002259119
0.10738577714777521
0.18484434081431617
0.35021094406752906
0.12781239107415868
0.10292333811081233
0.2012376894599488
0.4558932392880219
0.14466464691231903
0.1285886382737357
0.1552257096771812
0.1392744049087155
0.12702237567025912
0.17656904840332746
0.19924232863644797
0.16984939800601875
0.12895712514663007
0.10925449958861051
0.20481832344312967
0.14083912587795536
0.14916111378765862
0.17503020829886815
0.19443002125858713
0.11980737703842154
0.18430224269735962
0.17106421783006248
0.18362502413841705
0.11050030560145288
0.1233281811403472
0.13201638552628545
0.15435401366106394
0.19036313313994396
0.13024897822764095
0.1402791954181564
0.16211677597856228
0.12742098330493007
0.16873979357876548
0.11625900931434409
0.1311576104877679
0.17956979082876656
0.12383681876403599
0.08000125208079943
0.17778135167257686
0.14990432951693522
0.19454792058497605
0.16683464589078162
0.10131023261204361
0.12613260726006179
0.14984597697874863
0.14732512001798984
0.10238820160733453
0.15120919937192895
0.18709737403404328
0.19830138224299543
0.10408088396477277
0.14393320005843188
0.08817813234867111
0.08220881504517429
0.18035368716768982
0.13100522941792447
0.11636967888295878
0.14515998639583766
0.09463972781244147
0.13316669305544812
0.11088942572780053
0.09960788173994072
0.12343577298343461
0.15242083395740638
0.131968335576882
0.1438481952168063
0.20449911728287387
0.18208423752510458
0.1288675579710064
0.12737981960727374
0.1188128694607078
0.13403133461913724
0.15111921037620285
0.12096400816886546
0.1382374773862932
0.13683187359338805
0.12354187786189971
0.10767446688446336
0.10602305049519975
0.1409932151419681
0.117445729281003
0.15653894563412285
0.11627596173850469
0.16213703121452394
0.15714763001188395
0.11747973616619588
0.11583740550592318
0.11911322771442183
0.16860295638053352
0.08363781480488505
0.10981491257888969
0.13297631599559398
0.13551428494213788
0.12339800671112035
0.1004452460319424
0.11221689777761171
0.16417695575424757
0.16198790786581663
0.11151867825875812
0.09099153954069125
0.11843973848622717
0.1336856148105523
0.11318998213985974
0.14962792568772965
0.11499172951571689
0.13307650479179875
0.1246969582180974
0.14160329971137647
0.1392275479316867
0.18513804469806322
0.128308271781772
0.16882156415392557
0.12633511366400405
0.1599048042888078
0.15141901775103714
0.15724897576556435
0.14848281824442605
0.1428726773118211
0.11365930227178694
0.17432031388902816
0.10056020299245758
0.14197542897401869
0.10313842125269851
0.20037473284398685
0.1354525764534337
0.12979477589638017
0.1406329373318572
0.14737258360428185
0.142149985713849
0.11563800891618584
0.12568310722128984
0.1463831662960525
0.12494187776868836
0.1424056153492738
0.10163716661143524
0.1007199525020584
0.1095650430988297
0.10067358221739053
0.13063420525328467
0.1077700012683861
0.1698470485904147
0.12274182020318662
0.11600949772830901
0.10191466650463263
0.15517519318501086
0.1507816082150268
0.11258757932803451
0.1371060422810342
0.07504608618521488
0.10010116268985314
0.09020007256151631
0.1317887753402029
0.15300345038462837
0.1274034080234573
0.10010277364941716
0.21642151488973885
0.12478664158121247
0.13695137860661724
0.15200866255815945
0.08953200083403265
0.11122072425783534
0.09793173511460278
0.17773300165001668
0.22699715454714797
0.16463530743335422
0.11512370588278865
0.14273550392084788
0.13505539119425872
0.1698260114899485
0.10153628444119576
0.12454078146623454
0.1761244846702015
0.13452275766038063
0.21549436640772715
0.15172415619438237
0.16583800732936274
0.14375722472790872
0.12324451017988573
0.12834644835823975
0.15364563304359427
0.1567329018685005
0.1473991384639816
0.12213436232997951
0.08446921087768972
0.18246911119434836
0.13839517729038384
0.1303312058913178
0.18067109367643716
0.16270071961747862
0.13931827479051187
0.10871393200044618
0.16626459949332006
0.16251413131086428
0.1337355134374037
0.12639818034680925
0.16029689915956366
0.17208501549231348
0.09757199158110576
0.1535640325181868
0.1370788169228919
0.1670392505109287
0.15829671267203632
0.12144766321193486
0.11808258343910281
0.1504816031930504
0.16382737773458306
0.12783409553054648
0.16964952476999284
0.1553753961354197
0.1816674875084234
0.10579976680450065
0.11945144279171549
0.2170946674876743
0.0946594936599842
0.10908334096103926
0.18808681302987038
0.07839867782934051
0.16118122165637877
0.101772022825793
0.16692152144499386
0.09991763563087538
0.10832260102489477
0.08809124449758018
0.1860213078503221
0.20256856328851586
0.09084552751432684
0.11827799342424858
0.14743916760898293
0.10144718810143222
0.14700141932718333
0.12484633064040464
0.14594161765221186
0.10207969799038448
0.12152952522721275
0.15741023360016596
0.13688976995927632
0.10246775770722248
0.15898532316482794
0.17293498509384936
0.06787973633471105
0.1389424352718378
0.09143045800709008
0.17558013798245964
0.1098352716976227
0.2515522284748619
0.18062967115573653
0.11923264187627099
0.1815183341293701
0.18158745296674028
0.9845428365018445
0.15430842268178238
0.3135084143623819
0.09087724691018227
0.12794409904854084
0.09751975221194417
0.10938452342741962
0.1438292500989474
0.1542459267479997
0.14102255263259622
0.1258298797845609
0.11120404332550193
0.12649303471410137
0.13207185215759137
0.10513504347542428
0.2037620559915295
0.13411074246241567
0.10323262557983753
0.1600024871086798
0.12147758774352246
0.13049175279509567
0.10505440673184216
0.14504935402487878
0.14383788006797507
0.07970819446104341
0.15516869199476965
0.12669771672469327
0.11244761809507203
0.1142612979796351
0.14021867864421317
0.11185159833592155
0.17479285357163868
0.14841998362289252
0.1676590466754989
0.09893998769284615
0.18097980632934385
0.12405919107917981
0.11537660877481834
0.08700294705639865
0.10217711242095662
0.17146553885929416
0.16670737814040265
0.07988791021721041
0.1782043898672524
0.11875824790021958
0.1480097211249288
0.11695226586453947
0.15659345103669295
0.21119213306206103
0.17537800620837507
0.24372803351869654
0.1300588633815923
0.11825970569006689
0.09960674327662283
0.10372771293552949
0.11910577035428116
0.1773632416703722
0.07633499092680625
0.08082318427935274
0.1254063273289829
0.16161954631548522
0.1632245951348551
0.154363471679829
0.12854958914438158
0.10630408279487619
0.10526614517590843
0.416940279681044
0.163049131273691
0.10021354103495303
0.1510572616460746
0.1501077811708472
0.14679290844758577
0.1379815064698017
0.10258931595121748
0.08536273793916262
0.14413729315867174
0.18621053403613053
0.11710515423417982
0.1575294387677439
0.13312718821285371
0.12238221842446564
0.131121075518306
0.15063562122892185
0.12110971188093277
0.13886620630406912
0.17596515583402086
0.13183800514058178
0.11301872659206301
0.08060757006592988
0.12745470918851515
0.12112525166415268
0.13196605374375317
0.13139641974606497
0.13824788305402286
0.09538862663943234
0.10466242658047373
0.12454853520134826
0.10926708269904661
0.15217113966106469
0.07999697868947626
0.15255236517024004
0.09067743261700263
0.07394364822239036
0.046294096012171944
0.25865131200302666
1.0224373552885972
1.3344968063588358
0.9078017813011158
0.10206125812060354
0.1898010422337996
0.11768117461565031
0.1508250098930017
0.22080941620809483
0.11059513647111582
0.1266536841853712
0.23741806334240007
0.17717461526873468
0.1525332316663789
0.09914441965325788
0.14957155080606266
0.1757500242199475
0.15744282612894778
0.14877100009786748
0.13345883809669476
0.192906706892829
0.11379756658162749
0.17332779535780068
0.24027568574999647
0.22661319193262977
0.1160512530388355
0.15131333863340085
0.14295168257491148
0.20671686367418574
0.12981013246171713
0.11592611001599563
0.1260197931671903
0.24591939243067973
0.1430006910441407
0.24231215283293442
0.17083479395453885
0.11799747933944456
0.20089280102262022
0.09206747770169266
0.16130773024715422
0.12227797261431061
0.1236119935151731
0.15455565051804418
0.1491053890600369
0.11982308783352737
0.16851796423674187
0.094540681395821
0.15707945854566863
0.1569416346392859
0.10628405065342138
0.24998587189335328
0.11578798788150915
0.15539738039161627
0.08401811839163753
0.1439240558608039
0.15908586211646283
0.18449029840199746
0.1513402654662623
0.1630458954510103
0.13845531731779928
0.19547268739842052
0.14847713619227998
0.08776543814824359
0.10370945693588289
0.09697482249374828
0.15933602153529794
0.13428011764584716
0.06503223320362478
0.16456748903535542
0.11564332285938672
0.173959360050443
0.15731833350438812
0.08307710365981827
0.10547392205688204
0.17172099634674398
0.11462819555406464
0.05366511857782012
0.14554029320673406
0.18779295821176836
0.1204190092544678
0.12400313080456822
0.1286781914741075
0.17291943673044205
0.17491564928607592
0.16541259736784655
0.1272891389064063
0.10956739864720758
0.14085180587737137
0.11131700098095962
0.12475247512611126
0.15732025883621875
0.12497828707769236
0.15857959669699773
0.11538051200111343
0.1498986039934282
0.13424006755035855
0.19884350598547326
0.1579427623309853
0.2040902964880255
0.14641393741633424
0.14721334805198533
0.12806747373103058
0.13241579459444713
0.11777267511166832
0.14459524397035914
0.14476271225447804
0.10153520906983671
0.1247094074328456
0.16648668175752435
0.09426786651412421
0.13677459063316566
0.1318292110754595
0.128925474201001
0.15384240350202305
0.20262924109563324
0.10296908086150021
0.10941224006074227
0.1418829235549662
0.11757849466675101
0.13679385667437174
0.15622619774998422
0.16245957487124166
0.13551782637262072
0.22839274456444456
0.1367934331716647
0.09574313558086377
0.09118004640813945
0.12651012406230502
0.1400237176592109
0.09119559205060515
0.08722816995420303
0.15228504589033184
0.07538369783652923
0.12567372251369396
0.12138094097786141
0.10533185618953039
0.11765237155006973
0.18881334099901034
0.1445202468470734
0.17006195252828019
0.10637168740433178
0.1435678057999335
0.1580873122036524
0.1465390129645985
0.15270273510263324
0.1512918022019508
0.205343530649755
0.12777776164413557
0.09990734633355777
0.10183459885523272
0.15520115276040058
0.12297340748179508
0.18334747138015975
0.15496508104056916
0.11140874006829563
0.15054454712958873
0.10560256514513369
0.17119373007626784
0.16084876943318016
0.14496300330624
0.15495570704066391
0.13104294777099845
0.16480817764908126
0.15501635534446906
0.14673050138433272
0.15418692856504626
0.1347402550345691
0.11148972094075323
0.1217177335563856
0.14992623201734664
0.14075245772700404
0.1394187358616985
0.05498385613518906
0.16826127439469404
0.10744651576853359
0.18995940019363158
0.19718651960315622
0.11464262463342198
0.14534925271962032
0.1364181084257028
0.13911250558730123
0.1555939860602936
0.1520452194186042
0.1360496540362251
0.14160592206148162
0.17846287519001408
0.13749802346661386
0.10993800364809109
0.09688850965740944
0.19000121679858067
0.22210210166923008
0.11194713013185059
0.20904927738205767
0.15555501439675964
0.1836853484620532
0.1270490793287099
0.1649396825505695
0.1723189342735784
0.18151170692412957
0.15834162371111782
0.16116270102109156
0.13652682680510062
0.17302486915709409
0.15669221022251467
0.13183289013333646
0.19469203351767092
0.1421508112559529
0.1177217249238071
0.11835752957479774
0.1259615598555386
0.20366535596307472
0.10023152856574959
0.1263156532797456
0.13025146793466041
0.12677161907114104
0.17370067391082913
0.16651791894158838
0.10157165561335532
0.19197275936640334
0.1265971377209143
0.15188414223201677
0.09938539548428309
0.12512129275607217
0.14712262858622213
