1633.2016059725343
1359.8893783265944
1131.3152453918494
942.7327951174907
786.2947775238908
657.6773513039142
551.8071811070818
465.0428439880153
393.59758455777774
334.83577957295904
286.46016929068537
246.560323654889
213.382406497356
185.76656239280416
162.68823387963897
143.27738671864313
126.83609344191802
112.90874488856005
101.03138504065508
90.85587279385496
82.09300317056334
74.5051674139143
67.93882503458198
62.19948667164993
57.1516070650349
52.71333314273872
48.81049547466436
45.349437107661856
42.27387343520701
39.50503226068314
37.05123377459766
34.80450133888265
32.8017441381825
30.98426020455389
29.357980334262454
27.812767889023604
26.46127867166514
25.231054420816072
24.081419800960482
22.995244307674838
22.01862873836403
21.102281487890686
20.280365680687023
19.493987129382035
18.738802745700166
18.050146563515096
17.408803491713893
16.807276024683972
16.232577144408694
15.711653985035639
15.179423527299804
14.737782179674918
14.289336415431187
13.83059979976573
13.431391677035913
13.079049558710736
12.693421515661619
12.337506955300462
11.957645935196275
11.690520128295704
11.346745671243609
11.022544040313289
10.742873302438207
10.455719858484471
10.179154620585653
9.915512807588723
9.618980697488116
9.373303671912772
9.191742239897213
8.958838832454338
8.699064699480635
8.493187675707402
8.290449782080204
8.07754069776847
7.8633148842299425
7.687432722713139
7.432416990305156
7.324844726821313
7.078258739100786
6.863538997762287
6.695438957169047
6.532022772480848
6.385879448245012
6.222587207877565
6.019110134118394
5.918584454015946
5.746214052502234
5.561189207079369
5.431860544815426
5.276788811550819
5.152093413846008
4.994354448690714
4.8802234275380165
4.732667731201163
4.540660491149325
4.429428021560863
4.2332643919227495
4.18725196167911
4.074989334441052
3.940346867614002
3.8061835050189985
3.6946371675931604
3.5082287499868396
3.461472155092295
3.323574617784351
3.2045758959782447
3.1054000840696068
2.9901366564302094
2.8577095262989705
2.8307257799205527
2.673696116197593
2.555345737191669
2.468540830773132
2.426506664956513
2.2649438890531264
2.1597819227946373
2.0942156799553295
1.9443892796338145
1.90284570708291
1.796523680101683
1.7226573588719007
1.6364007147859405
1.5857833400696444
1.4448536497828925
1.3316192707175505
1.2919710724776985
1.226376160609728
1.0498094636745963
0.9852044106853267
0.9387485836876559
0.9067532931624419
0.7886575412753863
0.6984784085013113
0.6568751364146795
0.5751509166101524
0.5374403767511969
0.39296620739780536
0.3882102726730935
0.31059163446859767
0.19486518309367595
0.18812020840479501
0.10845385295421411
0.06362810872274816
-0.043716827186977
-0.09442649551173395
-0.18156881139561076
-0.2242765492740623
-0.27495678108206506
-0.33474796428873044
-0.4528522870007926
-0.520380991684595
-0.5038419018309165
-0.5794897621871415
-0.6586464123800869
-0.7285070462380414
-0.7750992769925805
-0.8348799697310021
-0.8842860514380663
-0.9032890096294361
-1.034958555573393
-1.0969315001166418
-1.1675951532959574
-1.1281680603620063
-1.2137020806602263
-1.245645369857713
-1.362842666975303
-1.3851140800608044
-1.4495913978922017
-1.4495857218668973
-1.5017988473147286
-1.5329057035708258
-1.5499491786144959
-1.6992740202041325
-1.6810231177549657
-1.761894788820974
-1.7606577911393004
-1.8099847287406783
-1.84006964958854
-1.9191633870437113
-1.9161759434928367
-1.986403964414353
-2.099252894906884
-2.079458902671022
-2.1661972521430557
-2.1698686921278436
-2.2269268308219945
-2.239817986202135
-2.240239753313186
-2.3377276131332883
-2.394171543735068
-2.456263184333112
-2.425149376321636
-2.4598462912624344
-2.5001437152221997
-2.5819844964688623
-2.55198268369772
-2.624838261087204
-2.7043856181414805
-2.6995572986419405
-2.7905186690622377
-2.750372443521202
-2.795579474044274
-2.8347434115729193
-2.8426910748741947
-2.9287594568691158
-3.0060019298213234
-2.9517643826513975
-3.00111785874163
-2.9526113540345635
-3.0498780514228714
-3.1048237336046465
-3.178118196305379
-3.1557925895184313
-3.2006643025423602
-3.1415049782995963
-3.243673334930408
-3.3398036443960133
-3.3733378592082746
-3.3272886867922966
-3.369760552920906
-3.3543277156460394
-3.4098697269080933
-3.3840757625264235
-3.4845509740535565
-3.5100962403385667
-3.502307853203298
-3.598948915540701
-3.579781866199038
-3.65015142449578
-3.6538849303185965
-3.634954886213599
-3.6890257483699993
-3.6793610312687024
-3.7079494262591632
-3.7595519351633317
-3.7925014055293667
-3.782078785058556
-3.8975381762816093
-3.85016106696148
-3.8756333026944554
-3.928869872512629
-3.9328588790052255
-3.9135388516357636
-3.959420500110526
-4.004195006250327
-4.0653280425329354
-4.0413981931118315
-4.0421720493510085
-4.018340906144405
-4.083286452626644
-4.187434917511342
-4.0963844551009
-4.126666698312184
-4.167445772431448
-4.298469282792939
-4.238978333492114
-4.2475695659072485
-4.303156067258893
-4.281992573847821
-4.385249210825384
-4.399510851708
-4.362050504292688
-4.423223137093943
-4.38497239168995
-4.363594207735883
-4.437494830938885
-4.457335230605607
-4.435532161645293
-4.511254620405909
-4.606717420425542
-4.563229745488832
-4.571801592473047
-4.479756096152974
-4.623821230833986
-4.656338432249011
-4.568533004799486
-4.617370488338774
-4.638355731693581
-4.7510797451013795
-4.731490361455593
-4.786638576558645
-4.710702909936576
-4.795923906489145
-4.716048769185023
-4.709118887312637
-4.764525423273848
-4.8390133652042
-4.772477898528116
-4.829963687342664
-4.903537210228412
-4.902337551370211
-4.848820592837867
-4.888961031094478
-4.928564935969639
-4.9058969352989585
-4.892674254739503
-4.961336362764777
-5.007586666740379
-5.020887881021821
-5.071230061495783
-4.976533710438767
-5.088232339725277
-5.023155513275591
-5.041600879592505
-5.1701709372000995
-5.0762281197604056
-5.117792489736732
-5.078455230640177
-5.1025867015228235
-5.170951314467866
-5.1008634274662095
-5.210974678259006
-5.119943230311491
-5.227306832117684
-5.22706602346483
-5.144844780948246
-5.267628644043226
-5.233627765914942
-5.380195933297608
-5.263196764948036
-5.232791589660902
-5.340006702825118
-5.30310992175285
-5.32318622472474
-5.396175973662435
-5.268590690159957
-5.323417348929018
-5.396297290395522
-5.4141670790817225
-5.407599500490756
-5.440648202152984
-5.5405194396098105
-5.439194869669237
-5.436557991245283
-5.430046780706889
-5.447422329210512
-5.474790405255533
-5.507522442517543
-5.561308692185687
-5.544984008754043
-5.531726549453845
-5.497957963876904
-5.57417393399595
-5.611642285646878
-5.569393423126138
-5.640043968155554
-5.637138002969348
-5.684282207645034
-5.607414313239921
-5.64763048638933
-5.679146374783347
-5.687312250041224
-5.626160937918487
-5.624962847484486
-5.6750095148270105
-5.7047342096810825
-5.761284045717698
-5.6923687594419095
-5.75452734508833
-5.778374762194392
-5.772898017581641
-5.78636416084193
-5.743649359209202
-5.733813385012154
-5.7685603850526
-5.838954893172662
-5.777279826735915
-5.841766542421657
-5.892271331330807
-5.853973802920663
-5.851798822687734
-5.883414215729174
-5.823825352068731
-5.879206394622503
-5.848314075297624
-5.961328407406575
-5.944946995742248
-5.866087778969215
-5.942012272164802
-5.934646701005936
-5.9467505578898425
-5.908841207930989
-5.985044074457194
-5.95769652172866
-5.949195341196992
-5.985090904459028
-5.99483344351136
-6.002147589070354
-6.074911772490267
-5.993842007467668
-6.031700097922639
-5.983674256575764
-5.971014571741428
-6.0333624628772045
-6.02845789049335
-6.099742837526769
-6.042422186394108
-6.090038850436083
-6.126185225385498
-6.0817329460694625
-6.080634549797558
-6.2007185041467405
-6.134612080697589
-6.130329521499322
-6.0639398156594675
-6.138620037690003
-6.192713343364571
-6.183551500202321
-6.162242090375641
-6.134362928142284
-6.157819267384588
-6.194885090047412
-6.166946893420039
-6.246508664448282
-6.190517418148599
-6.286450881128786
-6.230933419544655
-6.179915647252745
-6.199272702101077
-6.217945990353209
-6.295274985708452
-6.262494162856533
-6.29911111887052
-6.327279273438997
-6.284695231665053
-6.220226267996502
-6.289646918216766
-6.276418816966758
-6.401400617325528
-6.346912227842214
-6.311028691968849
-6.34151499837726
-6.45241672157608
-6.3984582436189035
-6.417988056915274
-6.2869296873056655
-6.378718197477444
-6.372894317530665
-6.338648478603982
-6.374566313612673
-6.395225109515972
-6.314977783492076
-6.358774672533891
-6.430287248510938
-6.51693788664474
-6.423184681494447
-6.455411376641202
-6.481962424467234
-6.372401026967666
-6.441811194695053
-6.482211387209654
-6.404874473922149
-6.458346883246259
-6.440144640012609
-6.4061681669531625
-6.433846082622728
-6.431576858534168
-6.561476631029712
-6.440058023620285
-6.4783961945672575
-6.49100506170829
-6.556630176461993
-6.495179426715319
-6.423012058150968
-6.494312608866956
-6.554442793023572
-6.591195879783739
-6.530518111740652
-6.568570572329832
-6.629991674075717
-6.673253629466494
-6.594784575629962
-6.566802895182878
-6.655545959058003
-6.587170228202229
-6.647204421972489
-6.563052533850265
-6.630556457141117
-6.566694867296549
-6.680141230400032
-6.642303324563665
-6.647248501156863
-6.6463160781967465
-6.669275428744512
-6.582678587882068
-6.6623711086451785
-6.652607782116201
-6.570879303165855
-6.6075748866416255
-6.711268446197787
-6.635852189438315
-6.664341022228095
-6.670793184050495
-6.696237700286385
-6.74633486229537
-6.734868363788481
-6.691073064423392
-6.736769133661077
-6.736892877179883
-6.702339792251355
-6.735831037504315
-6.7706282481271245
-6.754056943954422
-6.778193130246128
-6.747485207242076
-6.732370544278872
-6.812186735056631
-6.706846280707786
-6.830085924749698
-6.850813530401085
-6.837646486076408
-6.7457830308224915
-6.769272238347876
-6.709517994798077
-6.8618128267021605
-6.809278600961358
-6.829580302885586
-6.81807331907675
-6.843891655936843
-6.842761589293295
-6.802319366272869
-6.816779039775837
-6.8835960507085225
-6.873291158571452
-6.790081712485236
-6.952200690082269
-6.847844961564582
-6.829881097342609
-6.87604865371078
-6.945801000424004
-6.898242191785593
-6.910627564739251
-6.9014441414044745
-6.851982405945122
-6.86656979083401
-6.942151615232721
-6.963617835885782
-6.854737672807835
-6.989786677097007
-6.934975628186203
-6.9548443400546365
-6.953789168462925
-6.8754904281422995
-6.934682364896827
-7.002081710016878
-6.93635771698283
-6.924538737645486
-6.911596676661336
-6.94537524405621
-6.93047971269835
-6.953210742827935
-6.865413736537834
-7.015977802972616
-7.039362817997375
-7.014693196571418
-6.933939970236216
-6.979303349270774
-6.9673380365790685
-6.979277776184173
-7.027948740271498
-6.957506070998832
-6.935723584791967
-6.976651911305542
-6.994655811199377
-7.022903941342088
-7.04351058324196
-7.05833226172799
-7.010213086381405
-7.021167993257645
-7.057078261667079
-7.03456123911666
-7.091526189747717
-6.998039322603886
-7.028250460689538
-7.0087569102132505
-7.0235852165223065
-7.067638826387096
-7.037540779414319
-7.116172928796939
-7.184434995619736
-7.098489642559305
-7.166670559283716
-7.10540707755618
-7.047433081338212
-7.015056300281571
-7.042678798881683
-7.117499411296752
-7.06689877908337
-7.073411897807958
-7.078658949431523
-7.163490288284303
-7.118889688873406
-7.134922399747165
-7.114027227164762
-7.1617976457155414
-7.093127941829195
-7.143931933700959
-7.06088200161933
-7.131664540644625
-7.117194297895664
-7.135211596576653
-7.064140865886248
-7.2082038300537565
-7.117617079122067
-7.152482668914823
-7.2163863909800945
-7.166511665197676
-7.074168892000689
-7.1469074038678
-7.164742074152926
-7.159733698269001
-7.189643769290953
-7.165938625489615
-7.209970557987188
-7.180808719095082
-7.135416983735412
-7.180778008896438
-7.206596654839716
-7.219789050226719
-7.253507019173998
-7.180681385698609
-7.188027343166418
-7.155449153966953
-7.2330076870364595
-7.262206534733611
-7.149700012554215
-7.251563499865151
-7.243521497994398
-7.280314133259974
-7.252148672720873
-7.373134230147561
-7.19089241351654
-7.342780788660652
-7.259595999437498
-7.2733421016155475
-7.137740462408655
-7.171720124214724
-7.23672728665619
-7.140022006181699
-7.251830839645307
-7.327428450076487
-7.349890881802809
-7.28076697080853
-7.297152596822198
-7.4020419940172
-7.26179271980941
-7.2741553665626215
-7.307512367352196
-7.2710746979233605
-7.260453905191416
-7.247549553174008
-7.2866371159716525
-7.334076172490478
-7.337237117763701
-7.283877852381321
-7.288992087198001
-7.311954369508381
-7.287644160663547
-7.292717879594992
-7.330548853376368
-7.2960568951857345
-7.338039369572414
-7.394390348109437
-7.375991498564968
-7.331718757117975
-7.3428347681642325
-7.368102944077704
-7.392686070530054
-7.268452774341864
-7.367275147747463
-7.294377567911685
-7.298919900261632
-7.419933100386243
-7.393843965925604
-7.272637208158297
-7.308276800236317
-7.376774827525776
-7.38247700946274
-7.313364806954397
-7.406180064566302
-7.351562908349975
-7.43184049843875
-7.371011315524751
-7.311244605695555
-7.3839910122168
-7.443735332055481
-7.356851906853874
-7.413848315553288
-7.406369509639538
-7.4904481782696735
-7.344241986240849
-7.4931806545019715
-7.416232147268551
-7.441026016453858
-7.356474574945981
-7.404101728439411
-7.387152214834839
-7.402669817872483
-7.447247155401856
-7.424260296965878
-7.466643625014625
-7.45235340655017
-7.5135870898318675
-7.439147572740848
-7.413257445476339
-7.402183120474689
-7.504218509363446
-7.46124626254714
-7.378352658856246
-7.420096360096065
-7.432856262006464
-7.453158351816659
-7.430505717912688
-7.495256171334647
-7.462699496007403
-7.492248536176611
-7.4988837758665
-7.458671073553017
-7.47913035792047
-7.468769540920947
-7.512513404246782
-7.417810297746654
-7.413468089407665
-7.421496483541661
-7.4403819261760065
-7.49440297822822
-7.459622173575525
-7.513360963470941
-7.474366711014394
-7.59513078395718
-7.47622594810993
-7.430517555162841
-7.443460387177504
-7.525119942169375
-7.467350352441371
-7.48370765359224
-7.502922319224709
-7.500947803080357
-7.536134771361839
-7.465468125502323
-7.50299574877614
-7.565008192316772
-7.5492445573318285
-7.499510649991141
-7.5455591689589685
-7.531269735088095
-7.520084616234794
-7.534973378028706
-7.553835660167373
-7.526679301841307
-7.552431258132564
-7.512622604652731
-7.57122993602293
-7.594962311593207
-7.6356705621167436
-7.544136822186501
-7.52487852053509
-7.525873720022966
-7.545885941208718
-7.61880381671721
-7.547680219512045
-7.595309149875516
-7.601114088005989
-7.597649759538598
-7.522423005777987
-7.632092726182376
-7.620728227992896
-7.563585516390308
-7.733219154952605
-7.551615437118844
-7.505205029806376
-7.65527899079449
-7.5546240797607656
-7.563493844856021
-7.584383341325669
-7.600961981710872
-7.668114349498203
-7.531908389370246
-7.607253606416852
-7.692963817620201
-7.569006717670075
-7.542871434899611
-7.524763836297054
-7.609713597386227
-7.492022807105703
-7.533393771788072
-7.571933952495073
-7.7143736695667515
-7.61024809094782
-7.642931365209178
-7.661629588202904
-7.563757514616014
-7.597389658549836
-7.6291473329318364
-7.660164294761876
-7.6139460822271365
-7.643141306993849
-7.641143520007272
-7.595945908588066
-7.652943639514183
-7.631799949845405
-7.599046949306228
-7.590819432979308
-7.641589651209301
-7.63867901130883
-7.665684376611619
-7.487029919918363
-7.679847572534577
-7.732708560447847
-7.665044855285721
-7.654643214133973
-7.696608021853485
-7.6483510627901445
-7.659620679710251
-7.7247530617854085
-7.748282014169506
-7.679576947496777
-7.758237113510468
-7.7009160965286725
-7.621967712934745
-7.765508677910396
-7.719757087341143
-7.700086429352746
-7.672210874032354
-7.647066315718627
-7.767893892713083
-7.675134339357145
-7.627326686582943
-7.646583200982976
-7.729308340058814
-7.653739304953416
-7.808307127302936
-7.744140908589234
-7.717906611782475
-7.6410844594984715
-7.737445222900317
-7.70561278727284
-7.761075629695675
-7.735352338264618
-7.798365441143109
-7.711876253726648
-7.674977281511037
-7.808060106340392
-7.767221217555781
-7.641303918531129
-7.708247094286138
-7.702661962660514
-7.6788540089818405
-7.8088048671575825
-7.776791317057972
-7.816564650986982
-7.810733214809966
-7.776534659213514
-7.758438110362732
-7.858174568787686
-7.7262558773677545
-7.728643138373869
-7.817321397392991
-7.785844108484085
-7.819957498675864
-7.7130992509794245
-7.696829299925952
-7.82385587717854
-7.8058016228641165
-7.777199161416341
-7.8085456257276125
-7.770671810864504
-7.748058637661069
-7.784181806214843
-7.706580903079962
-7.7245390999126915
-7.808449197109136
-7.755300834704063
-7.807392902451074
-7.73312392014266
-7.723014170143198
-7.793278364712302
-7.7761949104606884
-7.753642477970089
-7.829299021199607
-7.7566421135565875
-7.769594780404154
-7.738384213808551
-7.884544495037959
-7.9156606066818815
-7.828605772184663
-7.905361939966415
-7.831662930200906
-7.770512222174694
-7.841635318536413
-7.794145823058023
-7.8596902820789
-7.868956141020885
-7.829066770037354
-7.82578199880186
-7.855583352820087
-7.807632926091912
-7.73259600997239
-7.809293650031591
-7.7424724336535355
-7.865800800993394
-7.789164438227733
-7.883358253635244
-7.850610439750558
-7.8524466760869736
-7.822644470287632
-7.7756177832970454
-7.881550646241472
-7.866646371512615
-7.85621615668938
-7.9060796060968235
-7.89893281695353
-7.870814479339588
-7.8923866700198735
-7.830583921024952
-7.796988884014755
-7.884915396609919
-7.872744562362392
-7.889064293446883
-7.838510604527014
-7.868774307042455
-7.8623237480347585
-7.834190229636526
-7.83259222972022
-7.892330087974395
-7.933634541518896
-7.944731014372441
-7.78147889962053
-7.906402319817286
-7.880260815830704
-7.973892135862565
-7.906625722853471
-7.9272554988156605
-7.908814912779764
-7.912803245157974
-7.877266793577921
-7.913472574584803
-7.916561946972888
-7.880877728366531
-7.922135410292906
-7.912745776537223
-7.9648331846020275
-7.854881826968796
-7.835531641424055
-7.897022823704448
-7.91367617908404
-7.882248166967436
-7.939351845574994
-7.983308279572897
-7.925102631396213
-8.020426846262485
-7.8674950690527865
-7.971810043993557
-7.949242311906556
-7.950710100583532
-7.914960299581901
-7.994426149431273
-7.955621317454422
-7.891900273663777
-7.809124635016919
-7.912526861596465
-7.896644373221562
-7.879096499839495
-7.948511957808325
-7.995394128008069
-7.937313764670782
-7.888043376034331
-7.942520625990529
-7.935901898593639
-7.942783979202431
-7.86207605504812
-7.891372667713714
-7.853690730684606
-7.982745111682346
-7.925622857271725
-7.980387933367021
-7.984467246458005
-7.933554337687764
-7.920927640178471
-7.94457002355195
-7.986127691473498
-7.961125897108089
-8.00779190179144
-7.993270932742892
-7.912548647914772
-8.024989425491365
-7.933417752785617
-7.860859149997641
-7.9801581504485375
-7.981501648920446
-7.8735167649573405
-8.083110788617498
-7.959139338234133
-7.8948025713806915
-7.96829434504018
-7.940683541378717
-8.003564546204997
-8.04437654208822
-7.94846030337656
-7.996921429204311
-8.061448507401275
-8.056102727756643
-8.037837280551773
-8.048832639428662
-8.058438696161117
-8.02370276529094
-7.945640283759058
-7.921566165026395
-7.957466581732027
-7.984828695472692
-7.967806747007415
-7.971989458748077
-7.958347616157539
-7.90311984462455
-7.996449633213067
-8.014786233491213
-8.008667580493102
-7.965463267449133
-8.044257155523074
-7.926777700973779
-8.019786766341253
-7.977761448863423
-7.8937901002643045
-7.966105757237931
-8.060606901097271
-8.012587361590544
-8.017698832380905
-8.073175723236217
-8.033837465392708
-7.945593117998229
-8.041497982045751
-7.901014840465442
-8.042781810746492
-8.044436452777814
-8.101506291957461
-8.12637202573009
-8.064752794533526
-8.093623335542189
-7.945281962079426
-8.053561627559207
-8.145600750978494
-8.051945050247951
-8.021878449576645
-8.131808679135315
-8.065089354873134
-8.14972223942859
-8.042544967374022
-7.997962869532181
-8.119781802753268
-7.989502010358123
-8.103543708653593
-7.976698692668208
-7.999434378855018
-8.022524653093738
-8.081619441854334
-8.03535767795749
-8.077078089869403
-8.114120718321747
-8.099346344375425
-8.008353023596484
-8.08432312204386
-8.044342338217794
-8.007891273316126
-8.0358932126873
-8.088731254614373
-8.025300867969428
-8.109964952798855
-8.147646639880035
-8.075592307435805
-8.04060124945602
-8.037884388390195
-8.128363194416009
-7.977099757738211
-8.084629656962154
-7.974357163612442
-8.094531109461132
-8.059918385814994
-8.025738016019318
-8.059219696735871
-8.060471580173823
-8.105891887721528
-8.13104996535188
-7.99065695424264
-8.04619158133389
-8.075624321708517
-8.065813487887866
-8.205966907682901
-7.9925663123053825
-8.199835780937965
-8.173265945961251
-8.052196951729812
-8.112489931872085
-8.100730975329256
-8.095179880967011
-8.1965402488104
-8.047169191833794
-8.056553023512274
-8.149898258256842
-8.102118974608327
-8.142616379702538
-8.102859514918974
-8.112361780084681
-8.060046640685725
-8.172068282961744
-8.074387030321423
-8.126985856472794
-8.119944763044973
-8.101772408980615
-8.155019428379093
-8.156550708738639
-8.070461156851323
-8.108242905862562
-8.14011768065355
-8.164537656925907
-8.073440740380011
-8.059416936178128
-8.174706590518502
-8.114870091842414
-8.29024922288343
-8.033761051672839
-8.01902501797582
-8.181772943534062
-8.104628716613394
-8.176118909600566
-8.225889190051568
-8.162682166264968
-8.240328338810667
-8.17370158573845
-8.227456373413228
-8.079031454447001
-8.219526363000874
-8.215590207254634
-8.188991871952224
-8.13911231620134
-8.163323321675627
-8.073060712602679
-8.245526338276047
-8.07038387702794
-8.156871179587185
-8.180841513028566
-8.131062110583043
-8.18921149335897
-8.2021095332372
-8.213226885786154
-8.246689288383685
-8.187717261906966
-8.138114320531058
-8.085859018649401
-8.251475620118098
-8.105994665981962
-8.09242318556638
-8.144813805066407
-8.201294240816964
-8.19570219084776
-8.146144975181782
-8.141482611957107
-8.188766456827238
-8.272656548562656
-8.230463730286571
-8.209413929810731
-8.12551574360529
-8.260197609853142
-8.187053933910187
-8.051364490632784
-8.208831094855837
-8.24031557666315
-8.198001784721027
-8.255049101614075
-8.177262703617247
-8.240412213590016
-8.153175822371463
-8.176463543904815
-8.184582726667847
-8.186057366893706
-8.239641573021169
-8.28112404325401
-8.22051909509492
-8.135923318091338
-8.236385563053298
-8.123905448612557
-8.263904136242841
-8.217939624801662
-8.228901542866343
-8.279243206764894
-8.339073394025318
-8.197024395807858
-8.274649205585906
-8.25925893203262
-8.20431508966303
-8.210189994481352
-8.193252980764653
-8.2191051873665
-8.16251887827869
-8.135950680906738
-8.215738243392895
-8.233504216136343
-8.242852088722756
-8.1267991909829
-8.140420248304046
-8.273083111475191
-8.22803751773764
-8.145504682838505
-8.277520290294476
-8.210407690446663
-8.28596529545973
-8.24185365291214
-8.149138921321887
-8.227627088129596
-8.232647833534038
-8.16461452353723
-8.248572957568582
-8.229489678140432
-8.275054651318735
-8.335262731301034
-8.32697185708522
-8.23327007766862
-8.328471504338756
-8.161971891872097
-8.2459946640929
-8.279278412894259
-8.13421946680966
-8.134981281009376
-8.239823402469224
-8.218440204708786
-8.17941426422127
-8.263066486481073
-8.239797132920794
-8.237389483546771
-8.173512998833411
-8.297045241754326
-8.373485005143213
-8.301347278417337
-8.287692324580915
-8.285875503713541
-8.221609648198351
-8.342119968573702
-8.320747425371275
-8.214521855624321
-8.211658202870138
-8.316714157744078
-8.35749318751634
-8.320473209386064
-8.295147973071733
-8.259545891308589
-8.336427018817197
-8.36191951374011
-8.256779723458408
-8.273188260007037
-8.311666483258415
-8.275202931375235
-8.312560413284592
-8.348487733097476
-8.37583491632697
-8.214428374583596
-8.264045715442936
-8.236400578380815
-8.340215856477345
-8.360688139925292
-8.315336608290517
-8.279886243339336
-8.275483074361166
-8.367779198571588
-8.298805274666746
-8.38097313012225
-8.352862321658172
-8.296818275077785
-8.239744812226725
-8.36921005190203
-8.328369442382588
-8.35330788284678
-8.274870756782475
-8.241325496039867
-8.30859520523953
-8.347417389842143
-8.304090147709342
-8.26312520156768
-8.321061788273541
-8.37059293707985
-8.29987012841658
-8.381124032886543
-8.293913051181308
-8.310753553431665
-8.328275761353021
-8.307530293230519
-8.45947319456726
-8.364850596318902
-8.340111598287484
-8.351837181640475
-8.289305138704748
-8.329912871555747
-8.208110520568376
-8.362473234789071
-8.383857019890991
-8.321547296266223
-8.410775158168645
-8.296503774804911
-8.366864435835424
-8.307526244644883
-8.191959072433841
-8.33883777783972
-8.402516588039296
-8.269516974533074
-8.366139202699404
-8.430604366917175
-8.289487064169927
-8.392036649479074
-8.41685387231152
-8.238488746383792
-8.308468706317397
-8.32794862269366
-8.373203489140847
-8.402676967736001
-8.491912721315131
-8.457213870324761
-8.356174933529573
-8.380773495041693
-8.368044741171
-8.412276468317929
-8.35682539035304
-8.390650808433056
-8.412091809090079
-8.31849215727861
-8.35086885394587
-8.326096540143707
-8.337182459080223
-8.389285761934255
-8.281520730385997
-8.378722435108088
-8.225655730111587
-8.342052024822804
-8.354954104226758
-8.365261682206246
-8.361782524231222
-8.382479489985336
-8.372574777987015
-8.400703838431772
-8.40513125572399
-8.385463531248122
-8.270329425885791
-8.400187072762112
-8.429003962595207
-8.389942449520879
-8.300289951991797
-8.40653960391819
-8.370019959233653
-8.33084964422169
-8.392376607053318
-8.492948513527418
-8.387212616001184
-8.365023773243742
-8.347407823055162
-8.381519853113288
-8.422904921286397
-8.397851001272375
-8.425109607509773
-8.46127652767197
-8.378216408454534
-8.474910801360055
-8.356597767648962
-8.395325067482293
-8.39913598458939
-8.401398840231302
-8.35429261252089
-8.445821090975489
-8.417020488834096
-8.463969300979814
-8.370381982965968
-8.427690815999481
-8.421840894959258
-8.442105412342306
-8.428608964891623
-8.40044391835031
-8.413320366959432
-8.362244021313721
-8.437684490326111
-8.389600885021359
-8.411250050720458
-8.415992557381328
-8.398870107582491
-8.441089367493388
-8.413579879642686
-8.466935795479072
-8.3545564232425
-8.523280393269019
-8.488615012551445
-8.401488015844395
-8.402663419271914
-8.340550465856886
-8.459507816667463
-8.407837532957915
-8.39871569072987
-8.423949974072281
-8.475513561491164
-8.411895476069134
-8.350650442415782
-8.39794854335068
-8.28610318139936
-8.51575420295049
-8.454057644907797
-8.392507397124238
-8.470290177839985
-8.426276968385187
-8.503421538374972
-8.466417366531642
-8.396399808297001
-8.442295176246704
-8.426779396276075
-8.4336809659592
-8.471342825731664
-8.42704109061949
-8.378799092688922
-8.509671098357755
-8.349529235193684
-8.454885573699157
-8.408810989084706
-8.439412740792951
-8.472274053516152
-8.46856449792365
-8.467692850593016
-8.449831287466429
-8.389401110518625
-8.476200883612012
-8.454252293896678
-8.39547709123957
-8.389606032567594
-8.532477177414075
-8.416366770161341
-8.424850963473682
-8.434374178838208
-8.484412064346529
-8.42626546277305
-8.412194954786884
-8.505618124532463
-8.470477719603512
-8.470084490202142
-8.518645572460835
-8.37705083196044
-8.499103551693793
-8.425272529122482
-8.417417611613805
-8.49560069073265
-8.450894748285636
-8.388428386683392
-8.485075781650798
-8.404081217560195
-8.57237976467434
-8.324213528400957
-8.46328831509217
-8.501456037796121
-8.389784228026466
-8.480180353063718
-8.434910273306086
-8.452448787053376
-8.447570822426492
-8.455257895878423
-8.514445385541022
-8.53598155497553
-8.529936948555205
-8.400518730436197
-8.474678089629185
-8.436602390141244
-8.496763018562431
-8.530475612613321
-8.542092698137926
-8.490396515748746
-8.519620684411937
-8.53151097579657
-8.495444257661056
-8.542482103873033
-8.444830803368294
-8.542745842632694
-8.559160191133744
-8.533069803980611
-8.467036567866058
-8.588924040006985
-8.503862232644144
-8.476932209751395
-8.430287907084528
-8.399800650114683
-8.424890090914165
-8.528666476733623
-8.533510056907742
-8.427906209647437
-8.463173062852535
-8.51809928577787
-8.435842705148827
-8.484001627041069
-8.47627932315725
-8.521432006469189
-8.413011254295702
-8.581980955018867
-8.46370068886616
-8.466849077642555
-8.457330498721932
-8.551345577174198
-8.520388824004803
-8.500351868979926
-8.580329711053114
-8.491006166494044
-8.544496613478392
-8.595674730795027
-8.534449161909963
-8.53119064503003
-8.540758214945077
-8.432582446232411
-8.511642445738449
-8.540972457630739
-8.424327499286722
-8.54014121534223
-8.5260062291902
-8.398636793110203
-8.55248228467196
-8.536934122931639
-8.51457669246264
-8.556808745075912
-8.551875093718653
-8.560376284022096
-8.51846837392265
-8.59625874408167
-8.456414045122596
-8.564941514283943
-8.539000841715449
-8.57442006185586
-8.468949807540477
-8.506399124490455
-8.49855499351749
-8.505876739306416
-8.616647772430225
-8.559830884296913
-8.527785659187513
-8.513387473247887
-8.528888999253155
-8.539912500200122
-8.574859210300543
-8.419299222992699
-8.5893387569242
-8.533424072317711
-8.547443290575384
-8.54221666911722
-8.523899602740956
-8.479926189713364
-8.550610107967211
-8.532473954174582
-8.609002955332276
-8.47883178256987
-8.47656965517798
-8.436515368845184
-8.563182976052428
-8.532178570031737
-8.493401375060385
-8.502696608718233
-8.56681997883657
-8.561231644390494
-8.509316394313414
-8.425548695037007
-8.471398255192286
-8.60502692840373
-8.52618249788551
-8.587300770087948
-8.489214993098662
-8.49241677670549
-8.600285703076336
-8.436672049914867
-8.497656753014171
-8.544706411317815
-8.513947514421723
-8.564706410302716
-8.560480219880949
-8.595153303802684
-8.62932885301818
-8.57586242364815
-8.474703331130055
-8.521674629451006
-8.591363171496997
-8.53017260052257
-8.549756406778876
-8.46045917157159
-8.551501606271925
-8.481862225495972
-8.572256191850432
-8.531302664186553
-8.570877835120314
-8.517902722067928
-8.515224379978447
-8.556986826085938
-8.487982486377858
-8.572808148453595
-8.57447707298755
-8.546869115598678
-8.49031133985761
-8.504512932439416
-8.577243128913905
-8.56901726625666
-8.594162457912823
-8.680491458631792
-8.60741397802624
-8.520323320709691
-8.51683276222658
-8.54245695237198
-8.556378691655238
-8.520349872966314
-8.506633866985936
-8.533116887503402
-8.58559710411437
-8.50369852811387
-8.613377758217496
-8.516398936808043
-8.504272131958956
-8.578940339844806
-8.596215128784792
-8.569404787136891
-8.530351225623443
-8.53986780073729
-8.662025652495714
-8.524147403276869
-8.605041863790673
-8.471401333064415
-8.555288268005867
-8.538281800291044
-8.57492213944488
-8.574864183690446
-8.585858435188689
-8.647885378020275
-8.560217785558931
-8.726916317076512
-8.598636678283501
-8.52158592845476
-8.601679937414401
-8.53330884707084
-8.529073071762275
-8.502648339474957
-8.526971418881002
-8.56191095882073
-8.488141510919887
-8.571203711597233
-8.570741140245033
-8.52469294615377
-8.593745824159292
-8.623586937765866
-8.588944205315569
-8.612776699849105
-8.556262851414955
-8.650541534809475
-8.569177609664633
-8.491830695321903
-8.542550413694832
-8.684959054867463
-8.549395782328487
-8.679473268108437
-8.63090217344687
-8.666026462375966
-8.558746724201386
-8.650310522061115
-8.601167520962482
-8.614135043336239
-8.603404434330002
-8.65510009991238
-8.598937614988738
-8.62838316225551
-8.667936548313426
-8.583637083624527
-8.559729747811607
-8.615002829810702
-8.603805685295129
-8.570128805752077
-8.646277626428567
-8.597915477603605
-8.598287810675634
-8.585456023276999
-8.637882075933303
-8.536901288272679
-8.531873436854545
-8.655629783491579
-8.595793770270804
-8.579734639319128
-8.567885985381023
-8.6133679427335
-8.539862129404936
-8.591875879309658
-8.568953846930691
-8.670107606407413
-8.642957936919943
-8.651458645125803
-8.62457145451941
-8.60516248435172
-8.488089122188914
-8.628335717117219
-8.56493419721499
-8.60685614702636
-8.6505839331858
-8.662296308536115
-8.603625198955536
-8.600797327365767
-8.685435068917986
-8.610680566952558
-8.631856111876106
-8.657830169257355
-8.644558834973536
-8.537654592601944
-8.673058290587235
-8.595012482830244
-8.647308241020879
-8.559190188921685
-8.606587086530523
-8.635868402620398
-8.656492164640548
-8.666208778781217
-8.56584251520578
-8.66249933658018
-8.572351236104984
-8.544276691903264
-8.648651063321589
-8.691897706503397
-8.639882080768
-8.5652871100113
-8.701548344947803
-8.699018360299005
-8.699281019717214
-8.596584043326052
-8.660012494577558
-8.622686263152877
-8.652857163795861
-8.619345720027164
-8.606885198452934
-8.631591785154066
-8.669963538108302
-8.726286512516657
-8.70423857422586
-8.703662243725057
-8.667260676608569
-8.62212056708317
-8.63290590082585
-8.650626206764647
-8.610756559255034
-8.640975168848056
-8.625206761204744
-8.733823904871889
-8.665847692754225
-8.624900671075563
-8.702535651355278
-8.569462923067944
-8.704463777718734
-8.786531595068848
-8.692347790604407
-8.642680578958457
-8.64541471141805
-8.774095038130904
-8.651548193366716
-8.683602172851517
-8.611128031056309
-8.669830811056146
-8.656384860806027
-8.59126464186665
-8.720506939883895
-8.654140789753226
-8.75056226271646
-8.736348609509815
-8.585381135597562
-8.661588445715848
-8.702769116447373
-8.70748011104868
-8.647400747919287
-8.679025440402192
-8.638717739615425
-8.727677945471866
-8.709825745298238
-8.668876637469422
-8.668169097152592
-8.544865904595516
-8.68663265881808
-8.721712994192174
-8.627184139898842
-8.658659776840299
-8.595278420155692
-8.615798928791703
-8.711621384493661
-8.677558341726018
-8.629330625919321
-8.743153994579052
-8.64086764914598
-8.729543552187806
-8.642393331021246
-8.747345685965296
-8.670548358148414
-8.577263833772244
-8.597560400531558
-8.65182269955858
-8.625021981328716
-8.639520920774325
-8.66379616421302
-8.733485718168586
-8.622101155776532
-8.668009239890404
-8.628717844828177
-8.671712672183697
-8.648511819606332
-8.6875603573182
-8.70761562019292
-8.614365238613876
-8.743256945208698
-8.789546077003711
-8.677012056461468
-8.7803648509271
-8.684416147322446
-8.630489335175175
-8.745783011305367
-8.70905922361873
-8.66991241700738
-8.707802914713268
-8.61160226780231
-8.66014386422651
-8.73451433414735
-8.64171950312395
-8.645568751806707
-8.615175994048377
-8.797528102590958
-8.695041880960757
-8.653754053692742
-8.676182466022032
-8.662156861591928
-8.669301490892758
-8.60536699226965
-8.752477749469081
-8.725280832248465
-8.686022807594345
-8.72298432376929
-8.676088581755172
-8.668962963649202
-8.69582769309113
-8.680129887792942
-8.656296967681989
-8.76136896406496
-8.689136916488986
-8.67497978665483
-8.73027771493944
-8.676274087567908
-8.619396846769343
-8.746497257079406
-8.632499559960234
-8.68137209974977
-8.647000135306586
-8.66966770459853
-8.689424329024465
-8.672355816637474
-8.676223306168126
-8.759327287744325
-8.693044673976349
-8.798182402674744
-8.652142936211233
-8.632186589073656
-8.664610990245553
-8.710404559109143
-8.638411295198187
-8.692256819118725
-8.722346174146926
-8.716393670504354
-8.78533754528403
-8.701703580764933
-8.624087746096984
-8.689561178729027
-8.736137961526072
-8.754949580249752
-8.685367269605718
-8.672797543639055
-8.695868714219023
-8.673253035456831
-8.737624186861444
-8.668383234277062
-8.730437283432904
-8.676430715414972
-8.80174557982606
-8.799063466599604
-8.629616256509939
-8.685256594389841
-8.689790177045653
-8.664833872846073
-8.754601596564132
-8.694908811242163
-8.676254095763083
-8.722478601986126
-8.753812425435779
-8.70553566619335
-8.724920050306416
-8.687358332541264
-8.668390868466783
-8.724766304682694
-8.709917458249036
-8.72985375132391
-8.674420548318208
-8.675297017429196
-8.753011968082669
-8.798973148363954
-8.731924776486052
-8.681456592095428
-8.689360144598817
-8.701219247536946
-8.750642223530061
-8.840224588315367
-8.879802798435678
-8.731334278749669
-8.769057278051514
-8.788249096534903
-8.742264145718979
-8.682030721882052
-8.671824583055662
-8.730780939384486
-8.682916887758479
-8.712209330218924
-8.800911759059888
-8.67162946683797
-8.764055269870079
-8.70755784558687
-8.735379028685479
-8.78805456458633
-8.69021966495235
-8.742334201637155
-8.730257163930517
-8.707342046540635
-8.793759733162085
-8.647954582263884
-8.83033451547024
-8.77002358555603
-8.728982923522384
-8.800940099566176
-8.698076507834022
-8.730509805863448
-8.739936092813302
-8.753898400730272
-8.752322988954019
-8.673507342231924
-8.671765401505382
-8.784952213594215
-8.774272595462788
-8.766699712276713
-8.67834671650481
-8.74871445638478
-8.831337747515542
-8.720988731565301
-8.741358116335974
-8.652908337119541
-8.750821077513365
-8.69357108056783
-8.831533387588614
-8.797008459559624
-8.715440642751274
-8.715966883424654
-8.791172810205774
-8.861850157087186
-8.693524625947957
-8.788465907188728
-8.76222432210823
-8.783721347322725
-8.744318299591487
-8.655770599444953
-8.761255561177533
-8.702602816883413
-8.893607667644874
-8.760430807296244
-8.828009899465897
-8.873019368869993
-8.690818419459834
-8.786791472275164
-8.738383939226287
-8.758290027874095
-8.799769934210047
-8.774631540862215
-8.790524455187043
-8.788437271282048
-8.808025956077158
-8.745500003992237
-8.745638577988302
-8.713479973873303
-8.731209673826193
-8.673795241623905
-8.766637765887717
-8.750156017769987
-8.804528879090217
-8.797085294638832
-8.755742967551575
-8.761549942923278
-8.822996125771978
-8.718000671103647
-8.833162194205329
-8.808455172756448
-8.741424250201025
-8.777538839547367
-8.68214947588117
-8.77629820094185
-8.71159431133836
-8.760209730115749
-8.8258643212933
-8.820007673103957
-8.81826294435285
-8.812432986291647
-8.776384777610616
-8.783502539685136
-8.892529745568892
-8.788605497753172
-8.85720629906169
-8.695264558463592
-8.786034836594846
-8.761993132453542
-8.766887938482087
-8.801337797076153
-8.907836270906188
-8.755523548006943
-8.825973756313374
-8.804885082616286
-8.879459611166219
-8.860383502566366
-8.810563164861334
-8.829296880783081
-8.824758716814785
-8.774739276611008
-8.811627597346849
-8.812030850057786
-8.799334340057348
-8.73315749761903
-8.831074029095378
-8.86788963665573
-8.789633759367012
-8.746353672339223
-8.82018203747895
-8.727667306799175
-8.775415960225791
-8.83485137500383
-8.776230299589718
-8.739325130190638
-8.866118709460926
-8.735143813920873
-8.672469776794124
-8.740678900292
-8.832170562982327
-8.798436081952138
-8.777449389312771
-8.761862795077263
-8.735084070816475
-8.811539355659313
-8.870970211654098
-8.803717982177185
-8.803156892659585
-8.809636982099008
-8.873571455309166
-8.734882044851402
-8.76637917833294
-8.814783362726882
-8.891945289491174
-8.785749736785261
-8.803951763548453
-8.836983617924679
-8.841691164277794
-8.826973489429118
-8.82337899620795
-8.795106160079452
-8.767633184338
-8.921080534446752
-8.81650232949467
-8.745370843808608
-8.830173466568203
-8.87271743203727
-8.871578607641677
-8.852405426366925
-8.800456298365495
-8.719682068381717
-8.82368680332911
-8.889420950969567
-8.874005320487065
-8.791406750087049
-8.805579003258748
-8.855866445742175
-8.816939231545888
-8.78354803006822
-8.860020329909178
-8.885084476506895
-8.753930566735361
-8.807917196595112
-8.880266871116863
-8.829462405392105
-8.680351674705696
-8.842090320328069
-8.828981829900464
-8.910615998224145
-8.853991112237585
-8.794022676459326
-8.795552870758463
-8.846109278020146
-8.936785515557446
-8.872865417847468
-8.834529450660822
-8.834481562496396
-8.799451988319534
-8.81188023408841
-8.917032463530282
-8.846426757702208
-8.818384793665643
-8.77630219751706
-8.764553088545952
-8.846003843797929
-8.899490847549542
-8.896058361994715
-8.75662952360177
-8.748166401872403
-8.811227358363004
-8.910808292429195
-8.815905053139616
-8.794447169229198
-8.816990608403213
-8.884424214581434
-8.893246088475086
-8.834701174109554
-8.934048106796299
-8.845704009060752
-8.856436922151753
-8.997250228811533
-8.856301065302514
-8.806840422308438
-8.807013815760264
-8.828058739078307
-8.850583275493058
-8.885062927513955
-8.877097081822143
-8.89114081653202
-8.930979920538014
-8.832927120989998
-8.97587059408292
-8.767468248558613
-8.894235872690876
-8.759675426845964
-8.81128871659475
-8.889456343522916
-8.841970502539278
-8.843122603683202
-8.923547918936015
-8.85877064513064
-8.914743878360488
-8.871823833822173
-8.867476029865038
-8.881652443010367
-8.849163841977475
-8.891601796027976
-8.893921305181513
-8.863293221957244
-8.904424194286092
-8.88547214480995
-8.96231377973073
-8.892639712921833
-8.80754531313915
-8.924011889635958
-8.84744562230407
-8.859701126234453
-8.912153781865372
-8.854294038224024
-8.865926633596935
-8.863614786293263
-8.815298724539687
-8.90972537661274
-8.906726803072935
-8.884945984729338
-8.925947241563703
-8.89728771779187
-8.894907293622856
-8.946851987828888
-8.975603173865395
-8.912628773026928
-8.875118880952414
-8.835706893424442
-8.88895925337131
-8.908175832016672
-8.924849642114799
-8.800018959263852
-8.830802587720804
-8.878285067024143
-8.809316745156003
-8.914602469862245
-8.890322709330128
-8.89739759212992
-8.829602348257124
-8.864215407432221
-8.810051712271393
-8.870840319381838
-8.883721307277074
-8.91917626588198
-8.860778150872674
-8.943207486724141
-8.8383215540812
-8.89112951194596
-8.851428766041025
-8.86674678365961
-8.916219706028055
-8.989177528091963
-8.88765748585194
-8.91647725987289
-8.870748688454652
-8.884535747592189
-9.006341124932305
-8.934314512737526
-8.932734010782394
-8.890969770703187
-8.952100382399983
-8.92193252619669
-8.976847583081968
-8.911937237449813
-8.923265393187432
-8.99507801947144
-8.91839212761308
-8.812344890196563
-8.94379314393165
-8.981696717561322
-8.822264852969441
-8.872755691285631
-8.857558936116591
-8.853708615731703
-8.900764966362493
-8.841535555355714
-8.855190568355466
-8.899639581137414
-8.917693097908932
-8.871461339577186
-8.96251038676755
-8.911319295456066
-8.90661355826042
-8.866858440454905
-8.906686032066355
-8.877172768167915
-8.820040529862403
-8.98469016689418
-8.938799319708151
-8.891447031782112
-8.979778682834786
-8.968102827891407
-8.841780699190682
-8.817636456402205
-8.85999108290267
-8.911343575774294
-9.000912667604632
-8.832509650014577
-8.923447194056726
-8.887322047719437
-8.904941476607826
-8.8890837308497
-8.873885772205421
-8.918045754755378
-8.94501741648592
-8.900974444353983
-8.845433521682823
-8.884721314435614
-8.885740891294983
-9.031335254974374
-8.914904690301809
-8.866954793780677
-8.9129488525602
-8.907591258352047
-8.868099483881629
-8.910321419239999
-8.86391999654999
-8.880789860021423
-8.884334603880836
-8.94451291981803
-8.851711078485163
-8.904833725349226
-8.930658150406236
-8.902437787696062
-8.915517935951447
-8.985718390874192
-8.979695259024464
-8.871893749394996
-8.873003680153259
-8.910488072985869
-8.908423956499709
-8.935842886567855
-8.84215233636793
-9.02356943813276
-8.799868802857466
-8.907505587578367
-8.987635580286808
-8.973982087246778
-8.909672501356212
-8.90619077865311
-8.870678141508034
-8.903125698009527
-8.910586722451303
-8.932660165879932
-8.912714320370084
-8.92115900015737
-8.939525682886762
-8.972385369081428
-8.903642500958613
-8.907068536913167
-8.837715794904142
-8.913759964032042
-8.944637936736607
-8.907148484898261
-8.920354464440683
-8.946342219326223
-8.874594586592229
-8.905927412548943
-9.03183503718773
-8.943779508838531
-8.892861813845194
-8.983605720482883
-9.02625588806775
-8.96559756993265
-8.898912175740026
-8.957551236305626
-8.916161764494133
-8.885310967927907
-9.00015149561941
-8.876818294801057
-8.923692371578019
-8.909743311483457
-8.960389245969612
-9.04657936816162
-8.889538373994402
-8.968385019121103
-8.94310985543852
-8.906653397693013
-8.991219079381041
-8.933035443537236
-8.864415606630786
-8.864954674817742
-8.906948933502113
-8.97109485608873
-9.009796175066702
-9.021975640253121
-8.952452786303278
-8.940311840575452
-8.950441344481582
-8.962947719678736
-8.943267821893157
-8.976885025851328
-8.943935477403338
-8.932226386039472
-8.949100745678024
-8.868608874641664
-8.9790614040083
-8.94399501041957
-8.971248954879128
-8.94084366446775
-8.961468066370784
-8.942832611754055
-8.89081017244711
-8.920048402395379
-8.967864033409988
-8.924718879247035
-8.966721307876243
-8.974180075193647
-8.924008172974508
-8.958040558191971
-8.892976466250408
-8.895584032780446
-8.971935416044051
-8.875823008660596
-8.971493043789645
-8.918875923602515
-8.879681875794647
-8.955116938553651
-8.901630838285703
-9.009051945262602
-8.91337005765449
-8.918286272009192
-8.963203588592691
-8.86706143819015
-8.977432387002002
-8.828430962217313
-8.994310301699
-8.986268685560232
-8.925316189235366
-8.93139688294673
-8.905971377218746
-8.932901232157471
-8.975266689552013
-8.875915500536609
-8.926967460266534
-8.997887377628189
-8.95413001095133
-8.929235892110764
-9.022580768247566
-9.03370733766665
-8.980804178941558
-8.95981154058301
-8.992669021345275
-8.95537307368875
-8.945611744748451
-8.97703645180934
-9.055348971032812
-8.903476779312294
-8.93170621127217
-9.038842383480683
-8.94370394144196
-9.048438239269576
-8.979862942117935
-9.012462803089692
-8.914409013437496
-8.940117855404251
-8.960175749027561
-8.906490578480886
-9.02647798050491
-9.043564517541048
-9.016205789540743
-8.99292708873098
-8.907014234218488
-8.937490519094723
-8.967623505060237
-8.848593995654754
-8.981124230753151
-8.942496347102942
-8.95933794361925
-8.896239621860756
-8.899752423873108
-8.959394490314045
-8.928936309457823
-8.950644713762847
-8.89407218641501
-8.894290673608504
-8.956191390815736
-9.038315354073289
-8.9845581475167
-9.001634867263485
-8.913069948235757
-9.010545528497811
-8.905179241985742
-8.986535636893235
-8.970873135442904
-8.964296620596619
-8.922512965240427
-8.947972291754613
-8.991803509255552
-9.021560911288411
-8.966671463733256
-8.969575986527756
-8.961428611597517
-9.040065707081535
-8.928623142155038
-8.934492445319473
-8.989888801948277
-8.906767079865626
-8.955340392262961
-8.961344664830259
-8.978447476163325
-8.894334360646829
-8.926581989886369
-8.951815264078366
-8.980346594532689
-8.904846717106336
-8.890968981954652
-8.97196550247245
-9.006535298892345
-8.9080228207
-8.91966235643972
-8.97337607645473
-9.091339394454579
-9.02541178124766
-9.03166119240642
-8.990399961425457
-8.994716859043086
-8.934584256622541
-8.893376117100999
-8.879764187913281
-8.861370612756886
-8.918970534099492
-8.914926637252128
-8.97582570432066
-8.92856615338566
-8.942404592144046
-8.990447200173403
-8.908754150040712
-8.997034299439063
-9.13919743439038
-8.876275724110885
-9.009534647440743
-8.980081148349326
-8.97403046689122
-8.985687443390601
-9.064698512580094
-8.978095240629793
-8.993533757040282
-8.880486070951463
-8.945076461588313
-8.943041596180453
-8.952379381472252
-9.048421026168754
-8.99967275134441
-8.979031338986319
-8.962799582644049
-8.92325371051714
-9.01133406945032
-8.964970285733271
-8.964317961469282
-9.029603909708687
-9.03595798961364
-9.032008194574834
-9.028543486738803
-8.91815156358865
-8.979440609557304
-8.929191539652587
-8.999665785796836
-8.93809547853364
-8.992038068613882
-8.965054216119883
-9.009968329263407
-9.068859489527922
-8.900011270892119
-8.948512453958816
-8.945114729358869
-8.999098065464475
-9.008783409315509
-8.998382174693166
-8.964633622543458
-8.982275901230418
-9.029383556401081
-8.954383273939433
-8.904422315156356
-9.043545837733348
-9.02809985435209
-8.928238274198325
-8.951329234623534
-8.921541651588603
-8.922112484032686
-8.919972394754314
-9.024133154877656
-8.961043302770587
-8.925705683418036
-8.985648403742436
-8.916020378521425
-9.028087287470667
-8.958866012312026
-8.970472120945484
-9.021074610647842
-8.906116226330978
-8.891839298888963
-8.961161236751009
-8.990487570510561
-9.023658390168514
-9.006780708216313
-9.014890055747694
-8.977795406008756
-9.078602181261777
-8.915781592691186
-8.94281755563267
-9.011705154523307
-8.976886810774705
-8.948668173779595
-8.945748023803326
-8.973997438870082
-9.064301982193124
-8.95554310667851
-8.98370497212368
-9.002289768322399
-8.94560708588253
-9.047959058320371
-9.071581682676774
-8.97775654951735
-9.040044743959049
-8.989447602058357
-9.024808391493536
-9.011041876927775
-8.930771100745451
-8.949839169332463
-8.920137116263096
-8.972783000730283
-8.993478541115037
-9.031011986290915
-8.983064834131453
-8.959776265021969
-8.978540494204521
-8.969802841282307
-9.017984911994777
-9.02578096795
-9.015242363244305
-8.96016605500204
-9.053921230487395
-8.99401917417068
-8.981661346638338
-8.986558859279198
-8.936305628658722
-8.956483197154204
-8.972444059800123
-8.937165198085426
-9.014812077408004
-9.002864860270167
-9.003960938286507
-9.047886250285496
-9.015386141875824
-9.03957853947424
-9.021639242703634
-9.037003550796058
-8.947884769261172
-9.059581055401242
-9.051266107158948
-9.008567435678332
-8.982114322521452
-8.94481901884339
-9.008244606091992
-8.954267685829384
-9.069277835354605
-9.079293866329564
-8.992249044343751
-9.031022058468675
-9.04395878182037
-9.005548228930826
-8.980271859964871
-9.031313228767477
-8.985198542697118
-9.008208982659216
-8.95760403640709
-9.029215444279904
-8.901139550597685
-8.95771366863916
-9.022803804577071
-8.933888518778927
-9.010569626936269
-9.040634639007648
-8.989762978029784
-8.972289439559498
-9.047371700781113
-8.98996085469295
-9.069145451782637
-9.06342680177425
-9.048103765357881
-8.958852732748644
-8.94819254917265
-9.054539825210368
-8.954353789615734
-9.039437689042744
-8.894550917460588
-9.03369289415369
-9.12416124040537
-9.01096787629123
-9.003056609174584
-9.082371959114267
-9.052325896411727
-9.058627608177993
-9.190760435307515
-9.049651957598096
-9.051425283456002
-9.092133548007304
-9.029066137888972
-9.063655063003864
-9.041000387342493
-9.040561289981733
-9.040955696730988
-8.91913562352095
-9.011961907514593
-8.957391610735801
-9.006519551266377
-8.962605675184907
-9.073735772285998
-9.035385103399431
-9.075663060742365
-8.9442213443208
-9.083932890768997
-8.90746452236746
-9.002047753200472
-9.022377345718558
-8.984590662997674
-9.028205470368242
-9.061438931953386
-9.04277435599073
-9.067977037223093
-9.003096177455213
-8.994432551280594
-8.959324974782751
-9.03794505244973
-9.062431762957749
-8.9755374040156
-9.066474122851808
-9.037199360407461
-9.071093766632174
-9.043571230032402
-8.982360384308327
-9.0177828940403
-8.965442437159387
-9.053557192727157
-9.031181424807112
-8.945638088316251
-8.981606664669437
-8.997798241960007
-9.110310993972893
-8.980429741257515
-9.032147707944189
-8.958498450249307
-9.058808812016501
-9.0937409216483
-9.042169069194179
-8.979479482828765
-9.000961614562966
-8.928847697589779
-8.951420456279113
-9.032315738020445
-9.000029270496302
-9.079855215356162
-8.987714831296788
-9.029465325209229
-9.100853081078276
-9.066391259135694
-9.012969760402132
-9.073188805514892
-9.097264322215501
-9.013953846252024
-9.05338477531642
-8.915095742445345
-9.049247676217352
-9.087425416215822
-9.099224444492762
-9.01871930630788
-9.009126406045839
-9.02914790025749
-9.018049418294025
-9.038527259273485
-9.014530371924584
-9.06902317518223
-9.037124299845317
-8.998245225550262
-8.944535952510767
-8.981700447266311
-8.998952243778431
-8.964676189263411
-8.951195976828947
-9.090765113589734
-9.02321233233234
-9.070451838726438
-8.993993658831394
-8.96349408938409
-9.08398552929128
-8.962659426789417
-9.034569797512313
-9.076332916460137
-9.030481774135374
-9.133574179968177
-9.036287036941333
-9.038221575513083
-9.063338994073693
-9.003994674495084
-9.031865320833218
-9.034937970618838
-9.061115302237631
-9.057622181883525
-9.02861318138187
-9.07131041149437
-9.094549325259036
-9.064466966166718
-9.074646794421225
-8.954141059615075
-8.998322970105988
-8.960601093423852
-9.058714992554696
-9.099312122045456
-9.006223365245841
-9.060800491624835
-9.07022850132554
-9.04825864529358
-9.085162199290005
-9.019142746982363
-9.064421762211564
-9.063279686536893
-9.035066325302624
-9.040045524223133
-9.042506192849123
-9.027331998335976
-9.03246502361897
-9.072431044402192
-9.03182249052835
-9.014483426170774
-9.087524923099554
-9.003586485931992
-9.022260533248746
-9.05051286468397
-9.067947895992143
-9.055888004754625
-9.040669387201454
-9.08393029093091
-9.069607959549964
-9.038645679843865
-9.031770127440224
-9.00939083496762
-9.042371147542744
-9.039032143481776
-9.068605166691354
-9.050378152299919
-9.00286166962821
-9.06049260788655
-9.010518552185202
-9.093963274498956
-9.026423701782027
-9.053970849640406
-9.041742841039378
-9.084874150764643
-9.026058939442995
-9.001963895570393
-9.022347871769435
-8.995582554158299
-9.11934979990276
-9.02538231130273
-9.089863361862141
-9.113765260349755
-9.050680620612575
-8.967311294516959
-8.968820098012387
-9.04305791911339
-9.08189741804041
-8.996593984882121
-9.08027969552692
-8.786175669913629
-9.055566067306719
-9.055023964715028
-9.024694318830134
-9.114599614176896
-9.018547931432833
-9.041226765617058
-9.035199532622995
-8.984069801515476
-9.094191982240714
-9.048316984071489
-9.070931544841017
-9.025538471545076
-9.00355707252781
-9.014487696781522
-9.05120886978793
-9.04317073715482
-9.089806926755044
-8.989069121556211
-9.029716998488217
-9.10398201106762
-9.04568751118443
-9.073927431740783
-8.975256254180144
-9.018800612753754
-9.127148095584563
-9.056039791082094
-9.065143596669587
-9.116839254035964
-9.116782588089123
-9.064834483607283
-9.039291967708856
-9.00109303801389
-9.10193549530756
-9.024557933773044
-9.114664773082664
-9.10011269609049
-9.01834100702087
-9.046966143729987
-9.040343260474714
-9.041908524282844
-9.083732800623455
-9.129970292100912
-9.05253975025702
-9.099752495559448
-8.988517749118875
-9.026242472397563
-8.98753561967683
-9.039697998805261
-8.911110169558743
-9.143009823655024
-9.026833007977766
-9.039656466951088
-9.030226174176898
-9.09284495803531
-9.063533809218507
-9.108282412299332
-9.041467832023912
-9.090790101607245
-9.075056779857608
-9.021762226884851
-9.069748420100781
-9.068147403687586
-9.071671961193253
-9.032826486027245
-9.023619427495543
-9.059154613969795
-8.995988312451853
-9.012262998333133
-9.156428359720016
-9.08031159184732
-8.957081331754011
-9.033504218922346
-9.191579280308824
-9.047321851922918
-9.07641157139649
-9.048140002159462
-9.031206914849786
-9.063121256600018
-9.124241600658246
-9.046758026334684
-9.075600762115014
-9.122106201869821
-9.060206664917713
-9.060447265258345
-9.111204980811
-9.037068882590825
-9.114754989776022
-9.052349449209348
-9.044504776081048
-8.9308238439651
-9.108078864843144
-8.938178737311766
-9.020362861936562
-9.070854936980282
-9.026609764186512
-9.073011212571158
-9.022829991178055
-9.126666266419255
-9.065520010499117
-9.081429400939063
-9.112431823516498
-9.101463202374632
-9.016585756771644
-9.056548046545718
-9.03701963615625
-9.108203403866987
-9.061562367456448
-9.092918891212133
-8.98977309555053
-9.078225924410916
-9.094429824070216
-8.995210020265132
-9.119685189340554
-9.05123495862035
-9.091466676865982
-9.05135147737432
-9.156911114179755
-8.999020478323928
-8.980845204106512
-9.106957767518281
-8.98359407721725
-9.063261387552318
-9.146382519232795
-9.089864878123327
-8.967717202241223
-9.0939073561035
-9.024492746901828
-9.042073664579718
-9.080502212631561
-9.041283450845205
-9.03184818273597
-9.02578782245309
-9.066730738386756
-9.092028415158156
-9.031761039900353
-9.162430763304906
-9.121808812353633
-9.087815975032948
-9.036797816583489
-9.05777967776935
-9.07621163039013
-9.025267351284175
-9.119308330280305
-9.034191040367537
-9.062247628657184
-9.031096421560878
-9.035105649527859
-9.063156873628513
-9.077131725469897
-8.965018765178636
-9.097280579277083
-8.995652654064148
-8.987490047447583
-9.074558848651836
-9.070248632326189
-9.05229429046085
-9.082883353590843
-9.025229010938999
-9.109204728054667
-9.095281318392123
-9.088793059502674
-9.01308589974838
-8.978837970740534
-8.99480696626986
-9.127694049837343
-9.144907978662099
-9.04813518260497
-9.121480396841482
-9.03507992658241
-9.10042181317988
-9.039005718709227
-9.060247536427598
-9.085053072790672
-9.033884814010523
-9.15588680836604
-9.11373557415203
-9.109076863887749
-9.050605066517011
-9.127462028178268
-9.029886723417127
-9.068763419594958
-9.092869664009909
-9.011001942513717
-9.02815001796089
-9.105445299776335
-9.100540954527949
-9.114193005100844
-9.08842455171722
-9.01342003213231
-9.116630621744997
-9.06792847967042
-9.128726572363005
-9.153260718829145
-9.111618337934315
-9.06977286913463
-9.149425822776422
-9.13631031973614
-9.110655193709162
-9.116085037886299
-9.102265352230113
-9.05473642944436
-9.058575292017599
-9.177044769289493
-9.058613620328726
-9.086280300272596
-9.057982767083873
-9.039555351664479
-9.01579784452945
-9.103716763550741
-9.149628926010584
-9.099339804057744
-9.109358315039412
-8.987226964335639
-9.092248302716264
-9.116844239807733
-9.11840163377674
-9.076049419437211
-9.112119579749836
-9.026399726824016
-9.14231632620268
-9.05068481932697
-9.07410097690409
-9.10528154142293
-9.131663404312588
-9.002044176460208
-9.075888619418723
-9.076816667657269
-9.09644514316408
-9.001204652524269
-9.062937048656405
-9.117023629464265
-9.200851938063954
-9.131427124152706
-9.048121205619976
-9.09749275049326
-9.032048483464722
-9.052180748285686
-9.03000860252958
-9.133184068737329
-9.159214180902309
-9.01336088838809
-9.101134782963598
-9.17948284574438
-9.111519391486864
-9.106288202355257
-9.132658364707401
-9.05822043437953
-9.0481829757686
-9.050334720978585
-9.10537868873212
-8.993270954400755
-9.04227382923157
-9.001803920662974
-9.019963071300637
-9.04146607709986
-9.068790440626127
-9.056726634525763
-9.081671109328122
-9.08630126780402
-9.078667807714186
-9.039804303146061
-9.005015291556337
-9.040249677361526
-9.033400985670735
-9.02418040246532
-9.026134465539633
-9.081529335970679
-9.027142202164033
-9.077347720401049
-8.95516776612661
-9.156649917657019
-9.037324765818235
-8.943596024246597
-9.011613470472033
-9.012077610877958
-9.11989366995898
-9.05707029879547
-9.093377686143361
-9.085413696770566
-9.129200984208998
-9.044436572091739
-9.019264495098412
-8.969428223689793
-9.03963256824657
-8.981344232623973
-9.056613735194054
-9.093005549871704
-9.048870952726723
-8.963544510163954
-9.066546252666642
-9.064479456236041
-9.004126349761256
-9.016127674422725
-9.024368149340829
-9.00602808891655
-9.08275657629376
-9.082645931124931
-9.017156027532122
-9.029120214943944
-9.069351927585826
-9.040797013617167
-9.077217698565637
-8.953039325514672
-9.039107560707032
-9.052788255842161
-9.046317474600661
-9.023502713394926
-9.03792982129608
-9.035660929919699
-9.067960819385277
-9.088182770917424
-9.02258056994017
-9.016457783765881
-9.020711780250116
-8.99560993433316
-9.084081583942497
-9.01747432568782
-9.016122357717506
-9.021989909186734
-8.97616352824057
-9.064292864784463
-9.090790742469313
-9.031226827900893
-9.073376389487418
-8.984248725553623
-8.993381057726392
-9.177580816666037
-9.037846140074043
-9.092384547761815
-9.069147523015126
-9.100768863752295
-9.094642561311643
-8.95206451748018
-9.040775118897558
-9.16620696480009
-9.04826359683038
-9.068036824885903
-9.143500052094453
-8.976838769450735
-9.008565897919343
-9.098655324991629
-8.990679520393822
-9.089796196879405
-9.035763294325747
-9.091428309867943
-9.014380496860058
-9.081333679701542
-9.038066550702721
-9.098130863146393
-9.13531650909964
-9.131766065308613
-9.045093399243866
-9.085470803588448
-9.061675507798919
-9.029703148755658
-9.033967852290923
-9.044676769486774
-8.97062824779229
-9.034565149645358
-9.12603665684898
-9.12494054552553
-9.15526773754216
-9.145660166269117
-9.09527135516277
-8.980476407594926
-9.107597061083954
-9.130154861624744
-9.057696393409797
-9.10855283589226
-9.047372127140504
-9.047468422513774
-9.107276516992771
-9.084662651206434
-9.10086221387093
-9.114330383704923
-9.120543246806657
-9.100798737893188
-9.097189839263335
-9.051789930901823
-9.02946715227602
-9.09729916707082
-9.026910007979636
-9.110590676801502
-9.096725142334597
-9.144562587809586
-9.010428938847141
-9.048584144025906
-8.972327062254928
-9.018452668307331
-9.01913837659527
-8.989319949695417
-9.06583050746425
-9.069749417626051
-9.063179096833785
-9.087350507872626
-9.05319166810832
-9.146842446010442
-8.983081160466087
-9.022805640135394
-9.046158755743773
-9.050175054755615
-9.082653433606572
-8.986434427081708
-9.139902835967924
-9.009499933102433
-9.093017663798511
-9.038774445226041
-9.163993637120374
-9.090310872939325
-9.02231932512884
-9.079194998206624
-9.059174125552738
-9.036837636071686
-9.171689135982206
-9.034402391019619
-9.149446348779653
-9.175887590951357
-9.158941265904364
-9.081970736725195
-9.113110004041559
-9.160151160789608
-9.08466257818045
-9.097182592256521
-9.160555134349973
-9.081336295700956
-9.064825937423329
-9.119724694720537
-9.114948886324637
-9.107689190398121
-9.07523100343153
-9.049201375639354
-9.1756150828092
-9.104931174616182
-9.039658572217943
-9.055004757921628
-8.9997362316226
-9.066653640262562
-9.020139138428199
-9.051840733772579
-9.097520102507376
-9.049329383325972
-9.140198595710354
-9.099073923426404
-9.080883809452617
-9.064364491608416
-9.115270892205093
-9.137408487603976
-9.144682698571184
-9.125968231420895
-9.061487772343206
-9.087402973747713
-9.034809754259605
-9.050625439682657
-9.03870566269734
-9.139403045606642
-9.091371378299696
-9.067170901828048
-9.036021748559394
-9.106007186985256
-9.038387861295721
-9.102192203320836
-9.09518260893625
-9.039355583291746
-9.073122503855386
-9.031528377255853
-9.16480130775784
-9.078066462373197
-9.009356525619
-8.991530485001684
-9.029796481591395
-9.01087969658125
-8.993873329082893
-9.067788271937143
-9.032363044152245
-9.112365610496594
-9.069321461847593
-9.024403581248924
-9.007393981099069
-9.147008773997458
-9.119840606438498
-9.03564995413589
-9.098929564308845
-9.118194704797824
-9.10822790708605
-9.095288271673963
-9.039058287956802
-9.014429172815026
-9.148718657380762
-9.120078098454533
-9.115723638195012
-9.057411489078172
-9.089724804649755
-9.133754303932632
-9.102237111247488
-9.10789103358779
-9.143106717599933
-9.14185824188706
-9.10633583275031
-9.113340849382912
-9.129214367774587
-9.142022497872297
-9.13534833881721
-9.127681269004416
-9.132120895787171
-9.126483291482238
-9.176189734523756
-9.09616016722274
-9.100188363574103
-9.118866488818625
-9.134307840212054
-9.127124544229472
-9.154127833309238
-9.009213620864955
-9.12704757891766
-8.990932216513167
-9.138339464667718
-9.140953577493422
-9.175565924033167
-9.024319608063319
-9.11248880494009
-9.104683043553226
-9.062477831004504
-9.15164429518811
-9.07888808441898
-9.103382966947487
-9.05358909756096
-9.113473676837787
-8.972872575862485
-9.139541567938744
-9.144068955941771
-9.070574503187258
-9.016958669937644
-9.091665934440462
-9.089110688272449
-9.091853405017593
-9.187808665834186
-9.087242010776011
-9.055229694365307
-9.15836057693335
-9.015151988541911
-9.147183944694884
-9.01034306459826
-9.131845170587685
-9.062880357114828
-9.130453885465968
-9.011656964143956
-9.179252800921725
-9.078445968448035
-9.195211868000513
-9.122208488548862
-9.158426478287048
-9.153317324711933
-9.043469670343564
-9.08380664737426
-9.100223678897162
-9.11097382819787
-9.128531183896397
-9.10986833021748
-9.042459138346622
-9.097309147316333
-9.153658465803437
-9.14077308836707
-9.08586775617928
-9.125392334628701
-9.03999315552175
-9.125738232468553
-9.12420711900773
-9.113546634119315
-9.164240814423035
-9.085263745573956
-9.194482848801767
-9.08437594013103
-9.021342223048903
-9.07725810988143
-9.144096605710056
-9.152802238456323
-9.068242123499962
-9.101096559401771
-9.114599827428751
-9.10869037918916
-9.11760738471427
-9.016357072234069
-9.123994677896263
-9.225200845700462
-9.176815753467727
-9.170047908869305
-9.086314621366453
-9.096326594926571
-9.155542881814041
-9.111995935109508
-9.050426660785167
-9.085735078709808
-9.078503420180992
-9.116798176567084
-9.101037314952466
-9.046569547299134
-9.218452262506418
-9.137252096887229
-8.977590585103632
-9.131404681552134
-9.126597436703506
-9.09791486073097
-8.999388434341808
-9.103765670135587
-9.14731343966047
-9.156720445910258
-9.028481949361732
-9.149629125514698
-9.237967156110466
-9.085005842485913
-9.129611492423633
-9.119867040844095
-9.044656269334077
-9.16466492660386
-9.077576187146075
-9.088354475090178
-9.125603955070071
-9.169851950899892
-9.057625535921485
-9.044061596019057
-9.09465537564191
-9.088230820152601
-9.126696883024241
-9.176660566962322
-9.195995679324566
-9.083975441042469
-9.159361665935046
-9.14350283043835
-9.137311295489653
-9.185181645413767
-9.16232127353056
-9.120467551930451
-9.131998721500464
-9.081976531233167
-9.142815844369462
-9.099959443377145
-9.164660365912795
-9.221370023597837
-9.128380571152915
-9.088460065121929
-9.155665263883922
-9.10492183518231
-9.138529384189452
-9.068639946238937
-9.110251683284346
-9.185217292971736
-9.107026585238826
-9.174075971081338
-9.075034990950103
-9.228921206616949
-9.13018813042499
-9.134319654671236
-9.113549721028457
-9.09680714819273
-9.184991493606944
-9.064991248796959
-9.148029539286119
-9.071124817679431
-9.158361781997401
-9.095886340803942
-9.167934018277169
-9.096742938241318
-9.150223069460315
-9.081339126726826
-9.113951265764369
-9.190589475339504
-9.177512652179868
-9.068231451405081
-9.135900820796994
-9.085481296911603
-9.155839627287923
-9.160535140592897
-9.107951859734856
-9.076098731087155
-9.093917175146078
-9.072910645598697
-9.149424277233532
-9.119270194061432
-9.155876222308455
-9.110239625338396
-9.157690432221283
-9.086620232944316
-9.095186218631097
-9.132670848491912
-9.121446927985694
-9.110900816199607
-9.154423866633074
-9.02420206300708
-9.13291901736391
-9.117185922648508
-9.145699301929914
-9.116748797040621
-9.2037691500721
-9.117708103103828
-9.19595604584633
-9.23932416452577
-9.113976454475628
-9.080338821025295
-9.175552510791386
-9.090127724750856
-9.189348244967041
-9.256312021401419
-9.108626945933684
-9.107766998503811
-9.113746532031703
-9.120733878700653
-9.125424008972862
-9.10348136374046
-9.120603971620074
-9.137032219615575
-9.097474357503144
-9.12963682385836
-9.07912087584918
-9.099636508266371
-9.093870864096003
-9.182459697402233
-9.22428724754044
-9.070599884342514
-9.143971304422418
-9.15072112353023
-9.119546321328214
-9.231917900769849
-9.03729888802014
-9.117751858164207
-9.154907815015424
-9.196877780797378
-9.112195637880923
-9.117322776445597
-9.099209881911131
-9.183451681766833
-9.117858344042894
-9.158247969361524
-9.067033553589214
-9.138144833940084
-9.210084174346473
-9.037834203343381
-9.141946489055098
-9.118334416235811
-9.152167718692303
-9.133527204037543
-9.1690121269046
-9.18879323717246
-9.129875779026516
-9.212036374266736
-9.118740853315549
-9.11534435031839
-9.111148765143163
-9.173786956802225
-9.22527551151811
-9.11358229166182
-9.240943758413824
-9.104913058803639
-9.185739844799109
-9.155407361428919
-9.0591815316156
-9.095708282868602
-9.071900502472547
-9.117316530016764
-9.22105197089305
-9.159546147005578
-9.19154175228524
-9.091160532718318
-9.097153303297482
-9.119655436222983
-9.201936399000349
-9.200417702267066
-9.17697758418706
-9.166251380554755
-9.236602431105766
-9.20429733801333
-9.201717971357938
-9.138558486403538
-9.187033361122262
-9.143222599567839
-9.116593603834252
-9.084011046751836
-9.060330180190716
-9.15460324910068
-9.08302808281415
-9.2148062500578
-9.143097507146619
-9.18062720573185
-9.150766406265246
-9.16823745251354
-9.098947354427379
-9.210020696302733
-9.213274742843721
-9.111947192661276
-9.081597205749691
-9.169372639395958
-9.179396072476317
-9.13381263278039
-9.179630514732414
-9.124018450497884
-9.204797253634425
-9.152446870960217
-9.071760650789093
-9.115718033191667
-9.076944686170098
-9.193376410467081
-9.193171158970586
-9.21366312005262
-9.138753340498475
-9.140686856461246
-9.178683809123877
-9.16283057161569
-9.274951513367325
-9.10803483843105
-9.18382143744383
-9.135571281491307
-9.127635969419128
-9.149561283731598
-9.02256018975425
-9.19349676463158
-9.21110905122725
-9.160408652069481
-9.1477670726775
-9.207363533739867
-9.16380635806863
-9.133818442787094
-9.208694157558302
-9.13384405306083
-9.19722112952356
-9.121567589221355
-9.10867310636476
-9.194101115434297
-9.190671494295271
-9.1279857904956
-9.077260753995112
-9.199985778312389
-9.131305999531806
-9.131109427868228
-9.175534514807948
-9.175108415767776
-9.202875054471912
-9.051805805221175
-9.201472420894065
-9.128881197249974
-9.20596225774101
-9.187459978413507
-9.227653533830663
-9.164248520836292
-9.101834630230549
-9.132383791862457
-9.157807415908014
-9.149333084945876
-9.161962711715516
-9.194042105002351
-9.115482632811709
-9.153650699360716
-9.19249318183437
-9.212239573264748
-9.149513760308983
-9.087794111443008
-9.180164072237012
-9.061165786305708
-9.211158147008543
-9.128398215445564
-9.119468148084755
-9.14411858972486
-9.241626845202484
-9.112860745830002
-9.222885929535348
-9.154202275806478
-9.179753271891151
-9.28098047767236
-9.175267200228832
-9.228996082418139
-9.161938891871188
-8.931200457665911
-9.273580266149413
-9.254504742243244
-9.158439163363964
-9.198346297920962
-9.157556214302131
-9.159611249029004
-9.09345036703804
-9.215910243091475
-9.166815278895793
-8.798846465426127
-8.860032152201887
-9.192037347203295
-9.086104820665595
-9.118192693894747
-9.13976259652877
-9.111305904017346
-9.093981612748875
-9.00763316571928
-9.09383014207681
-9.124741648231812
-9.097564710232874
-9.095480523542799
-9.102146879149693
-9.080492731844581
-8.998999381326644
-8.941812292791548
-8.983077210386353
-8.989966572093625
-8.971128608299699
-9.007815472337882
-8.976215759947959
-9.047944569740295
-8.97281277099052
-9.001625200237962
-8.917746538803941
-8.986356351242355
-8.881315854075504
-8.900887207613719
-8.918640391375083
-8.937151046668035
-9.017175159357626
-8.934187438060905
-9.00377990617557
-8.976997808534517
-8.85365801361044
-8.98904363794869
-8.932711736002522
-8.927254588589639
-9.008321311291168
-8.87460086978099
-8.94541415432713
-8.926891305171345
-8.994073129728568
-9.053947837983536
-9.05267633309002
-8.9962301552626
-9.03823837640933
-8.94357874702512
-8.946734205628468
-8.945727355671165
-9.037994181925157
-8.948894457528457
-9.004351832633365
-8.965258658248429
-8.987719512968077
-8.970778918764678
-9.064278902539908
-8.9786087706411
-8.978329439445904
-9.045967496589581
-9.011427348659796
-9.048547117077591
-9.099061281859647
-9.066892093021716
-9.077458641520995
-8.941172828489142
-9.03469470400349
-8.969602358236704
-9.033823370353984
-9.087728978970814
-8.97695875701287
-9.03042702956626
-9.005996755391127
-8.862444305143589
-9.038585087983298
-9.018979193516204
-9.040247986591629
-9.010485686259214
-9.068356348936991
-9.02558669178083
-8.988059759118615
-9.103014968780506
-9.068634372328798
-9.015081817849367
-9.092917027624967
-8.994986032364466
-9.079854933769047
-9.019354074336773
-8.997464909878676
-8.984943263037982
-8.982973398389147
-9.09406148861454
-9.052619229675262
-8.975740316827203
-9.08777867307081
-8.98260810935786
-9.05352465495032
-8.973232280833564
-9.004285019739278
-9.130978918643832
-9.053475959309392
-9.112644856321173
-9.025571692036607
-9.061193221517856
-9.007238533050202
-9.032274479761137
-9.07568718205217
-9.040103130751602
-9.128493625409536
-8.935933706788845
-9.045583456720552
-9.112108476911947
-8.982999537531706
-9.118085299149957
-9.138947905126155
-9.173011864956619
-9.163522982217463
-9.104249559212702
-9.128599810345836
-9.110001730591044
-9.03924386568341
-9.167781187594814
-8.980323026985586
-9.118017819564168
-9.079552935846186
-9.20616009677335
-9.08169773340665
-9.069048040365116
-9.003170983735927
-9.056464155471955
-9.137318136287952
-9.13529869781171
-9.070848649666763
-9.144722607281
-9.130542171096122
-9.056568263940973
-9.082776160033385
-9.110263659743651
-9.102693347987701
-9.154852160267918
-9.1263083719116
-9.116794007902248
-9.077064142674855
-9.145183274078686
-9.099599235780785
-9.047744160222138
-9.069554634212826
-9.087644684793233
-9.18381545325637
-9.07278523625504
-9.11008849078633
-9.154567267864916
-9.159504863260082
-9.107603211492949
-9.146343236338906
-9.042504380398716
-9.13120334064131
-9.120081870338801
-9.125251455732345
-9.098649366215922
-9.130328381384464
-9.124284082663875
-9.11408955788279
-9.104468944492563
-9.112129909502654
-9.177408226387879
-9.116771940218568
-9.13053640325165
-9.159805622010605
-9.144728697403037
-9.205818699310788
-9.166200774200592
-9.018140241938147
-9.126684868952024
-9.14782463133868
-9.107414440147572
-9.117132218220235
-9.158759819564052
-9.203438228150354
-9.074065439312385
-9.206042287324863
-9.170066697769085
-9.08455523056902
-9.120856633916125
-9.194099078806728
-9.10841764689508
-9.197571113838176
-9.167145148188489
-9.216891788420108
-9.215355559709584
-9.164921652127516
-9.168677406949467
-9.075780623790937
-9.11049550071015
-9.129119331397852
-9.234666711503872
-9.20405792776828
-9.103201114793015
-9.16978919719937
-9.176694330935595
-9.107090244799465
-9.217288361841385
-9.1218989303696
-9.14789487476021
-9.10897727272722
-9.177131581676987
-9.182622404977241
-9.132702571432173
-9.189974953932836
-9.143349778124882
-9.171208907757075
-9.224646477069449
-9.252657223668542
-9.207432282723678
-9.201966131775631
-9.170776139233261
-9.154000065818444
-9.087234955031708
-9.067479973828169
-9.2287519455501
-9.224789603981447
-9.184410528757583
-9.182478132707885
-9.11676715753332
-9.183326709814875
-9.21583574933152
-9.129095886598519
-9.25966247345775
-9.253306498073174
-9.12862143641803
-9.143574845247585
-9.181974467839717
-9.100933841297065
-9.143271569777863
-9.176754803730121
-9.205466380240662
-9.104286565270177
-9.111889533173688
-9.2090435976907
-9.119754368228637
-9.234414231318006
-9.126072548854717
-9.166287268635482
-9.200857994252837
-9.20595335584787
-9.293632589664018
-9.250789156489338
-9.227979541798403
-9.218224243178346
-9.183230138080985
-9.237734334642859
-9.280493070487458
-9.16062125336599
-9.071858230805123
-9.1814577783553
-9.286338828051413
-9.222445079548157
-9.17404655767202
-9.191719650760321
-9.187557528725344
-9.199122235547083
-9.291123123463768
-9.24340051367328
-9.201684104163517
-9.248841947861438
-9.141012352372314
-9.240903385875932
-9.188253030865267
-9.161346293546428
-9.18320816647618
-9.182360683218926
-9.272382201750387
-9.126040066222597
-9.202149177250869
-9.181674604051011
-9.20199461346611
-9.23321102542612
-9.173165645789311
-9.289054428759517
-9.266345072551315
-9.194445234535639
-9.252807406491895
-9.217736299603766
-9.17354035043308
-9.244898707535901
-9.066419962874773
-9.224364828983386
-9.223524737290429
-9.210378695685405
-9.1456816060774
-9.214566517586231
-9.207303176776893
-9.217073665335105
-9.243714019114002
-9.221973666350804
-9.127278561643468
-9.167372978818417
-9.240221366783208
-9.272569032166919
-9.22425894105195
-9.248634377306098
-9.204418985372941
-9.34279490426796
-9.245553797099886
-9.22077198774039
-9.166583829731751
-9.240707326645218
-9.208422208027054
-9.221548513573344
-9.210311777425167
-9.121091669205551
-9.285328590742255
-9.209336120639835
-9.195088576245956
-9.220941232740298
-9.195065163234068
-9.320467039017387
-9.224601538157263
-9.228506400786415
-9.207562103009378
-9.143814169309648
-9.153483659784346
-9.130999981347955
-9.186103132839227
-9.21795354241233
-9.143195071822763
-9.221735739368164
-9.184004310218326
-9.14893880043012
-9.237765662157093
-9.19828285159023
-9.26151854017707
-9.17179051819467
-9.220145581612462
-9.30418773135824
-9.174012450488068
-9.271927620479664
-9.246366666229708
-9.185089325771905
-9.129321161172058
-9.206808300041898
-9.18808743436523
-9.154855512087005
-9.162671459464248
-9.204866689858557
-9.251337823463913
-9.184126050924716
-9.171378212726744
-9.190534769026204
-9.113437665135509
-9.3153907984578
-9.092659815738577
-9.204787217852388
-9.256068423063313
-9.16194367054644
-9.177897246198922
-9.151723069509035
-9.283867693939062
-9.180217687821104
-9.216571144535202
-9.183194676261115
-9.292148677743755
-9.166459003269209
-9.242717465568404
-9.225181778510992
-9.160648494821347
-9.179858759970278
