1.6256274757471798
1.5457765259795253
1.590471477345349
0.28588075728173507
0.1955311642601335
0.23606285713725061
0.1867549427223805
0.09038106179907532
0.16066226755618845
0.16426747791159166
0.053374485165159094
0.14257665629211033
0.08910141515576682
0.04585649663794356
0.07899469293864549
0.07688672909715527
0.025640348088827546
0.0333318965022966
0.026532262254918053
0.022930616601446956
0.03530364421346665
0.03791813337846013
0.03158113048387561
0.034922609260514346
0.030639089756113187
0.04381214786300619
0.060716336793232316
0.03230246878868192
0.030411502458411246
0.031235799473271042
0.035011305155981436
0.0358681057583554
0.024683998250426976
0.026329770583872068
0.032187606744909635
0.04640643658427259
0.05841451515928639
0.02784956439697144
0.04531745293974145
0.05291542235865664
0.06055513858310357
0.04011191916039915
0.04549884235181618
0.021115721740585656
0.04921169944864882
0.034311158929338156
0.07149525550964675
0.03779990084946537
0.05391608484714878
0.04200620382984544
0.04739748787262565
0.04271264543218333
0.05695439927936298
0.08273283436848235
0.05987850669584472
0.0435770290362898
0.04494742014554511
0.052202364218839295
0.08454619233114717
0.05902722186758669
0.0850125088143415
0.04933689650044376
0.07072978858121967
0.053437587273324455
0.05617965946378372
0.09140156259911314
0.07800819151917322
0.0898485756369998
0.0384855916284312
0.033949654975592644
0.08926041900535123
0.04954578039677584
0.03027889249074734
0.02775839578691632
0.061352314237883156
0.01786035592354738
0.07207509062300756
0.03237734952968979
0.03742607409000923
0.05836170143522846
0.06427023970846774
0.09215365933103763
0.05961742280920126
0.061698804761533256
0.05433483106040667
0.07419276280723694
0.036494782808113135
0.11220100957608474
0.07179381773853244
0.062846468927536
0.03931665587735052
0.08344546059485362
0.06236164952509319
0.04629332363854225
0.09531460435138722
0.07682448801506564
0.10289624183729768
0.0686714209476123
0.07778182257802108
0.06379640917782406
0.07483568914160302
0.06079572691992482
0.09307464604600571
0.05309922437580862
0.07149758301390545
0.10735438517658484
0.03975289375503101
0.027817919858371065
0.09101353481734346
0.03554501216389751
0.05152065070058995
0.07392767427961218
0.10344998494334612
0.04231033320115524
0.0636869658500099
0.08917938043567568
0.056975609198483636
0.04142792674798425
0.07977327830422927
0.07092121838614993
0.05999491076942368
0.08999859581638206
0.04559757879390647
0.0961881549567866
0.13776147618960324
0.1017474070798078
0.07420163151493324
0.16870956678611174
0.08750046659352521
0.08872750792789634
0.05260840421707062
0.0944889166514368
0.10919954124308051
0.08479285062484247
0.10959468590975101
0.07506093568781341
0.07188140785413526
0.08371171404496552
0.0912112804461288
0.0904607039962881
0.07255997645256201
0.06256755161260527
0.0579766437916596
0.08105296095282874
0.08920305600295582
0.05586087582864133
0.13395340682366577
0.05755710780226973
0.07399432414572202
0.059899725939450366
0.109743125967859
0.08971280093975874
0.04625831070061564
0.1071172467029118
0.1014709808917177
0.05250995475295943
0.10479240367780525
0.06853259624835485
0.06889163171023385
0.09768172243206698
0.10849578482386041
0.18079497535176145
0.11240171567883472
0.10182380758685405
0.0854674432195933
0.12225954334609271
0.14110150944329722
0.14929902857422703
0.09059615251055055
0.0755880133851991
0.07077490288122372
0.08182848075140567
0.11388841795600609
0.10111499763601257
0.12413985047132067
0.10375687796082285
0.11086197690267743
0.10172803588447127
0.07242607549960832
0.05146067312121834
0.1261566849832312
0.11290709522593363
0.1379366900749772
0.1322391694387467
0.07575076866787062
0.07660574538256137
0.06885046676112305
0.10485233781812628
0.10283947077507147
0.07967314445819719
0.16244558449077864
0.11570631446938863
0.11059073667141044
0.09512867477029642
0.10174849404289447
0.07363442631656589
0.08745355788664319
0.1477730391179846
0.11284017237586852
0.14573098326735814
0.08215199092506315
0.08856852255832774
0.11965471220315237
0.1014155442580192
0.1248146687546323
0.11155837580188477
0.09219877585951082
0.11078479813036933
0.06306288578727047
0.08324237237520121
0.10111228114803272
0.14869268196871105
0.0717955730757397
0.10090832091405721
0.06987587163219679
0.13695660018315053
0.13168345248686816
0.06936378731927523
0.09540278242128862
0.12343949954369643
0.08733048199354604
0.12448155713276932
0.09613870189975973
0.10440546613700617
0.09538259891621743
0.1184478188780038
0.06542287941804525
0.07136824847607971
0.16644033865964436
0.1449143096831179
0.11946271513638863
0.14933958305497744
0.07890200003401435
0.11438841621098743
0.09921678885017356
0.0963737563291771
0.12086400202232248
0.1280258511295796
0.10494880800251424
0.08533804194580713
0.10901827835876365
0.10609058142700635
0.062188163930894866
0.13908337665036458
0.09051487834571252
0.1485759593755634
0.11941206652768904
0.11523449382990068
0.1106193173559399
0.10095407404033017
0.06670012483600851
0.08870298695849446
0.08924962107529902
0.11765060158241847
0.11848966623442274
0.12664893108499195
0.08155469167240317
0.06292855739207204
0.0998578227275898
0.11370979590700725
0.16090046326030333
0.12993620714561532
0.15066565981994545
0.08131059578540563
0.0918880278496597
0.11497644427102695
0.1016842521954282
0.11952326633562235
0.15731543214096289
0.1454661704133124
0.13495993868294118
0.141961747024149
0.08392118047768876
0.17612979330015022
0.166775845128054
0.11010602707392284
0.14031467491097813
0.06453581314670426
0.09961732341551628
0.10798187959973703
0.12607892413622937
0.11313061417436963
0.09527648541812417
0.11708631054269335
0.07421038074375375
0.09474209442738493
0.13810702670462272
0.0810649447560562
0.14616835642620576
0.16533550358938703
0.09358992488406319
0.08581513227474204
0.11064070373023929
0.18211796765613827
0.10912227415803055
0.07643851302514978
0.06889769122856657
0.11660153729587842
0.18123127918306858
0.1566938394326273
0.10873250744821093
0.10400751770761782
0.05781171395176374
0.11657997518540095
0.1042232635957567
0.11683809105933889
0.11545475787236525
0.0710201383676032
0.06706614548874533
0.09335841362421256
0.11434747850452627
0.18899748517430612
0.0930376557381132
0.152111204601974
0.12436052386025319
0.07707656179037639
0.1593810325380097
0.10707669237830102
0.12776349771222048
0.09360560151847036
0.0832512036402997
0.12696956911680193
0.10824284462986179
0.11881390405528224
0.08927659546929281
0.08077964397833343
0.08571312460062076
0.09280017933966606
0.11445137539729891
0.11294424420298231
0.1571235764533752
0.11162494944884255
0.10024315382705612
0.12773466993092106
0.09492627857510047
0.07097203699568903
0.08961440333249182
0.13344712815075777
0.10452142135129737
0.1435825390690174
0.12441751153142233
0.1515283832905738
0.1383348263694287
0.15920057800905632
0.07685284617665683
0.13979722095080768
0.08848738713495516
0.12896941027216666
0.12716759420563153
0.14373553714542864
0.11807818014826617
0.08252200891193671
0.17302492694460384
0.08070417329029968
0.1577503838791841
0.06665474620388412
0.09883912136896801
0.07411540039761252
0.1014247262437883
0.12679251275959225
0.13599512023464533
0.1689520261041023
0.13726950987259837
0.08513126104953561
0.16633354854320104
0.16028175383472074
0.14311356050383497
0.13059332416729227
0.18789851944448546
0.15762582601553307
0.13952955578800755
0.08396849209871401
0.10594558768412822
0.09739960113507613
0.12163588963425036
0.10772675094619479
0.10170704522932576
0.07403074008834394
0.09039523816254659
0.09548332830806514
0.07744087082489282
0.11678633625940595
0.11110384800099628
0.12114536029168975
0.08828197934899587
0.1464714454204387
0.13301682220563532
0.11020108673972148
0.09721745697132796
0.09874958268482087
0.12456326320991497
0.14586677542640064
0.07485090407646411
0.12836642729650127
0.08819479902407694
0.07084538757597107
0.11271421238312652
0.1295775020019137
0.11110755029762763
0.15710623423778394
0.056363281405778246
0.16246387474660892
0.11603521585035882
0.12628458044405833
0.11025516291330506
0.1293840586449801
0.12554413663166378
0.1543785645956
0.1237834733294228
0.08868683021914044
0.13453059065668996
0.10159727445713677
0.13264824072558173
0.12867155100257283
0.16467693293707517
0.07017542970995419
0.11305070276472352
0.0998809857789608
0.13034279346704042
0.09942647871022098
0.09534316459611526
0.10677391243372279
0.1229957537322167
0.1399693389673104
0.14421939153092972
0.10912241492031159
0.11718612313621848
0.10281817968173401
0.11574236150462275
0.08441731789359269
0.0820978503521443
0.11703893571816376
0.08719753410884432
0.16853153785945169
0.11540096394475545
0.11218399761180492
0.14676303077523384
0.11016126123997798
0.10181189534077682
0.14893046250519756
0.1502653739445764
0.12487622706536701
0.10424001763728637
0.15032670825868327
0.1210822788352918
0.14528852337452242
0.11044775755582771
0.1769464156129821
0.12313636717352332
0.13731039362316175
0.15956104381668246
0.08556478506616758
0.08321589474150913
0.1347859241437276
0.03572340788667133
0.14088398440668326
0.09428080841755819
0.12574332562791277
0.157982159524683
0.12829423619682176
0.11005470741716114
0.11016237920452161
0.11494011740705334
0.10668418260299514
0.16759380649683245
0.14245476875526294
0.060325921119254715
0.09973001680317928
0.14891430636702013
0.15378592372768746
0.1689615176327804
0.12497196477284928
0.15223929589503543
0.1400111654133853
0.1312405780092691
0.08867932104424586
0.11998057887098777
0.1662246304515826
0.07497085902881477
0.12166487012474295
0.1418050970477281
0.12354235808592508
0.08937044394736265
0.12913181666072865
0.132461881126267
0.14626986800890854
0.16983979400135946
0.08771916062706865
0.10480564720029548
0.1482415858329536
0.10526239318499607
0.13810012234883492
0.13721439185189027
0.13692861715587032
0.1410712220159386
0.14623338707066932
0.11082858462383328
0.10063066370089029
0.1861352946689642
0.09161634203449598
0.11386797020888627
0.12541393249860233
0.16809569071266672
0.1619088852270318
0.15118707379912655
0.12982939930060358
0.11920712163089588
0.1688085747727691
0.1397407686928455
0.16251851529719938
0.10027439655630227
0.14745450682423744
0.09717666344008684
0.08729539475499486
0.15900587206882985
0.15027618713509272
0.17903434688634662
0.10304337907070484
0.17974763732332677
0.10190413266901355
0.07887279309603608
0.12008422035501584
0.1313832978087682
0.09000172092671549
0.08414258898269983
0.09257978394138153
0.19211829665252092
0.11644381928843381
0.16116823301189787
0.19283713546380027
0.16507539452549258
0.14303694729264732
0.13407803091571932
0.1403265502783826
0.1285254832339904
0.10285243299449326
0.10835875740264586
0.12254540869496995
0.11718839260517572
0.10311127630724289
0.161217534335674
0.09306446191053157
0.12619169786093862
0.10160881391884771
0.13447168616047164
0.10593101652887423
0.1614203774099279
0.11189022224543373
0.13713081295573654
0.08156907051128466
0.12511951876872937
0.11436180042934208
0.1295694325628647
0.11850142472742434
0.1478056894611482
0.1668063970453977
0.13654877206145744
0.14904353152286146
0.11256476597425072
0.17966993103075668
0.1571430301896769
0.14461228423892408
0.12342264584155502
0.1204945012586095
0.1387402867327438
0.15152737488682738
0.08656460998619027
0.1477781906665134
0.1459213065383078
0.13383661437294894
0.08080884901996813
0.1413994647900658
0.12694638506716094
0.13195589376967437
0.16625404115482206
0.11192243643879474
0.13379244490977418
0.1450308114215616
0.14540795414565844
0.12036497441148153
0.15848879720237946
0.1345731238047889
0.1304095974921081
0.0809438692365934
0.13502621170446447
0.13837306424345308
0.1356889075951878
0.10128638963020269
0.06919734466932256
0.16056731154692305
0.15313029308024437
0.14416434569110825
0.09227353993338047
0.14659588291993203
0.13129132426378626
0.14124845966343114
0.11132690959339105
0.14179163567833702
0.12462158620157779
0.10558427017917853
0.10517552654085506
0.10478121617289356
0.1161511575863718
0.18399027981664673
0.1318263252089748
0.11881058908970887
0.116452891314845
0.15380013171692353
0.1555874756697754
0.09831141709857677
0.11764219116221535
0.16558036318086475
0.12494298290567034
0.1958466758639275
0.16060873518578464
0.1433424312134866
0.1442742754869333
0.11102673263920314
0.13862969783265602
0.1760507413221682
0.15617773874435953
0.12716939667773006
0.12632199696850696
0.122940437329535
0.14807415260577805
0.15107076437123987
0.17708197363412825
0.14034436994846805
0.1364906862582162
0.15791254395886323
0.18534062084141417
0.1117229917627121
0.1315457564354729
0.12614856786375903
0.14021457778995824
0.09081332853165391
0.10306329612635963
0.11145177605987626
0.15339805347198063
0.09436003235239308
0.16955069983156232
0.11727201766420221
0.20465441606666174
0.11989775882488882
0.12395317009241379
0.16805998884289816
0.1421394502186634
0.09500525330112826
0.18068733655843558
0.11211857624200251
0.15828464980303486
0.07396573765666856
0.1736350982574344
0.19098346693413107
0.1729055265019605
0.10734978522093762
0.19498206989470898
0.11187031679879458
0.10258714871871505
0.19679223681346927
0.12278941916047893
0.16176391343430568
0.1583192431665054
0.1543930279122517
0.08012887031115802
0.14927498646355672
0.14809892833316177
0.14395349562204224
0.12368294185697745
0.13446784812266158
0.095550646827277
0.0683648933624115
0.13110993481546318
0.1673600443781679
0.12331996062640009
0.12160822351700701
0.0996946055940323
0.14320357415700014
0.07399233670634021
0.1381562090581466
0.1730273648666946
0.18047274896784057
0.14331176870262008
0.12005156851798401
0.11174546783928797
0.20757275105044484
0.12676588023630883
0.11365546204849418
0.16138297447012565
0.14878626852851906
0.1030514346229153
0.1174643578500694
0.12806868418998643
0.1765707486882772
0.12930846943943006
0.14969491190490866
0.16290987821971917
0.10526472841884596
0.16322098458699036
0.11234276272349585
0.23749165521551074
0.08740699852609055
0.09556811012280603
0.19318456870642808
0.09047582423028927
0.1393303966286615
0.14193415897080225
0.13376757675043724
0.1642047485565067
0.16695049206291043
0.2116445090397848
0.15089042334128175
0.1344725373029521
0.13232607656512432
0.18387754375683965
0.15307592128114111
0.1684512853733994
0.12380766424684364
0.21179471452846052
0.10505859781475922
0.1408951491096381
0.10285889471197125
0.18414326841227854
0.14569399122325835
0.12138246842527439
0.09856258931326652
0.10987363418570852
0.13958593414798381
0.12854378434652106
0.17019065736689754
0.17244393596235263
0.15179698710054065
0.1328997331906698
0.10329536261746701
0.1706436861237577
0.1436204139678532
0.10141548364365184
0.06547258875958697
0.16521791733017369
0.13903497893548936
0.14810730333731775
0.19468603311369198
0.15210847878292116
0.17224517190251962
0.11951697135313583
0.15150382760239467
0.13865733766089422
0.14761593120391353
0.13414558743066965
0.10517659670465572
0.11698093865712184
0.10447113067621651
0.08778048247927119
0.12835207841168728
0.1462808249878496
0.12320140932769794
0.12540779071762587
0.1150267357936371
0.12326699381418278
0.21098778624101405
0.1803247427235729
0.09995066048285202
0.1639895819479646
0.13898447304728176
0.125708302789881
0.11136821906690707
0.13077282536316517
0.124745381015197
0.12773627467171772
0.11299295785233097
0.13012236598684898
0.18790129558491644
0.11154363154659666
0.12026225518634721
0.15089233424428775
0.12034421123692059
0.1493777203424234
0.11924376178553357
0.15735208821297791
0.18776643722039318
0.10432348543415054
0.1494875533777897
0.14069493861889995
0.17163999825285783
0.1065481879694206
0.07359611472127717
0.19571403917254604
0.16611874670612578
0.14958529585827413
0.15469794797104472
0.21344789993984925
0.11729089204124098
0.17144817478653118
0.11190896761888476
0.15719532791549415
0.1426202664974747
0.07561672208887643
0.14936363567768168
0.12654244292211217
0.19662753120548568
0.12394035840885466
0.12195741593659859
0.16329971488143735
0.14990504420869047
0.14494234808981207
0.15151305778637345
0.08622531923782793
0.18151535787166798
0.07976366327894574
0.20460323741010658
0.17770847132448447
0.13910212577906855
0.1290504312227544
0.13624588235011148
0.14053454694745138
0.16290848356548576
0.12969942319440284
0.18413164796761294
0.16097795137595625
0.10857368795995279
0.20321174184623456
0.1459540509932462
0.18772956161518786
0.15424614582984567
0.14355841979197764
0.14256050704347611
0.162194897149767
0.1476139680211048
0.1372482238638349
0.1074733984102699
0.08444932867069918
0.16309550695124958
0.18843268024267446
0.12932424953260827
0.167384304009441
0.13696130948477858
0.15557974577693584
0.14110471289033258
0.16079125329268593
0.19096391519854927
0.18939151180222563
0.11318010510923927
0.14745324535404236
0.1141738134653417
0.16921705175233287
0.17958815731279235
0.14052985979586663
0.13470605688474885
0.18175551009707502
0.11331039120937242
0.10412886322582292
0.21237994788279388
0.15109067317245428
0.10981355790551349
0.14141706200669776
0.12306677789354079
0.13429096488208647
0.12403789772289525
0.12038127934527132
0.12226681098967075
0.08747452042134786
0.08073555922957286
0.12131333990083876
0.12236446522892938
0.14720963235089646
0.11361352486282368
0.13087584785629325
0.1432747132754912
0.20315068424785432
0.11757774484375061
0.12955162019015584
0.14630863500826807
0.1696687689197168
0.14714929778244587
0.1211424522367899
0.1777549157883335
0.2310657434693239
0.12468734052798226
0.13435538014881046
0.1791614161518223
0.14308051774911573
0.14741325490418133
0.10679092172420682
0.27213510333469293
0.12839336781325483
0.10720172905569021
0.24361885019907167
0.1034515941028432
0.14805016149522032
0.12313844613779895
0.11749880609162722
0.17423104949583454
0.1866147998000711
0.08250341028244228
0.10782114328551469
0.16612385119939999
0.1594227730363097
0.1199951631607037
0.1549695273570495
0.12350519855510093
0.18142135068432688
0.13788084814143667
0.08399424746938226
0.08504978610516715
0.1545304592641555
0.16161506908257106
0.1579805081146362
0.10474729346197575
0.20666887537202352
0.12881031697998033
0.14104038464094543
0.16312172774284456
0.1563290142501608
0.12808549070639783
0.09860637496911545
0.20756607964331203
0.20663494242842498
0.13856869712199132
0.16148060372752795
0.24857343014101083
0.12203219779445644
0.08609363678422616
0.1605206142651329
0.12569887379016303
0.11817621198237799
0.14372068809342242
0.12378400063936626
0.09939416690842383
0.10837089555384839
0.12156624810051203
0.14204343459373722
0.1333571848878984
0.14105882961643793
0.15063161407332032
0.12934124098828073
0.0931514155743301
0.14086956708491186
0.1317843484116826
0.10545478103686948
0.18844948269284012
0.1866032457622384
0.12020534651319029
0.09531839483700003
0.17827970947192498
0.14452083468349208
0.21644677005098062
0.09067530413746833
0.13552136802415918
0.10502874077365902
0.12110814285373998
0.19191906210717855
0.15146754706766483
0.15044734300825735
0.11847635307986233
0.15853719224781063
0.11475072582185371
0.1237825913360538
0.1417112805721436
0.15655920600326753
0.15545269424156355
0.16311946983821202
0.15572010281624693
0.145890551514145
0.1635996145434843
0.13262225804132907
0.10391792486853134
0.13127492132881619
0.12822487957937653
0.10211880765998564
0.13770139796204214
0.14335955440942774
0.09787490184375977
0.12062392314594624
0.12687479939540194
0.13008678979994243
0.14750753776139172
0.11253104832286977
0.14432644548553028
0.12155731585505233
0.17343366020397216
0.15606132436266013
0.1827955764817155
0.14651147629437405
0.14021991123047703
0.10468844538489372
0.11072724043616038
0.12940415603621722
0.09895753240271157
0.20918619632099697
0.1663829603636261
0.10327447431359069
0.14366101781398286
0.17658959012476175
0.11154294378663032
0.19614897983877216
0.10998121656240077
0.08521821100970946
0.15348596046293783
0.14836262552153925
0.1323554250796082
0.15976961546435045
0.1240506145103418
0.18178218461288137
0.0951822163470528
0.19408016653823132
0.1718109206681913
0.11179929085769909
0.15226255363982544
0.13536518082169496
0.20700490722787976
0.12575036052147323
0.11479397594050138
0.11002229294710322
0.17042963540090583
0.113373197950828
0.14030662383143785
0.18383334510502902
0.14732062463982726
0.16857099527689728
0.09941384168959412
0.07174608103328749
0.18581595376482307
0.16762236545267403
0.09951416916322314
0.1629834780496738
0.1318735064790544
0.06928331556366255
0.16540189685281864
0.1655067818511085
0.14117749578167454
0.12154621903218708
0.15613885101133643
0.12704086717352042
0.20570904415755759
0.0880068250858936
0.11848805739395982
0.12750047736403247
0.14006558848698827
0.19370753582248643
0.14211067410342781
0.18130335777983636
0.13313125184694097
0.1586406060195635
0.172237097408012
0.09049655562816657
0.1704794338360252
0.2091284614857071
0.16897799792214496
0.1517252715013169
0.11853485209502514
0.15210700537499072
0.18750581835276042
0.1471405158603051
0.14533257367931388
0.17711452448387663
0.16867116389910616
0.16270475354509936
0.17409089872222053
0.11676067084588686
0.13099748448074452
0.12559671679417972
0.15341989616265952
0.09043075620029112
0.18293103708155387
0.16184602822346456
0.11432259789359077
0.1206696389505793
0.15630744255370155
0.14790151706063276
0.21348621552121305
0.15868077554269955
0.13052400892640875
0.11299084506709775
0.09420590005165985
0.1783928471586694
0.13212061791716936
0.16611868564094479
0.13471181031005344
0.22272796733020647
0.16469542893924238
0.1592140484231497
0.1540187312184713
0.16364913011668136
0.16151286742536677
0.16734190022670484
0.15027027565891019
0.18333986415964043
0.15343014492990445
0.09068626244227918
0.1127122617004934
0.1969286817654934
0.08549719547851346
0.1869549831482095
0.1648533271097218
0.12548058715550237
0.1344577724954655
0.13410092794001344
0.18984432323006112
0.1184686651067954
0.13985768354728065
0.12280298035514356
0.09232088107845039
0.1555081017400055
0.16944568174301428
0.19637320214158005
0.15085279797074122
0.15210275821868172
0.1773753785181815
0.08839320241655482
0.12883357864096565
0.1385985145576908
0.09801213174176092
0.26930648342821056
0.14608031789084405
0.14489909671965634
0.17728567605323448
0.1602963590515473
0.22905297098784141
0.12797034998363002
0.13639509509824801
0.17514136020007898
0.14935507982161944
0.14281656216509842
0.167149757632971
0.15393630562320915
0.12544430555093733
0.16521734889693937
0.1469972688607194
0.15822935428254845
0.1603569329450169
0.13102313989101796
0.1379608755901657
0.20887722830536706
0.1719886615867048
0.16439684362355247
0.1882609983293896
0.1943494831074214
0.2042945555291956
0.12948274191842993
0.22697152429816164
0.1888762075778132
0.19141642510608617
0.14460454589897842
0.13694903856853086
0.15426041270719093
0.20652340323890242
0.1161906619021842
0.11087392974456688
0.20690834317357898
0.13718662715245164
0.1572804804565091
0.15076896885252505
0.20389753501387356
0.14835836368953084
0.20795465591769016
0.14387001457901386
0.1164659936141236
0.08866069843085415
0.10259706523744601
0.16920671208862792
0.09839665143172734
0.12082044379470361
0.135926382170308
0.1509464556909355
0.17190831545888394
0.11554354256736371
0.15063668236900077
0.12364112285414565
0.12949094466698588
0.16069034053109227
0.11371384799693449
0.18904980240463784
0.16681397254881217
0.12159487397741206
0.20983323936301396
0.1338929464735471
0.11203630143809362
0.1516441032452625
0.15787540114134335
0.14650108095339137
0.2155355572983819
0.13577751467925356
0.21075658581986534
0.19246840538582416
0.1172575470377176
0.09860341794321333
0.11923617478323023
0.21259701872159126
0.1414108520797685
0.13195366244628132
0.1427285359697641
0.19208473927517722
0.09049350803384994
0.1215162360341308
0.24591361331453615
0.11171577425081286
0.1751903379562882
0.15319881689501255
0.19244750746579598
0.18638162137937953
0.08575542526285684
0.1498234746403707
0.15456931453153275
0.12532226655353654
0.20762395693655183
0.20968126266691875
0.16252981376447778
0.12816870843934275
0.14125485871287954
0.13201209588155402
0.15114859723552246
0.16062235284440488
0.12864119608342015
0.13706229880225623
0.17079788789865594
0.14157891577763565
0.11550318174019121
0.15865430051683668
0.10680838502961523
0.16049351364924908
0.12147781177775747
0.14691458108814823
0.20280444710771944
0.1556002606941996
0.12548350898718966
0.15240818418065114
0.2046781986977726
0.16104825627902336
0.11303523064767168
0.15546445155949365
0.16436571951493717
0.20372761098742245
0.09325995546821324
0.16335054181773745
0.11800491075439717
0.1314773382523992
0.20922751727487968
0.1371556203928676
0.10439094616765315
0.12706033321692098
0.14701431414756552
0.1303687432054374
0.19813610349949826
0.14856403560527395
0.19486097417946005
0.16317610215136436
0.18393963305689084
0.1375732145165051
0.14335130712915722
0.1707911300010387
0.09948918488815042
0.1188390006599402
0.15201763589772901
0.16343040006948673
0.13106195113830016
0.1716954469122836
0.1860522185094556
0.13345026850409017
0.13059959646870814
0.1530280075579099
0.16814967454296864
0.15861023868855736
0.16203226106901694
0.14651447603751452
0.1112036558142458
0.1642880418218684
0.1781298711410047
0.12575543138528897
0.19377340229370263
0.1743354675619023
0.08217609998340421
0.14487651017134318
0.1382172528064282
0.18390656095853436
0.1376850631104769
0.09326968465905479
0.09168161661906933
0.1394073052895263
0.1447220167670694
0.15166411569780142
0.16331514284861157
0.19723102620239882
0.13074359586586182
0.15224864030428564
0.10096032861237421
0.20106538071959454
0.15571658889994888
0.14760278400384477
0.10819457131747286
0.10684455511232802
0.1768310872097057
0.142300903259758
0.10484193438051427
0.17686159908862673
0.13422765950238238
0.20844837413012832
0.14480140324269655
0.15627821296206165
0.13735025951949267
0.11449932721615594
0.09666714401856487
0.15338017083866032
0.23553088971966776
0.19553486524883673
0.186817392781934
0.09521290652168377
0.12973811620273756
0.1396543429759467
0.1286175128334027
0.15137201145492785
0.10604882459631218
0.12334798714311802
0.18335614312157766
0.17404923986232398
0.13868633875591055
0.16268203113252191
0.1066812721869219
0.14059825830068948
0.1348913295357436
0.17698120611947113
0.18565072006542965
0.13518213241531155
0.21939853316716199
0.15866452918993293
0.19412840063664596
0.1485593776948663
0.19128423242940834
0.14837788693110382
0.12371533398972279
0.13723280171686833
0.19268366236197165
0.1489158974263677
0.1043616810886006
0.1575538541435259
0.15582603612955223
0.09092675141273665
0.2317396619175805
0.09991804095301188
0.1153839644957127
0.08528545219617932
0.21245924881345235
0.15520617904495373
0.19376127697253473
0.14329992471054193
0.1793370390037839
0.17422546460061378
0.14753239491123202
0.20708946790665222
0.11233770034283322
0.10792639332314599
0.18999603436936177
0.14002086925008206
0.19351700413913117
0.13311272185550838
0.10532071941444887
0.1824844731975308
0.18133878740899353
0.10566568377383734
0.11426076702773588
0.13704174020187715
0.24933429816941025
0.16496010479849735
0.11982863388892422
0.22010575527252044
0.15179817784750652
0.2248372781521094
0.10706508594407471
0.17656902133819666
0.16119655604978797
0.20333882540896817
0.09792593922947837
0.1410896815177355
0.1587247002465983
0.1356712911133457
0.14683237692516143
0.1706367995619545
0.12065280648037585
0.17902219976877012
0.14012416015968
0.1538134373204354
0.10105566074333822
0.11036569163251793
0.10545238970868806
0.19768688993098232
0.1750539482407291
0.1485446948916891
0.10317784156538166
0.11396669437902876
0.15781113118309945
0.21508890362663902
0.13332943858902674
0.14053653040845857
0.20490585446891246
0.12788052634192754
0.1542575284781185
0.2735792750178502
0.11065654632035582
0.1311404314883765
0.1377201078579432
0.09957915015801513
0.19515667306254927
0.16755410390584638
0.128589762161191
0.16095842404358754
0.11227425166698227
0.19451480219797268
0.13293111078704203
0.14611063564022597
0.0789584555130352
0.19156805613093797
0.16774543625780233
0.11973382171914028
0.16995185906123048
0.09347100839371451
0.1784639165914703
0.12357374545825
0.08465715948412222
0.056840828727506766
0.20550088571870218
0.18605328282778125
0.1428147475225454
0.2483330237201118
0.19486925693245574
0.1668292879001989
0.1658344725934312
0.18843002014371601
0.14890925863309826
0.12777540628187917
0.12328372644627426
0.19376671325298142
0.1664288446603856
0.1215704962134133
0.12873784806377522
0.0841627203972495
0.08899985369858247
0.15503759806558112
0.11767919167336209
0.09745929639818894
0.1236147605785392
0.12183621269823532
0.15581644533665653
0.16210557495592848
0.12951338684941346
0.1656177781884644
0.118084434665825
0.14800246342948906
0.14003314173312395
0.11593475344188842
0.1172020331521751
0.0926007886910016
0.2251079043224707
0.1267441987274651
0.16587860254409179
0.14978461781352354
0.13770887491762335
0.09575049950514092
0.12924912948700037
0.13558368417846645
0.11239385436545457
0.1446017893477859
0.18607836949015608
0.16880452449933772
0.14264880626525767
0.2105853458794665
0.11478839349129576
0.1708274420989289
0.20298222590238457
0.16795153989421932
0.1305330225543883
0.12680150491311168
0.1986678988408728
0.18571309117687093
0.14133529365781078
0.09323915985155626
0.17887789345252064
0.20520302511168875
0.10805007396151461
0.07319207127910696
0.15654007704253498
0.11940926414547301
0.1369576977979337
0.14286151448843143
0.11966330100498652
0.11497841497390386
0.12278951855990623
0.17741380754592764
0.1312996381352076
0.0794957306772344
0.10064928624045147
0.17703722200026914
0.11450906593223302
0.12546953828443988
0.1973842826168335
0.12054948433132258
0.1759198983563338
0.15534917600879908
0.17912380859800311
0.1898548659164409
0.1233083217129394
0.1345683620568338
0.2110705297733762
0.13369897773812522
0.1700469921639655
0.09420329403536336
0.16836854501969714
0.1542949176578582
0.143844985469321
0.16473696897589174
0.1326217822242317
0.14389675186086595
0.11545855806173376
0.17394711465643425
0.13788894693239032
0.128323662440561
0.12093283477737259
0.13092229536537553
0.09692216364016593
0.12326348913895062
0.09360297284114749
0.12128067259542129
0.1668485444539901
0.17129851179455222
0.14439609938009762
0.14251165866179252
0.20320135091814231
0.16010397861748857
0.10574745719847332
0.14969341204097983
0.2082645239302266
0.1762870782518745
0.11805263689292143
0.18188304529239388
0.16784462246167212
0.12626848708243182
0.17929060395992408
0.0891341628040629
0.13648754671620952
0.14407580913040016
0.156804141874448
0.20250731439055666
0.17068315306507967
0.10107912438946333
0.16512102984321103
0.15606404680629643
0.11729153648974935
0.13488040077870256
0.15071521509450453
0.14997341711182632
0.13156986789484126
0.23477992715200552
0.1470315558642059
0.1392579556306989
0.1491482531341093
0.1813870191069777
0.13827144041343897
0.16445582468213535
0.15286149384747535
0.09871167109724566
0.11084944579106686
0.12194186814223784
0.12096257865189558
0.1105437344171667
0.13021185904220958
0.1132895917384762
0.12181206493884798
0.14161486321383185
0.08418702802982621
0.1633164166849088
0.13973851004057794
0.11794154244096276
0.20674143298692374
0.1593957535953083
0.1170417049223916
0.13388709208423444
0.13413711456327523
0.22193940592748532
0.1546881594850498
0.15408350379845748
0.15607958858245846
0.1282825414890987
0.14545337307322034
0.10915914825190902
0.12731864127322653
0.13365642986095172
0.21913156190200794
0.1691253924580719
0.14750090730705923
0.22404029592741792
0.12666439290619871
0.20277964194462686
0.11117902844485006
0.13203122321094213
0.18536343212656706
0.17604591211785087
0.13753438302891666
0.1283144207502982
0.10375494880844155
0.19431770596408637
0.11877991833901083
0.12431055391689132
0.14830434326334788
0.15323522745117998
0.1857200657544228
0.1599255680880611
0.14112724857550532
0.11966089191642156
0.1592727983278322
0.11603815334952827
0.20559960440900946
0.1620635876896637
0.179581555143178
0.16982817838518463
0.19456861379299023
0.15737148757571237
0.1618412511184381
0.1776354979001803
0.11188609624954227
0.1700743219060287
0.17802264649349892
0.13443218014968178
0.146170965271972
0.12222494993718921
0.16541065159721746
0.14551002557720422
0.10252151189353212
0.1075729737259511
0.18822234000483262
0.18161589979712034
0.13513281515397313
0.18462277270255814
0.10142649575976699
0.1361797674366255
0.13299622495093893
0.15832733867921234
0.12900692620564028
0.22236781508324996
0.09341954003535875
0.1392245348502847
0.2000610858857985
0.15912010449391661
0.13914232440757124
0.10030661079821132
0.18348157795432563
0.11360093326683401
0.18312177294114765
0.14908333511585184
0.1552675527157454
0.1296681601439461
0.14797410816211057
0.14481669169364333
0.13946358643211412
0.1101919656931325
0.20268695571428785
0.1906613153466751
0.16355038160036747
0.16973861091513254
0.1471656588756744
0.1926751698752335
0.10344620965690161
0.16131474804327525
0.09243335680380692
0.1707642964563522
0.12499006027841027
0.11271471520078925
0.1732132134832406
0.15214605265620929
0.16426737164584349
0.08734752951615754
0.19046532534962932
0.1775162722864795
0.16482382922519354
0.098150042165428
0.1478862798442726
0.17936846635430362
0.08642600387265996
0.13669734121550933
0.1510007878641491
0.17703648455555276
0.15483000737540575
0.14868597811325507
0.11203565113485117
0.1650221209021597
0.13125091135302983
0.14164395289504975
0.19860460317631976
0.12927197580894456
0.09682080673286507
0.13678605751495557
0.1402542413401611
0.13575944444486227
0.13908532217303854
0.16688154043966946
0.13882546560685272
0.09792657147413587
0.13928482468506814
0.1886208237466775
0.1887254092638846
0.0916476583829794
0.15868981916779476
0.14420508177572908
0.23696496018763852
0.15700003258212203
0.1589458113139789
0.1437103565875939
0.06350550429674491
0.10791429750528243
0.17214038260637018
0.1592155905490119
0.08824785495115109
0.13521294624956018
0.10266140553569561
0.1281320865433793
0.10186377099695676
0.13454570197512816
0.16561568019759276
0.09774014579358281
0.09773398263469156
0.11486511284630509
0.07783307820683215
0.1596144611571314
0.11090770114515701
0.10365363155067252
0.2173369472085767
0.10473603847227723
0.16392197290245022
0.07859140183356564
0.19503856765777675
0.14319027448692098
0.1451800498224445
0.16819346411840316
0.12365963559728943
0.21432418245218243
0.22978890420542855
0.14506681682934272
0.17372768091873905
0.1322707228988267
0.11621507399697577
0.10505707843943146
0.09654668322114897
0.1251591001694396
0.1628092382360716
0.1206378641144436
0.2063067795286157
0.17585782445688083
0.13668302179183306
0.15719651492051442
0.15858017364512067
0.15417500380011676
0.17114405482378628
0.1710719795974055
0.1823650143565652
0.14070891726501214
0.15341082656716454
0.20768349365650787
0.11708306822106263
0.16959856118311237
0.18362695808586238
0.22921507236796657
0.15024611206306118
0.15215038490966232
0.19271263072212108
0.11053665106015002
0.20376042302379221
0.1271280399788982
0.18594998497694673
0.20605800371175806
0.18572046265485542
0.07066360448041711
0.1428763929321121
0.10963948276996895
0.18418337070553226
0.12055038484342746
0.1645390108204244
0.144078784901602
0.1007285313479012
0.15890487784455895
0.1868192711636711
0.1547017905096923
0.17983399939203018
0.14814557449405444
0.1423521352523473
0.1297868100400568
0.1281443512093664
0.14152523781242624
0.07793882923749712
0.10625770530082054
0.18232811178033625
0.15402912736699972
0.14987902604063094
0.11309083171082285
0.14776140714339778
0.1454650779269031
0.13617281106830842
0.1223287202211963
0.14681883925488654
0.09188444289862464
0.1888635867649605
0.17302285557757108
0.11410879882306826
0.0785444798918323
0.20710896873964132
0.1770065604587091
0.19868388892290986
0.15337376680949247
0.3057878719388887
0.1748398634625274
0.10860126510058025
0.1568095093347239
0.10750503672637883
0.12991329994259176
0.07884612401831038
0.1517324995770176
0.11666024072385382
0.1334999073507983
0.09280533313875977
0.19051166920256285
0.11164499983544392
0.17665164011541185
0.10267075923122594
0.17758968810755976
0.16091333813388975
0.14644426050825296
0.1121069625517589
0.1810396219814635
0.15629987130114711
0.1580541718629657
0.1286338583182366
0.18791365207138108
0.1837815696620019
0.14220447484436083
0.14279759728906638
0.1731976611427919
0.1917376079891404
0.09547780714037479
0.21106259674949152
0.15017065084611375
0.11508279154554961
0.1599626353233428
0.10212473372094133
0.15192373516399885
0.10220473174699475
0.15460466808193896
0.10558080247083261
0.17866352486224832
0.1547574508208029
0.18729065797456473
0.12366809086039614
0.11763232650743459
0.12310122594156536
0.1434575136542691
0.1602283001828141
0.12293792995590733
0.16071254029550977
0.14840629165651115
0.18734087081576412
0.12888991844482905
0.10051637456294585
0.1298559239600846
0.11998806910952999
0.18032016676129523
0.13116931591992578
0.13267286329789388
0.19653163050351216
0.17618591020991325
0.2750745831005393
0.14644454356108158
0.17228932125012442
0.17375576183145058
0.17874186940928766
0.15679410285975953
0.1660029855164537
0.16316098527953793
0.1331046829876912
0.21226225773752436
0.1318933184504257
0.12857505154062362
0.13540845114608813
0.2057991565778478
0.10910000020228555
0.10572870514677692
0.12560286133567863
0.12533949593538596
0.1597658536560351
0.18767741960836246
0.1937793899864391
0.15416747773784464
0.14376592746089292
0.17391333957184696
0.20924119814518705
0.11906813404736914
0.11356687545841888
0.1304115711136452
0.13790269445461315
0.16363350806728313
0.1664009405870718
0.15101712443078075
0.20519411927259423
0.15372339740640278
0.17781104252394148
0.1353505061746685
0.20161838440202748
0.18727371446431962
0.13829236040427206
0.15817084540076115
0.21395356676535582
0.15306810634241036
0.15805305183964174
0.154859046863926
0.15159688373978025
0.0978847425279805
0.2244160932317795
0.1082146188508564
0.13480429025341178
0.10800591475335662
0.19253918642858764
0.17188559412570373
0.10090448186849366
0.16254144769637888
0.15253871245859496
0.15342250853276038
0.10990746609987492
0.19887906868190236
0.1032744537462099
0.1767164187535922
0.10254669296618527
0.29166830430525226
0.18617269382816487
0.149620296972802
0.10375332041108175
0.19171510292281277
0.15654606843682836
0.14657169331521297
0.17354435524483186
0.19873177021567007
0.12574466780467666
0.13885382881610542
0.10375513563524004
0.09189490392850551
0.259350658479388
0.12242638549507724
0.07350385044765086
0.13515508625969594
0.14025096730951092
0.18582552157868162
0.12611997015294585
0.1383091901357244
0.1798119187703511
0.16211960852826085
0.10853707410830643
0.1323635153445817
0.12706927188678274
0.1598798208226932
0.18839718973395103
0.17863859191262207
0.17955174617282152
0.12886855997316657
0.11880634669705493
0.1770551701153033
0.10611538540915767
0.16560062142993637
0.1492179393547738
0.21147267413999374
0.13506972751967308
0.09313446575107787
0.17605867358950025
0.2052623550563186
0.07331563588182488
0.12966561963555645
0.1424634308132058
0.15581454593743208
0.08130409800221157
0.09532029694090434
0.18432603042815518
0.10400302984502847
0.14650790668258779
0.1310597403780575
0.11528882494934192
0.17840217821583224
0.11603956739574299
0.14967597070479965
0.12796545215957225
0.18568110701515045
0.10567237759996533
0.12678453149990557
0.19162076141676487
0.1796060005439811
0.11571125691941035
0.12729002727633865
0.12744690232831815
0.10920153485208428
0.13778371689933352
0.1426474656415952
0.1494636076820334
0.14127816055627487
0.15006599860187927
0.13460571478335265
0.15726009017224155
0.22920942194926033
0.16313349262518667
0.14991765608028074
0.15785782668787093
0.08170901086350381
0.10926109568650275
0.18910133950280328
0.133601516265557
0.12588439751527022
0.0865926461485911
0.21071226831786447
0.12519096978340413
0.16345971859055552
0.18706336463387355
0.11536498145864424
0.16104978236367917
0.14543860790386107
0.18320615125954656
0.09888078974911382
0.16339065557496985
0.11898275735438534
0.1303466807383165
0.08287095412876308
0.17441097559429997
0.11711947898167724
0.1676410489705062
0.14046669702255185
0.16313779228172814
0.17167269469648827
0.1368378024437485
0.14874396433295142
0.1500745118764009
0.146305743196134
0.15325824477587785
0.15842573836903664
0.11394588392067254
0.14434972205078742
0.12607296823190428
0.17221290201873554
0.11855474176460967
0.1377558642264251
0.15326448310264798
0.17020736836651407
0.1226811820441396
0.1346229245444489
0.16268806649815173
0.11278277582216167
0.1238999016534483
0.16316498633346257
0.15852714144689745
0.12113629343972045
0.1538011531100475
0.1207132197689606
0.15641474965945915
0.15455192406726073
0.1300489297263263
0.16578262911622876
0.15131422080069615
0.06939802786148033
0.18235904554391125
0.14913320783945755
0.17126455946570684
0.06360009351673036
0.20200042471474047
0.17775001676130664
0.15405470797294038
0.13156436255318726
0.1329814795486867
0.1528677544280064
0.1304027281596737
0.19263545824499892
0.19071330943145137
0.20195155899746553
0.14892416329618735
0.15566341895945462
0.22083859510267756
0.07957494529327852
0.19416569366208414
0.17868404357353576
0.16375213329688487
0.1549519873429756
0.1463687900508524
0.16085712540137448
0.09022557287973272
0.13808892188001295
0.1497412300689719
0.17918770295766812
0.11464720191199619
0.1477326224724613
0.1116013032721929
0.19012478651166956
0.19307504151314622
0.14773141704258094
0.17085824697463986
0.09916592183054461
0.14925028612140012
0.1917128327949775
0.08458042956880243
0.15036980839330844
0.11384491709586457
0.14719054492263328
0.16933499692604032
0.11958919209121822
0.18994280174041583
0.12811576538179684
0.17101212579646888
0.11048672731869456
0.15032616691101994
0.1237630692465699
0.1429737357895088
0.15636215212957605
0.20778982112588448
0.16694657079499106
0.1393460327242394
0.17959322311336917
0.19407829907773338
0.19400069794457142
0.12343603175570758
0.08329229845431126
0.12458732227258222
0.10462871567836077
0.2194853889318413
0.2064572778238225
0.13267902271715523
0.1323220114169455
0.20999122674587306
0.12737288269778674
0.1593670005591991
0.15609487670472288
0.10093604768546541
0.12961072622160952
0.20753401181480458
0.22206976749045687
0.16993974122957706
0.20452486293925037
0.1953752231158426
0.12378929889538155
0.11362398371411353
0.062149368969596094
0.18641986219570153
0.10253664928427547
0.11923734671131399
0.09440232314698593
0.14960859056805936
0.13104916685433257
0.17541341607481992
0.1886928453889625
0.12740832833486604
0.18751607577442592
0.1603450961797474
0.11862980521788821
0.14950965305861044
0.1720644522461002
0.1452490007882987
0.21975689689107558
0.2008851115203963
0.15786698796735868
0.12467806241704167
0.17457950875857484
0.16063847346783178
0.11320838817262546
0.10609199167400236
0.1585474784127315
0.15208831557784785
0.15377943380274256
0.16129112120860162
0.1548790992974995
0.1659018180483431
0.1414376461408399
0.13222728970632389
0.15152125533163083
0.14005430525844365
0.07872023295902038
0.2159414448813083
0.19826261620767388
0.15189125562496855
0.13923133254282088
0.1623886981919164
0.0981366982682764
0.1870329481299819
0.10301338628315368
0.1534409416028696
0.08465221910975808
0.14449776347271867
0.1819836851674876
0.13679246565701986
0.14522675890112377
0.18682478999863036
0.12665063412122424
0.062142785820951243
0.08268461704467439
0.1743759620569156
0.09286927865343825
0.12844470465188293
0.1770208751160756
0.17980429506479284
0.18943276692191025
0.14382851520540643
0.15472221238645936
0.14091526802222937
0.1574816369323771
0.13621031370544584
0.14306245614816201
0.09985736343940878
0.15111024623152705
0.1361731654746476
0.2640272588729571
0.15166713394988351
0.12155700908984171
0.12267341127875883
0.1612580723648972
0.1469372329020184
0.10839350236681251
0.19262245456493024
0.1731745676477162
0.1312318043766787
0.15381909676118133
0.08894678223111738
0.12710341703355743
0.1145107477579535
0.16443353763658594
0.10770736218645369
0.11942374747857115
0.14672863381567453
0.1328934514576222
0.19643876614803807
0.11094485912626405
0.11155999141358613
0.14437214150910624
0.15301552225677353
0.16112326515901132
0.2061906274354719
0.12816596723566476
0.1131967524160231
0.10131981833874004
0.12110273575379792
0.1761859035502074
0.17719343556426193
0.17182481367755875
0.17728546921879043
0.20782875181246915
0.17929060294321866
0.16598718872631843
0.13367022197029652
0.16789567161563743
0.16162655519731411
0.15354662305440794
0.13666178128441722
0.13430940007022865
0.16300105453012034
0.17345663109554368
0.2590350657164797
0.13131172261892457
0.2083250907441324
0.15084294004803975
0.17687964837060746
0.20541116001950857
0.1810593875923106
0.1535243899579361
0.12489087235193214
0.15611559885634713
0.1273969189598727
0.17459529558238976
0.16246997852534326
0.1857282453311537
0.1936585025919028
0.15983939841869038
0.14650301398899915
0.13443411674295855
0.12832314393197636
0.20168074605802483
0.18042477218631303
0.16444852452579128
0.17119750571941353
0.19205039793350695
0.08268929054404986
0.13209173835383578
0.05710068592405157
0.16908123851533235
0.11588766298223702
0.1929724655263609
0.15105300363365937
0.15813496193163903
0.11118738044418938
0.11993791293505142
0.11571121240963839
0.10987936920803383
0.1301851875833439
0.11782030414498053
0.08502903150336723
0.11579625789237283
0.1516550121601788
0.11598619998521005
0.18253478742964335
0.11543447532865876
0.14448848942885997
0.10949984098604187
0.15876674621580406
0.13291843698785824
0.11736115326120396
0.24688798181250096
0.09343719621138132
0.13992955591453995
0.1774967146138011
0.16885261234957205
0.08787813140230138
0.1201950038290019
0.17158683049919193
0.17710225894639212
0.08870100714033295
0.07267768438336855
0.12768821218196671
0.11457385028051369
0.17099203985365
0.14496535943277894
0.09499186068191709
0.13209369370187385
0.14116504470403765
0.15689003838464394
0.1903535642739497
0.0511686737295566
0.13128722790738642
0.11033226631909233
0.09737218614515267
0.14871425746765585
0.17955562116325693
0.1041292217707589
0.09231908118290555
0.22153952894553267
0.16995200866913365
0.11990289495815656
0.11807835524724085
0.12521016437996466
0.17336474092798768
0.16129213594420014
0.13712676240251617
0.20073492047527888
0.11133959285742033
0.22285665989939873
0.13891016513682797
0.11421718294296293
0.1660101726548389
0.11782268071795234
0.20765956985908965
0.14778694870453743
0.18986947949372446
0.1636966769186817
0.11574066866782465
0.16655324690130804
0.1682980762536151
0.120879891258672
0.17262183963630442
0.08738966834262114
0.15032814511753617
0.1312543065271691
0.1887959168867661
0.14180233309417128
0.12726830473552753
0.1721666477821068
0.15558777501448487
0.11939526486016078
0.09786344465751709
0.19439706583580996
0.16890223732608764
0.09585518670632255
0.13538693446335107
0.13853459756332617
0.19263408813944333
0.11155421843931483
0.0896662047056375
0.14615414384612338
0.09917948513738441
0.1856770783269458
0.09665621699998617
0.1795699184516532
0.1744972635535787
0.17003730716930227
0.13818967087794784
0.14645257955032479
0.16509080127451942
0.21694030856170227
0.15845324418314985
0.09274352950363725
0.14893202221204782
0.09659146975673003
0.14669034963429747
0.13846679016153227
0.15944608018628437
0.13105295831746291
0.09019805595404437
0.19792018815886867
0.16137381613904217
0.16242526649196118
0.1547280689223313
0.12888676390256318
0.17196713157155988
0.08207323590962888
0.15820258851545818
0.1296630231423959
0.1150646721200372
0.19170957568973648
0.17522586153947345
0.22247480882748324
0.12253737916420376
0.1825555045467619
0.15228230480433494
0.18726647953644535
0.17625857234662543
0.1247802306985727
0.13367873859911877
0.07798910143560679
0.10441052863197794
0.15853827695442965
0.1553500617637767
0.1665095914231785
0.07871643612846303
0.15845793000227615
0.16952788711045322
0.1395313217907908
0.18059191956083712
0.13490158171316555
0.1406153754025465
0.1430978398179864
0.1417538338845031
0.11283149729899919
0.13168753409447853
0.152943059183998
0.07701762901348004
0.16005906657988503
0.1555507934265217
0.10617589504917764
0.14952262295350563
0.1777224663521581
0.20538173908165513
0.15507132831969606
0.17805417519919137
0.19408114749136782
0.14343919607215047
0.1507540484644774
0.10674582324450918
0.1117651918652384
0.19309122072470095
0.11654087249253807
0.23456615489892996
0.13496075634621696
0.11490496328284286
0.14323808466721477
0.1109957933791178
0.08682228258374054
0.09882305754696087
0.17130139974995567
0.1162100454458635
0.17782453595571376
0.21770171548222197
0.15323782186700038
0.16166216289282648
0.1494970216236794
0.20001476705105367
0.15587762175529252
0.09697910046780792
0.11259108290075419
0.1300710602594177
0.15051518252459853
0.10867754309600147
0.1183253178845517
0.16256178212858494
0.10895306701360807
0.13925968117091492
0.1256821830977926
0.1650735356785496
0.21097810529370517
0.13808826456417314
0.21227324441923773
0.1859690682239103
0.17684683261981216
0.13279760411076713
0.13462972000880094
0.18391524399647238
0.17381702021092513
0.09643612315876217
0.12870542693313022
0.06823541536326137
0.13479091494457646
0.11590427266856018
0.08871258336636087
0.18879714369034
0.09611223931133579
0.12863051568708847
0.15764915237903088
0.21206596642105727
0.1171845696963476
0.1380311814841806
0.1458088625511133
0.15635197963683842
0.1342056952721828
0.12102088618991856
0.1573321993687221
0.15438880144652242
0.07340594522047673
0.0732982964654948
0.14535007566094635
0.13926600595380656
0.10953640448059974
0.15300895589907698
0.15267944674828748
0.0733409412196335
0.08318258390409192
0.08713193388913176
0.12809700417202835
0.10897784806669403
0.1712625013465323
0.14909112880320932
0.13732294461614533
0.1358450288278763
0.2246634045944753
0.09873556983553937
0.1416835643338463
0.18857257277222422
0.1886083936939567
0.15532681364475812
0.07769023279453843
0.1463601614087567
0.11946723087670093
0.1313402983438552
0.15722323877851277
0.13515229232494017
0.21662463452948166
0.13834051867200584
0.13240362416494975
0.12821835906482215
0.10997993024462673
0.13711860260748934
0.14293800386706287
0.11824492943163852
0.13576188923624408
0.11562739372849512
0.06837610395426139
0.17649809815691878
0.09459265508443616
0.15194247186325405
0.1214444290846953
0.16914163086642908
0.12272417528636605
0.16948974564867614
0.11087433498377558
0.15254421410914798
0.14516047566718668
0.1946243488690889
0.21745418011550535
0.20249270584025086
0.2048465090844663
0.09279684485095423
0.14609337337589676
0.1589160107112046
0.12639680490972216
0.15957726358976781
0.1403578618082687
0.17275409763531427
0.11305313878288425
0.1873940725176395
0.218173644006134
0.1338552248730022
0.11542123886876181
0.1530022540875521
0.136858936194586
0.13302359021309618
0.1317994632671727
0.13335620868219072
0.17079063407992146
0.1322731585749741
0.11686605422832942
0.09708167636443416
0.11632369094616699
0.157851503573302
0.13939196439734194
0.09741652245026869
0.166216100420471
0.22914059881304888
0.11642874031874617
0.1740667129512099
0.1142469907393737
0.22987376741056756
0.12144660866227307
0.08290621489760801
0.08436989991197223
0.1716170977022401
0.14479969629751585
0.16190058644494612
0.17639523161192006
0.1540212177393578
0.1126722826588806
0.15865700721436524
0.14020452032107925
0.112546226668394
0.1486802390585559
0.1436616184199504
0.16762744869960003
0.13390370985457858
0.17443430214340935
0.16303382548330114
0.1580062303375699
0.19808540772351096
0.08214460137787387
0.14607660056505833
0.14936243326987986
0.1898160057079678
0.1082151719241557
0.22371462515424595
0.1423075516913915
0.1381476537388959
0.10857959311920928
0.1735112381406425
0.18430655576230098
0.173156598736582
0.14184067129659697
0.1832894061532556
0.16332594124649077
0.1999588473557626
0.10139975746660286
0.14600748977535952
0.08391275718765909
0.162238815630096
0.17684594687529268
0.12089458130491652
0.24266419643286952
0.13882744689329932
0.10995610934038895
0.05275202334613232
0.1817350784193584
0.130016442647278
0.14433707186325007
0.08037906518438402
0.15151048468348155
0.13598073298635593
0.1275056913119688
0.12532780840949387
0.1145265184146731
0.1152672441629466
0.11922709209328447
0.19964329854446733
0.0515697534228943
0.1401726583468091
0.21623643886585944
0.13240284997880983
0.11443280879386115
0.13750584393605506
0.1049219878309613
0.11435752278465418
0.1210664793752683
0.22174902019934145
0.16266213821103992
0.12879346266676986
0.09877726286949566
0.10924309266544595
0.17133040860355742
0.10616803667148754
0.1387886100161551
0.12825642599515052
0.0895868801606919
0.1606312198197324
0.13610397916099023
0.1638970034395126
0.12296625063299728
0.1411627870003033
0.12804377607737089
0.1072893226135943
0.21652988520817942
0.14855992018807748
0.08257914577451768
0.12546821079214218
0.22565580872580934
0.09800959712629226
0.1301525207667544
0.1522106769021851
0.1388506809665822
0.13431141742661587
0.10606106686532607
0.17042086201102374
0.173759134770229
0.15841366494560466
0.1375234874958672
0.16092244465277622
0.185366584064342
0.21793621715516331
0.16835936696158557
0.1617854648743551
0.1714188777972582
0.13722421845006494
0.16968071899673262
0.1579636272862847
0.13478845048223823
0.11517433003194337
0.19199802625374363
0.12417759276149243
0.13038049254100217
0.12986777424744808
0.12413926032944783
0.0726777329371354
0.11330610863097693
0.12600481044547934
0.2358046371103039
0.17421238131183553
0.18793226423041398
0.11451977421167615
0.15469137788623719
0.08442233759442382
0.12799479431544145
0.13727130137318733
0.09589947699925176
0.2734883406089984
0.07055506811480458
0.1614235648921008
0.15772934536596647
0.16641845156309903
0.15500574155964778
0.13981785252806064
0.13472738809942142
0.12068301685942136
0.09013164012202587
0.06806104764375757
0.13460851070698376
0.11957837111328135
0.1148008115146217
0.1334325816741439
0.17424876650343613
0.17726308487866752
0.15865557740049796
0.15354223320892388
0.18080622758204903
0.12238454733519918
0.11829536877561082
0.18335091693048092
0.09576009659086286
0.1148604948152749
0.16138193032839973
0.14662961666953642
0.1743054629462859
0.1353771869339614
0.13855470366183545
0.16526971001693477
0.09930585996121781
0.14343789584554423
0.09856854459970213
0.0933229673061806
0.22111438483526022
0.13046258310589232
0.1274242966524422
0.13936833917984462
0.11511954480469128
0.14364949644858835
0.19044863493308176
0.18784509006929567
0.11764493977194575
0.17927578580676196
0.17953536326018385
0.15275694960530098
0.10161248784146984
0.15383222000862348
0.1162473756000607
0.11161817777237051
0.10948894188906418
0.18031497415822412
0.13918642455726446
0.10478692013017038
0.08475505944567581
0.1571926995408677
0.20876345928836348
0.11058725215131981
0.07847084777390219
0.1282660319891417
0.14200694632181424
0.18784725078278716
0.08097931197026266
0.1992157006473771
0.15768021614338665
0.1136640859717452
0.10883950470229727
0.1600406456200351
0.14841732647364914
0.11351837346154683
0.14247845851414068
0.15196421142376054
0.1455034939859731
0.16774988012926118
0.10602651643905452
0.20071993178467515
0.15019865958101403
0.16203735827630986
0.06803228607813243
0.12522058758423965
0.17149873439002833
0.14234585961868582
0.12459644919450294
0.14819956586522834
0.13805718202877873
0.1159958122608686
0.15965408007901033
0.13007876393513024
0.1697325919539014
0.3199006402799046
0.21465565383079988
0.14877614953066573
0.16659520261330457
0.17547139102097828
0.1436862988296183
0.748498817523307
0.08402602723660926
0.12797210531979616
0.14587789364250284
0.15920584302031873
0.09236747237717528
0.10677991725561098
0.18745612229427194
0.12835979194821528
0.15712383487228648
0.07901796750081935
0.11557482671341729
0.09964224893974738
0.2079885210349399
0.17907649231723893
0.20592387408097745
0.14397302060837452
0.15114619692572556
0.14207539764326818
0.18662066774441016
0.10111363960632863
0.14082129672059943
0.11596778499418141
0.11575853536570875
0.17817431179925888
0.1124025258282805
0.14655983918478102
0.08633233290869156
0.1348418556534273
0.16506783921891716
0.10811599422908161
0.1361759741802262
0.142104286376557
0.1407619802184648
0.15176925120373277
0.17677262863038173
0.16027436232260883
0.07616893266496792
0.17834039320952852
0.09042881992262879
0.19875008134617264
0.1429892417723213
0.16123878854319637
0.16147098717079947
0.20124952989794606
0.12275155316569655
0.13234087545800782
0.1521811151034974
0.143760215794881
0.3474532770409916
0.1841459404550156
0.12958777814852127
0.15600945779783357
0.14379067465485867
0.1516301818631452
0.10961402188154991
0.19537599060925348
0.1551041419953754
0.10644376662786154
0.11824876062091877
0.138282764689495
0.13230032699426333
0.05745845403902154
0.14539497272348453
0.20227952300714627
0.14930624934743286
0.13729732386123727
0.12307970217837134
0.16119249886403947
0.08429026615274599
0.08875020494844768
0.08710283483960783
0.1263995287386505
0.13691932407194293
0.15602629473139532
0.09291366537911731
0.11094959794534795
0.16962868846457643
0.11353286900444555
0.14884371517367898
0.1341094908989769
0.1143031952759372
0.19056631094407342
0.13256938869281504
0.17157872231740587
0.1728512490030024
0.15017177464614753
0.10542645061751468
0.16964832717963413
0.1282317656814136
0.1244076911688235
0.199077444059656
0.12301562861504796
0.14134241957552854
0.18822470627582352
0.20634309881040927
0.12813758600176375
0.10071134882395055
0.08451528340817986
0.1547856030157421
0.12714423563571042
0.17309963670241718
0.09897382687205811
0.13785293572544438
0.05587547613940813
0.18059391318439805
0.14375102663773623
0.1721569860653361
0.10651744123939419
0.11781136762679427
0.14749294059001844
0.14623264583620338
0.13120010013407038
0.08702659549480755
0.10145829940316928
0.14305562106782532
0.16568196851776923
0.1204133042450392
0.11457678908404842
0.17747411314624423
0.09840589706299177
0.13346973561600836
0.12046421684766516
0.08734811841281179
0.2265119719363307
0.20075756110046086
0.10614276538209211
0.22366882960321746
0.10435057032950883
0.13917784516585546
0.1391553849216864
0.10232603842753933
0.10480939011713847
0.12164858719773826
0.13386425760456483
0.11349247085198377
0.11276330959158204
0.2111474505574788
0.0805170872476641
0.1553776282705533
0.09804160610053664
0.1705799607084548
0.13496612333854777
0.11630358403243136
0.12817382493030385
0.128112502373481
0.13606456267261066
0.1475527364797044
0.0888892222115925
0.10822330915024259
0.10758417684735645
0.12999654997107546
0.12336331055537483
0.14332047431861697
0.1562935988455645
0.1169870269702284
0.08883161991135283
0.1480616055294117
0.17219229252466314
0.11753838837571728
0.14435841127414886
0.18259379383082275
0.14037079520661974
0.09439739187004775
0.0643229091548008
0.10570624782305675
0.1747107642104668
0.14625493889626806
0.10289970093418914
0.14941312833477868
0.1662545515574518
0.09903719270268126
0.1389887164179934
0.12381568371152095
0.13147647637014873
0.11898861685302009
0.11467710542799397
0.15138043501999898
0.16138578587621544
0.13828947959837257
0.15104087580119208
0.16747745922716595
0.13318040872826623
0.1350870084352261
0.14978466039762284
0.1363923660547686
0.1865269385737216
0.16059949479299726
0.11267677830491216
0.1187305875029577
0.21946380350620875
0.19186068930056877
0.12397742517952158
0.1535676045700318
0.15836908199821156
0.1662138827980238
0.21137359971211395
0.14019224628379168
0.1605288161134077
0.11510287168996632
0.16330150195420054
0.1766817730858364
0.1637346288958247
0.15805483912079435
0.11050662401810933
0.07204312090925732
0.13659991173823827
0.14408731324702514
0.12732246765435062
0.12828628917893037
0.14441946628175867
0.15032506656089115
0.15050351741480528
0.1490048896001633
0.1265001039596633
0.1496539071584786
0.14099222037933382
0.1559241802793114
0.11199443266399463
0.12271182294813014
0.11891105547700415
0.08332913306599428
0.12870765595169645
0.20385963913112345
0.16737823623719533
0.1602903275972337
0.15587318669939607
0.14107422380509657
0.18102640127317615
0.13750697851898658
0.09281968918952894
0.1610202046200935
0.1227653366004135
0.17206664010234127
0.12601385134458146
0.14522523342438684
0.13677468992711467
0.1568704806302127
0.13948454484463899
0.12155011698201822
0.139381083865947
0.07868764798590747
0.15352296625984221
0.12897383597547932
0.14613903861376282
0.09401814307026408
0.10665768272371232
0.16164587833024485
0.13251482174206788
0.11647354735339306
0.11703245221496367
0.0948975077924712
0.11553972293284533
0.18667253379992835
0.15784647587650372
0.09095791057304653
0.04724813805037708
0.12418998315818786
0.10801422689951659
0.10002542176160982
0.11811395163816948
0.13013414446256286
0.11916719061705205
0.17180981011108323
0.10046973713334426
0.07861642976508858
0.14972324050647556
0.1623559923673346
0.12499195048821152
0.13596418203057134
0.12791270095997972
0.06287610535424668
0.14002285848011006
0.09867371209869003
0.1662435929463302
0.15583364287027798
0.153185692954764
0.21153875904275404
0.15420389645920654
0.14636134714976215
0.14984854304216352
0.11862486304387174
0.21772793727373765
0.14763471734045816
0.1315389939192917
0.12922167857946895
0.11308852516111932
0.11923707700747554
0.1181318705324551
0.1434711820730364
0.12065616205193669
0.11995775431398337
0.11338795175606796
0.1373384381101409
0.09138380971221952
0.09142421909453456
0.1467888832315293
0.08589385738206909
0.17484220966589165
0.21950339077707315
0.17513531806712143
0.14052392107630876
0.11568471406450233
0.0982459955061757
0.17590210433783532
0.1749455416266237
0.2001380955721072
0.09282060556515667
0.15619960920727183
0.11223937759137395
0.12556866477454362
0.14338312031241532
0.1326563528184231
0.14027934673115836
0.14813560645994658
0.07606570975228602
0.17055613676182477
0.16032563174885547
0.13029145114561294
0.10959653477260156
0.11265796027549087
0.0840785513190601
0.12273096862549293
0.12445245780753861
0.17368496729213964
0.1505823778932159
0.11853332141389426
0.1066846527011636
0.16767859826176199
0.20094300008186552
0.17896290193827127
0.1389327838526466
0.10597484648225058
0.08621224848666043
0.08753727105287337
0.11731846354724758
0.15393174919095998
0.1187018044985534
0.1828998631765862
0.1980908149991424
0.17372092637893657
0.12812598735478556
0.1804108597944689
0.13929998516619307
0.16156392970712913
0.16459238273613316
0.12561054043194023
0.17332532783302002
0.11513635067185993
0.0735532898471811
0.22562812636254403
0.1306073699417818
0.12666924570910523
0.1136218837002083
0.14409982230228788
0.11207571580989116
0.12623759092036693
0.13332649359603627
0.17337732029646694
0.07432986709862502
0.19550948274211305
0.15783590766481959
0.11010424219899898
0.16194001172041814
0.1407464065651626
0.20465841291403103
0.13714276269182796
0.14208031324681403
0.0939415604792941
0.10848617089369271
0.19615502597002354
0.17079886907330383
0.17801636983241703
0.15989790056752118
0.12753016047265872
0.1372434172436074
0.13102668696447403
0.10492279928772738
0.11595752530631512
0.10767832500369477
0.1424276897190603
0.11907389429682406
0.138893604761735
0.1478490082804797
0.14897320235824282
0.18289644151091353
0.11901095732512491
0.18178865692193139
0.12697395738615935
0.1487717434384331
0.15258936689217725
0.07535903758324489
0.19537126411747
0.08785609337143914
0.09515884796182443
0.09921632028887564
0.1290620546543297
0.07442255545164737
0.10372246041817423
0.14529417439709907
0.17294668363144222
0.13431150611503387
0.12588114075875814
0.09099019167366124
0.16713426042555957
0.14056296288337827
0.14034333683523895
0.14342965804462768
0.12498185729698111
0.16336691634877684
0.13983588489628174
0.18727701312452472
0.08048063588502503
0.17777585296205312
0.10392374641600942
0.15273773129782764
0.13519082368731372
0.10395684715975495
0.14273077464739337
0.1628433513900038
0.11533246752299184
0.14516103351035897
0.17364088863758648
0.13600532210061436
0.16132746561519498
0.13272000309115464
0.13710772961131143
0.2081714051271414
0.08447008000693643
0.15489959062677253
0.18677035101466422
0.14571641441285427
0.15127873740532907
0.14605594801716748
0.15949304051906732
0.10266783772109846
0.10934493411266157
0.1421039573051115
0.14294142151057238
0.08592217240779929
0.14588800901207916
0.09711847986393196
0.17434249379957137
0.1390704963144264
0.10767045204341712
0.09834693522090183
0.1621478088789008
0.15385646009072368
0.12408368675372493
0.15465653628228573
0.16288301825916618
0.1364585967895075
0.16157613654356026
0.12740665485044228
0.18900844501887554
0.1060788871326701
0.17414943990384862
0.11106367726206173
0.1504868882336242
0.15101816674193178
0.12253592726251422
0.17828910965498143
0.2502537036706261
0.08704833235719779
0.13701202926501888
0.11826013199992491
0.11720167120899974
0.12518249152854438
0.09622333440821905
0.06854512281468596
0.20563255897574387
0.22315748339781338
0.1439236343395073
0.12628381238541092
0.1137007304112391
0.16548281990222954
0.22228475562038522
0.1836123833308688
0.08419258915358203
0.13895419569246725
0.08757530194176108
0.1310822661824482
0.15095954393707936
0.11292636781417008
0.081825848523569
0.10990635673210145
0.12018685987814022
0.16329919130097878
0.12075659508515171
0.11437513229594395
0.12820098095585175
0.21269867713845445
0.14452086139040252
0.15570404894451412
0.16283641616221303
0.103927863154441
0.0885837865977224
0.14281258417813647
0.11123591202577408
0.13780692928964355
0.1447504433040385
0.15895057230430112
0.12007648896454923
0.09797538066600754
0.13551475067041505
0.13415459659961332
0.12312588307477892
0.1653706239801012
0.12912117323580818
0.12566248542308248
0.10479029107727048
0.14239179599466462
0.1518686246451269
0.12394482629062138
0.1269100496890611
0.0846171656762986
0.17895159239909772
0.06211891303210889
0.14040573961736363
0.1635084972582101
0.11104433454304787
0.09431691679083536
0.10502733280741369
0.1085129940382459
0.14220282235515613
0.13142304280408085
0.09820979918092913
0.11603654327988513
0.1331861952710028
0.07793483370545354
0.12258345467917744
0.07722262132124945
0.11554654577259574
0.123273275431818
0.15596198168637945
0.1333101005036925
0.15216525782387066
0.14854037150913194
0.17090531422398716
0.22231398594287965
0.06676340489378738
0.14693417736502884
0.10019245429586103
0.17300451094211855
0.15752527815040585
0.17778956422283942
0.07226185638449972
0.18896167213227688
0.20132182641527557
0.1666867206516533
0.07848499869921123
0.13616834561511396
0.14461889705896708
0.1695353523696801
0.10106712294222123
0.11416663844582882
0.1453088806033272
0.15561696619789578
0.18970071128132723
0.10321606631029533
0.15753539327799748
0.12271641131759034
0.11707589843229078
0.1719080358775256
0.10373302121226555
0.14475859392350884
0.1481356629991838
0.12935151538064332
0.12202284765412838
0.14312564037999015
0.15256713698682084
0.1647469460025766
0.13191967238346297
0.17306048941702987
0.11845456285240845
0.12980574564153766
0.19014774702181353
0.11094686050230339
0.10675482611302559
0.14145025487864088
0.18978645554666948
0.12253208800487216
0.13600076886919632
0.11659911251042575
0.11082230942161217
0.12451935483222445
0.21420423760009752
0.17807278238409593
0.1921381369144579
0.11013944176868239
0.16306335752957538
0.12421535735452595
0.1648967668578992
0.15381473516936808
0.15935199819544915
0.1701058057596734
0.0909090249741167
0.09234640472650762
0.1499813455015782
0.49257039877090836
0.14771086720003207
0.16512464627545675
0.1564562846618097
0.0973134696615101
0.15016033171520624
0.15514064838048758
0.15800132787475032
0.12457619587865534
0.13181710421462034
0.0957097778170245
0.18501294348754835
0.12520413003403352
0.17189145478389373
0.14556451841747228
0.15990449039085247
0.17913057829197251
0.1272255157012745
0.16680702146337675
0.17335677378907818
0.17731935761551865
0.11096905710488661
0.13071693970079615
0.17068764187797583
0.14527995381606576
0.16499123407414665
0.12590030978341007
0.19783433606176093
0.10818624562385729
0.12731193576244204
0.16103811045608352
0.10409505751710499
0.15944050408831303
0.13533218665439312
0.1307384763113129
0.12639321427340916
0.15869967822610206
0.1374289447464708
0.0971366978136029
0.07687697329674076
0.06766967638763065
0.1507824396485769
0.11091529811375188
0.09442116589628187
0.09805942939882875
0.16242184995990833
0.15795339758515964
0.14683473425790555
0.14840873301344482
0.1177659814324229
0.15382515165808128
0.08176470103244113
0.1390228474123732
0.12299117596817084
0.1556370385542422
0.12676137584767388
0.17825775611012337
0.10650166141671248
0.10046371203912727
0.13398253621111642
0.10372284738559476
0.11829995110736459
0.1377713652064352
0.13066983617084207
0.15190762387851273
0.1655668175429716
0.11375015554237831
0.20315935165598614
0.1541734490340539
0.0973174606311818
0.11044650658754088
0.09976935469658303
0.1775658285222547
0.13773014402610564
0.15487568744961375
0.15560199257631385
0.12655023742121152
0.167081451933934
0.11950922649861122
0.10375439772472708
0.08188350095956581
0.09113966078638841
0.12735049935071874
0.11889100679405991
0.08858810006373362
0.1573492310147927
0.11077822038447381
0.118146284074146
0.18642448700125483
0.11777735157342252
0.1271609685723592
0.1352746408605393
0.1695039745505437
0.17126494974539358
0.12092855841932255
0.10702533502355423
0.11026636365663263
0.11681239308948375
0.11133400411917445
0.142590352685639
0.17551853654310628
0.15550898181711123
0.1782102518636434
0.22352385679155634
0.14334851457207481
0.16235094069362999
0.10164718866910069
0.11407519747678208
0.19238457366872802
0.15941518742798863
0.1263077382898919
0.13034344347955054
0.19316495183790464
0.16355601547124793
0.12017288781289316
0.10417172855897402
0.17536025077309994
0.12909543076631252
0.06382160724272017
0.16129798365195994
0.1627241207222237
0.09740231425605936
0.15750069749424525
0.12658109991246777
0.3491743922054553
0.11752410732066339
0.18248332759223845
0.1338628534590071
0.20077195132994424
0.13350347499289764
0.11113928960900198
0.08529763434731913
0.11314707291338819
0.1375822449805027
0.3414975685817436
0.10645746227138926
0.11133241223109852
0.18843960889074043
0.12598064159203273
0.15595933016737307
0.12865716618587286
0.08314057384069423
0.14782904445305187
0.11639491415878976
0.07201113124569407
0.14585918345159843
0.15114865991996687
0.18881875622933952
0.11648587009577668
0.05853438616693441
0.09794642083962878
0.1570252884454756
0.08929215196219027
0.16030129292382905
0.10937316108146969
0.13619194240885646
0.1380618870003727
0.13395589859296086
0.1401881578344968
0.14475630346665722
0.07390700925838603
0.13291995994657707
0.14581500783615306
0.13131789136357583
0.21588116750012645
0.16090475003892218
0.16299652068056708
0.13579904322657368
0.09900203586130356
0.13796226997776773
0.17942765016744291
0.14793105771229265
0.1110068506294217
0.13077314918954897
0.1471749638580788
0.13673408539548346
0.10456071884483936
0.11333339887774212
0.15635629066067858
0.17266278645095462
0.1646013534232865
0.09730711845480111
0.13928419593344832
0.11254641214520991
0.08486336458090692
0.13090170457298533
0.18760442065964983
0.11896303841697096
0.1234025500616604
0.17834237447096937
0.13482927329881442
0.13055345697398324
0.172676669593245
0.24857142057359718
0.07650725346477918
0.12275389099851607
0.21993056082153992
0.12776670942641982
0.09592490262066161
0.11680388951099464
0.17767235456260674
0.14713077375514524
0.10428928294795031
0.1899209476607195
0.11188946119253988
0.11719903323774089
0.15129258261551842
0.22281927749686542
0.10308839957818737
0.09968601527659865
0.13069731407904242
0.1501642189715688
0.17471057884427557
0.0566729148845037
0.30016003074413494
0.16586184726949865
0.15400352678847898
0.1828357477032093
0.14504599815675948
0.11753669965428136
0.17113683071445687
0.10055252787083331
0.17607518973294975
0.12533461175164468
0.1294382362252878
0.14913436890658058
0.1377271840566006
0.1791272039891392
0.16661942050979303
0.12887393338226136
0.08621339980204973
0.17151896167243835
0.16733313487397633
0.13393566513722532
0.1468729228843732
0.1124841354647109
0.18385977407336568
0.11031491139149352
0.1314169265812915
0.16003280642515227
0.12657496925040687
0.09248715142448433
0.17388025487392675
0.11654731221295457
0.1325047471809776
0.07330091232993474
0.17746688132157948
0.16605808613156323
0.11676454568397268
0.14017598874764606
0.10061505080572113
0.10909350827187533
0.10885870717635328
0.13715273067958603
0.12667505967545156
0.1177122680016751
0.11132966788709506
0.11276359459676115
0.1581853335586344
0.1912870246243049
0.10632849239030456
0.15030009093813665
0.12692617645469656
0.1324956432477341
0.17544917630394213
0.12447728452426524
0.1174238146335981
0.09029745676983889
0.1549686128446467
0.1422468796077717
0.12482725544699343
1.0333498549722953
0.12024360931996259
0.13624270510705305
0.17395207283298952
0.12339451922727528
0.12919184786357385
0.11130311442735054
0.13143502064277793
0.17012493105811421
0.13926827856737903
1.0837007736215272
1.0791069148858408
0.11631918635610894
0.140656716613093
0.125400098002377
0.16544119781087158
0.13534009798714045
0.12673221139973628
0.16634102230029366
0.17508161055920837
0.17161114328128682
0.15610680028529705
0.16623465506172483
0.16350619148561188
0.20287180169093263
0.13932493491858122
0.13919794067424526
0.16843819860966414
0.14384662894239655
0.14405602215472751
0.1345775192122016
0.07947663714663189
0.1084739711854048
0.1554995116555183
0.1419989291934039
0.1210649361815659
0.15049110341703056
0.14322826538468197
0.17922619392810216
0.19665328518872957
0.1654993466822613
0.13782630762357936
0.1689775211613797
0.12651827983414085
0.13931733385733225
0.18775845573018246
0.08059308182362197
0.20833240711047468
0.137887441110628
0.2007464507711248
0.09885065979918439
0.1863379709540991
0.1924975668528175
0.12788606779848954
0.11711175404034738
0.18896503784609145
0.15674938234300054
0.16514384754342276
0.12796061455619326
0.14485882578176715
0.11599442379774136
0.1416617657243388
0.13030926315365085
0.16725452847459518
0.12720272252996787
0.1637048644139459
0.15409595452820757
0.11771978371305881
0.1355219096008388
0.16828085818184463
0.12945537636572205
0.11542345324318762
0.14326690062823702
0.17977572579596177
0.15388862169660053
0.07493118859998577
0.22855336776701046
0.10165479362935942
0.13227704653023475
0.2616199629144274
0.18671488879195305
0.18949073176081843
0.15431679362140768
0.19648846536405634
0.1370327975676791
0.1791222147558753
0.17127827870762244
0.15381312944817085
0.11816187640449914
0.10672545572368326
0.11005025961865776
0.19286029713002564
0.18431939860454571
0.14071945427290874
0.15612334472757228
0.2149503434465588
0.19423791820144826
0.1627515419057902
0.16308350094650428
0.20903853103614883
0.1308299479762325
0.15706141855084013
0.11690803997117481
0.09100284444804584
0.14314168545972467
0.09485497549755045
0.18583193164292383
0.1505738686994778
0.13127325515747407
0.08245423332858931
0.12250504697008845
0.2066974262592161
0.1561783916730606
0.0913822352673194
0.10011715946001135
0.1068054398815012
0.13855801463900927
0.1231171800069525
0.15018862988925896
0.13605576379313702
0.10673223963906531
0.17255790945302113
0.18729594182033224
0.20948727271310005
0.13900921809648006
0.12027127751414847
0.18677095339019306
0.13773466772387072
0.21455415985094062
0.13163125114071003
0.1737125455813528
0.11501051240798595
0.13940485749418158
0.13599441190306427
0.11327108598590971
0.21842325186715716
0.19205254928851181
0.10529190063570186
0.18556842183041564
0.19538551075049213
0.13112004401075195
0.21124052736453913
0.1684326928027117
0.2133713491541457
0.1409133448047986
0.12517932068647647
0.19385480927745324
0.1584221073976761
0.10328861375741806
0.1521745205950673
0.1846372648629276
0.14360916315483396
0.1533942697853988
0.14779794987229497
0.13599415664867026
0.14218789341982535
0.09810601419562816
0.10968547985918216
0.19251551008300277
0.13089365426974273
0.1813177217330043
0.1207993090417256
0.1330506351007587
0.10331059665370941
0.11284272157770844
0.1741339946470811
0.15506600208882562
0.1987824802480089
0.12678692398523175
0.1636983674760548
0.12747672164523702
0.11425705687823508
0.14575061587664317
0.10362703991698242
0.170199656510303
0.13825274164761756
0.24876535688000326
0.13641622227027211
0.19881119872975442
0.22448578592861507
0.16811809087996493
0.1572088270148054
0.1097027617224488
0.1284736916543852
0.16673985022717483
0.15199525853009682
0.17925625738958126
0.11405004136843931
0.11213054259306203
0.16141376714314634
0.13611734490933236
0.08039079580437086
0.15992800443962374
0.12028599473284497
0.15519225050786944
0.158802461051558
0.11894305273861172
0.19775936255341126
0.1561908743468371
0.17183193182542458
0.1907267774093427
0.15190323856011043
0.09701948604286416
0.08517245992581299
0.1254119975250836
0.14412212390685716
0.1728721901377817
0.08783533527908552
0.16456608993513056
0.15834759197047796
0.14776697425886418
0.10482413370888051
0.19903976543476826
0.1242777377680839
0.1219065022526784
0.18242775358912944
0.1639192090038646
0.10631334787751831
0.19398668234961225
0.14295069208655484
0.1046823490848622
0.12001976356385789
0.15401522640336018
0.1308295535987717
0.14815592990509266
0.08491750828539707
0.11502605936075593
0.15468220605827335
0.13497166640731437
0.1966665665788481
0.17160023598759186
0.1112794028346381
0.1052304347984184
0.1406260896482027
0.19778526879176794
0.18564199751755434
0.14122568533568103
0.1567438534913501
0.12732124925831598
0.14750544197309373
0.18553968972970514
0.1229238748264233
0.18655216839009015
0.11045984369708728
0.14548829561039803
0.1537263982326918
0.1263255807664412
0.12946033856883543
0.10226131758248695
0.17650547210565476
0.16145607248341315
0.17225242199527518
0.13955323746764703
0.12774055521350405
0.17628409900013142
0.15552630535197268
0.1770986981901755
0.13902038738906192
0.16862469026668508
0.18881574106248852
0.10179872402980067
0.13201576685616687
0.1417466505180247
0.12198359036533438
0.11391379600756259
0.14020669808729705
0.10863134094671237
0.15497981739708303
0.17466629028232156
0.152353316396888
0.1341997409223843
0.10087944220732477
0.214821969199625
0.0913522356615115
0.18625435174878183
0.1287195632292831
0.13863820291561788
0.15795636218244913
0.08869996446433596
0.12302719751057482
0.09203829264663449
0.13096140460355601
0.17366151753875164
0.17589294234861236
0.11776990421831898
0.16970463270887207
0.11445726637340195
0.18264874021643449
0.09329638845600163
0.125957040094624
0.22305799389903175
0.11160756516953867
0.16367263052312417
0.09930252895419574
0.1002605880971519
0.11119295550176563
0.1650452702952203
0.11250880855876563
0.12894495810750117
0.1284098051457404
0.17867840227238432
0.07690771073888399
0.11272887019987911
0.24825458871560468
0.13291242305300544
0.1313476262013355
0.0855131498177463
0.2051594948047172
0.10891359202541671
0.09169929085039524
0.1755919482927857
0.13032404112499013
0.18997949719357063
0.11032116313378798
0.17643171895698562
0.12857896655581333
0.14689490381673037
0.09140450164033151
0.18851246946340822
0.1362735418268204
0.13028943361223508
0.157602751285716
0.11290530812588911
0.1825760027142482
0.18799510740261044
0.15440730345717782
0.19332421530397256
0.15225728853401002
0.12351679082436101
0.09272407718747336
0.16075760400519698
0.12469094565701593
0.19465042164492385
0.13091771538767236
0.17614339401605683
0.14432364981279616
0.17568805843871488
0.1288579274680071
0.172525885777115
0.18898041867320553
0.10989370866870106
0.1228449471562447
0.08736863844395422
0.12922172398120094
0.17002537157205955
0.17478441189707056
0.14188610440447766
0.19703122798221787
0.08526580990031944
0.16317309769418173
0.16860638892665072
0.14682674077750574
0.1656935927292478
0.1230750709120814
0.16268874595535493
0.15011256804763978
0.1997097640595961
0.19858756964541802
0.223556125873723
0.11020302712085195
0.17071114452441938
0.15687137448494515
0.20461061626094915
0.10264735784417821
0.2175038352812145
0.20135632277952772
0.1969247524790722
0.15024105335197027
0.11628174999649357
0.21960892220218187
0.15095093597678694
0.14262300280132065
0.10898924067822101
0.15177924315960928
0.1983440860814407
0.2022829796637804
0.20834151645034726
0.18432111158968134
