1826.2069056903224
1521.5979903875004
1271.0894647241755
1063.8516114934
892.1650014558517
750.471523274922
634.4102524749055
538.7379073553642
459.7080022743969
394.3536919328411
340.16730957000647
295.1129049585928
257.4492408373109
225.85631113800565
199.24172439402446
176.76198017973664
157.5678525974117
141.20746220755842
127.18183950027799
115.0836814039825
104.6083178275138
95.48447983105092
87.56350811661073
80.58854146714503
74.4440518081795
69.01336860001383
64.22682091324921
59.942242816016545
56.13129896119523
52.688806363898564
49.63753678965307
46.832897479199886
44.31388595479361
42.02957927502693
39.98211725160627
38.04389620346953
36.3121573275504
34.73909735488182
33.28161820531946
31.9078266990851
30.660947337664478
29.49662223312224
28.41466505001824
27.413279996258286
26.45594758902205
25.5659430066728
24.738438096953992
23.94589465323557
23.21567750628613
22.535684475385477
21.83976550923498
21.25948396312346
20.6873114790102
20.093920686134418
19.5624906277975
19.081397992425465
18.57867628931611
18.120852379546175
17.64678707496377
17.25588299486684
16.839915912146825
16.419899551068102
16.037143187618653
15.66413893767942
15.303959288850649
14.965491344064128
14.587126091926846
14.258263461507159
14.016455206007812
13.692089379203123
13.375799085724797
13.088770668256553
12.82795668452325
12.558011905431389
12.267833840660682
12.032874925582925
11.705046271370808
11.552723470125574
11.244198296122542
10.981244771444565
10.744226011200688
10.53301527134299
10.323774507872743
10.130934738601027
9.861261771131286
9.711128226187258
9.502800469078165
9.265985738860572
9.097374091930417
8.904588513443755
8.726482079664429
8.525160696174627
8.377319729663435
8.173627309614002
7.94396934821348
7.807679789379754
7.56501105054866
7.478082706760332
7.331598814154666
7.153764692208647
6.9749930236056406
6.847058887941856
6.603780890853367
6.538310073972024
6.366169664724037
6.201477982822502
6.081399757901519
5.923710508204802
5.763169076075549
5.707702104403951
5.517063811669735
5.376680697009572
5.253313838583778
5.194457647667998
4.994699540056366
4.857100469923558
4.7651940402134425
4.603798360185803
4.530882763416776
4.397704770428603
4.292023706312466
4.182418298908895
4.10033335617465
3.9335472162372813
3.7950931771591168
3.7374942496143038
3.648191439930505
3.43336629793277
3.3518753529073395
3.2969647101523756
3.234906340435491
3.0885486934988613
2.986169211503806
2.93135037738051
2.81876269202703
2.747666581097368
2.606528588712434
2.5668665317723427
2.468171748884008
2.35012414268529
2.3084703568912004
2.2278591573506157
2.1532004632948447
2.016569935308819
1.9689944222833209
1.8726917580487012
1.7901413872927519
1.7071650477185156
1.6374575227866122
1.5029956637974067
1.419486786240398
1.4312193946999217
1.3273957536985763
1.2387015295698047
1.1480613888181153
1.0821154898550234
1.0153502235045944
0.9319351042806517
0.906752994615172
0.7641216160570254
0.6897519232011254
0.6038042496529679
0.6220393502181223
0.5195078442636744
0.48594395608275937
0.34332884096160765
0.3115969399025411
0.2304206181210355
0.20700395367894117
0.16195971878646384
0.11084685469964556
0.07778809832472905
-0.08360780673523714
-0.0686452469059664
-0.1825001870159353
-0.1909885097391829
-0.23359474141170633
-0.28472231292700956
-0.3821565204828457
-0.3860557247560412
-0.45914229459379224
-0.600612863152983
-0.5753303663276186
-0.6893082411897933
-0.704972513573584
-0.7669289561500114
-0.7930852944375333
-0.804450619211568
-0.908777469217225
-0.9691784113633557
-1.042659646717006
-1.0179691049836828
-1.0620358991006584
-1.114804040744646
-1.2044500732349293
-1.1887761008435778
-1.277070858221583
-1.3634217451695552
-1.3739912668510774
-1.478136894063849
-1.436461472582115
-1.4784960701794956
-1.5390895062000327
-1.5613988898523148
-1.6737140309958995
-1.7428919532764113
-1.681637059502209
-1.7530996653078823
-1.7081513895649314
-1.8196647931664893
-1.8815245016710138
-1.9769049055910952
-1.9379352866917898
-1.9958465796412648
-1.9518038268766658
-2.069136714298346
-2.1628539438587953
-2.1903872721853146
-2.163498434310247
-2.2120322151503724
-2.2052471319857303
-2.2654717916005604
-2.243521802773828
-2.3568960862697295
-2.3929634548106726
-2.3870073029536294
-2.4864276077702536
-2.4929395338069833
-2.548173688787182
-2.569695727111015
-2.56427427246933
-2.6090416227893396
-2.6183796457732966
-2.643189630948007
-2.7123283751221052
-2.770201737253374
-2.751212353164715
-2.870436031707264
-2.822194762424913
-2.8502843113038034
-2.933316374829282
-2.9227702546661987
-2.906970802329735
-2.9658275601000796
-3.0164664422574012
-3.0758734246685684
-3.061514634128584
-3.0865930390719494
-3.0559421458422307
-3.120187916874122
-3.242347927402505
-3.1546984730611953
-3.1938661837077547
-3.2201788522883215
-3.361823021674515
-3.29563191556141
-3.325727099204691
-3.3970615260952424
-3.3641160712376563
-3.4782983762204696
-3.501453729390322
-3.474450528324452
-3.5337038370195195
-3.5027973894836957
-3.4814768372110425
-3.5595167852194454
-3.5961436178733375
-3.5899394873706094
-3.655346170004242
-3.7618065915284946
-3.7054941145182685
-3.733698568298776
-3.639051568069599
-3.7867056907962557
-3.810768317336868
-3.7376301856746843
-3.782515299806945
-3.824053845374742
-3.9339700602583805
-3.92380428393844
-3.994411131716319
-3.9119195821699493
-4.017041420022536
-3.912685334333562
-3.917078135903317
-3.9957517578439794
-4.064459509616053
-3.9833085797671575
-4.061876060329217
-4.130539516036579
-4.154120786409385
-4.092211674699683
-4.134052864398636
-4.179045442137981
-4.1632773902134135
-4.150189726548182
-4.2319502781391565
-4.274004133280299
-4.302433673647571
-4.350926983501435
-4.248039059398213
-4.379618912485803
-4.3175798988396386
-4.32796186640872
-4.468712271865215
-4.368831920148017
-4.43135924263483
-4.372283256691969
-4.425370400085373
-4.4893792447265595
-4.407417197772817
-4.531583335610328
-4.442828619800504
-4.551211646999032
-4.560320975136748
-4.484155626435771
-4.627825624254266
-4.574907059610799
-4.737465091720683
-4.610805609678322
-4.5586204496354545
-4.691103423339716
-4.654705175854885
-4.682449351776893
-4.763607234788994
-4.634870090701851
-4.692662862698352
-4.766867848371983
-4.794800259685405
-4.800495367591775
-4.823847613942004
-4.9437804859516215
-4.824873344465118
-4.810721086781831
-4.81566198583642
-4.85048607889706
-4.860558498473446
-4.904595977657895
-4.976685815489423
-4.949717427029378
-4.946576299420768
-4.908411644284222
-4.998930300465695
-5.030681607170585
-4.983065135531322
-5.069461816243461
-5.0695111099891825
-5.128832500116246
-5.056011477819408
-5.069537073696828
-5.122426064836887
-5.118838554966111
-5.079546666971357
-5.060159367742542
-5.142289498551054
-5.149867873025768
-5.2312723785496935
-5.153194061461661
-5.216802493043328
-5.24260292883764
-5.228898445097894
-5.258243584182402
-5.21736419639577
-5.209585381087201
-5.238140960044378
-5.321715357706603
-5.250472426892041
-5.331815296317007
-5.377365566425523
-5.350395446637407
-5.3330547519646565
-5.3798314438223755
-5.325001196134155
-5.3634683946696455
-5.345839092317411
-5.466161234399629
-5.448553281712854
-5.367705593351419
-5.452832107778998
-5.438963630577704
-5.466035660017052
-5.417314028040517
-5.495613572659945
-5.473214048997318
-5.494563703385295
-5.503184526204426
-5.514029135811175
-5.531332228893518
-5.607202008846236
-5.5346573448788785
-5.562255847362769
-5.520801044139093
-5.5000063920940825
-5.584591328473105
-5.570878166063811
-5.644189677905958
-5.582442633111822
-5.6348367333704585
-5.6977741541161935
-5.6282620705688515
-5.62699250306467
-5.752875596430939
-5.67706758103949
-5.677476113465378
-5.623744301297469
-5.700783472600285
-5.756958780134827
-5.742737266001954
-5.7470153424921335
-5.705131300822302
-5.738264946407257
-5.763857934825217
-5.725720965084894
-5.835718300005521
-5.775296156041904
-5.85362047736658
-5.807613713226945
-5.758991850148461
-5.794386121479497
-5.801445112727888
-5.888055734721785
-5.857376913252743
-5.897435757765058
-5.911859064258528
-5.867360086430723
-5.81874914572496
-5.888447719145472
-5.858725891224464
-6.015386765361337
-5.958144140203066
-5.916948512466806
-5.945994096431545
-6.059024484544726
-6.011927416808293
-6.040353819114764
-5.894982008844459
-5.989111394318051
-5.992932378572795
-5.943373316254526
-5.994741591044467
-6.023441307863628
-5.932210692325306
-5.976632869343932
-6.0381450840879785
-6.138269468864229
-6.055387222305567
-6.09531728924734
-6.107668187540515
-6.003428750398437
-6.082784628212815
-6.140170905195424
-6.056507105912303
-6.096192242907399
-6.080581141664677
-6.041654975459532
-6.074806524692072
-6.068119344628128
-6.213886849066723
-6.090871469905119
-6.117834214670305
-6.146671886224686
-6.213747146897069
-6.160890572111348
-6.060055926786224
-6.164013636462364
-6.198742903765112
-6.26073510418593
-6.187326122183008
-6.232948182689663
-6.2822088158621545
-6.340757724809829
-6.267070328528445
-6.225167033559577
-6.324732953341498
-6.248044431584104
-6.313700363144965
-6.222700156545331
-6.3057875454597205
-6.2519567277787695
-6.34582016280758
-6.32264252934208
-6.319472122285832
-6.3171517219557884
-6.355890098159234
-6.258029431662322
-6.357330161703439
-6.3379571471481615
-6.2608427013186745
-6.316699502859484
-6.411371130201883
-6.329377140396254
-6.335682655000522
-6.366977955556437
-6.385738450294792
-6.449246846421791
-6.442894536102194
-6.409273091947317
-6.438760799522047
-6.44100526256804
-6.403942653690303
-6.443888343788671
-6.474849937026606
-6.45346750731483
-6.497576629689245
-6.457926428725047
-6.454065062299475
-6.524851829333284
-6.400330927944698
-6.528276185362639
-6.570980795119171
-6.574503397841629
-6.464263903275098
-6.489986921665062
-6.421616632429553
-6.5828867148902495
-6.505846757229803
-6.5508533732928855
-6.528110120903422
-6.571530291627193
-6.559690455139919
-6.525666192134041
-6.545001842231311
-6.617818029037848
-6.595900392548515
-6.506170334681072
-6.680767367878317
-6.568737789357043
-6.5482009493739515
-6.60960470638684
-6.6856406436464795
-6.623678023579162
-6.643431656448358
-6.640863567385143
-6.578505886585837
-6.595195668528743
-6.688550288098753
-6.7038380893129315
-6.587975272250972
-6.738703771207762
-6.676954503212007
-6.6835538846614675
-6.701839960583046
-6.630188903644058
-6.690836421229463
-6.756302571142289
-6.684720398832903
-6.6613956018182225
-6.659250957844478
-6.689674827445571
-6.676356582722957
-6.706619348686989
-6.611538172306485
-6.771110818880747
-6.790485538001993
-6.761114511814729
-6.687898310982871
-6.720828943767407
-6.724523294153688
-6.744404953767712
-6.792531572456984
-6.702249481262178
-6.718403128539814
-6.753893024729613
-6.778282270452045
-6.795477876128328
-6.81106210794613
-6.8275162664662545
-6.7886422714409775
-6.797613961127488
-6.821209421998758
-6.800908571010203
-6.870390943949025
-6.777225617519081
-6.8112929996037925
-6.776078261229403
-6.792211465268401
-6.849695891104433
-6.8225460212262465
-6.893964414837079
-6.968149448101468
-6.881216065449578
-6.951119846976771
-6.885370883803275
-6.833651462501544
-6.796922164622524
-6.833717081312007
-6.902229476536502
-6.853761100710816
-6.881555041196112
-6.878976144343558
-6.965980837983242
-6.906881487295681
-6.919988537914174
-6.914380705986431
-6.981472112949053
-6.894830653541724
-6.931533308008358
-6.871530595436122
-6.931479845828024
-6.914621293248944
-6.933756118575454
-6.854562326377823
-7.003979131748006
-6.900599469740236
-6.959098100682869
-7.017810793315987
-6.965150136556279
-6.874694237420787
-6.9589134089812905
-6.957718966831265
-6.968491709103674
-6.987898361533805
-6.956181365622169
-7.0149082771244
-6.967319777953662
-6.938398367617366
-6.9916312145062705
-7.035565394428298
-7.038766468583522
-7.072559015712081
-6.9780883418031765
-7.005300053435253
-6.966082804083007
-7.048094406097696
-7.087699269214593
-6.966012765645835
-7.064134192834164
-7.064777081914244
-7.091590604746057
-7.07235773426467
-7.185724090097989
-7.0031707273429635
-7.1747202725725066
-7.082893332066046
-7.088916444275353
-6.935515327471065
-6.989256285697131
-7.069237263069508
-6.953851576161354
-7.065728003256421
-7.149420735937281
-7.17806149968812
-7.126582008475509
-7.120812056432626
-7.225611314121551
-7.086022277867018
-7.092281170936618
-7.154285388099938
-7.095490224826982
-7.08713675030971
-7.07601624969154
-7.108602284437197
-7.1659392464268485
-7.152970236357636
-7.116670995363906
-7.119300145149937
-7.149613178861251
-7.1285337525107595
-7.138882772152858
-7.167041104508659
-7.122420171382652
-7.162384423463248
-7.212909126713555
-7.2153819166213955
-7.174696975542201
-7.178602682046133
-7.2013712179994105
-7.222437755184181
-7.086517092455965
-7.216145412670393
-7.137539150104809
-7.135510852415988
-7.2712110271774435
-7.228503806089361
-7.107770679824334
-7.162294840513855
-7.222051772210874
-7.218395656119594
-7.148314075766059
-7.258845589037847
-7.199449731235447
-7.286751522093678
-7.235572533613727
-7.134198761550538
-7.236022263133252
-7.280325606598575
-7.2287883251198295
-7.265690687486161
-7.260580166946456
-7.333677380957738
-7.196577004935351
-7.332586939521318
-7.268980033562314
-7.305297511995997
-7.186487386211855
-7.2611814653728715
-7.234382415068322
-7.271252216462646
-7.317076803081605
-7.2789775255768205
-7.3290026325568896
-7.324540359320612
-7.376362823066009
-7.303549045990659
-7.27272912975798
-7.274977282464758
-7.371816700346461
-7.316870667721801
-7.2315491557117015
-7.270364032124114
-7.3074393652554654
-7.317105291477272
-7.290921830484317
-7.361089369455643
-7.328348128036653
-7.368252404093574
-7.366026145677849
-7.308223259962228
-7.347144035042984
-7.343804119838423
-7.389103958090205
-7.3017332902644245
-7.281676515991001
-7.313452346813356
-7.29336099827589
-7.3645663146223335
-7.342062125563608
-7.3777387009500535
-7.361259704652301
-7.473825081306271
-7.354959623025447
-7.302674469038846
-7.317966809823985
-7.392548337373569
-7.350197906610899
-7.363849850632315
-7.389815335531769
-7.3887990855623045
-7.410701632591224
-7.332546891594868
-7.374116981751529
-7.439935907636277
-7.442068398071768
-7.382962903125069
-7.430233646231686
-7.420786508117846
-7.398948604398203
-7.422318011498497
-7.431985945966139
-7.407187314642815
-7.41879799659559
-7.401160117472273
-7.457121024392553
-7.499004860981597
-7.528852199154672
-7.4358124280983695
-7.413829347012959
-7.423825247127244
-7.446059668329245
-7.53138140725508
-7.439125098063369
-7.4886024096269
-7.496134050027767
-7.481163786116863
-7.408583437149161
-7.51022897304468
-7.5192276517153065
-7.467282222005356
-7.6346314080327335
-7.4497493698812765
-7.395398435524244
-7.557765867714753
-7.446088059902007
-7.460610591287554
-7.497243772444243
-7.520823220387773
-7.552905607010127
-7.4307244963947285
-7.498005241045772
-7.580792359932899
-7.454693537727845
-7.436334279603658
-7.426298749777681
-7.497823951655452
-7.397816650262465
-7.416907908079153
-7.469919930779586
-7.606835293265829
-7.508500457551178
-7.558787635617607
-7.577437847042681
-7.456074810263296
-7.50008169394308
-7.536785854241576
-7.565524247214161
-7.527656621339166
-7.541659502104477
-7.529697042137923
-7.499900156944955
-7.559870634656278
-7.5411153425254005
-7.507813464765647
-7.497744722564518
-7.55148794479495
-7.550680318159133
-7.5860756014647635
-7.410111189090007
-7.568671397842289
-7.652860117268265
-7.5669159067135965
-7.559482715180836
-7.606864219647249
-7.574262512212108
-7.580027216776887
-7.633344498879919
-7.671875264577939
-7.5850694284531475
-7.663886292086001
-7.60972962309183
-7.554875081132505
-7.702978507999162
-7.640524782533716
-7.625557308063347
-7.588618971298191
-7.565414099587213
-7.688374390195941
-7.600751564803135
-7.554199106371691
-7.572081546924373
-7.665256890471603
-7.5889228839069425
-7.738153820412561
-7.653499321952992
-7.623975816231473
-7.573678516625769
-7.652684315695841
-7.627464645053705
-7.701048775649096
-7.65313924680651
-7.727287177259519
-7.650834324464984
-7.606421686566311
-7.733731159731477
-7.71366683986883
-7.547826927084737
-7.640362766898557
-7.6316927031035435
-7.609292999601886
-7.748790668779755
-7.704302569456999
-7.753328483204467
-7.732215554847563
-7.720940700690136
-7.669445299294093
-7.803862492382824
-7.654476898195288
-7.648745220992757
-7.761671804671341
-7.7161413690994465
-7.761673022649115
-7.653290928964996
-7.6323635252429005
-7.746303979392462
-7.75355925631832
-7.708469188605412
-7.73818943515845
-7.722563190350002
-7.684848556299008
-7.722655848939124
-7.625975350959414
-7.660232150909777
-7.770269165252454
-7.6942655737525785
-7.761795694097234
-7.677695269290101
-7.6703670109928614
-7.720981979073638
-7.719682599513184
-7.708299857196924
-7.765475729350794
-7.695535553394722
-7.723252153353299
-7.679041215672737
-7.83711695596611
-7.869691285677033
-7.74996118507475
-7.825900597343817
-7.761913092232421
-7.719759749897972
-7.777022434490599
-7.735664125117326
-7.795801464754764
-7.80119246981079
-7.767704085229427
-7.75941002600014
-7.8119510771001295
-7.754569698716485
-7.658613050890388
-7.761896578083466
-7.692794954232234
-7.812065458311475
-7.760085787889581
-7.823654813844726
-7.7962373274093935
-7.823203591903567
-7.789565050930844
-7.7214454379393604
-7.8249919451642675
-7.816652750507102
-7.806324497746747
-7.862681251006044
-7.849642238524692
-7.841548423028243
-7.856322044034805
-7.7765372629775165
-7.745846224794883
-7.852519902540269
-7.832833762595882
-7.860465402410265
-7.788744909829754
-7.820325224297723
-7.841895774887613
-7.789425825661417
-7.811885834747901
-7.853471555059847
-7.894713893933702
-7.9160845926236165
-7.7308134248222675
-7.875544623801298
-7.827366956456655
-7.936896955509873
-7.880479103435718
-7.897747928471877
-7.891485958500597
-7.886639378249524
-7.845760510011994
-7.866418725530735
-7.895609063693455
-7.837669993657224
-7.876322472939572
-7.880051966032463
-7.9447754529064145
-7.827171518841062
-7.808187542061018
-7.832250415259248
-7.883958740664069
-7.851700453149774
-7.9138621490496535
-7.9494011791699455
-7.9046043932908026
-7.990141854731445
-7.8432904565337385
-7.934008592240281
-7.90665123646219
-7.916106248280901
-7.875005431500501
-7.9743948105070235
-7.9000447070547555
-7.8625567991013385
-7.776749947081164
-7.884152519694855
-7.844296208032336
-7.862392673780505
-7.9157493739273335
-7.9578951316238395
-7.900715822687996
-7.859387405570605
-7.910589524952421
-7.902555300135801
-7.896215947020226
-7.825727652590967
-7.85389245202388
-7.824782184811979
-7.939023798031807
-7.9126469352339655
-7.937089984980672
-7.957802298671274
-7.8962576721324895
-7.882856919739949
-7.936547327435017
-7.964796181374336
-7.921165807323162
-7.975391249802162
-7.942736963444723
-7.87143294120464
-8.013971043315946
-7.917343945468537
-7.825138942971044
-7.947741982988536
-7.973234835819567
-7.86406898474596
-8.077802352957738
-7.948087077041009
-7.890624205487608
-7.938960147116977
-7.914133056099034
-7.9671748314812705
-8.03870800141266
-7.957263266541969
-7.971437314922944
-8.024363182440066
-8.018738566418886
-8.014417443607234
-8.026242924231553
-8.035176690447424
-8.00447787697584
-7.927617446486848
-7.90630234692833
-7.929451149079395
-7.9657459123564465
-7.949909518989492
-7.941524290717732
-7.936012410097655
-7.881599328711416
-7.968432276753112
-7.994210723799252
-7.988407258830404
-7.934966954994469
-8.015892466577654
-7.9317126690712705
-7.969786054617829
-7.9491937281708775
-7.873099920618248
-7.957889418843786
-8.040863027397458
-7.9826214816782
-8.00506904796844
-8.061033001126424
-8.014360999156514
-7.921479870907726
-8.00268264029234
-7.873230154404337
-8.037729621276993
-8.024029398699698
-8.091625414095732
-8.105168655266386
-8.055043104831894
-8.084258718548742
-7.949206196809254
-8.021037394894012
-8.128743482931325
-8.057292714191485
-8.007962617896018
-8.105409976441361
-8.041920959996437
-8.140919634451617
-8.029500528725741
-7.98651839713333
-8.093962261709722
-7.98382163351609
-8.100464686067012
-7.97410530892243
-7.9868480014292915
-7.999688359511014
-8.058870652115276
-8.009203903403657
-8.093981251379663
-8.090154277082593
-8.087817529004615
-8.003080133664318
-8.086587571100027
-8.048004500485192
-7.998524858020045
-8.030062451694425
-8.081242139539608
-7.991384514892522
-8.098012397372548
-8.142599263001795
-8.088705763510925
-8.006507985828087
-8.014800605117001
-8.102322664397915
-7.9784484856731
-8.075624067948509
-7.950424699408305
-8.092718928783777
-8.054244991015647
-8.028230157731954
-8.052051317514815
-8.059047145721395
-8.081474902073637
-8.113963207082582
-7.9796254465304735
-8.056174937719366
-8.044801679610146
-8.081512734604106
-8.217782295394528
-7.967728773117952
-8.180133554232611
-8.164012321103524
-8.070567055237044
-8.095333993757583
-8.098529345269737
-8.103222055274724
-8.177281272320696
-8.036653841636234
-8.032029935372478
-8.166343111491214
-8.080937935709262
-8.119560147669484
-8.098287929620984
-8.119182255289815
-8.050707704026681
-8.180542280221882
-8.066653836286006
-8.11442438958013
-8.11157450708611
-8.115579099447253
-8.161202834393725
-8.140533813708023
-8.071669076991538
-8.119681304640372
-8.111566277902552
-8.143680739943242
-8.073091388094943
-8.034592233920394
-8.154654485780592
-8.103194958921376
-8.281737113680382
-8.037284311966857
-8.006692483201919
-8.176485927983677
-8.12511851739319
-8.17006259462792
-8.235003640320029
-8.128546210704657
-8.23946894362109
-8.166979781711015
-8.230675020620538
-8.06572168786886
-8.211378036116827
-8.19806669171362
-8.164636898697674
-8.139198634871047
-8.154902457075265
-8.07947616560188
-8.212056664769012
-8.081857637861184
-8.170905299745629
-8.150643645136105
-8.120682629629918
-8.15499421434104
-8.172801865402969
-8.181743500411029
-8.264422069639368
-8.180748061468359
-8.136478465412763
-8.076173397872305
-8.248474476400824
-8.09000578105555
-8.072245239860106
-8.106622966667295
-8.221498284427744
-8.143266521974606
-8.13729272013976
-8.157263450027765
-8.177452316743004
-8.268325626240282
-8.202768173266067
-8.211510908902502
-8.1109722686352
-8.243367487743395
-8.17605819921357
-8.04676311839685
-8.210511704020378
-8.214482039276906
-8.201339449563823
-8.250401869534974
-8.156633802386263
-8.240728874843196
-8.100441760065975
-8.18481730072678
-8.180194628651739
-8.168565268759567
-8.237886576128366
-8.25857289997385
-8.201613610518763
-8.127970584360952
-8.234476266636328
-8.133416591663941
-8.26343263442757
-8.186325844334363
-8.218563148752601
-8.267715302797031
-8.320418884926834
-8.172459952773313
-8.226027537492774
-8.26031744884249
-8.185427786741137
-8.209942808665462
-8.17402504611378
-8.19842715189708
-8.16254858449422
-8.096259987113468
-8.210273347521971
-8.2124883398598
-8.228498228452342
-8.098270629886768
-8.102528349454056
-8.233488861276378
-8.18710286922948
-8.140243482479326
-8.263633507491978
-8.186632812424362
-8.248583400516052
-8.216172071395885
-8.128623975644283
-8.214706603861773
-8.222791216702706
-8.133721023740243
-8.237623368274951
-8.210663916382426
-8.255619704909064
-8.336424771249888
-8.298854488677291
-8.206917054836762
-8.318635174932737
-8.162618599981245
-8.236294631201652
-8.231156803066572
-8.125538064987968
-8.129403402595205
-8.199019229114967
-8.196294203706874
-8.167481753739764
-8.231021294774335
-8.210265664391617
-8.225974877706228
-8.157215928330658
-8.258842511886806
-8.340447727311513
-8.282967971981227
-8.260049542708776
-8.269071327451218
-8.204818376751545
-8.298293867585468
-8.277047543387779
-8.193756767611232
-8.183257987228258
-8.286812538807991
-8.302433441123856
-8.266818168499865
-8.287216046344515
-8.251254131697227
-8.329054289997291
-8.34521250924336
-8.26176695185531
-8.245407472370404
-8.322931587066737
-8.262292792013858
-8.263731415847962
-8.29541836632692
-8.338952387447739
-8.167816290805856
-8.230186584639297
-8.217022638472178
-8.321849367455973
-8.324305312920215
-8.27854473899291
-8.233641924209232
-8.244035298276232
-8.343800037381529
-8.27529684813409
-8.35460152958783
-8.326820613680743
-8.256779851655404
-8.215306407230806
-8.337806776205255
-8.290831246693799
-8.348290614720607
-8.264937889446836
-8.218427567935272
-8.253993192571293
-8.325413470076828
-8.25808696907919
-8.213474904517438
-8.293456297946275
-8.369654577295535
-8.267745382855713
-8.334521430046125
-8.251688642564714
-8.275069158438766
-8.303535025800906
-8.268808377850588
-8.421077667184802
-8.34275681030316
-8.304038559284654
-8.332345577622858
-8.240159356488709
-8.306844435456048
-8.165385259290103
-8.319108448066956
-8.332089012035821
-8.269703792312898
-8.331840629921073
-8.257193233775125
-8.318786456342867
-8.25796628736254
-8.142702850118928
-8.316360309087207
-8.38618122203861
-8.267838533683307
-8.340960248091557
-8.381012693105395
-8.26740339085369
-8.39037972639653
-8.367677902048818
-8.174872750601457
-8.278191937577486
-8.276715911870715
-8.314215570331655
-8.3837296719324
-8.445991596689927
-8.408080768927363
-8.302317612863986
-8.357968936737818
-8.328290908602353
-8.358082143659576
-8.291012124876941
-8.36926418255019
-8.339039118795162
-8.280938736700536
-8.321483645161157
-8.25718748213785
-8.295201784296365
-8.361290791335197
-8.270038808714974
-8.294180579497473
-8.185347994154615
-8.279734531298322
-8.303160890452038
-8.311358721546755
-8.306168889005175
-8.355820206815372
-8.31875871527777
-8.367121055643077
-8.343501703984023
-8.298024189181156
-8.21940552557219
-8.337660861483641
-8.378520801507873
-8.312691145691007
-8.263468243805196
-8.360107923370746
-8.29280349346082
-8.27404244953263
-8.330335889103464
-8.452895490148002
-8.349814410262884
-8.308177780753452
-8.30534311135382
-8.333213493199999
-8.34976504261809
-8.329861781753372
-8.351963864270362
-8.42332482081075
-8.335196111190221
-8.426506534985863
-8.301454285265496
-8.348991917120019
-8.376728296447313
-8.35463709141827
-8.263217777904162
-8.42134292765753
-8.367306378243319
-8.416421226961843
-8.298972326801287
-8.38780597798762
-8.370410844494337
-8.378173056310333
-8.371836750460588
-8.350718150681038
-8.344628903871767
-8.293807522928825
-8.406326906664068
-8.316751098801763
-8.36712769586165
-8.372919664154486
-8.337794198609783
-8.39384998178055
-8.353104393499937
-8.408983213445378
-8.317295125353226
-8.471878445548402
-8.43030605983577
-8.377887282828196
-8.31286205878056
-8.293015441081511
-8.39220823428316
-8.379630926478372
-8.369256712206514
-8.35754058959096
-8.422439200614535
-8.339989986645913
-8.297342176026646
-8.355265170502019
-8.212243336807365
-8.47203481913914
-8.399663942201746
-8.31894484849684
-8.434810300832558
-8.369432105794244
-8.42575512092185
-8.411444661552833
-8.343982483498769
-8.360510248625799
-8.364762405158906
-8.40434771261563
-8.416399588680994
-8.368440730151065
-8.329758170686294
-8.44210008451588
-8.278202162793878
-8.389782739740527
-8.348253133329726
-8.393963212267698
-8.422223770018096
-8.412271862930154
-8.39697214075518
-8.395486298649647
-8.358948785531659
-8.422714312773392
-8.409828767473007
-8.356295172428068
-8.321578745680466
-8.489731604007565
-8.368101386627758
-8.34131115062097
-8.366201293940506
-8.431915022692243
-8.37094648744423
-8.309726171655932
-8.441335489547157
-8.420815011419066
-8.404550463235037
-8.454751021713225
-8.306844167821295
-8.44672799492268
-8.368239358996815
-8.35451245439975
-8.436870963937308
-8.396031697929065
-8.33128041884356
-8.435514715163825
-8.339003773187617
-8.504938485009264
-8.284362110354184
-8.392906250988563
-8.473258661748945
-8.32525610306096
-8.400977799888413
-8.382998710043386
-8.413109592074116
-8.384755916602993
-8.388396680813091
-8.425936169665938
-8.47420106770088
-8.482619096908453
-8.329694835913056
-8.430902631020286
-8.362602040541274
-8.446503500791676
-8.476239837775127
-8.481491323104803
-8.452539518192221
-8.471439948071625
-8.511927179316965
-8.426990955268199
-8.478726596827943
-8.393489007179747
-8.493247382667182
-8.484941148213087
-8.490333686925677
-8.408671965220563
-8.509885105756732
-8.45161162029648
-8.418533242201482
-8.394011715104554
-8.321112502786212
-8.372798102508431
-8.456926548097114
-8.456113462098475
-8.364774426651366
-8.407335776694714
-8.429484768904059
-8.39209884760094
-8.400100353116025
-8.419998265378496
-8.477175428031424
-8.35507736213935
-8.528082743128385
-8.377898447552367
-8.3837817359352
-8.401967571728866
-8.48194474812292
-8.464512612101702
-8.452173415588645
-8.51114894099382
-8.432367473964026
-8.491912262770915
-8.517461119728946
-8.456075408270797
-8.458560870665499
-8.48008890312006
-8.354817329124215
-8.423764760332755
-8.487538608655692
-8.359437149449413
-8.462976104481566
-8.481082602118224
-8.343017846250483
-8.488841986983804
-8.47739934600389
-8.436084344118466
-8.49583960774338
-8.492587236916576
-8.489463165057645
-8.458504025384649
-8.52340847282122
-8.375500735526725
-8.511300743552974
-8.488258067587504
-8.489098870130004
-8.398434842910826
-8.448912707519247
-8.426992740255967
-8.41983644238704
-8.55974429528894
-8.532350994617508
-8.438720664875609
-8.434027088102543
-8.437015546404723
-8.463999852599459
-8.513113224031306
-8.372323395420784
-8.513538977372564
-8.478208376179433
-8.491642518112887
-8.499257610490984
-8.465223292238615
-8.421776466911142
-8.52054790953836
-8.479255295341105
-8.528471376204285
-8.420320382868363
-8.426338650729614
-8.37787037892487
-8.523858859076304
-8.478319619896194
-8.442371021863707
-8.466368005667034
-8.49197802547225
-8.50911633734273
-8.473627991329975
-8.370077415249112
-8.400654107815003
-8.542672946347421
-8.440397896153215
-8.502006659518932
-8.43819475808036
-8.408883684144739
-8.560289339404287
-8.374617946639873
-8.4212539240091
-8.482965184383847
-8.438115143730036
-8.52006476987585
-8.489250211675799
-8.551989288644156
-8.552384916115976
-8.49359865338944
-8.39880551686959
-8.474311993740969
-8.496929006178473
-8.49606794892778
-8.492323683218741
-8.397688214522084
-8.469062483792166
-8.418382710167242
-8.504710890707377
-8.487424891145013
-8.493741413407513
-8.48436760083618
-8.445441272924953
-8.492826769240294
-8.43504567073244
-8.511360605631912
-8.507247243127223
-8.47908828121634
-8.405722617309412
-8.422447263691579
-8.514043526652733
-8.50934319789776
-8.5141868421662
-8.621401998553521
-8.522767516696144
-8.48196189406724
-8.445581401426884
-8.515045057214335
-8.491461248299672
-8.443128009544125
-8.405199217274824
-8.461070133886295
-8.49988478588233
-8.430059519726347
-8.563463958362057
-8.478837087786657
-8.42991795827281
-8.49882491833693
-8.537924832971058
-8.490907469320565
-8.472089313472136
-8.455358749786308
-8.587788784878741
-8.448512371753258
-8.522074791777184
-8.395808481255628
-8.516562850737822
-8.470357653575146
-8.470310321096695
-8.508244104964026
-8.513442860165943
-8.579155953330426
-8.515349692804653
-8.659290709895258
-8.521513259560662
-8.453055531700036
-8.54915955575502
-8.426458967568434
-8.490802499966183
-8.456017205731126
-8.483706124819728
-8.50419388681377
-8.445665597679598
-8.49334135285216
-8.451138845354462
-8.462938858644657
-8.515630822517446
-8.547808256404606
-8.518962903417979
-8.516285298570482
-8.456112330627638
-8.586084201756892
-8.49432280966149
-8.432854474389115
-8.492377262402243
-8.583494767493605
-8.501046613492454
-8.622587247079549
-8.570941001537893
-8.611440870287343
-8.489800466532182
-8.598614856921145
-8.516339771929307
-8.551363977359358
-8.513991414439321
-8.568806025869387
-8.510541199334412
-8.555219822511061
-8.605198555851366
-8.523602443091852
-8.490701477897606
-8.56288495978527
-8.499863741726896
-8.484078292662536
-8.570075333691225
-8.520543407479506
-8.511978535928709
-8.495987154177238
-8.560859111854988
-8.466728667093602
-8.462680446923489
-8.591097097746582
-8.524743560994668
-8.524951549121853
-8.51924621512316
-8.557622656678426
-8.433440001337749
-8.52537236262945
-8.49605685196274
-8.612443253532716
-8.55135414701979
-8.589233223709833
-8.588906521832797
-8.54238220568894
-8.423040012695283
-8.542142532136465
-8.481538283346145
-8.513156567567544
-8.58574880566582
-8.594729759083963
-8.540579781743189
-8.498482327093921
-8.608475547821
-8.551255972029331
-8.55618478933539
-8.597393096366002
-8.600381994859159
-8.473080779220343
-8.589543045103438
-8.508039291905446
-8.58719653106756
-8.492320030768889
-8.53797571607142
-8.517679399701336
-8.596117164749264
-8.604977935437704
-8.50591317867496
-8.584211938923199
-8.515563471594964
-8.478583981563503
-8.585802363490627
-8.625893592455146
-8.591504498318267
-8.491990751568062
-8.587832641978649
-8.613001261367568
-8.62484017860146
-8.494736280996577
-8.588168883184343
-8.569307136228806
-8.578313779911904
-8.535109365274668
-8.540555489806225
-8.557007464417525
-8.570158112027386
-8.651776790354907
-8.636496538869677
-8.65464256463658
-8.593168138986895
-8.545936378221606
-8.573396163897113
-8.585467969355603
-8.530939357239545
-8.551236323222625
-8.543592526475152
-8.637510321739448
-8.600221747886348
-8.575763025271236
-8.64518585301161
-8.509929625459634
-8.614640194014793
-8.668550551566383
-8.615301700305208
-8.570162513296486
-8.571670003797484
-8.657452968410798
-8.56681252873445
-8.590447359089044
-8.531080328969423
-8.595785507773686
-8.602704838102357
-8.518366009378667
-8.64845045391216
-8.611829159259015
-8.67101104992789
-8.658392008360018
-8.474036292739703
-8.601906072879578
-8.637775209456128
-8.653575791595072
-8.591265471439051
-8.619629941174415
-8.555827941317244
-8.63498398406078
-8.627003894436339
-8.610435718820266
-8.640121059007308
-8.458036932092602
-8.608614114290448
-8.634909334913392
-8.559180354877665
-8.573080321772448
-8.522390269704177
-8.549001191697476
-8.64864330532946
-8.588847509747168
-8.556435927886902
-8.662273632721682
-8.54715461393435
-8.63744895399316
-8.557824396769645
-8.668486102066813
-8.549311923803016
-8.510991235657619
-8.521691668469947
-8.586759692455981
-8.529216250703259
-8.57742728588473
-8.568714001778305
-8.700168723528414
-8.522795304147147
-8.59410066135511
-8.571438372614967
-8.574713578020459
-8.557439859427328
-8.605683678596279
-8.589887380170227
-8.559824665069703
-8.653454337676997
-8.691915834107437
-8.595855831278065
-8.648642695467926
-8.607280539691999
-8.529658690325492
-8.641066704333886
-8.641692857090565
-8.59847489485994
-8.614243011060873
-8.556025747979493
-8.579374598747746
-8.62161219534676
-8.580687915958256
-8.562009157227898
-8.525855361561996
-8.67850871071195
-8.616751284499147
-8.568161246626216
-8.628801379214627
-8.589529408097913
-8.56959111572113
-8.523232984076634
-8.65878404436455
-8.623956566108701
-8.601323411077196
-8.675599134434155
-8.62181755462564
-8.575630277399497
-8.582926799171876
-8.630491042268458
-8.573540239734564
-8.682118183389628
-8.621007959557224
-8.594492765813285
-8.641461628042729
-8.60362804225147
-8.540068805417455
-8.643960151408335
-8.547428980451958
-8.599582789696473
-8.56836734607846
-8.591528378025927
-8.599300026380497
-8.576842139701396
-8.62753902086212
-8.68770686460667
-8.586292666679705
-8.678134421552349
-8.54521310585419
-8.563491861568926
-8.572488097966003
-8.632092359261549
-8.542039396961236
-8.64054291910105
-8.628656688471986
-8.644847669363612
-8.703017293600402
-8.611094745691414
-8.531247442838387
-8.622757643216207
-8.650841740580901
-8.669970581553974
-8.618025270038892
-8.585808633952153
-8.601611093128488
-8.557014422295994
-8.617575325209096
-8.582032743441633
-8.628718048347105
-8.559477009371895
-8.70114207919461
-8.71285987444263
-8.564576215064438
-8.578682648852308
-8.587489819751019
-8.5704768587042
-8.687492164341384
-8.614789882277412
-8.589806262626798
-8.643376526381834
-8.65482426711541
-8.63645348888474
-8.622146415874948
-8.602849599051666
-8.592838546323266
-8.671364000716755
-8.595191045363324
-8.662847906802982
-8.599115860595901
-8.59172283999536
-8.650985771040192
-8.696826272037061
-8.650214139588538
-8.608850047393126
-8.61653649002371
-8.629796489007608
-8.67100980187881
-8.687525973431653
-8.81414139634008
-8.60958451121549
-8.690937826781214
-8.676571243125451
-8.667265704017359
-8.595584485859826
-8.594702708916506
-8.627211098599721
-8.59178667668258
-8.615840706891651
-8.7005295320245
-8.608929447095035
-8.679663746341967
-8.644139237773429
-8.633171838202784
-8.707468833369246
-8.602853333966252
-8.643577623072714
-8.6295925011963
-8.635360614087249
-8.68899520780789
-8.59831145145229
-8.675944847923722
-8.654711870295957
-8.644163762826764
-8.714295307192755
-8.589490206923912
-8.6278192597455
-8.628595063908291
-8.639956311349303
-8.658625748570897
-8.587535123640682
-8.56907663127088
-8.685081517918134
-8.689427903738775
-8.699692492120844
-8.54911185545638
-8.647852266164007
-8.713406018620196
-8.617405904429033
-8.671284609341352
-8.582669503753186
-8.658257595633263
-8.597045318010291
-8.705854650576113
-8.684674970548363
-8.643760188398769
-8.618858075490252
-8.703757692123851
-8.767539583504728
-8.614957443387063
-8.706453441236052
-8.676538857054688
-8.69396608090443
-8.669809157490693
-8.600008543310194
-8.66253033791768
-8.606739227136684
-8.780745013824221
-8.63113559561741
-8.725766198326477
-8.72062961042941
-8.583618041630345
-8.651332595731823
-8.608400152937252
-8.67515747954503
-8.706575479640069
-8.662721565563297
-8.702196364794371
-8.653027707523881
-8.68694757033843
-8.66511913455774
-8.65498487455909
-8.575702119320516
-8.658186768825606
-8.599666940233906
-8.655393333931046
-8.62921257404163
-8.700168936097297
-8.660725361703513
-8.665314958095653
-8.653537974488442
-8.741906465169572
-8.618616766010364
-8.728397863331075
-8.757641704258626
-8.643438475630754
-8.681693508499928
-8.577689471142126
-8.677299917577768
-8.613890886412248
-8.690089223934864
-8.66748842074277
-8.706835054083806
-8.74157070315399
-8.754927939133038
-8.650224323791177
-8.698753662913386
-8.805846778890194
-8.699163221934347
-8.7418988302547
-8.63248364947303
-8.685993160207342
-8.657681279891525
-8.681158676822902
-8.675817868451832
-8.796474092692632
-8.664416198335745
-8.738094575535802
-8.716921770517105
-8.738694497283745
-8.771903074321662
-8.699538053843865
-8.723346581179891
-8.737742685543568
-8.672565572663567
-8.699250847743468
-8.700151520723159
-8.695171265338052
-8.630594041700952
-8.737042564530928
-8.73659946270134
-8.70462754687086
-8.66644261880782
-8.741883213718195
-8.65545199540599
-8.681485630353171
-8.744584083165554
-8.646746908727227
-8.657252952235316
-8.753241133399593
-8.651570706749416
-8.582695816010835
-8.65528674143475
-8.726704349640935
-8.706021895601028
-8.650234228883123
-8.645606391776218
-8.627521887915963
-8.681457575108515
-8.75034678568775
-8.701240828330139
-8.711368862029959
-8.710841051504653
-8.762733069364861
-8.640620871027117
-8.66075322290543
-8.656042272123086
-8.762176095781374
-8.69153783676625
-8.693050148236264
-8.702042045201825
-8.740168763462462
-8.748771847827923
-8.68934671072996
-8.664893132621396
-8.704309256623272
-8.81452653770175
-8.678130492802472
-8.644990628494643
-8.709808163841627
-8.767248176889376
-8.735008334740275
-8.733031456440361
-8.66930235633554
-8.629914807433483
-8.674725116289492
-8.76046480576412
-8.778119233600437
-8.695316300421927
-8.704791654826144
-8.70442858559462
-8.666332841627275
-8.622961948952073
-8.700506998389576
-8.745257057830768
-8.661862948090253
-8.6632104467572
-8.758078335124598
-8.718108716013413
-8.618521497427682
-8.702629819065578
-8.72461278973787
-8.802802257308496
-8.706155867802778
-8.66891653224541
-8.676237660421506
-8.664458503119233
-8.760702283027937
-8.733220261867308
-8.715064641497468
-8.684771058688668
-8.669726298926447
-8.719175971771739
-8.758818759912797
-8.80143758800481
-8.686143086002778
-8.696115002127309
-8.636203423189235
-8.713576974311476
-8.755786596165896
-8.770331132881308
-8.697359502389899
-8.632495662105189
-8.718325418005152
-8.745129066080308
-8.709405046393382
-8.661666266331844
-8.682994326510453
-8.795666568620883
-8.72071774087736
-8.687430146112332
-8.8066432592765
-8.711681557165809
-8.698839668485798
-8.866642938790603
-8.711391957135914
-8.727299898236117
-8.646603529428333
-8.750309663250883
-8.753004108390284
-8.769114567234679
-8.78099370156314
-8.745203134481647
-8.794278898917801
-8.73511943329113
-8.8575698124352
-8.604284576490642
-8.753458156807588
-8.636582929748153
-8.669857035028693
-8.742355644218168
-8.773952377352314
-8.735064656898428
-8.798924630600878
-8.710195691118974
-8.783506231668758
-8.709557908835114
-8.686332358841375
-8.727191758222752
-8.707314777085633
-8.760500567828364
-8.745507605479434
-8.723748986885138
-8.78388095260047
-8.756087600013037
-8.76245459441273
-8.766538864159855
-8.658336098253258
-8.770419099516465
-8.693261992557046
-8.706230992489571
-8.740599100468913
-8.711885470171744
-8.7060701218942
-8.725671214544505
-8.687851658298191
-8.78274986934534
-8.795517255902785
-8.736222213500701
-8.77837005473332
-8.764853666266193
-8.708623274180404
-8.849252723527023
-8.790980019896718
-8.857307898370996
-8.704311875412639
-8.725072988581948
-8.73642590627694
-8.815833468643056
-8.81512039791311
-8.653986958466527
-8.682833756951942
-8.786407614483855
-8.744652784898634
-8.76126100505994
-8.7853695781586
-8.791773443100183
-8.6904504475228
-8.71689922295261
-8.664885219602082
-8.74738198392842
-8.72852018210121
-8.810460830451333
-8.698434793696507
-8.811075625567772
-8.696169718656632
-8.716753088174656
-8.744364790914512
-8.728091127692307
-8.772597218258104
-8.848564470659051
-8.735570008615193
-8.765259540794089
-8.757763204967453
-8.815363726048723
-8.84997315905701
-8.728275149811012
-8.85509509521421
-8.761984224479875
-8.765293711985853
-8.807025797253342
-8.823475798078551
-8.768456055253727
-8.775763322508029
-8.797873004473502
-8.779777214558747
-8.711302872104179
-8.836673382982358
-8.83446983371118
-8.744906456054157
-8.76355542379152
-8.718043497038982
-8.774211657428458
-8.787592372005419
-8.750466114803164
-8.698992765771708
-8.76288837305195
-8.829409943882096
-8.792328424179443
-8.863092372346697
-8.791456607888952
-8.761329959558255
-8.734422736110472
-8.766147374143785
-8.735986682313614
-8.670525681467142
-8.869554784043206
-8.794861229691753
-8.827799674067775
-8.876123838191205
-8.811758544665203
-8.744493087190719
-8.67328432134743
-8.745320092897165
-8.845662552522645
-8.810334172948458
-8.74787164350081
-8.752090168222031
-8.730389369909934
-8.799677348290874
-8.747970511195087
-8.761458684454132
-8.768536880727465
-8.792986488773128
-8.811095445768805
-8.723170529646495
-8.79113446855833
-8.762796616940966
-8.868437823383786
-8.804249403592019
-8.743167407408068
-8.787251399419606
-8.819380468325274
-8.753353710417212
-8.754199466683335
-8.740355834063882
-8.727150169788109
-8.816359940374195
-8.78551803588071
-8.697748076479053
-8.752393341568732
-8.763848450971562
-8.799556665367577
-8.79043466718045
-8.89370339887778
-8.846454470103492
-8.738709604882132
-8.781344204943522
-8.747813549830036
-8.799182412751096
-8.826704729502515
-8.743668560349905
-8.913940578798927
-8.709933673041535
-8.759881933061791
-8.852976807018772
-8.775330971360873
-8.840366371140567
-8.766051483767802
-8.732013438713414
-8.833373364404435
-8.789809051907078
-8.827675886329407
-8.78949008853324
-8.815340291445768
-8.829997036598279
-8.86130083856021
-8.80109016599292
-8.74110411418106
-8.71880145738462
-8.80030761861597
-8.818307362722024
-8.798801775822271
-8.773070502016646
-8.795222808859517
-8.731805059623216
-8.777685518855547
-8.889890967279893
-8.790761003008225
-8.780719467258196
-8.857449507638558
-8.925624664502712
-8.836421237092527
-8.770737724728008
-8.804851028645967
-8.789614386902922
-8.752515872032864
-8.838599050223676
-8.750494069464843
-8.79047413916037
-8.826256298432723
-8.879682201813564
-8.88715191995966
-8.82667390483603
-8.809736554146555
-8.823606710735046
-8.786252097016952
-8.836316861540352
-8.83008092739603
-8.762109903700381
-8.826152705509331
-8.757772053802809
-8.810384859747442
-8.842897324636565
-8.921125678397061
-8.839462502178682
-8.829088056002972
-8.851632938321698
-8.894015602817168
-8.848211370442451
-8.893401152544788
-8.88336373539716
-8.801124921867888
-8.808363895273192
-8.758385062899888
-8.864961790186971
-8.837638677205126
-8.882111283435595
-8.775511243642248
-8.82608698388482
-8.852857242186944
-8.78855022036923
-8.823188262719098
-8.86318007010878
-8.850245072504922
-8.827264156505414
-8.834864100260763
-8.875394628344358
-8.801296817294991
-8.786958386270546
-8.780739960631783
-8.834887507175727
-8.780887951546461
-8.86705414142123
-8.834389229792402
-8.729024990012201
-8.838987598668098
-8.805726167096685
-8.887301953306041
-8.818940903537898
-8.834411020022197
-8.828913652896658
-8.75590973232645
-8.847325594442125
-8.753348354926805
-8.891146353495774
-8.880197074196195
-8.824660044735465
-8.817461775491953
-8.798096069249844
-8.854525573760517
-8.837344437665495
-8.816868966228398
-8.838020737266396
-8.900430257949571
-8.84772760272998
-8.849691513943162
-8.911015856409913
-8.90052393993839
-8.859170929631292
-8.847692109562255
-8.85295394728124
-8.797819979187173
-8.857337093540092
-8.851425355448178
-8.95073019395792
-8.81493448594417
-8.822344899181306
-8.915158279208027
-8.898423097014698
-8.925700499338388
-8.872516765584876
-8.880249489194133
-8.881652612430043
-8.843680438584501
-8.887576051454337
-8.821863897986722
-8.912706259286518
-8.92425004875077
-8.908079600845564
-8.886784452062129
-8.789670845684386
-8.838247672683798
-8.901765227743265
-8.812405233621206
-8.911178810857676
-8.856377220771202
-8.876394870516213
-8.809690221643933
-8.798641076053446
-8.848983057883741
-8.8458743800862
-8.841670453344518
-8.80820311664251
-8.773357752655569
-8.837957885751665
-8.921272900469518
-8.887366697200989
-8.922151013061333
-8.775494617575967
-8.91986829076053
-8.808061640118888
-8.873621951312009
-8.865802641170328
-8.887230245635886
-8.81520501938997
-8.866091343914537
-8.903042898625166
-8.911066568283223
-8.908650824985731
-8.878256922700114
-8.873081852231087
-8.995261326253987
-8.86790857800782
-8.857062719105377
-8.919140321644297
-8.805001210147934
-8.854378338486152
-8.842948266701866
-8.894960958571225
-8.825924712100374
-8.874746427931843
-8.90071781594968
-8.861506375515757
-8.839810933169785
-8.838558530926854
-8.922673770543236
-8.89244756195892
-8.855979140540919
-8.790208265044715
-8.867091532546986
-8.989992677121482
-8.949040828825865
-8.930950399968204
-8.894811514099787
-8.908966202580627
-8.884497662764158
-8.855917393203773
-8.787059805721231
-8.804598744302638
-8.842388697452757
-8.870762394094893
-8.916493021038006
-8.851768926894032
-8.87396365911772
-8.907634275079708
-8.8127940258733
-8.949346821930575
-8.991495383758837
-8.853563504806303
-8.903313683059826
-8.98281774331006
-8.912183428502136
-8.900900646514929
-8.98316382287654
-8.932518532155903
-8.938938057147018
-8.780718684074223
-8.870479866278036
-8.831583927371007
-8.84591492336522
-8.933085541950385
-8.893531928191482
-8.9319993212101
-8.895362272529875
-8.846936134247155
-8.9818892247789
-8.921016748153685
-8.871187977667859
-8.966948394513993
-8.958458266575507
-8.974205437023276
-8.932573238008093
-8.848899654405422
-8.899244721625866
-8.852260664962158
-8.950955851216564
-8.898884927887025
-8.952358022073652
-8.87696537350476
-8.911654119226492
-9.016838090270042
-8.8926549512191
-8.884006633357528
-8.881362718930891
-8.924705105564101
-8.971059277364738
-8.914715459234964
-8.88693934665323
-8.904708903796786
-8.949502364331938
-8.863070654457452
-8.872422837591268
-8.970939060796463
-8.962813500321976
-8.873511613148864
-8.897074605761622
-8.88242439304644
-8.860357552924514
-8.8614184110256
-8.964282378048141
-8.913542059336441
-8.860410302147937
-8.948379428935565
-8.80998939657966
-8.907101454569867
-8.880149660570869
-8.907934476294773
-8.920152239992785
-8.833897619277614
-8.834369152329208
-8.913911529681261
-8.878374566645137
-8.995350763568704
-8.95342390139354
-8.947071773807485
-8.89218478427458
-8.994740400920819
-8.826166369025644
-8.904802351716322
-8.96719576447754
-8.88439185614695
-8.845760591049709
-8.92263458656013
-8.861480036836452
-9.0049859232206
-8.86482199394085
-8.932350971528516
-8.946943620330071
-8.893694276743208
-8.991485338537673
-9.036812131117326
-8.91102596693938
-8.982368788508492
-8.885557336137436
-8.917322048663953
-8.962143367443302
-8.88030424078166
-8.912131655630326
-8.905850248469847
-8.913596094816354
-8.921287745077352
-8.96911040495356
-8.897921741097653
-8.931902519457296
-8.867346690128578
-8.884036731303397
-8.950798731463818
-8.947174764681561
-8.966604129021615
-8.910404318884146
-9.026857993529482
-8.968928632631998
-8.907781489290914
-8.887885419385348
-8.881910724588996
-8.928215691139105
-8.94444075188015
-8.927010139841107
-9.03839617406461
-8.93874213862449
-8.953535200985268
-8.988491140430643
-8.981024842287683
-8.994694982526715
-8.978991563320836
-8.969858047900791
-8.857227168859216
-9.01204536211649
-8.98939162414514
-8.972279332797653
-8.926354167932592
-8.954085078678544
-8.922728510206452
-8.914400326431041
-9.006803950183988
-9.025715526118615
-8.955023787401956
-8.963266867921993
-9.00267825703242
-8.914092358517848
-8.90998764266386
-8.969422597370302
-8.943010159178993
-8.959235026560924
-8.854830229317407
-8.971726811793934
-8.933016998878509
-8.935520028474604
-8.992368402895423
-8.87311621691932
-8.959916306011976
-8.982113505648561
-8.973179933687575
-8.952889665768897
-8.978218665582206
-8.961782323472525
-8.990284718569141
-8.96495316583882
-8.9838532080332
-8.923513848041246
-8.920113897462235
-9.018923474111423
-8.881761331113584
-8.983941095742626
-8.883746047308618
-8.986034281496108
-9.06066289442341
-8.961247944030955
-8.89618843696408
-8.983997445376295
-9.00885095429919
-9.011732543117953
-9.115307266514767
-8.96778496337466
-8.99385993226021
-9.013915682831483
-9.031846914265653
-8.982422645009175
-8.981575268379393
-9.006363412803129
-9.00524225230537
-8.88939211012777
-8.973351288125311
-8.94680371872752
-8.995702215317529
-8.86289939039464
-9.038544495468718
-8.941242595148156
-8.984829187895846
-8.924447985630701
-9.022452401402388
-8.86964058502249
-8.932647988654777
-8.969634787442555
-8.908381082531601
-8.972101729521327
-9.020883442828051
-8.994689592666976
-8.981950298308444
-8.954390621456268
-8.953706757478693
-8.92912368580456
-8.985380117164857
-8.952106349449473
-8.938281606219418
-8.960596445511214
-8.931398716880155
-9.03942672267076
-8.968880220247035
-8.99864264789073
-8.937798587064334
-8.966069531217327
-8.994235358916402
-8.937613481806045
-8.908967650329378
-8.942269512631933
-8.962031317409258
-9.038072083694582
-8.934069547130283
-8.964137604276244
-8.914663767265418
-9.003018345332572
-9.020844241021683
-8.956863910713851
-8.867523460095539
-8.96633032907112
-8.869694348404648
-8.916868575027888
-8.97227381123464
-8.937605192050844
-9.02308311424187
-8.974857055152318
-8.959778489989963
-9.05684348001952
-9.004381419404629
-8.940841137927285
-8.989819490362938
-9.069416202055514
-8.957628655445687
-8.971027200081133
-8.897640676030461
-8.964742375888878
-9.102846256251587
-9.017740089805516
-9.00510161323818
-8.971463986483487
-8.940196188605036
-9.02825574588388
-9.038795004132735
-8.967468188912072
-8.991087616591361
-9.037158903068661
-8.993732825764523
-8.932203237536822
-8.950144933171808
-8.92720874807163
-8.895509355428038
-8.92356182444206
-9.01996872902621
-8.946798237333512
-9.01439091315886
-8.96683940706082
-8.88574498219733
-9.014370344460065
-8.894508831611704
-8.952429859137798
-9.047361086542432
-9.004242964231876
-9.103953692523142
-8.924284610948936
-8.960252916185807
-8.949784675256687
-8.907841721713984
-8.973974357613658
-8.976217648843603
-8.95458663550392
-9.005213136891767
-8.955827529667863
-9.024659584352014
-8.984679675447122
-9.050349107411707
-9.013340615981193
-8.900298186868898
-8.932418630439951
-8.907483393969112
-9.007539846798563
-9.043168352125182
-8.973647704864906
-8.993859899422999
-9.012163024898847
-9.001438513759451
-9.018304376590892
-8.962202875942003
-8.989468727747154
-9.068842227287728
-9.037968452800028
-8.99168785905222
-8.944321578158432
-8.99374665159465
-8.946285853547527
-8.95439857792452
-8.97009723624046
-8.972906283598958
-9.006325008478388
-8.842731149910547
-8.964145878854335
-8.965067781244704
-8.979536012637116
-9.015701596233662
-8.929672765587936
-8.996529016883079
-8.978285244794554
-8.908423342684715
-9.032239101986972
-8.996679792780297
-8.973654263164006
-8.97533607319137
-8.96457709086946
-8.986393388998719
-8.93305580514947
-8.987538673363694
-9.023176798969464
-8.964678758458398
-8.997204047567772
-9.003435960481374
-8.992037874169045
-9.018387913448143
-9.027750091910534
-8.98403267962226
-8.979549317458202
-8.938507457879028
-9.095839466166842
-8.977908713421423
-8.989684207095491
-8.989067352202232
-8.943258632856667
-8.967775958818313
-8.985535749844077
-8.975767727257093
-9.00838435156526
-8.978945682639665
-9.012132366565304
-8.972257710994631
-9.01166844816539
-9.004441714532547
-8.934348672992144
-8.978587510266172
-8.975229610823922
-9.047396162618515
-8.92156312407974
-9.005689099435404
-9.074709705343823
-8.975829925790029
-9.020188924219058
-8.981261905822452
-8.948146418545662
-8.96359742046244
-9.030700108846508
-8.997238060302408
-8.989837881330489
-8.996730371700258
-8.986910000507201
-9.050149916017736
-9.008918469398898
-8.974072003460874
-8.883878672082162
-8.981985689551445
-9.085658431942672
-9.025282793730872
-8.969294620673645
-9.0371766045889
-9.017351486953961
-9.006571160097115
-9.016158659642203
-8.976529381615949
-9.004035011046842
-8.985314265766892
-8.989234194416973
-8.939938845833714
-8.967505533148515
-8.977089428772299
-8.945528526232076
-8.99841863548221
-9.045524687127497
-9.051288603043574
-9.063412978786154
-9.014835332790367
-8.99028951011159
-9.011003619735979
-8.92482225040384
-8.965509566149416
-8.951649231551707
-9.139730666062182
-8.949765370993864
-9.01689266170107
-9.028791015458493
-9.010976920375363
-9.028212049430289
-9.090013252283336
-8.99792263668639
-9.062080869082912
-9.035007045630051
-8.963531968123375
-9.029070295072092
-9.011515354367665
-9.01681926388316
-8.97907845329156
-9.01518846925075
-9.032277158233041
-8.935211974655585
-9.005546118936506
-9.081918954771092
-9.01048594484129
-8.906252011451105
-8.992754293639711
-9.157807810465657
-9.024898858730804
-9.045907294080253
-8.980713518262915
-9.020831176650061
-9.032261108650879
-9.067061471491916
-9.025093227872196
-9.08817536099686
-9.11476478803404
-8.998690997820537
-9.014056562657197
-9.045769567113263
-8.990359574960456
-9.068866401961747
-9.01192975987311
-9.041965091696042
-8.933734230055988
-9.049888344148973
-8.910444575742346
-8.924600351312705
-9.061491876477751
-9.000317637242121
-9.033631382833724
-8.980885489902105
-9.105152201698079
-9.059232887164887
-9.052776441299136
-9.083850593120431
-9.094752547361006
-9.008236046807923
-8.970741809015285
-9.013615872071341
-9.07370604799154
-9.038206897442695
-9.0577777890371
-8.958040550876317
-9.080488563215363
-9.055221431191486
-8.968023199700554
-9.06559422835061
-8.993357926787812
-9.047308318128346
-9.004437157202018
-9.168795785828136
-8.927269357430976
-8.932572049994912
-9.118140179526975
-8.964421060188899
-8.99274832823626
-9.076974804437654
-9.029370571188673
-8.99850355094068
-9.09330947490858
-8.967606460758796
-9.034332485725074
-9.05030073695184
-9.028085666217484
-8.97575538931292
-8.986379342461692
-9.020041993405187
-9.02848575564032
-9.043534809434922
-9.104189967357497
-9.048470254481876
-8.989425798520644
-9.01442016422528
-9.047902859630733
-8.99893262362284
-8.956895367301042
-9.075393221867243
-9.02412716649598
-9.01956975979119
-8.960539797403376
-8.985280240899087
-9.03399914509655
-8.966615226132706
-8.886560704653997
-9.05396349505433
-8.95887637573185
-8.933703269286847
-9.02616822772841
-8.978315650358992
-9.030199491751052
-9.030235250821745
-8.92605399381908
-8.996416133583018
-9.05716844189716
-9.055261422286243
-9.006248123738528
-8.93846233257989
-8.930108330775182
-9.020272849540985
-9.079702597310382
-9.082655482034871
-9.104045062871029
-8.978391809110233
-9.063742609390138
-8.994843198980615
-9.058566870343888
-9.099369814840783
-8.945403471086557
-9.106025264865817
-9.017125015736488
-9.097955972043478
-9.036076262185697
-9.131845228460971
-9.014412067366228
-9.0460691498091
-9.033139619966775
-8.987689021777033
-8.997081445431574
-9.084191057672667
-8.994666238292423
-9.110016110384505
-9.012408612064013
-9.008473603927802
-9.006694453062185
-9.030965870882818
-9.079615655635868
-9.097383060986376
-9.03070263119389
-9.021892733619614
-9.104576003307526
-9.103786375844603
-9.113363365334894
-9.084834606342966
-9.043788119828504
-9.056308792670363
-9.000888376723264
-9.079644213502242
-8.999483098130744
-9.00892531930604
-9.017491946248875
-8.997527315482827
-8.986395099936463
-9.028257110626338
-9.098916414700879
-9.028146980165538
-9.104923792064087
-8.965808335879466
-9.01480296881702
-9.00882782539755
-9.141320348567119
-9.043726506414133
-9.088889072391845
-9.008204369215369
-9.143567668043628
-9.028835745419926
-9.030901753156439
-9.048510714743307
-9.092163141258911
-9.014160348046245
-9.009613603470077
-9.074891647727952
-9.005396602113649
-8.972360386863814
-9.015532011617696
-9.068533229408748
-9.162768132441085
-9.09761962409705
-9.004967988142226
-8.994513039847812
-9.009965762112312
-9.00760997589935
-8.97672007177891
-9.085040284715287
-9.142177050877189
-8.990205494068324
-9.059615055077373
-9.1407784785846
-9.013753205958988
-9.014873163124097
-9.068487477969775
-9.005286087711253
-8.983570821984605
-8.953794979991569
-9.00591242305247
-8.97846958596618
-9.059781870699195
-8.997174009732367
-8.982572060465353
-8.976693208097684
-9.002675190619767
-9.048213085619162
-9.046427676903852
-9.078404743503615
-9.0639360922426
-9.02362724236947
-8.996684742524108
-9.030256725496887
-9.020172551304773
-9.01172476794908
-9.020471047999164
-9.056029658973495
-9.022146758011946
-9.069848639968667
-8.960078579409144
-9.151860254937779
-9.04357944757154
-8.923285307824687
-9.01508053263608
-9.002395198940281
-9.11058609960688
-9.05872906416212
-9.075220828714894
-9.093197859039083
-9.15245419367233
-9.059589227573385
-9.020266824758236
-8.982707147912452
-9.024440206158884
-8.981904377195955
-9.08963484958134
-9.111308123775371
-9.067674743010503
-8.98429467042635
-9.142688955990119
-9.08093492190641
-9.036361979956729
-9.026689295530286
-8.98975712456814
-9.025734569743383
-9.112530555316496
-9.098274934784015
-9.058149301981578
-9.026697268293411
-9.042957109996015
-9.03913409652798
-9.075983121564375
-8.952202004165173
-9.06595558447635
-9.092520971851677
-9.051091015426858
-9.017957679919052
-9.088478102423483
-9.085559898071331
-9.096435833799342
-9.093744527579695
-9.103871398605165
-9.020890700103292
-9.011983947732842
-9.003971537622236
-9.083327088460006
-9.050487160520502
-8.98334317227297
-9.07003241442897
-9.030259703406506
-9.07789622212496
-9.107201133397611
-9.068809465082913
-9.085581458145338
-8.991726121477548
-8.997721405248049
-9.12998283480894
-9.016604171197136
-9.13644712867883
-9.071091671266592
-9.079258834572892
-9.068861656718438
-8.99368727655929
-9.046102736535039
-9.19448428530275
-9.08481185358256
-9.06585111157647
-9.14796774953013
-9.008347650365955
-9.019870284207977
-9.065134696371643
-9.037746707639378
-9.134447680576038
-9.036225768623833
-9.086208765342557
-9.029138133465962
-9.139002028595268
-9.037303012134199
-9.08870110970384
-9.1242730515083
-9.121788403083027
-9.056947016864452
-9.082733038293282
-9.047273446490658
-9.049106627764017
-9.010732592733701
-9.05543545993187
-8.976387587964336
-9.032757155769882
-9.119528713663723
-9.132830542415316
-9.185584721983806
-9.137916787053824
-9.080427854788159
-8.979736391828467
-9.128742242762153
-9.133553018234341
-9.009817731206587
-9.118244503366407
-9.041644924719538
-9.069249039979074
-9.112789505139027
-9.069587597470944
-9.089436288555252
-9.119555556953568
-9.109511356747864
-9.11780006123504
-9.074625673332593
-9.04530473819068
-9.009747041499603
-9.053560480281226
-9.03132557692791
-9.10760792511569
-9.102510022963077
-9.159309702810063
-9.001903095079205
-9.052235685516012
-8.958109695431661
-9.006999099089736
-8.988335223436748
-8.975146427048063
-9.086260614468051
-9.069865788626378
-9.063058018493562
-9.08610508756066
-9.051788749388516
-9.144778081056245
-8.995675834573873
-9.014847853108492
-9.040877986290468
-9.043623705449438
-9.084935179531723
-8.977010548942225
-9.107728770821055
-9.042867014578064
-9.069126931554411
-9.04051286708786
-9.14388830075751
-9.101456192011929
-9.027760172024323
-9.06880774920678
-9.02874521123866
-9.034847299466918
-9.185675416092463
-9.035551524479693
-9.137385053837802
-9.148748290741244
-9.137934508966794
-9.076437311251189
-9.101634028647291
-9.151507587126323
-9.062103322783926
-9.083267112402375
-9.127415296142606
-9.051431649398621
-9.052499404081711
-9.110698599562893
-9.100613375672316
-9.09930962249568
-9.070101990060232
-9.031789492611738
-9.166031202193517
-9.100254891956476
-9.028358278477624
-9.035697933490178
-9.011886233743882
-9.062832642774191
-9.025025111402462
-9.067636911051784
-9.067942685369983
-9.02938333429841
-9.140025037365517
-9.07408834701632
-9.108929903479117
-9.065241150293701
-9.094709485510494
-9.13831982213791
-9.124368732249119
-9.140635649311248
-9.063548756818212
-9.097429264711984
-9.039644248495392
-9.096703251778541
-9.025633245796575
-9.080295573842019
-9.062104191018978
-9.065629995370408
-9.046053631848096
-9.064005336399669
-9.038627929293787
-9.130200591827839
-9.05270854653719
-9.02446687386845
-9.046689415023582
-8.991322516112822
-9.167964989179303
-9.08335486203915
-9.04720632211282
-9.020377753488402
-9.070541170702327
-9.028747903501234
-9.023376472040985
-9.050892986389902
-8.997485142777462
-9.099372736037754
-9.151147261214257
-9.009865317521434
-9.030502593701286
-9.169211100878476
-9.07415744849129
-9.05749744568227
-9.107610729130789
-9.073513994320413
-9.141663152871807
-9.122095679202502
-9.024940999292433
-9.024324204977326
-9.09207525483609
-9.117438906133817
-9.082951144512473
-9.082342865867929
-9.102204905185767
-9.100604177704184
-9.073272352889559
-9.063858662568128
-9.161681874685737
-9.136805168362384
-9.078900270198274
-9.101892127951778
-9.11592670110574
-9.108157747421583
-9.13672025867343
-9.102102568566124
-9.125074438642882
-9.092934826504225
-9.139006675218791
-9.088998608468788
-9.048340087941494
-9.09516451952473
-9.098540709386269
-9.094058538484752
-9.116693788536248
-8.976049876901966
-9.115064760134016
-8.97105204960898
-9.132224555109431
-9.124135624838498
-9.164674189973388
-9.020144218146397
-9.079232242697582
-9.090892564464864
-9.02004467416959
-9.126377768519333
-9.056725724367372
-9.089324400804328
-9.038004041268996
-9.09410068158311
-8.958100624233152
-9.105765000875383
-9.122648313718313
-9.05928937173506
-9.0026701546938
-9.067798671452989
-9.07343291356765
-9.069854903198335
-9.166075960479466
-9.066483917147906
-9.03413721691988
-9.127619084955082
-8.973328671425028
-9.11784708745379
-8.963183517706023
-9.13052785947984
-9.014909068995784
-9.094236553221462
-8.94767301289266
-9.135859365970061
-9.025671521687876
-9.152898928332071
-9.083525588235497
-9.106855038908924
-9.112329405360425
-8.998435770981693
-9.059975422464516
-9.075879749405194
-9.10884856246208
-9.096542142013197
-9.08809535071635
-9.021732327060175
-9.0668682921713
-9.12975519048253
-9.130196280092775
-9.069329990472992
-9.071544696594989
-9.023971837347245
-9.061403239439084
-9.093956670259931
-9.079406186921615
-9.117910864332417
-9.04638949271232
-9.154903167082349
-9.09175398643679
-9.010218212130143
-9.013493344672803
-9.089184577097464
-9.11980465549855
-9.069611285360061
-9.047100071672117
-9.070036395395524
-9.05183607864951
-9.08766851261605
-8.98206355121984
-9.093901384216082
-9.201821570730907
-9.143450885357849
-9.156019296595941
-9.077766481989233
-9.07246027228931
-9.114527154555997
-9.086973666111033
-9.023920499097443
-9.049711748662045
-9.027699076404762
-9.086186915395515
-9.076663170134063
-9.030257172560189
-9.14423218937967
-9.116188965058084
-9.041335660870361
-9.088710956964103
-9.092370005055427
-9.070390931897268
-8.948122219472236
-9.049192807980496
-9.110354763988813
-9.128067000536992
-9.017467029088023
-9.094527927672567
-9.173386154784607
-9.047445227926243
-9.075879322330156
-9.084639011053865
-8.976081232575039
-9.176032559996807
-8.97766813220506
-9.034436409809395
-9.06953869773775
-9.1089992304672
-9.022881262293835
-9.033029625756468
-9.036727388378466
-9.053929081547642
-9.085928991860252
-9.13432375463533
-9.100350163085054
-9.050419465921243
-9.1226979331869
-9.045444092863342
-9.115736011608119
-9.136623481393954
-9.102919689051292
-9.057057470161496
-9.120232073099052
-9.082820500208065
-9.12603179277058
-9.058805067371983
-9.125296442362623
-9.133250121427258
-9.046469364158966
-9.075843719075033
-9.082191499317194
-9.029824891220601
-9.062172715212556
-9.046771210540651
-9.150332154247934
-9.13349161795259
-9.075434152598907
-9.068442922413615
-9.064257703753222
-9.126982061345673
-9.125612998667892
-9.087010954679986
-9.067619451101088
-9.061346608415155
-9.140868004572638
-8.970463589868748
-9.074492792353889
-8.992028115236108
-9.136538183432751
-9.083324085707295
-9.136874082246102
-9.037122379667073
-9.10291849667676
-9.056533783805348
-8.996912522594025
-9.089708616601738
-9.116675522679245
-9.026652590748986
-9.133055152636265
-9.071835549893278
-9.095938749113786
-9.082734538812742
-9.042671115767076
-9.077239761181978
-9.022545868558682
-9.05388004032204
-9.153501586970128
-9.054375129481329
-9.110534087415463
-9.00813461665244
-9.122275123601971
-9.023269862623644
-9.015234341009565
-9.056787451103444
-9.077331083946651
-9.0205092456739
-9.132847796751147
-8.965186312172271
-9.100151305602145
-9.124920450358202
-9.051032019561989
-9.052827404987953
-9.125982569540048
-9.065054161831508
-9.094925261274694
-9.154009023149724
-9.028287425519066
-9.058487418760832
-9.122475705182591
-9.067029842715936
-9.11666621612284
-9.183838001701131
-9.043825655293016
-9.0720192543827
-9.048752707350811
-9.036693780596256
-9.118062551695575
-9.046936053443686
-8.990248979524385
-9.040179582707983
-9.090614164126931
-9.04929485619339
-9.010603916604413
-8.999360170229496
-9.120789952159823
-9.139965622288518
-9.140636776960473
-9.033084739363028
-9.121124876932793
-9.099964526960376
-9.053137541535195
-9.250316397082747
-9.056844761497393
-9.060615580016425
-9.100081016334942
-9.141917263666901
-9.096707336360002
-8.999981790649258
-9.0615068191016
-9.123719580958353
-9.078404433331341
-9.156510145947477
-9.148185518062988
-9.10112821265729
-9.161750340810798
-8.969433797883912
-9.066744962859824
-9.034260347003196
-9.050761207641946
-9.077072558295155
-9.10103644284578
-9.148104224475109
-9.075796934376827
-9.104660756676308
-9.075236208753813
-9.102568967358117
-9.108718997395973
-9.136078677044864
-9.102190324087443
-9.11139415563525
-9.100216280487846
-9.134903253865742
-9.102516196159383
-9.113281599474966
-8.94709318612533
-9.106671843932599
-9.105495200877613
-9.097990220839915
-9.12922060778501
-9.085054882086721
-9.107424493712859
-9.02497512784593
-9.061078416228703
-9.053385614546174
-9.07506603961861
-9.186460644230984
-9.08295439269627
-9.048638926224013
-9.13320049660259
-9.134766338302
-9.141784940992897
-9.096230381404757
-9.112655242013926
-9.056480246530995
-9.097484771838808
-9.022790507339137
-9.017162144647967
-9.108665521338017
-9.011095637366394
-9.123508961233043
-9.094011847752594
-9.132954927350829
-9.107367202104635
-9.135935730300309
-9.024534305852862
-9.18647391736404
-9.214966697538285
-9.064511271651693
-9.031492590780793
-9.110319342847077
-9.109483709609384
-9.100362974744163
-9.138382657178143
-9.097265496173701
-9.154138054712677
-9.143891801479468
-9.045573609418476
-9.089067882363276
-8.995877969017979
-9.128484119737138
-9.159947490021906
-9.136855624406586
-9.08059504481694
-9.110268794920799
-9.112304705556447
-9.116176387614418
-9.222867196665208
-9.082243632460484
-9.146559483570337
-9.077564930818502
-9.093076126449924
-9.175929690283182
-9.135191473766843
-9.12625905217925
-9.146500080620685
-9.102291621004714
-9.070046258910644
-9.113681352909039
-9.088591215602177
-9.088875784579397
-9.155937847478386
-9.06312418072597
-9.121531990921985
-9.073345924458861
-9.067163351684691
-9.143898112963965
-9.143623071006951
-9.0549571211019
-9.03104866456813
-9.151866645194403
-9.104180839093322
-9.04158570246658
-9.12484499928371
-9.055083468020877
-9.181637152369516
-9.045431127670854
-9.175088501600525
-9.095170060839562
-9.223541909279982
-9.169548406479317
-9.176551901449798
-9.114662282460591
-9.041555564942378
-9.090559153142285
-9.100761252802412
-9.097982356229243
-9.105772209440515
-9.11453242747111
-9.080035281977823
-9.095351336099881
-9.151925948377661
-9.11776166660981
-9.15080120666777
-9.062658090053526
-9.137021663470337
-9.03929084312276
-9.107273220837325
-9.136533567438539
-9.032568532260322
-9.09562338380229
-9.151566309419568
-8.995148557117508
-9.166476122675787
-9.138910690028883
-9.165766303814658
-9.192198765848653
-9.119778438394304
-9.173439779547014
-9.140742192778745
-9.132601514922433
-9.160944305994457
-9.197234743408893
-9.153391130397807
-9.17250222260928
-9.03884102587118
-9.1178539450763
-9.055926896030252
-9.230650446711522
-9.102771566985535
-9.13888331671829
-9.07998853482988
-9.095288493503034
-9.041037566451896
-9.084310189165448
-9.09393016445731
-9.09305597532406
-9.116836241653097
-9.019759929719694
-9.125260438142721
-9.198745386524244
-9.12320434544161
-9.128340633183264
-9.160409408700454
-9.08400684593829
-9.121884618906709
-9.139154988847851
-9.060719733079647
-9.047816210686216
-9.105020887581656
-9.192900513202105
-9.137164149592001
-9.17325705548042
-9.139665958126487
-9.126446147461953
-9.148274884730327
-9.180861797172076
-9.049245560403975
-9.068764908537984
-9.064805969668596
-9.142183912234977
-9.13951715915276
-9.138050528719678
-9.236529080208578
-9.095507117574329
-9.072958308992169
-9.149606360448075
-9.138547849111783
-9.025386936180977
-9.141083934296088
-9.051146601721062
-9.147320969135956
-9.15210732131289
-9.177456862219172
-9.170334698059927
-9.230739134650554
-9.135626656318072
-9.171789482393304
-9.122702665513456
-9.112289533871225
-9.145781294130712
-9.200527285146086
-9.132773788875072
-9.140724688263516
-9.153766626196294
-9.11653599190274
-9.037311486972905
-9.162005746709397
-9.130515712734894
-9.20805014892377
-9.157732063875711
-9.124700833764242
-9.15408398693585
-9.170079202573492
-9.197164436833779
-9.19455679012587
-9.064710813425146
-9.175935662217526
-9.142342484859194
-9.194743740864453
-9.253851028487723
-9.148592281813723
-9.25263848631322
-9.219316349407974
-9.053119201626373
-9.212212430749542
-9.166003349624546
-8.821153603767758
-9.190994393656526
-9.166133346988877
-9.211288183694354
-9.128062938593986
-9.186882266155877
-9.180640874686025
-9.11496965492509
-9.163671007402133
-8.843046764344642
-9.176766699325414
-9.06284753966534
-9.058116262707038
-8.807572191458755
-8.366969210595279
-8.74300187121156
-8.872912022985224
-7.941285416742812
-8.31198727709035
-7.011281940881133
-6.713955559922735
-6.318158863953145
-5.697574088197625
-5.584456248628664
-6.258164751792309
-6.322440916021138
-5.857997608971601
-5.558925878969711
-5.524504962933211
-5.497458628415073
-5.509568230411697
-5.502636246494092
-5.510158852245689
-5.664827065757909
-5.516521888027253
-5.528950644428318
-5.5208831287959885
-5.505874235978854
-5.533263384474096
-5.509467287845608
-5.5191584111607686
-5.50523142450885
-5.493215218965585
-5.498440013741796
-5.5282975442542925
-5.4943103688496375
-5.503163990847038
-5.503574088381903
-5.499118146931809
-5.492009147664883
-5.848476766439381
-5.504393693824575
-5.532667296671866
-5.514918901143965
-5.516250254425661
-5.489173408213625
-5.517910350516776
-5.501462300884848
-5.497742454267114
-5.508106351476853
-5.504566343591386
-5.502999324151945
-5.482242847839359
-5.494307270524868
-5.501506938342633
-5.491528020097092
-5.497604582746895
-5.492033280552741
-5.50990605107865
-5.498491084622141
-5.50752079925305
-5.502328345752303
-5.517577448160136
-5.498418573364191
-5.499976536456505
-5.519485142545825
-5.50428613768198
-5.613521500060859
-5.532584176000558
-5.531177270169405
-5.527155071240821
-5.529040898552686
-5.495410948577008
-5.871456565806685
-5.801373787093517
-5.498296642395102
-5.520810012893723
-5.5056747509467945
-5.508991356266836
-5.5113913663289935
-5.499051431604992
-5.486189226619492
-5.48963001036494
-5.5017859907370195
-5.502158519549824
-5.516825747163756
-5.495842118495401
-5.495808077214598
-5.496724432303267
-5.60253304841488
-5.493020608804506
-5.502364816823975
-5.487977971169589
-5.507501504074408
-5.894314660514965
-5.489017590900209
-5.504572538679181
-5.534180663335874
-5.512482180042795
-5.5063470649491695
-5.498565619011721
-5.524136186276416
-5.522089835830603
-5.803031747289553
-5.515532910635405
-5.493869117566352
-5.551068464865066
-5.517992079470108
-5.512150379569441
-5.5085829990138295
-5.499286808225083
-5.52784908278273
-5.505700285697081
-5.498780659581226
-5.522585839679708
-5.519868094378261
-5.501194762390595
-5.51070421448787
-5.500949194974052
-5.520343137976642
-5.5089315433518085
-5.523850587582906
-5.505995978851583
-5.504053760013069
-5.526998190329153
-5.504926098871249
-5.49722168011543
-5.497390269298561
-5.512384910927722
-5.505028303769481
-5.5012188790027325
-5.500955961433107
-5.51794688886177
-5.512762159577925
-5.49999969142479
-5.509317159957307
-5.512637041273582
-5.4994180581701215
-5.520629640621437
-5.525710506142559
-5.524524665242498
-5.509524499431545
-5.499606743949684
-5.50846171189099
-5.511489480239876
-5.509293834866095
-5.529619296480464
-5.503875352908691
-5.493273430398691
-5.501519084474055
-5.884520003446074
-5.498349121715238
-5.5116963901755405
-5.508162611545135
-5.5140190250072045
-5.4850045139392485
-5.53938909964155
-5.5181361641379505
-5.501034442623833
-5.483357738800529
-5.518005159974177
-5.491930116074314
-5.493235071273019
-5.514719666994974
-5.51918178161768
-5.531151515152869
-5.505843529560352
-5.503346680291947
-5.538260197946789
-5.518965380446723
-5.881746430117805
-5.5136238086450495
-5.552203647463446
-5.50815271706427
-5.518284646934992
-5.519328765968136
-5.520187463480433
-5.504634291715974
-5.501151508823198
-5.509943063161378
-5.874769865667883
-5.502661654926796
-5.521591844871186
-5.513036886327026
-5.520218307734048
-5.491404772165598
-5.901035604669161
-5.494432804390616
-5.519454815590724
-5.513763557549907
-5.505914190457218
-5.521188820832497
-5.495181208035283
-5.50672806930004
-5.517751715211458
-5.490568104046396
-5.4958011606951604
-5.492873338366368
-5.566842716032015
-5.505161489090529
-5.519064840503622
-5.511927875012823
-5.531452242269041
-5.513172078084378
-5.5107841623637475
-5.501357365229682
-5.502199321301168
-5.5191088519378475
-5.490261818435722
-5.525594989821375
-5.498010752392419
-5.494077299255753
-5.525235545949479
-5.529452983471038
-5.5157097486624656
-5.491350456567104
-5.5028918977384
-5.521935653381711
-5.853010931299553
-5.523913023354506
-5.5065744607885625
-5.488828469219668
-5.527387370428525
-5.893882118698908
-5.5016812325548266
-5.509463267482499
-5.689417884938175
-5.5342245465358495
-5.532660651979926
-5.940588649160077
-5.574837623727718
-5.536329065121135
-5.85602797764194
-5.5301460692853555
-5.75217476622414
-5.533771089528312
-5.545902468582138
-5.827252933735547
-5.908294255836558
-5.617229855547481
-5.534681118033948
-5.900347391712707
-6.363901266182644
-6.289258187434739
-5.5754120577127635
-5.542057716737229
-5.556230881743455
-6.327356072609735
-6.2026146731868295
-6.8921996272614425
-5.917292948576652
-6.350101006452471
-5.687930992718899
-6.649396824442755
-6.669104548890179
-6.596562977089242
-6.677611306366181
-7.49871570602116
-6.512214370403226
-7.434329369076888
-7.122977621739283
-6.370617630316026
-6.544413646910342
-5.51251798262638
-5.893082949388924
-5.535497710889115
-5.504380603059608
-5.507298366889464
-5.517571367862246
-5.504302489495598
-5.5037011436444265
-5.524102884380142
-5.496036525522566
-5.497480268189063
-5.505700659659136
-5.508025580179274
-5.498703284593916
-5.494682026820585
-5.500440624644546
-5.50500461750743
-5.511101075008992
-5.4927043998380825
-5.5153289274102075
-5.498565135672686
-5.499229289077913
-5.51567390935479
-5.483756403310647
-5.512028443095712
-5.506730130444101
-5.494304677266803
-5.496819805477507
-5.480254506805123
-5.49786213370597
-5.488618161109843
-5.509873803741764
-5.500343924618914
-5.5168380495931935
-5.502438197177611
-5.497783389830897
-5.496454170699645
-5.486423139758401
-5.486306269180921
-5.497065520664777
-5.48397630833049
-5.476856877370258
-5.494666470795675
-5.49162433113548
-5.505624409116704
-5.488594212699219
-5.4996903147027645
-5.500600845059132
-5.498846504568519
-5.5220453478705025
-5.480561139531577
-5.473470872050384
-5.503388260692782
-5.494572321576235
-5.504795216163519
-5.507566217472031
-5.4875090407011475
-5.496665049266442
-5.4854342033647745
-5.514301243632466
-5.500292814226532
-5.512318066716714
-5.4904757675092615
-5.5037523286916405
-5.5100311938808915
-5.477210453225673
-5.514196852528837
-5.490032417307575
-5.497396308795326
-5.51347623782715
-5.497638707016135
-5.503465862206582
-5.498117634968165
-5.50896708095377
-5.498241412958877
-5.4920103838348755
-5.5199629158598595
-5.504536541031239
-5.506146419542857
-5.49921685822691
-5.502494283824378
-5.515276253120581
-5.514659518261127
-5.500021077207121
-5.495368793158249
-5.498003326670087
-5.519909185076581
-5.4869799067717056
-5.496626038666135
-5.469747107170176
-5.496360235280132
-5.503451896654033
-5.501616478264809
-5.515731166828994
-5.485058879670143
-5.493976725193368
-5.5068014665888665
-5.507059056271006
-5.490872412457398
-5.493651294074452
-5.500634736956857
-5.472778784521447
-5.491606670987837
-5.491038282836673
-5.499920538526734
-5.50400249471722
-5.5021948884213625
-5.491371419204015
-5.492991117145269
-5.497587099058132
-5.505786417734025
-5.519532194518701
-5.507230497553555
-5.501137100839275
-5.49380684072933
-5.48571281616455
-5.503856430669957
-5.500310576821612
-5.502216760572577
-5.50852845489947
-5.507516478737533
-5.483509972696524
-5.483434953635729
-5.489636214284249
-5.508105989623131
-5.526819478793272
-5.484494978294656
-5.5080202567404335
-5.504123220604253
-5.492089728352686
-5.4897506754333705
-5.493264356424081
-5.494410291400979
-5.501710441589773
-5.499734057790281
-5.500189855127905
-5.510869668569936
-5.483126540770496
-5.492566436554142
-5.489336814743656
-5.490473174318013
-5.481090426657358
-5.511553410231179
-5.505354818225191
-5.490995800554247
-5.5063552497086805
-5.490793069943159
-5.493347326362092
-5.488659822775279
-5.491988866334231
-5.492657844960766
-5.490769990906535
-5.4819128639068415
-5.507974262976628
-5.500746486940797
-5.493986654921635
-5.4973837362025435
-5.47567626177441
-5.48526836068471
-5.496737116279341
-5.514187756703505
-5.495174366411575
-5.509974846342472
-5.510067649502497
-5.505434712403629
-5.49961482186664
-5.518520109536528
-5.485343617419351
-5.505496520816846
-5.506717882044706
-5.49861170386426
-5.488534136630214
-5.492689241501392
-5.517071270993116
-5.503892762510034
-5.501527676517903
-5.495982772575562
-5.488171614249265
-5.513521637547867
-5.513350152583295
-5.488504555249009
-5.501786113410768
-5.52161599823104
-5.488108520232587
-5.496973852686953
-5.481657662877841
-5.4869938130085965
-5.497054891275252
-5.498476597980286
-5.489925129402235
-5.508081466432825
-5.5047623918949515
-5.495728668217504
-5.4988191996955
-5.50119346114538
-5.494842872136413
-5.502746089832246
-5.486098815221273
-5.5140166642026145
-5.487675052751067
-5.477715724095137
-5.500874711884824
-5.524209112537391
-5.4883426995920175
-5.500815107513235
-5.485910503960558
-5.489753713789728
-5.487459422968498
-5.5012808765385435
-5.506937236036243
-5.507075764462183
-5.504859193291519
-5.482695692817632
-5.501939065299782
-5.490554948411214
-5.5000161259695375
-5.478994885291862
-5.488341259052093
-5.498885810065794
-5.512331053187078
-5.511260487144538
-5.505110001872051
-5.509406468331125
-5.4923621972260825
-5.49646381557079
-5.482958199283482
-5.495452297341549
-5.515745366396107
-5.484091577614807
-5.482460859546588
-5.503630167054503
-5.509403431038547
-5.502637002201199
-5.504267916864861
-5.513460589072624
-5.517701448824749
-5.503142629521976
-5.486212450521947
-5.486601569223204
-5.489872114492583
-5.496049496018017
-5.487964373795296
-5.482057312796243
-5.521115918709995
-5.490025301191613
-5.502931307103165
-5.499942963219199
-5.492756100954004
-5.508263618582227
-5.518240973340202
-5.49392741326047
-5.501248274657142
-5.516319416693321
-5.525190752812481
-5.500981207825609
-5.491029297146798
-5.521467541315492
-5.491912084408123
-5.482795139817418
-5.493968257369904
-5.491883217126812
-5.498029421361309
-5.484653945485777
-5.502420758320274
-5.484592895736422
-5.4941732386516255
-5.497361287092303
-5.5047376840231
-5.486425382149973
-5.5073389300420565
-5.494893544022494
-5.5104301079444955
-5.510339610523501
-5.500356867740643
-5.498781914004722
-5.505192565902232
-5.49180793098171
-5.494410529135993
-5.492513267521894
-5.488563375333751
-5.511856453223417
-5.4877906440376
-5.502137829262
-5.504708639811004
-5.513781540079222
-5.504229541473354
-5.498656340892275
-5.498660207983191
-5.51322813756029
-5.503280241636985
-5.50342747459773
-5.51099012664231
-5.497541179602881
-5.497682191756533
-5.5101365319613995
-5.5037158390593905
-5.486160828981042
-5.492316025851939
-5.488859995584139
-5.488593160965132
-5.503283123393513
-5.490514414062576
-5.5067353612769185
-5.511204639461923
-5.51084006941655
-5.512563079598777
-5.507380548947143
-5.516150917785371
-5.4985788630297
-5.499325225063899
-5.49519563747388
-5.489605664798928
-5.505657856325972
-5.4923936081226765
-5.50606441921031
-5.499447825163943
-5.49786111367005
-5.500196379988783
-5.512266012108695
-5.485373327080814
-5.505903291236603
-5.48679020773189
-5.504401250331604
-5.49880789458767
-5.488441044810945
-5.4855066473573935
-5.500322782525739
-5.487873288910922
-5.516392211684512
-5.506877951983721
-5.493928830483743
-5.488012351087391
-5.493590858538816
-5.514139448464518
-5.502318173801225
-5.49130632939879
-5.504831347181979
-5.505677364547163
-5.48973867822617
-5.536722657035698
-5.494212572601918
-5.500733254692241
-5.5086249472915645
-5.501011869966735
-5.5459224484354825
-5.501462682984497
-5.504797636269828
-5.495602309926286
-5.492442515813577
-5.493778959717318
-5.495196226729673
-5.509132431044911
-5.516082077022108
-5.500722260392447
-5.507602260902051
-5.503777866640785
-5.48340416730825
-5.506102104917274
-5.499599514579095
-5.517204979438488
-5.499390746942527
-5.490882221623213
-5.492680326739171
-5.492567462435095
-5.4929020104776995
-5.495441223630534
-5.500636175335723
-5.500824479066301
-5.506650320471852
-5.491420177762393
-5.487864241524306
-5.503656340529148
-5.497853981730483
-5.523760154539971
-5.491271387885189
-5.4978661743327955
-5.496458267411196
-5.490485491483449
-5.509524466282976
-5.509824831790398
-5.498155929562306
-5.493935688497403
-5.501490263096871
-5.4895858448477615
-5.49479884093611
-5.5070072325514765
-5.509294679565129
-5.4946566398059264
-5.4845054711202
-5.4887180379262555
-5.503723841206012
-5.492076106143064
-5.510048851666608
-5.499013592647621
-5.491139124617436
-5.505824895727855
-5.508584456089544
-5.510619820160156
-5.507643907827204
-5.511080196778483
-5.497255493315172
-5.4902331158670385
-5.492492042826784
-5.488583950637174
-5.50386265817727
-5.487458754286852
-5.48935299271917
-5.489158435149935
-5.498243769708779
-5.500181672946493
-5.486787540677945
-5.492137736922451
-5.505741051330603
-5.505138445161541
-5.50452771006243
-5.4953868958462
-5.470794453547105
-5.495790277323184
-5.516821495018137
-5.513085700523586
-5.487463229326271
-5.501134698465935
-5.493837193911839
-5.503310396144116
