-5.4679418983147166
-5.481576063808363
-5.463298049562872
-5.473679483413309
-5.462007539573044
-5.47717862981806
-5.477165691587157
-5.4822702824769225
-5.4704465184273205
-5.478826176126798
-5.466257221202438
-5.45987955616074
-5.478659815561494
-5.480397636487878
-5.4901042370820905
-5.480835398775074
-5.4765826468234335
-5.469629783917789
-5.472976998139069
-5.478505221270166
-5.490426957129242
-5.4840889136905515
-5.483390144858111
-5.477732881501711
-5.470004774819608
-5.478125027911624
-5.47828763870786
-5.477701290979252
-5.489916800927554
-5.501296187782873
-5.4919201810049465
-5.480272976147764
-5.471968991296172
-5.474670046324511
-5.478932635527402
-5.482709694667351
-5.480517103126349
-5.481642946104656
-5.490981189663633
-5.487707237282226
-5.480422864725706
-5.4756690866629665
-5.478285808212026
-5.46867520575805
-5.485868148102581
-5.474900127245235
-5.465301239373515
-5.485862404635139
-5.47414469459688
-5.484046975765941
-5.4921552461160115
-5.488526880763951
-5.481355154936019
-5.484232548514018
-5.467142746213082
-5.502345412004807
-5.481444781902832
-5.486507626479916
-5.4669893020097
-5.474634252439763
-5.472740262725369
-5.492436904011553
-5.464340062103631
-5.476214171411133
-5.480709740698298
-5.474476846247304
-5.4703452887976605
-5.503145748705014
-5.467524250194769
-5.474752595686195
-5.475167599015806
-5.476744200865703
-5.484485404415039
-5.477969494474746
-5.492624326170311
-5.494109684292223
-5.486773450112864
-5.477627840671307
-5.481206340492129
-5.474631447507221
-5.484613043021109
-5.485794903609726
-5.474395698210321
-5.486577287183303
-5.4943415190253315
-5.469237062656809
-5.478829481262154
-5.4871612650684805
-5.479269314262541
-5.471494528256102
-5.478435207596416
-5.490623623405632
-5.468048329287991
-5.490380899028164
-5.4952057006885555
-5.473026714009548
-5.481400125732931
-5.477724688910477
-5.482895035847156
-5.49015136688474
-5.48125131810453
-5.473792573191872
-5.487308190930885
-5.485338488659692
-5.488342685692057
-5.500754980265296
-5.482237774899588
-5.485365781263731
-5.488459335942997
-5.4891026301317645
-5.492621203213569
-5.500002933631713
-5.493643347262958
-5.482229936302898
-5.482523917189111
-5.48283147371535
-5.4936142557352925
-5.474838827215962
-5.4719480480406
-5.4966571728453335
-5.485225204498796
-5.486756921651082
-5.478316383979083
-5.465651771247746
-5.484899028783326
-5.473855802798025
-5.489183216065417
-5.488942678660475
-5.489294114790082
-5.4739991446236225
-5.485120723393475
-5.487510454394014
-5.48812140124323
-5.482624378700458
-5.470499411294006
-5.487100457084399
-5.4711669062141866
-5.488927728781587
-5.481324297160746
-5.503678197648944
-5.472653041866096
-5.462257430653996
-5.47429101107902
-5.487965033815859
-5.482056097037322
-5.498089408448601
-5.472810771971509
-5.503643384975927
-5.486174400855113
-5.486133041059268
-5.499460828086055
-5.492842052050218
-5.481087857205662
-5.472138976338469
-5.489582269910372
-5.503264796670212
-5.48036308596686
-5.4895982906167475
-5.477459493111741
-5.481995926634341
-5.480400147410072
-5.486931810443873
-5.487676381226412
-5.479630946922991
-5.488240053153794
-5.491319768539935
-5.49022833449907
-5.478234084030063
-5.496230022240132
-5.476756399279206
-5.506387939559069
-5.476463651870661
-5.4864281113144875
-5.48738242575317
-5.486757836354559
-5.497127806066249
-5.494255472517462
-5.485963317193669
-5.510903891711968
-5.4866018110987085
-5.491776148792874
-5.505758511503448
-5.512796454882
-6.002613142876031
-5.644153238854642
-5.615398915271434
-5.9066999373124425
-5.844832362446976
-5.760577755222008
-5.775817381912561
-5.500605501632815
-5.512311063686058
-5.474448559840871
-5.6441599259005795
-5.498119784030184
-5.5060449729165635
-5.500761231015521
-5.492585956323539
-5.515875984659892
-5.4988553165252325
-5.511353124091908
-5.500010421658207
-5.492992494601996
-5.493711248204107
-5.487561614182302
-5.501456781356216
-5.499912278667478
-5.512285016835589
-5.490352226248035
-5.478035618214658
-5.505322702200406
-5.488420702753713
-5.497862949260816
-5.495567983677111
-5.487549668354954
-5.511819336284302
-5.507771020343054
-5.480069188668063
-5.488734103398105
-5.482653177095573
-5.470492122187654
-5.491851499081654
-5.49671798246324
-5.481031532970984
-5.503809297298507
-5.487091277891617
-5.481015164860105
-5.47829524885417
-5.491374711065133
-5.487978697970873
-5.482889726028633
-5.4899609577643425
-5.502930624134203
-5.508690353943003
-5.495294059394819
-5.498231889603383
-5.505888241539394
-5.495116252241958
-5.488356814693249
-5.500388352679945
-5.489659406116421
-5.486032249952747
-5.483654027497853
-5.4976998686666265
-5.49889800155372
-5.492632069212007
-5.504775980355471
-5.501650447924292
-5.494155683299306
-5.492544019556426
-5.494488682693095
-5.470783642429403
-5.488866699974269
-5.502432788254262
-5.49434091552376
-5.493771006987675
-5.503845607365975
-5.498398814574185
-5.491168040233969
-5.492974253181993
-5.495752807595639
-5.49399290121957
-5.511838997605422
-5.484071182942319
-5.489259574052752
-5.499699327375041
-5.494728493223859
-5.506180181803811
-5.493513236306275
-5.491620523857907
-5.485831423413485
-5.513616968362509
-5.4840948442611275
-5.486332835871316
-5.508605279823755
-5.503697263152774
-5.498442626037026
-5.515955297202909
-5.480118148550443
-5.494159581597033
-5.504025588457751
-5.4890422537595525
-5.500345251591021
-5.513610598614171
-5.505135308259025
-5.503062372819537
-5.499430228958868
-5.485379557389233
-5.496755148461549
-5.496783077036734
-5.489172425391332
-5.518160958515831
-5.510695701466296
-5.5015770087051195
-5.504332561828345
-5.4905213276535845
-5.50289273255437
-5.50646478714339
-5.4983786490938815
-5.4916968360617275
-5.48304599938795
-5.508088179606571
-5.489204522149191
-5.499576918320752
-5.515270008878552
-5.508342040542917
-5.5029985055614095
-5.507034692013399
-5.496442158599077
-5.526300726921731
-5.496072011822165
-5.491797155870062
-5.491705774608148
-5.502615471632913
-5.510848981473015
-5.504447844745671
-5.642612361628781
-5.4941380743044705
-5.526075637511728
-5.509059054166465
-5.48265939702198
-5.652824104031482
-5.503854389229163
-5.516281199971676
-5.5121776382507885
-5.505226058134603
-5.667681390412497
-5.623857848281588
-5.502855933452452
-5.495598106011222
-5.5003290396162035
-5.497145621133264
-5.507858049584316
-5.51655424539581
-5.489685415615839
-5.508558051927403
-5.5145649798645024
-5.511583323315011
-5.518550546930361
-5.50911615773319
-5.4942716849992985
-5.51389418694237
-5.516349010551365
-5.526861420792158
-5.4880616869808065
-5.499944315511515
-5.512593196714478
-5.5063799381171386
-5.630315548353564
-5.489510193158089
-5.502919055913
-5.482143159628732
-5.518863786140688
-5.507082031163148
-5.510844911384097
-5.502477619761426
-5.494913020366682
-5.499211362386292
-5.510227158652494
-5.487681738723586
-5.499711832655343
-5.513078590768912
-5.498438111337254
-5.509912137808316
-5.506911004640691
-5.520944456176336
-5.490729054633739
-5.481051767215904
-5.524903147427172
-5.540755387853117
-5.513452047285325
-5.983857365464814
-5.908911161876429
-5.794674035578631
-6.282605365659737
-6.509867963935284
-6.747063119210317
-6.7210088866551985
-6.764413599181768
-6.724934198598515
-6.76174346030448
-6.7133448989937525
-6.754900039865916
-6.713246871267907
-6.702395654568592
-6.738366885610032
-6.714256902813439
-6.709694618516856
-6.7233349377701375
-6.692929944325285
-6.696440530270242
-6.682609007971431
-6.6887217864268225
-6.678875508005418
-6.69641699989939
-6.757060281279438
-6.690155503071171
-6.718782166560382
-6.674616311984929
-6.704776571414023
-6.650449316304138
-6.722760057221925
-6.716138953079668
-6.67264937866436
-6.642902494124259
-6.635029090745589
-6.685063365913905
-6.705307125849427
-6.634971074782846
-6.695100790426114
-6.657224683885571
-6.631729138103849
-6.643453762418391
-6.650268638733149
-6.6656854331309265
-6.726237112301139
-6.638804562563999
-6.6378353430829975
-6.677187665472579
-6.672177090874458
-6.700320948942505
-6.709212879366939
-6.718233389726848
-6.705716911775546
-6.713602163779452
-6.634270024979202
-6.693420127255464
-6.7015425740770045
-6.725278420804428
-6.723630955956814
-6.713001102020167
-6.722896459177495
-6.724446817482605
-6.753445838563119
-6.739333139731643
-6.60408710425855
-6.702620469327724
-6.718801969269409
-6.667534460714492
-6.663054337024416
-6.715751857200357
-6.624406727531268
-6.666935080684244
-6.715156284533626
-6.735202506248753
-6.720908578111055
-6.680520709977511
-6.700448430048559
-6.658806991927019
-6.722282716671628
-6.699498261566728
-6.658338595922334
-6.736456944999905
-6.668155073464496
-6.655350652312115
-6.664263792907595
-6.70925537883862
-6.798600461755544
-6.685797914368526
-6.690330147916916
-6.674523171483495
-6.745935016735995
-6.719819529374874
-6.634749336896402
-6.694171656343491
-6.77419077235389
-6.74964900431646
-6.672344476893151
-6.6750818405341095
-6.812625508771342
-6.7936998714758605
-6.732430972616848
-6.690478612381658
-6.761631480286423
-6.758452852833639
-6.818890980006595
-6.728287518432923
-6.731026566756711
-6.668104764376803
-6.743877608230857
-6.6708605812133746
-6.7453619190240435
-6.727348331618235
-6.750184501397226
-6.656887035482675
-6.695702808857942
-6.693732871683739
-6.645454083655979
-6.7049140055206635
-6.8000916203851425
-6.720872667380899
-6.732984867742973
-6.705940736255548
-6.760030636270708
-6.765148025633012
-6.7698695291027535
-6.7045293177693885
-6.737659864321263
-6.751719994424079
-6.756994620184916
-6.711988046417156
-6.739139365554831
-6.758280324000573
-6.757378719996469
-6.769106413880767
-6.744681551948505
-6.7504576220165795
-6.736727483179823
-6.779190468406838
-6.79985408157353
-6.754329499948598
-6.741765573777503
-6.729570019765112
-6.684195552068477
-6.814028847225507
-6.678409005573563
-6.755248102077911
-6.749990423820923
-6.771543533306979
-6.781890612923963
-6.727028196330507
-6.7306186852949255
-6.726650111701993
-6.838625504162656
-6.709773712391521
-6.75594362117805
-6.767213148849416
-6.759071254819978
-6.817719024182111
-6.786893964760359
-6.781325502242575
-6.7737846602180625
-6.70585887694067
-6.735838004094288
-6.710511878061919
-6.745993234106443
-6.769782497938265
-6.70574499667775
-6.813150596744325
-6.774562771120465
-6.802877675900316
-6.736322546141743
-6.716280821929802
-6.759414152214416
-6.80098658956264
-6.743445809019789
-6.760530665144909
-6.770304902957865
-6.77372063287455
-6.741935396729156
-6.722297466115044
-6.701101606810581
-6.804442356794166
-6.809839376893514
-6.771116326167572
-6.750064239733838
-6.794268009624339
-6.771116406555946
-6.76313115008371
-6.772170921403877
-6.71272841892729
-6.768411039717648
-6.7614676129779845
-6.7716577127068325
-6.768727507102806
-6.736201834423631
-6.775046145876498
-6.763092424677135
-6.729383650320762
-6.7820252691753895
-6.799150749932649
-6.793953207609372
-6.739993346799221
-6.746415929241586
-6.7313243768290665
-6.7636210085046615
-6.800045973093899
-6.772073621405806
-6.795385893053858
-6.8317003137427115
-6.795518880033812
-6.801075156247404
-6.824347629007628
-6.810939212967177
-6.7369974363975915
-6.722945222490148
-6.889963283176299
-6.776199228419863
-6.783558780814442
-6.749940647493351
-6.808879144648903
-6.7751119881825845
-6.759521256442348
-6.7441784293173885
-6.77934613313051
-6.776766717459245
-6.846633949925078
-6.719835633738019
-6.78705243405696
-6.733625840168656
-6.765788351572081
-6.734820077015506
-6.839273539320121
-6.760584519925357
-6.758475113504928
-6.8020775042005654
-6.8191201729950635
-6.685176987141337
-6.816092373149573
-6.808899848259138
-6.8051287336198785
-6.806500805874656
-6.818968548431354
-6.777733699691551
-6.84864309866203
-6.76081893129901
-6.758425453720744
-6.819148330985808
-6.777828575678796
-6.821725461127645
-6.806385144608356
-6.783879567997089
-6.785702902864843
-6.7940110776210325
-6.792028209373052
-6.760837176417327
-6.8256685370584425
-6.776469655534495
-6.81030849804154
-6.803249924192173
-6.81935053539074
-6.791766970973592
-6.892886325506925
-6.753623536066069
-6.807025391087362
-6.758225688435949
-6.741864719948824
-6.782296240731357
-6.714661330329761
-6.780122618029694
-6.840411286727235
-6.791617256359513
-6.811466042024065
-6.770210235640487
-6.855184305340789
-6.752806625621521
-6.85998014401785
-6.782361723777807
-6.7848153390536625
-6.785151219780871
-6.7881263557773215
-6.7908668213920755
-6.81357783858947
-6.833744604908869
-6.807489396982295
-6.768967470800071
-6.771096852051343
-6.785388993550052
-6.766041861155898
-6.823137104448062
-6.837947594935116
-6.814747176225883
-6.843974639796581
-6.839768828155435
-6.791580455913089
-6.761876269391523
-6.825781401344925
-6.818761547456255
-6.777479776508471
-6.7577087486756895
-6.742581413884837
-6.764162724655958
-6.814824359517296
-6.85430592931036
-6.73923530358904
-6.760912237135925
-6.883158322571815
-6.784182529013181
-6.78377854617136
-6.822500664445272
-6.7556296946492616
-6.775199080023042
-6.805683413330474
-6.776482092015797
-6.7736932632765905
-6.851024430747396
-6.747563458753212
-6.834582348270134
-6.747474279860196
-6.836344574697638
-6.794349753766451
-6.885317900797408
-6.773400177102079
-6.798578994088036
-6.732538765717542
-6.788005673567048
-6.764813407926846
-6.793206432161149
-6.846957143354134
-6.763186041212326
-6.814646995344351
-6.8294988126992795
-6.815021250144143
-6.803964174306007
-6.832066228977879
-6.773481982477453
-6.859225861101321
-6.7939760385937875
-6.781588322338033
-6.795479899720914
-6.772342046789101
-6.801991223700357
-6.786903317680873
-6.831006488367719
-6.782688469465242
-6.881219510878733
-6.802541188923588
-6.788350706153316
-6.794545182544823
-6.800370327843209
-6.778580846814664
-6.813208486753012
-6.806262419678731
-6.773006113387564
-6.776156101424026
-6.7966712749856
-6.802245937025377
-6.814926620467519
-6.800221272273496
-6.823824781110942
-6.81604185392566
-6.762855032420678
-6.817762159230563
-6.7920875052078005
-6.798313522412101
-6.784409735436109
-6.90501574708796
-6.807932032563514
-6.827265795536135
-6.819453022330318
-6.800682876524274
-6.800776918194856
-6.806267776709958
-6.8284397024087005
-6.789417558535473
-6.827308252722803
-6.833816456572037
-6.833523956697274
-6.764844318367512
-6.760972636602516
-6.825514121082072
-6.797634696917521
-6.813685333775289
-6.828277464159005
-6.853832149923074
-6.8284792431845975
-6.784378855636397
-6.766506168433463
-6.806445341802426
-6.856213251750465
-6.847012886071088
-6.841265176866095
-6.812988528314493
-6.818453288365983
-6.816749716962524
-6.83801547114077
-6.840830789573959
-6.783646683469809
-6.851388429670696
-6.808449895087098
-6.757935113926594
-6.837839730392158
-6.823964326060711
-6.8055848776767665
-6.775455224750188
-6.859874197070869
-6.872556193628069
-6.785893519611887
-6.813499514262735
-6.865924264619847
-6.798512520318649
-6.828782777878205
-6.7837630302608325
-6.790870035325463
-6.746824650982638
-6.830426327571466
-6.774475648046719
-6.832910974480427
-6.80189318478425
-6.801641829283071
-6.8488376511806255
-6.794357954906433
-6.754281368794763
-6.840148797220421
-6.7811341909660205
-6.805845433138029
-6.799491535520898
-6.845933806765931
-6.809904634306796
-6.850050257937174
-6.78790834574962
-6.815347602898824
-6.766716107676358
-6.806279747425297
-6.854787569309924
-6.835826544363366
-6.730796386271566
-6.857124369611919
-6.888829655561695
-6.81917341565419
-6.829889141793142
-6.847375278814877
-6.83564906391803
-6.824093845364018
-6.7848284821246585
-6.88660415907146
-6.802893608311205
-6.844759296611193
-6.835606911040973
-6.769303117237948
-6.848788870933193
-6.8372253230483455
-6.822576762484021
-6.84206694216396
-6.790558611256322
-6.842264452837553
-6.773757830744749
-6.75754300090414
-6.760070865241196
-6.845082752182788
-6.843137603984314
-6.88082363543895
-6.858083479855972
-6.793462151859529
-6.76131724288682
-6.863751553160317
-6.8198315737003075
-6.831733074795162
-6.859661394843811
-6.856717041836197
-6.762966495839085
-6.817245863371432
-6.879283890778293
-6.819445147735362
-6.812848483883738
-6.796084557451251
-6.742065273035988
-6.784749152929925
-6.920462562720046
-6.849172332820507
-6.85826676472978
-6.877058993275508
-6.8480221548229245
-6.870587392524357
-6.858158443305206
-6.833723140880554
-6.812844011873081
-6.853447475546718
-6.866898414404003
-6.875186866294451
-6.822846242057634
-6.792817813569338
-6.858852704601087
-6.870426958684591
-6.838909415421828
-6.805557760911608
-6.850780052203966
-6.8554245107439975
-6.856052215088686
-6.748074129460716
-6.84995719797208
-6.900016569855206
-6.826594627133807
-6.838880568650488
-6.8223733284476555
-6.791932005951364
-6.843957627713168
-6.820213183252538
-6.838736631233359
-6.872543678743384
-6.845372908714902
-6.821858571182169
-6.791552591840322
-6.854123856033141
-6.829048877458146
-6.873407440614717
-6.85064204969596
-6.867912507998416
-6.813396347710219
-6.824624861111238
-6.846769980192587
-6.830565901929251
-6.8784005024826556
-6.868673555635667
-6.850795478055551
-6.851928449143266
-6.8213813579191225
-6.813642523481889
-6.794996749461636
-6.826302051480754
-6.8483509146425945
-6.827219875639824
-6.780608574111676
-6.8301112167592155
-6.813671397833453
-6.84185958404604
-6.80681045496059
-6.866734146259086
-6.8581676755687955
-6.826753179003756
-6.874747184258666
-6.906554729877162
-6.854492783556768
-6.882457002054604
-6.78725241052025
-6.784599816893726
-6.841352088497726
-6.809084849537851
-6.896330678873416
-6.855819135779211
-6.850835672627108
-6.859096107602653
-6.824449616554009
-6.836200071075964
-6.837731343750486
-6.821715566050182
-6.824252633598018
-6.821983272417935
-6.874630788049069
-6.829446854047081
-6.92786566466772
-6.874193283437998
-6.803638572183843
-6.856599278750998
-6.860895486279077
-6.814351336231965
-6.864955832350711
-6.843599676084104
-6.806359229756055
-6.8841494871981865
-6.870224835455772
-6.928287373759457
-6.8407616819209665
-6.799421765716325
-6.855514613104984
-6.883947165380782
-6.826831854499732
-6.883419039790379
-6.901094899963612
-6.87060018669769
-6.935905439151949
-6.773491279352164
-6.861642932159398
-6.8096397077886595
-6.8724585996500025
-6.8699019585361345
-6.85319711792785
-6.896847669582018
-6.857189185969722
-6.806315155515212
-6.8263481755165465
-6.81097710512385
-6.863051763637443
-6.887368038154709
-6.863404653483991
-6.839507580166684
-6.876897019117381
-6.82412796066172
-6.815011880031958
-6.82753770978459
-6.847586566345481
-6.81378997177552
-6.803159905566705
-6.859873873015724
-6.859036629108869
-6.80481398994159
-6.877402798804801
-6.8040263454015175
-6.845433478292652
-6.847744345698889
-6.896410826721833
-6.822192337523773
-6.859176281843919
-6.884827372243523
-6.85212798029837
-6.871599613079434
-6.840889242213016
-6.788192614792116
-6.878864895622704
-6.9065006209293855
-6.833886837599697
-6.879664447886566
-6.861281434115861
-6.8027274707620755
-6.848472755004915
-6.848517592732652
-6.846606587245457
-6.844538923846668
-6.8528597634909305
-6.85679190656213
-6.9214850287025556
-6.892026838645029
-6.902005354545176
-6.8178656601103995
-6.869876283953534
-6.879705451819316
-6.8560608167399595
-6.832166440509147
-6.8888642952610795
-6.851234683012568
-6.836785310519253
-6.902473249001126
-6.808092539607152
-6.783087160613151
-6.853365120353148
-6.874637327135661
-6.894443501483668
-6.901109666177639
-6.881655367505437
-6.854411039561575
-6.866189268100481
-6.831516724636342
-6.831698456485073
-6.851571486413636
-6.862840825342598
-6.888504145151434
-6.84632290424966
-6.886639771818614
-6.871516110923763
-6.8749135203548875
-6.889241935749294
-6.764293651575923
-6.882495364300678
-6.863703399902694
-6.846526634144209
-6.88616834921552
-6.876836704198843
-6.892160541282873
-6.835032912599179
-6.841325695740557
-6.939284137108081
-6.916525359575167
-6.869578326501202
-6.8878392567297855
-6.865958662659015
-6.918604167780764
-6.852374136637636
-6.90898773683841
-6.875513519853723
-6.803656699784202
-6.863403396051853
-6.844123511596115
-6.854078917689996
-6.851611792041644
-6.880504931024936
-6.83544914846361
-6.841488380254489
-6.814155045860975
-6.833306359848708
-6.858123101683764
-6.928037889922553
-6.836091737414733
-6.840153564995913
-6.840339931028476
-6.9379653487363
-6.796044417886171
-6.925268631695959
-6.908738609439905
-6.861843042579266
-6.795660234678204
-6.87467124257732
-6.912200974544996
-6.841554308522416
-6.8836733094496045
-6.914133306094775
-6.9011719798796936
-6.831155319662407
-6.815371135359564
-6.84294426424226
-6.878971226652138
-6.894881992322638
-6.856123641186101
-6.898673916385956
-6.828915077465165
-6.851321492923724
-6.865873802325513
-6.995701969815925
-6.816738395808617
-6.936593472122628
-6.853994300835597
-6.9025702366576
-6.9077157098737745
-6.85772143220364
-6.895634188723882
-6.901365218974239
-6.863743917551519
-6.846655342606256
-6.9268618100541675
-6.896700617974843
-6.9209501700686475
-6.892355328560372
-6.892056512872211
-6.879326221757902
-6.928448972701929
-6.859405764725389
-6.8903766087322715
-6.934131494873525
-6.863719806376082
-6.915658829519616
-6.906173540524944
-6.811311210386432
-6.878828057308223
-6.914756185290454
-6.938513027855429
-6.860727864177116
-6.828447909971134
-6.883071912587785
-6.909259736965615
-6.950956637686776
-6.844690543218691
-6.877969028438262
-6.890934586667531
-6.88156659288821
-6.886135382101078
-6.926815078959376
-6.838087642383738
-6.923400439456007
-6.871821618865255
-6.952400579220125
-6.866416351682372
-6.912763478532764
-6.853594953472367
-6.906266594603263
-6.8530593960858885
-6.876417802955098
-6.8500338403919745
-6.928824246696472
-6.86420676413688
-6.9142586691482535
-6.912294514363291
-6.859845613292838
-6.859053840821817
-6.934317703139107
-6.920988914460373
-6.9022855383140715
-6.871319849448593
-6.8946236870529525
-6.817033640346979
-6.891343581182048
-6.902203214108889
-6.884312701277196
-6.858118234115562
-6.890447737769822
-6.836324032639805
-6.852471472807953
-6.875447927004854
-6.968194325673283
-6.945674097389518
-6.902999265191989
-6.866928024357826
-6.864833662161117
-6.947081308021819
-6.893079293935684
-6.766433897028737
-6.890352604892517
-6.878477973408862
-6.870723823036215
-6.937725424196259
-6.889923620564968
-6.951998120312689
-6.868027192246487
-6.827081485314681
-6.891213617457964
-6.87608588164322
-6.921800074225807
-6.936304181956008
-6.897405401024004
-6.87891137544257
-6.884467571181948
-6.8172449609715615
-6.92179646008989
-6.853217096394896
-6.908174167696078
-6.9086476574640345
-6.911361228621619
-6.87513559981627
-6.888245731657456
-6.902928143475704
-6.892877123536689
-6.9659493055607955
-6.849977606914019
-6.916550277625245
-6.825193530034567
-6.861005085932334
-6.905729257799397
-6.933509069279177
-6.88813513592125
-6.899416949601722
-6.8371161927733795
-6.908814921338022
-6.857835265180977
-6.893886284163125
-6.948652908887893
-6.876385006218597
-6.947046981269356
-6.927905310421574
-6.825996375643306
-6.929292532663204
-6.907671535199724
-6.857395928755768
-6.899888493668823
-6.865995034064105
-6.879305117147519
-6.915198015413934
-6.961860971569148
-6.899074166889125
-6.9214861939721395
-6.859459925369271
-6.857790137515089
-6.9480876815447274
-6.8509028418070645
-6.827234074438957
-6.870136475606677
-6.889942247480753
-6.841782974738734
-6.8790236633544755
-6.869607495903612
-6.832266489953641
-6.863317559814295
-6.898848395963521
-6.950236455537819
-6.9280249470640545
-6.928745789093856
-6.938010981361112
-6.845387341816672
-6.961242038018411
-6.986996476546148
-6.8484499123334475
-6.941848905881874
-6.931435505810959
-6.929222460805253
-6.896619195867517
-6.939263012863681
-6.925978920686724
-6.960633033689374
-6.939729091391347
-6.959819031467091
-6.945614228846717
-6.8842358241061055
-6.912713096329265
-6.906443945153277
-6.854634748529006
-6.9312712876325735
-6.884211418749709
-6.911007515331753
-6.867306692373191
-6.905278213821484
-6.951595588491201
-6.863994910306231
-6.945970412990558
-6.936745487437787
-6.930519336278555
-6.893791439477386
-6.941364277000712
-6.916867189107293
-6.96795196036877
-6.865592284529673
-6.947500530889518
-6.950568279521291
-6.927921593431286
-6.92156099143227
-6.8399842177657835
-6.891547897804322
-6.925529126212132
-6.966115323943598
-6.920606286724582
-6.90058151190315
-6.993211041569947
-6.898000467443727
-6.909536474577269
-6.896957277400346
-6.907533649439042
-6.862691442738876
-6.892053313694399
-6.936730970207406
-6.959123465172279
-6.909886973104623
-6.9510211093594
-6.88563206131058
-6.940090852724506
-6.8390166686764875
-6.88749389512002
-6.950004916803684
-6.92095775464642
-6.918709875168357
-6.8741702635500035
-6.915397025916906
-6.875333310806585
-6.861466562242107
-6.910317014564303
-7.007697927439778
-6.871167605811879
-6.949749063158987
-6.907714306940959
-6.869777637117429
-6.895639733535569
-6.935196256682613
-6.893049244269149
-6.89834943026648
-6.935837927534694
-6.9249211161415944
-6.939574354789035
-7.017908038457191
-6.993005291897816
-6.882989508639037
-6.894482334202223
-6.941166825568018
-6.940042966193019
-6.916197600783865
-6.955646787141749
-6.960705409271052
-6.955754841302661
-6.871770642734811
-6.905661482737841
-6.945710042588684
-6.95652011322715
-6.896507463286309
-6.9044131800374124
-6.842814526740607
-6.901987329377352
-6.877643046977956
-6.906213587090543
-6.893762358398785
-6.919626047350703
-6.901258381633679
-6.967276797550442
-6.932145140536145
-6.883692866537546
-6.885633982633287
-6.914278829951948
-6.931403851755949
-6.881234360726198
-6.945645524229045
-6.954059340117685
-6.936495897184234
-6.934142050292268
-6.962046569116061
-6.981946534353504
-6.9330104208853385
-6.926646378915982
-6.928140690145824
-6.9012543852120904
-6.9161077538869
-6.9274518886558525
-6.7812891404619835
-6.869086176496473
-6.564565769431292
-6.819050765498286
-6.74348470350942
-6.776733747506473
-6.826309835194728
-6.884220830105566
-6.832331795018338
-6.931608157302931
-6.805336492241747
-6.661361435156117
-6.869485518395454
-6.795652173638871
-6.769825888490946
-6.737405974008162
-6.664616780872272
-6.825240477872448
-6.761550219159237
-6.894036887050546
-6.88764932630112
-6.904487527853715
-6.917562482381114
-6.868275975244997
-6.81853233017943
-6.960323664461618
-6.919304145468995
-6.976612348895362
-6.914237672299278
-6.942376376766221
-6.988596019862732
-6.923822484413762
-6.898733815925269
-6.943244527261974
-6.9513526146625795
-6.902681326229445
-6.913545503326552
-6.923436717403963
-6.971564834840291
-6.915675524873311
-6.910302916728949
-6.941861864920565
-6.873133767556901
-6.983860570504295
-6.9298383942049355
-6.9336388266635485
-6.981814647881262
-6.9552725769836545
-6.978386151603766
-6.943926592967904
-6.9664861162886655
-6.919643918609026
-6.900469836107476
-6.967956327282327
-6.886533592092012
-6.915718342488694
-6.89777277144238
-6.963171807356099
-6.939428588145429
-6.906704836808808
-6.944389295797949
-6.92496100520237
-6.942789931749626
-6.985263953307788
-6.982001419844103
-7.020695000564631
-6.869828054953226
-6.976269259190822
-6.949469734048016
-6.921967830369185
-6.922893026424929
-6.951771806725256
-6.933330229875626
-6.878417997164799
-6.939999933263684
-6.93961253958678
-6.908228272332163
-6.886795196175848
-6.934032129279742
-6.962605158607793
-6.980351385336451
-6.969597420961261
-6.893713895315766
-6.912114613287587
-6.992550334907458
-6.8780802133341155
-6.94719482479901
-6.91887146464035
-6.928997469609995
-6.892744675016778
-6.9380695556394505
-6.946624842452355
-6.912651270875106
-6.933470333886181
-6.962873128194355
-6.93605588761501
-6.933215355307894
-6.901801902697333
-6.865781365108372
-6.948697093204179
-6.97863182712144
-6.953610356240663
-7.012894566082784
-6.932993777496399
-6.8827495929454745
-6.92187986526049
-6.860131543388852
-6.9838450060626815
-6.970206485863466
-7.017993925097857
-6.997752250401459
-6.958520909785716
-6.971981129998108
-6.965156854109108
-6.987411412633929
-6.958198900563985
-7.043941914312878
-7.031895710500368
-6.98390095279661
-6.8985770346816
-7.0195960803490784
-6.96574794738808
-7.007505867680381
-6.949763854588696
-6.93079594125571
-6.9680178198029585
-6.961736963308638
-7.014889142976063
-6.9070724956513345
-6.944054981892883
-6.962997618900889
-6.868117800632651
-6.927328030612791
-6.932581605491271
-7.014865013732828
-6.856357533940671
-7.016075416746254
-6.932330279045376
-6.95065277214378
-6.914006434213599
-6.960442374431444
-6.921270208596742
-6.962308612853184
-6.977989370608383
-6.919484046966907
-6.964478600387891
-6.999042441414819
-6.935753223090598
-6.960943389345887
-6.967099216200288
-6.901263597188024
-6.968997699161875
-6.998126286955039
-6.877847819154558
-6.953511589137989
-7.0186088300305265
-6.953539672265887
-6.9503034812615985
-6.999632346656016
-6.926305263186347
-6.9912446106843396
-7.021775897944007
-7.017410319712295
-6.954703882945896
-6.981495192819053
-6.904024105677376
-6.9891334974426815
-6.981459937610127
-6.985924688224346
-6.956630260877006
-6.9481196248065835
-6.987956074980139
-6.926113856712182
-6.988039021373921
-6.955326878022771
-6.975838209461255
-6.978243838831104
-7.007619160451604
-6.988165835446231
-6.968022556937893
-6.934108329153687
-7.005597858741068
-7.0138897235876785
-6.955620848125934
-6.970254917501196
-6.936182432971155
-6.908604121117538
-7.011930697203311
-6.9403495931667765
-6.982652701118198
-6.940302490089376
-6.939685565663263
-6.890206626835397
-7.0169277923101765
-6.9308974744193765
-6.975658384198024
-6.9629510011981
-6.948569054773504
-6.9712831729191524
-6.9401711686621415
-6.934592403032578
-6.948696037262589
-6.970127254020804
-6.971322085309459
-7.059656565754965
-6.957126998305177
-6.920009170341837
-7.002252188141959
-6.906594762562758
-6.975783022127074
-6.970708980620208
-6.943944483304492
-7.034647877276838
-6.998075777281127
-6.98891646783665
-7.046850419304106
-6.949348829820586
-6.965422797821991
-6.927582693033241
-7.003561619395218
-6.978862153986893
-6.987455781598237
-6.909263698499133
-6.991013170789294
-6.970391729770651
-7.027288518123496
-6.9858496847011855
-6.981186106180863
-6.997219509977677
-6.950809197613089
-6.9472421382133
-6.9380955446045
-7.024779179357079
-7.006226289273068
-6.982585458653557
-6.936492498839211
-6.936204490321123
-6.97671408510696
-7.050252850512128
-7.060393865980444
-7.0364722190932385
-7.024402108394817
-6.9803664990294
-6.987890293875893
-6.98705404950676
-7.023542802769086
-6.937462306620664
-6.946195781310561
-6.936917501440963
-7.016064021662114
-6.9870522594696
-7.000185412773465
-6.955515803949112
-6.9409076788017074
-6.9691496559911945
-7.002208668025116
-7.00718138280506
-6.981872033108989
-6.977679480816666
-7.032676007403516
-6.9495648482389205
-7.0166120623160495
-6.996244267353379
-6.996723996435513
-7.003472205973871
-6.967139861424254
-6.958178856733662
-6.974175410080992
-7.043955985862997
-6.982165009870752
-7.057017991954318
-6.9854355960343915
-6.995826739242289
-6.9781748763563405
-6.9876838827141246
-6.958636367746923
-6.985251270000321
-7.008270063662022
-7.020831756829569
-6.948076454549235
-6.983659815363666
-7.014015274790525
-6.969127094743084
-6.983890300528358
-7.024945637868874
-7.0454836844965305
-7.041706269585443
-6.97827102477963
-7.022490694714275
-6.999001342699909
-6.931971744617752
-7.011026750453175
-7.095523183933455
-7.017456258973282
-7.049285721680576
-7.00884619199644
-7.018073292146139
-6.989093950345034
-7.051042622188719
-6.993742597174732
-7.065716493818957
-6.972108660404871
-7.059657045736002
-6.968151993079322
-7.0342798421594885
-7.056127935894162
-7.013510737337464
-6.967471156224869
-6.957169073616008
-7.041974290846986
-6.950515068634042
-7.042681380868766
-7.031551914312303
-6.994626305947477
-7.007538950661256
-7.053149349137745
-6.981342518683899
-6.96777711767415
-7.039052148683748
-7.0417222795185594
-6.97561801216829
-6.994736424829501
-6.964827582543251
-6.977402095976533
-6.935459093189666
-6.96905391084176
-7.016815254497117
-7.038850040782457
-7.008376417843043
-7.049503278076665
-7.028768497254074
-6.992052813953568
-7.032430531893997
-6.982534668235633
-7.011616583990957
-7.019347291744433
-7.059012079005484
-6.991767335193353
-6.975844171630708
-7.058787706247258
-6.986077980492709
-7.009971596629992
-7.03697340089116
-7.0325387593950985
-6.964438709027442
-7.078392949676135
-7.065690229899058
-7.02503438629542
-6.997969343987183
-7.034586281574391
-7.0351565188596314
-7.0188176657594
-7.08812423500351
-6.983287080888769
-7.068071596796357
-7.007832596664085
-7.003432684670478
-7.042054055457306
-7.0283211745190375
-7.044035081648541
-6.9845559590294775
-7.048907524347
-7.007363685237708
-7.032111738100383
-6.970281838457781
-7.034985956095902
-7.053595446031058
-6.973297161403351
-7.030226131045353
-6.998426649282677
-7.049571398692165
-7.040232980292043
-7.043743756180189
-7.064067142338456
-7.02114394918933
-6.881678735861361
-7.020054442928295
-7.018123188011284
-7.028949162086632
-6.971769685010791
-7.019599247252346
-7.044196371627331
-7.028036080413905
-7.074465635299247
-6.989683047675218
-7.06213384947519
-6.979589035218837
-7.044024786983439
-7.103097179309789
-7.040436564395143
-7.023334019261895
-6.993222608955392
-7.0785160358063255
-6.987419961088148
-7.046468576950888
-7.077307953045902
-7.015964499385557
-7.0398170839441825
-7.00765337249906
-7.075655126735106
-7.033005450900916
-7.0263913388016395
-7.055043694525105
-7.012547911018803
-6.968688588850212
-7.071202335749932
-7.055006555155922
-7.050987826953055
-7.056410637360115
-7.023064099114534
-7.1268652661285845
-7.0469549058105585
-7.050169196848417
-7.033049504109359
-6.966086563998984
-7.021926312582529
-7.093931626847298
-6.9777222990165075
-7.014775053586103
-7.019856603279817
-7.008479415624111
-7.051632841121758
-7.054942281502403
-6.98345866487048
-7.074606455692859
-6.989910797448957
-7.122679468681269
-7.066298751321589
-7.1144342866233545
-6.991155905623597
-6.964936390844511
-7.006558044343497
-7.0749508154875755
-7.003647759959631
-7.013803275313492
-7.035333050633262
-7.095450782572026
-7.00891049251655
-7.039325671686024
-6.978248214455703
-7.036195078389145
-7.040073879441296
-7.06458515217217
-7.089819736430698
-7.008433109425056
-7.043372269254359
-7.110312671149636
-7.0489298512682
-7.131094238007171
-7.046850783117761
-7.050964629505301
-7.078292693029617
-7.003514873431719
-7.0758173136734115
-7.073137196029849
-7.033563018299812
-7.034784916197089
-7.058662719092751
-7.0115549347105945
-6.98891343834097
-6.999063247022244
-7.044295944219261
-7.097257085439892
-7.013705889531707
-7.093731120107932
-6.9658631366398005
-7.057102293356505
-7.037677271081883
-7.084564334991846
-7.090982998234475
-7.038384071535671
-7.0598149388993
-7.06490752752689
-7.035867722148964
-7.082072687515169
-7.052445926345617
-7.056603134033671
-7.077382061507972
-7.035855673031922
-7.074704351436087
-7.135968133811023
-7.054514653835064
-7.060784643677069
-7.0615894301846645
-6.993802813636447
-7.044786783432821
-6.985648357605822
-7.069467870264905
-7.046392939179118
-7.0495442727940265
-7.084122556072805
-7.094544066015307
-7.066788127105804
-7.065448471560238
-7.094950172601675
-7.049226988768538
-7.030274392377972
-7.072242660552405
-7.0544105921686056
-7.008078272256029
-7.069491875287429
-7.099096648859746
-7.119756221346705
-7.079985907076761
-7.034045271064453
-7.04932540520105
-7.058796534800717
-7.0491480946649325
-7.054328308386063
-7.028145939991126
-7.043367109113129
-7.048228033624399
-7.057554106012709
-7.00058749769447
-7.05557389680893
-7.030544778835495
-7.11357769304043
-7.126942378558027
-7.081711686868928
-7.040103297554876
-7.08655355586954
-7.051730234761468
-7.12165490436304
-7.06660179179908
-7.042232842365346
-7.109296719584774
-7.105280555162118
-7.1028738576615424
-7.106647377247028
-7.067026568484244
-7.041747383548291
-7.086690673274056
-7.056222376852553
-7.035841161377235
-7.016794232743035
-7.0239279053856185
-7.0687393013795345
-7.102845565986863
-7.038202062553288
-7.05527268626976
-7.091579459926336
-7.079218694848307
-7.054281869919568
-7.177253464623182
-7.203972805922928
-7.079193127601059
-7.094891259908747
-7.08868563147903
-7.097021686137345
-7.05804292371236
-7.054299879682599
-7.133782756911339
-7.037632595571094
-7.078884796035684
-7.0922263715806295
-7.007843764915046
-7.117810265612402
-7.048622579232071
-7.084123020258119
-7.093845894612617
-7.094274677683735
-7.048399003216239
-7.07595764572378
-7.06659928607732
-7.07818256127231
-7.06280015538178
-7.121804407483349
-7.107944646602682
-7.110842756387126
-7.073695223613021
-7.0746353059352165
-7.094790104058098
-7.104605092065296
-7.089988663905945
-7.0906430325524035
-7.07794755073184
-7.0395922553519386
-7.102363232490831
-7.1174460647179565
-7.109742612159945
-7.030209232164644
-7.1051724250393535
-7.1492312130713875
-7.0720255215607795
-7.068935995527157
-7.028264589653844
-7.081995577214183
-7.050369520798703
-7.089714929152073
-7.131054725417673
-7.058836136533571
-7.076286773694948
-7.1211669774673005
-7.123654105373959
-7.099205969463075
-7.114439715005559
-7.087589421290453
-7.090914488340866
-7.0982982789767135
-7.0545453988659705
-7.101666961976057
-7.082839695882836
-7.175643783338646
-7.09603918074071
-7.161060630186459
-6.9517733347166875
-6.927551049742947
-7.092202595463153
-7.071835431744379
-7.146690422755317
-7.16864774305281
-7.100900887283936
-7.126512640745819
-7.074137360700309
-7.098692740694078
-7.064843126253432
-7.061494026157603
-7.0459233092931415
-7.103013249030437
-7.099165910542756
-7.078695489553367
-7.112821109052077
-7.0849637305757245
-7.115555772222246
-7.098853252916012
-7.078367275214369
-7.138056319648659
-7.066971624917111
-7.142299119647827
-7.164116662801405
-7.074854573576366
-7.099591686962772
-7.08432573418802
-7.082727695339223
-7.085530830739396
-7.048808430426431
-7.130560279750212
-7.099470071635771
-7.111211520150947
-7.175328880412533
-7.095988250981489
-7.145779885241897
-7.151189609593233
-7.082847020884279
-7.146262379081728
-7.069492961666256
-7.050641416802714
-7.0561889111099125
-7.102573341738647
-7.114099968939744
-7.194052497495941
-7.053638177026385
-7.169575559939076
-7.112578582260169
-7.121147921769749
-7.127998218353882
-7.114263852882941
-7.138923321235824
-7.082615797218141
-7.1315046098680845
-7.144536393775157
-7.097035317945445
-7.098412810062318
-7.059246574057823
-7.172951135282912
-7.168823171497815
-7.200330821023447
-7.071083548791944
-7.15174450453182
-7.034411920755774
-7.112683686320138
-7.155244249010393
-7.106764867635899
-7.057447661393965
-7.166420639201902
-7.083068684712893
-7.042070307068013
-7.083237719196065
-7.122514385611192
-7.129877583855985
-7.155934268281126
-7.080826140306563
-7.057696933119441
-7.089939978351204
-7.171222604629737
-7.117760108160041
-7.108644535428673
-7.142620174054433
-7.169450330168172
-7.077796683083716
-7.105033068468405
-7.1248352697498305
-7.160324029340633
-7.128093257267927
-7.0783752914553055
-7.094502164686586
-7.2245559613160415
-7.171314725689538
-7.051042747319648
-7.160846117194892
-7.156430485390551
-7.200280065758844
-7.169744342379518
-7.110789277206073
-7.090540831853585
-7.160391317024736
-7.146074052883529
-7.125876068006686
-7.167349034340271
-7.060890915472831
-7.107957544961519
-7.198036400300174
-7.1812804238581025
-7.096660180520593
-7.109573013950329
-7.161107122537906
-7.137419387874889
-7.102262225246851
-7.1288974319734555
-7.184698744573945
-7.155329359693511
-7.16938696556919
-7.1346851307977275
-7.1428224474482
-7.086529108692251
-7.151995453600001
-7.158996770722052
-7.186172156100702
-7.133934780258733
-7.137718576478041
-7.122489389571299
-7.1695022620083435
-7.169345271471549
-7.152232503231812
-7.224680625029336
-7.126301380974299
-7.1345930236534985
-7.175500917599584
-7.200555047720224
-7.172852900477206
-7.157497382316923
-7.137162410556634
-7.114063654161146
-7.132692626074742
-7.188043490996129
-7.177291282629567
-7.147970795924877
-7.076412370806719
-7.163439129980765
-7.197019865128803
-6.961920361157415
-6.840122507990441
-6.9188252877878575
-7.205398089638297
-7.157616935464127
-7.1708958880199525
-7.2079519617066214
-7.12132975350051
-7.111442574082729
-7.2672776913036605
-7.127890668714293
-7.091545519845749
-7.12911079979218
-7.135728801747104
-7.141093636080978
-7.1783808104849305
-7.116337746267508
-7.17113122934432
-7.192148031829402
-7.123377206617457
-7.238961220177519
-7.061687018763577
-7.169491483050961
-7.040312188489721
-7.109773073567435
-7.184396583402876
-7.127716622260514
-7.10383626555992
-7.1746335936453
-7.119206139379583
-7.164654890138843
-7.123594627003914
-7.1450406535262605
-7.1200274952934315
-7.121450433412324
-7.175595622026538
-7.186930917899289
-7.096834625319736
-7.174425089084392
-7.194665436984966
-7.217487744413967
-7.159516656638697
-7.121282476305744
-7.1852885222949014
-7.139531964369768
-7.119840535142052
-7.176270199360477
-7.1214558046815455
-7.151381017979218
-7.1531657392961385
-7.109924734203535
-7.172038334871125
-7.2047506570866835
-7.145917980340626
-7.17431152092979
-7.1545580231178
-7.147652229406467
-7.1900306514037755
-7.178739327700952
-7.1993774753296
-7.111216540281392
-7.107083054004197
-7.135301983176271
-7.230780826042123
-7.206325406154431
-7.12475899943157
-7.120519670922303
-7.195600603568287
-7.133520741812103
-7.198957957133183
-7.190478191666959
-7.148736558219868
-7.172127209622911
-7.156002459977866
-7.127109514731669
-7.15262032039271
-7.15446548534727
-7.200138555884779
-7.163115814368891
-7.217354162127551
-7.160754567345608
-7.172622305808407
-7.129231171974829
-7.1705549641586295
-7.259430737783958
-7.197027915489354
-7.148607869998438
-7.206643679223596
-7.2143064383850515
-7.172066454505425
-7.2950397364677215
-7.166535559592827
-7.215361746187267
-7.204192063910203
-7.2154779129812034
-7.169797899095842
-7.2427587876879365
-7.1648065112445
-7.17528338543487
-7.294335798806348
-7.192776629236642
-7.151700816693533
-7.224782986064985
-7.254683289469267
-7.148634461572292
-7.147910723520944
-7.15478958895701
-7.155676583722829
-7.227036915598138
-7.169505246277985
-7.142718953406249
-7.202175232041064
-7.197473224415411
-7.159489096841357
-7.260020242158956
-7.198283076501785
-7.2068516746927465
-7.151986926301831
-7.201353569737255
-7.173777172620594
-7.178397920776319
-7.226247228806952
-7.178134416964065
-7.1821647201734
-7.273826589283752
-7.2381778249466855
-7.159005211449075
-7.116870160910068
-7.1481546827669
-7.235383922393286
-7.248992571718273
-7.156115929810976
-7.203849786389895
-7.188827506993291
-7.192196907725595
-7.144551759372916
-7.172461874858351
-7.221150935386686
-7.251943453379702
-7.184295567238746
-7.147082716618825
-7.200925085952132
-7.193020249073804
-7.310571357022342
-7.207405640532929
-7.169435921268391
-7.210728557449125
-7.215722046465567
-7.181485883250641
-7.20969204351859
-7.153830898763563
-7.204070429555864
-7.2182900512100066
-7.217169390146752
-7.156698261703482
-7.189586319247519
-7.210522731451874
-7.241104610244907
-7.183473872282905
-7.270041574241215
-7.272482789705489
-7.234278015749881
-7.152838481640227
-7.193214183715387
-7.2209527178977595
-7.193448679561929
-7.192325755464217
-7.294808564115316
-7.177249831600915
-7.167815717905291
-7.235025402417766
-7.20180855167661
-7.240058386347973
-7.194164232730451
-7.185472866810642
-7.262886120898307
-7.195428860710024
-7.216411823043328
-7.257672486211421
-7.220757866846064
-7.268861059092361
-7.223818903591502
-7.193866648903432
-7.220118113563359
-7.18547252872278
-7.2307389909927196
-7.3023871509346865
-7.214021531433147
-7.248917980502478
-7.191058822236299
-7.209616085663804
-7.176669446693187
-7.295030714708391
-7.285301420790415
-7.204595973604608
-7.273142079982684
-7.2900117183577695
-7.267757248864043
-7.257817677092091
-7.286170765086236
-7.19436932691052
-7.205980846724668
-7.267463210529865
-7.163974879290014
-7.273175431367429
-7.242964681316426
-7.262723170472801
-7.298326612361994
-7.251466924567653
-7.288100932116503
-7.199725667006316
-7.052421639555146
-7.305463843483793
-7.2468810968649695
-7.211993037695104
-7.220998937091463
-7.2623528813353815
-7.291336983859613
-7.26705078619292
-7.272515664319539
-7.239804467680978
-7.2570335692120835
-7.241113820050238
-7.313193844756173
-7.259615090606157
-7.25257093342068
-7.266811289334126
-7.222380100655546
-7.238234274186006
-7.188218008815362
-7.2876731935693515
-7.2703590212657305
-7.288197784474645
-7.261693112489329
-7.243678579705186
-7.178527067021822
-7.21517785264794
-7.290359554849714
-7.292714484419162
-7.253450470322878
-7.274955666674183
-7.2576509098790005
-7.2310988028139676
-7.240239708982505
-7.249548199250613
-7.211644651490612
-7.279184334705999
-7.252413050435248
-7.3025203545726
-7.213291602233845
-7.177530328501608
-7.2671442851992545
-7.241268031252713
-7.303000705983539
-7.213538116532326
-7.229360730638511
-7.25036237837564
-7.214339949573058
-7.284738030019719
-7.1497226654205
-7.283208360741409
-7.303235734562664
-7.241744264320885
-7.239523387721069
-7.205036491363856
-7.2608144010995375
-7.283982466823822
-7.24326444065312
-7.206290800088145
-7.300189123025506
-7.261744030473752
-7.2670088637913075
-7.354841050361646
-7.303696245279946
-7.267648780357689
-7.2524929379822005
-7.2909870568685085
-7.215788442061509
-7.262677044777584
-7.266730367287969
-7.338099930633684
-7.224760888492725
-7.276957565437314
-7.322625112029724
-7.278195090387495
-7.347304288135033
-7.284382410215638
-7.270471679274387
-7.2441101157025685
-7.260319577839751
-7.299210826719312
-7.235178263704156
-7.310668925904247
-7.3145997006478325
-7.318223081747703
-7.302302361882984
-7.219070554198639
-7.25307016931896
-7.240163144397835
-7.226975752294144
-7.2890718269670005
-7.2551054975336955
-7.251573014552952
-7.271858329263733
-7.248779907930777
-7.269175119778073
-7.249904711614423
-7.245799315878614
-7.24458249182188
-7.251625669390515
-7.2735401711144085
-7.321298820170203
-7.323349233833042
-7.28667550384988
-7.28408140011826
-7.320809109342033
-7.242118712305956
-7.279493256727537
-7.307931952528289
-7.336068506894979
-7.260584790385877
-7.27290541542055
-7.303822704425574
-7.310266921987427
-7.31486055161993
-7.303257503305916
-7.3256445826835375
-7.334873288025363
-7.278342907182275
-7.263570366311469
-7.3638666677195594
-7.2373225539857104
-7.284162746293409
-7.2681659664570795
-7.318829662205914
-7.2801275559324
-7.302720726207491
-7.298722490672751
-7.2961159841560805
-7.22144053647904
-7.28683136451584
-7.318194379477413
-7.343083651980061
-7.284085785929752
-7.283966728194611
-7.3291351044351885
-7.417231395725833
-7.361430777511848
-7.352315793319647
-7.328039001723134
-7.323743966180849
-7.305979217563766
-7.285841191715743
-7.2292472870718445
-7.249105898408063
-7.284350237755579
-7.246515720175513
-7.300282913204736
-7.280807724747426
-7.296246977286848
-7.3290988595811015
-7.275175353097541
-7.346055977145385
-7.441620075344139
-7.2423852068311225
-7.356532802061267
-7.297929009097456
-7.302217019835471
-7.327382766456029
-7.363144383930285
-7.339108543065065
-7.354050201116113
-7.234737150648987
-7.285967076703722
-7.266945830526405
-7.321991323772775
-7.342303566023403
-7.33524162481005
-7.307762974704253
-7.321841608467089
-7.27684443426833
-7.328837426852854
-7.3298059318444295
-7.373660903294303
-7.375733840468621
-7.364822220419843
-7.389153288259713
-7.380907972030531
-7.246166779057024
-7.373269835943323
-7.290101148565637
-7.319975262670607
-7.273282467655891
-7.359997977817942
-7.319428125485179
-7.350073388725865
-7.433020804904057
-7.323115198375721
-7.318939745237289
-7.3118071257191035
-7.330771052793998
-7.3435602601334695
-7.346750478642519
-7.3554025204062645
-7.34760918785503
-7.409067858304585
-7.318323169142305
-7.297373105036906
-7.37510744260256
-7.391554923988716
-7.3373701455313896
-7.319085719392317
-7.2778754588855605
-7.30836976198864
-7.274663045733923
-7.38760423155967
-7.324044091013699
-7.3221978493135245
-7.326592366807974
-7.298457417802377
-7.3627220359896945
-7.322988511989576
-7.338638248655821
-7.41617870059945
-7.289547255273838
-7.254146399649509
-7.35343624614083
-7.336596585676588
-7.3769296440688255
-7.3603756399788525
-7.370221434167611
-7.315811561223332
-7.406077319565978
-7.295419462751631
-7.325914056728222
-7.392268138085234
-7.354605610308082
-7.300895504700875
-7.348800833822572
-7.3130165606283315
-7.411962062890311
-7.34238907411206
-7.35783589702967
-7.400217580745033
-7.368026265769867
-7.388448449768164
-7.377939657522034
-7.3618903341379385
-7.372032280570207
-7.353586082366625
-7.36544784993583
-7.365583681700816
-7.300160961053196
-7.349910049116088
-7.32216232767851
-7.369296817281823
-7.354996605562682
-7.379126111856195
-7.358836060187888
-7.3522781007102616
-7.343287813597259
-7.344155712017109
-7.394328168751456
-7.404876655639123
-7.401628059847302
-7.350393302568399
-7.401904504353976
-7.361955353450407
-7.336361220915771
-7.364124040225754
-7.387574078609276
-7.3964436985168565
-7.352331504398935
-7.345575831628283
-7.4288358295297385
-7.35322050406175
-7.387790732966896
-7.418065818750499
-7.369107191945055
-7.417862737676211
-7.402733447564085
-7.3950529196478
-7.293792290377212
-7.425177887890657
-7.389860631071753
-7.3895276225699975
-7.376991782486538
-7.399057531583239
-7.354456021295246
-7.339963289134914
-7.388859824945043
-7.427615122815033
-7.388258831404652
-7.396688484867409
-7.387042988326344
-7.349586391820935
-7.3208829222072485
-7.37542574381253
-7.384316129582132
-7.354615831179555
-7.295496427923817
-7.408536837146859
-7.373109287334732
-7.3376410308884505
-7.419915684414909
-7.351081531907505
-7.375954940984238
-7.395895111975441
-7.376073366628853
-7.38089989908794
-7.417425401263465
-7.392438902176607
-7.44977306314502
-7.41335286312663
-7.418475790871817
-7.36311379113115
-7.373800582108513
-7.435757940498245
-7.317018249793216
-7.398999444922594
-7.363955142847868
-7.422262943791044
-7.469871559474878
-7.385973692605619
-7.346945871769762
-7.416089921078193
-7.44497990696939
-7.453825479998715
-7.5225988625951
-7.425945400779177
-7.451928410282758
-7.457448576107741
-7.447699119010834
-7.462464442213417
-7.416057333051703
-7.450086658759144
-7.423686804244527
-7.324318175372723
-7.393718330052977
-7.373384713305341
-7.4154233253986455
-7.350318817696532
-7.497086229271232
-7.3977677996329305
-7.473719783049521
-7.351850283503353
-7.437316066915696
-7.336066685781084
-7.416668435912988
-7.417207753439508
-7.394093904613993
-7.431394720480005
-7.479385473712222
-7.454034833419036
-7.483390950591633
-7.422648220941288
-7.421238247897271
-7.404014616694994
-7.485605086131262
-7.474535183964341
-7.359582668016353
-7.480344610507086
-7.416093756887328
-7.4914284730541825
-7.416695663147206
-7.411936412384032
-7.423632062499118
-7.444548445608008
-7.442666909344391
-7.4191179840733374
-7.3664883881389445
-7.416588660459766
-7.452106860614667
-7.4965082516812265
-7.3830995605033625
-7.403762900896204
-7.408504087506799
-7.45980514043591
-7.530812305018893
-7.446631412057115
-7.399536239107775
-7.4335122724314395
-7.412201981210263
-7.4091640680317
-7.4478534124863405
-7.395196421914092
-7.512094745517267
-7.431019372174688
-7.47068773388607
-7.525935704656702
-7.495983042840585
-7.454866858205695
-7.488870100884165
-7.535450859808252
-7.491393191042263
-7.430659571650563
-7.402585162954667
-7.454738569410113
-7.519840645430836
-7.450688568641265
-7.468465655943246
-7.45797585533077
-7.484897591100531
-7.4349102701064345
-7.484391970195223
-7.4394531558524974
-7.482928167010008
-7.485135662859115
-7.468186431404274
-7.407350497462921
-7.4379523155466805
-7.460886522814113
-7.373072147539287
-7.413108721752882
-7.493826191372763
-7.432784686508817
-7.468210087045854
-7.4571935519843535
-7.38687779441765
-7.486466144200683
-7.398160753158897
-7.46784326508425
-7.524753386859108
-7.429069615615321
-7.548908665339328
-7.440264199269709
-7.4573470905772865
-7.476612902330683
-7.343235191908514
-7.473037398807584
-7.454306589276155
-7.463297976290708
-7.486701631441203
-7.478655218451355
-7.500782650412315
-7.5153278224332745
-7.543725235227185
-7.491286244026492
-7.447610635395595
-7.439433249765617
-7.428360480328618
-7.490276297501303
-7.509879332316371
-7.484168530879815
-7.507131766566459
-7.506196482902773
-7.4907891447397255
-7.549849983762439
-7.463399975271432
-7.543909756114303
-7.540348674683909
-7.488865732432614
-7.479603959861447
-7.449696915990876
-7.500778706326848
-7.468124018338068
-7.494653331230331
-7.473794885795733
-7.446363038224661
-7.510191358519979
-7.346769251847443
-7.406019097424956
-7.455277409267325
-7.452767194200923
-7.507152823220976
-7.427902860555102
-7.473811821271902
-7.444242988772465
-7.416735739471624
-7.551975631886285
-7.48803204243605
-7.492584375857056
-7.458518681495339
-7.488181730961924
-7.515543552332786
-7.46729956838858
-7.49314438983382
-7.515337586851608
-7.5068321123913195
-7.5166707488205295
-7.528994909432697
-7.492208832281192
-7.497208857192887
-7.566632675515482
-7.471214460531527
-7.4766129368245515
-7.4871774069367865
-7.582022005648317
-7.504136901055023
-7.517283418020421
-7.528859625612576
-7.489440945281642
-7.500724656570774
-7.519476549502548
-7.469983597684699
-7.537242049145374
-7.494025050020972
-7.554798638461105
-7.498418653950317
-7.515966451437659
-7.55535589690346
-7.4853506727377415
-7.5410425682139905
-7.520355325554103
-7.580183939174248
-7.452614351247904
-7.557159953896164
-7.599330478528201
-7.514491806761149
-7.568236892034894
-7.511251437978348
-7.541355230509153
-7.490068259621797
-7.584751065621205
-7.505198370781352
-7.580468132056595
-7.488763940682091
-7.548208296050321
-7.602429607924922
-7.4750704834136545
-7.577064229992378
-7.396386543559247
-7.490985796534668
-7.545897906659846
-7.549273585358089
-7.415451754378108
-7.481765101393558
-7.464124691941449
-7.3965821968134895
-7.377525622459681
-7.288317912233535
-7.402281216444674
-7.302417955887169
-7.347166363472957
-7.283431266116399
-7.271677794428183
-7.2833972219992065
-7.224221387908106
-7.2269760948287844
-7.323039668490139
-7.3837136809923045
-7.303884466643794
-7.329040229222809
-7.257535931487732
-7.30713070514145
-7.292527692259343
-7.2649793800191915
-7.317740475895795
-7.467526918016354
-7.29759133874953
-7.3420801859203015
-7.397491856752438
-7.435700256549963
-7.395531098776711
-7.467162609633167
-7.408220869342639
-7.492474841771797
-7.402077540273115
-7.375768429450261
-7.443959102529452
-7.456847644679421
-7.440509900260849
-7.42589920262822
-7.411817468188864
-7.47154695301837
-7.406953809402338
-7.503591992767895
-7.523379983041791
-7.5061312944440814
-7.382587021777571
-7.516815645359412
-7.5899947497038855
-7.545668942816675
-7.535530877887078
-7.477925714233746
-7.468815718795496
-7.52659046358762
-7.592263077069166
-7.571226194191336
-7.50936743118222
-7.602409075572587
-7.524287553524484
-7.579926251964213
-7.556103494734387
-7.541553120587341
-7.612194166126514
-7.523810744196073
-7.5263963944019565
-7.404865376190613
-7.613265172364446
-7.5144518137982494
-7.500193501752486
-7.581773473063198
-7.579514174997931
-7.597126013593213
-7.552216846146847
-7.594892784891053
-7.556981177928762
-7.606198808945044
-7.618054038307526
-7.607146276300542
-7.55870950092978
-7.521339154320876
-7.581471155099141
-7.578545474422874
-7.592972371353539
-7.627454942212073
-7.563914791515369
-7.596829566207205
-7.603646928987676
-7.542066162396575
-7.635410248746685
-7.551567530677784
-7.624566625956582
-7.585470540467172
-7.7184211969597305
-7.545712255709964
-7.560614536463426
-7.705131910767136
-7.538821666569206
-7.594689355410452
-7.674481172775405
-7.59788281401582
-7.546805770589377
-7.654422401158424
-7.583210302406467
-7.5752108606436686
-7.637327560125339
-7.598566855855548
-7.572097735487798
-7.553308390958204
-7.608510853096019
-7.645784502320648
-7.645604003696476
-7.702645490901043
-7.660532693094911
-7.608203703048016
-7.623327594192005
-7.652209866174494
-7.622331886152242
-7.5664914170550155
-7.63388319930862
-7.60801951318389
-7.5948968293348
-7.586388434674049
-7.579301136166453
-7.5713328525658525
-7.621017062868939
-7.567225802018044
-7.627854995985711
-7.5561201019242095
-7.321020832709897
-6.767751297384088
-7.573836208806441
-7.569016629992582
-7.691003883353004
-7.065012493521884
-7.606894973401371
-7.667673357675473
-7.50095171384855
-7.616930547159486
-7.5762384818714565
-7.579933560855351
-7.682743128519379
-7.699271790773029
-7.695741673230362
-7.674925157425529
-7.588999525591274
-7.632436244992544
-7.61104182163159
-7.642465975186681
-7.703557167089544
-7.565540328974229
-7.695479934561155
-7.679425605982058
-7.720184719637506
-7.673299704132141
-7.711689086507164
-7.622078186201053
-7.642581792752982
-7.6726297989419905
-7.61907160352076
-7.602184701940228
-7.687868108533356
-7.642872401397911
-7.733483074391046
-7.636631427194198
-7.636379878611101
-7.631633661790571
-7.598203697431304
-7.699251369229827
-7.670223941243949
-7.638107242350799
-7.633509586317411
-7.720285955462842
-7.722169792174075
-7.693347285617159
-7.681052411099687
-7.645128188531185
-7.699302615516193
-7.6056432496565165
-7.704662378442868
-7.640854401227326
-7.645095920654879
-7.671359467745524
-7.65634940270857
-7.6267654190365795
-7.68980829756262
-7.732878502495149
-7.710983297873715
-7.73546021063219
-7.598927437249937
-7.69520067584579
-7.652442419991054
-7.723111977385216
-7.707463661219158
-7.693843692431223
-7.666232064004295
-7.732799079429757
-7.666841466341616
-7.63425304881298
-7.704232197100277
-7.705260237115889
-7.655987569656846
-7.683810885156058
-7.630064540397457
-7.706217794070746
-7.696444917632139
-7.687563597604065
-7.306844423018233
-7.419005383208819
-7.277669056952101
-6.425849186127024
-6.165890722464577
-6.540589562007529
-7.025519345994467
-7.598029016884938
-7.6807764769387505
-7.771244037727424
-7.625332149804551
-7.647552344928925
-7.71877890386196
-7.5567743565225305
-7.566013232592297
-7.519474327541286
-7.436284947293551
-7.447452941600749
-7.393328836124468
-7.442393084690512
-7.398169695671725
-7.3819164212502955
-7.389420598644306
-7.342571219389986
-7.320014379939017
-7.3598222159621045
-7.363336020114257
-7.364666531621907
-7.357206906343707
-7.417597598669963
-7.289492940043799
-7.3312080146554655
-7.370758838737778
-7.3461142053622615
-7.296529882482533
-7.4490969451431175
-7.354682821034505
-7.403048005718131
-7.360863673876463
-7.3147788366055195
-7.495218578078497
-7.350328557987737
-7.337314770693368
-7.409018014681149
-7.435556196751873
-7.588500102583907
-7.509871380513592
-7.453772666941745
-7.5444110575416845
-7.5390977730815365
-7.50422710615337
-7.518155427541053
-7.477493232856701
-7.528255009286373
-7.446753888499593
-7.525644141461996
-7.604274168705816
-7.525636875901262
-7.466833007532498
-7.545197940149214
-7.578170641372579
-7.528383279805542
-7.572985128031616
-7.555600480818907
-7.543887689636595
-7.632757135167404
-7.563642154056471
-7.543739060795193
-7.57986819571223
-7.658532161473328
-7.593652993901134
-7.600467032935274
-7.528659409502372
-7.628585650243344
-7.655124052547054
-7.613833893407504
-7.573885661935956
-7.639939585285595
-7.595470821569556
-7.6426239140281425
-7.68272650344356
-7.631318353233907
-7.611349702425589
-7.6551740772367225
-7.560154396498122
-7.703959247182081
-7.578171830030141
-7.621065606588371
-7.671538631978944
-7.672097065481601
-7.684604247116955
-7.712993569243429
-7.679515084620158
-7.67112249519831
-7.647172503611713
-7.572837267134199
-7.792730136995953
-7.668895594828593
-7.72285574420133
-7.683494282705564
-7.761600310091893
-7.707295505063108
-7.583213450580359
-7.697908752527081
-7.764693518643043
-7.691918963963793
-7.685762492048046
-7.813465316018228
-7.671352107889638
-7.666338414714254
-7.7040356261498495
-7.65761750906491
-7.761582125752269
-7.714457593755992
-7.757915870756948
-7.682404864948565
-7.745064352848203
-7.70087993082024
-7.741942371344681
-7.769858326225933
-7.778717221991902
-7.732528982315826
-7.734212081002884
-7.716599736704598
-7.68606014531996
-7.7031945636249795
-7.734783869111884
-7.654088269075827
-7.690868462447664
-7.802436126780441
-7.760309270212102
-7.780840858696909
-7.81173471790563
-7.7570467573582995
-7.695214855472139
-7.7766261054594725
-7.799581741411228
-7.7185310475790505
-7.755279215143417
-7.741762226656475
-7.732497344395213
-7.789311530145738
-7.750758530437898
-7.789146867579986
-7.771185949539152
-7.783485442647237
-7.752909586380831
-7.7784782886448385
-7.735544914161004
-7.721524969051973
-7.757204228216098
-7.728291854151369
-7.810308890305001
-7.759695186131271
-7.806171791554824
-7.679151917818449
-7.750460429444532
-7.668184656899084
-7.717226676825958
-7.72509463643212
-7.649062445791909
-7.73715258617369
-7.766746680238964
-7.7580261069958585
-7.79174971671761
-7.784746417235285
-7.814404400024357
-7.707805520458681
-7.730498681638939
-7.7465774228777535
-7.753278608912395
-7.770284524225737
-7.686277144250586
-7.789683973268777
-7.723878952904016
-7.802895314743899
-7.7464026152203225
-7.801418437056269
-7.769215417564616
-7.707178345752741
-7.796197174617276
-7.798782923936187
-7.721902417464297
-7.853331588801142
-7.706299420799983
-7.814044767826781
-7.856583482001423
-7.829047387717295
-7.761530738177848
-7.8051530099724165
-7.860738283325938
-7.792677699255728
-7.781409386423005
-7.8187362743784945
-7.798241700141361
-7.753560894729647
-7.833841557347933
-7.831436462164536
-7.840179736645211
-7.8134666485102064
-7.782509896762756
-7.571087891572194
-7.820060759562401
-7.781583724079765
-7.8011865151268
-7.697025161680571
-7.582883528055357
-7.7633683050141205
-7.779348303243967
-7.785791035916339
-7.720250695093599
-7.8367559376865685
-7.829000298913892
-7.794177236748493
-7.705362103081571
-7.775196659228811
-7.775359857896095
-7.804522685895515
-7.766949188885774
-7.703821676464094
-7.759385200780439
-7.7202078720942815
-7.690164276383442
-7.742479425557727
-7.79126979383285
-7.7620844571695855
-7.73257228010155
-7.689365422385443
-7.742045582993132
-7.748288956707537
-7.763443065811072
-7.733498566111947
-7.789176126178963
-7.724276001990432
-7.7394454942881525
-7.854920190673498
-7.748646427402246
-7.754882249917249
-7.722621789992779
-7.70440957781129
-7.691671724067415
-7.717836378334335
-7.708490412378943
-7.729641697189099
-7.803258531574906
-7.808218308026394
-7.767183116034487
-7.745400332544122
-7.862166136170547
-7.83004142415059
-7.836639751010086
-7.775870854271658
-7.801689024730384
-7.809649724379226
-7.8582746889067225
-7.749714779009096
-7.726198086997136
-7.835294807342954
-7.828567307705608
-7.8185613082847745
-7.782149707022445
-7.86081920429989
-7.812628218494247
-7.84508311237486
-7.806419672425061
-7.835333550231545
-7.857832497809577
-7.8828104063475
-7.8272366818876655
-7.865711516997376
-7.844683779040617
-7.888166961828794
-7.859318462109025
-7.876150229865871
-7.828730888852331
-7.854388126490244
-7.840131401956568
-7.807242811967838
-7.857058102627693
-7.819808347426967
-7.806001970949004
-7.8274794382638735
-7.748788909969765
-7.894525393596756
-7.764780388314019
-7.85052601710222
-7.889254749099486
-7.898746021550981
-7.752013191133425
-7.85297851549491
-7.849207822955496
-7.7975872233821235
-7.8278053612544625
-7.759549527479166
-7.737984366755149
-7.7373306745485095
-7.714961714475287
-7.610080806288804
-7.715821248457722
-7.630496930965236
-7.610573033662246
-7.5151172567430145
-7.500977088454109
-7.529986143664873
-7.546797285294402
-7.65233115037891
-7.490321812367667
-7.473819598707585
-7.604671576814598
-7.5207077026312055
-7.602653026308751
-7.4787928122061675
-7.582647834450488
-7.487005679349039
-7.561416179309141
-7.513836717733067
-7.556169904618276
-7.513442009097131
-7.645302474618309
-7.617597755989789
-7.703442271402634
-7.6374624608108705
-7.536201800290029
-7.632970585227617
-7.583501096023593
-7.648243802875713
-7.665418872028771
-7.670633432776419
-7.647705225233671
-7.7396492002087385
-7.684630624113898
-7.711397856661946
-7.675898574849228
-7.693617142088185
-7.624330981402878
-7.71474711951609
-7.720763627239548
-7.748251934578398
-7.786149830072489
-7.729531983046439
-7.855273067220925
-7.77718641267349
-7.6781023480403325
-7.708286416825486
-7.778874338979797
-7.838845240192413
-7.796067072604621
-7.725545471725265
-7.792460912252299
-7.824387547475542
-7.758454125801791
-7.758805629786885
-7.7662087066165775
-7.876854208987258
-7.856103995380476
-7.83621418941486
-7.83725090981624
-7.859028751481391
-7.874947465003302
-7.805809064701053
-7.756791941464224
-7.773291700796
-7.78974512102714
-7.879087001927792
-7.872091680327729
-7.77245217973509
-7.891952345904326
-7.891985479534333
-7.850846391815627
-7.916601671297622
-7.869201710420559
-7.855838709149655
-7.78562841371153
-7.866991440362627
-7.846585239644892
-7.91207094669941
-7.824040800581478
-7.892165336356662
-7.930351345064101
-7.835263712025636
-7.864847079661814
-7.880567004118975
-7.810182563466673
-7.965172353069571
-7.811799857661092
-7.82791486305724
-7.89891826423057
-7.92309054514524
-7.854898620437109
-7.883865838335194
-7.851787705753357
-7.8386309369645035
-7.895379587649112
-7.948656096559967
-7.889956729734006
-7.898912897664674
-7.933212629210974
-7.851605719521082
-7.9093733033801215
-7.902920172631909
-7.934767811718129
-7.893948017868361
-7.906421856869914
-7.843048210389267
-7.926480134963281
-7.9355657956557515
-7.932876149124602
-7.961760265907866
-7.896384225949018
-7.890033806001355
-7.935450333614675
-7.859524127103228
-7.892746080320617
-7.868427751675114
-7.927358851809476
-7.965648132288061
-7.886070308186409
-7.932053233384394
-7.889065058886456
-7.970284343840304
-7.947123618728783
-7.941010290895574
-7.917493244756057
-7.944928844717855
-7.979477056555979
-7.843321902005164
-7.910928115663916
-7.868669635276987
-7.964053584094597
-7.931295842708585
-7.958941427584427
-7.8817546397346305
-7.981661017998528
-7.9397708498573465
-7.910919563219958
-7.996469047587638
-8.000585370019923
-7.861801467924643
-7.964125037661758
-7.708479067934491
-7.965405537447738
-7.940412505289309
-7.5385960545978525
-7.447611575163153
-7.127168758250997
-7.176881294848975
-7.472694296331399
-7.512942782916255
-7.676077337201794
-7.434718576173525
-7.012598192936517
-6.9819083331739735
-7.376709592499798
-7.770752043725928
-7.981974278096726
-7.931626889448383
-7.960279721689131
-7.800142055418101
-7.86378975858144
-7.812420809528918
-7.735900820549908
-7.615538685237995
-7.7250751457929745
-7.688208665659474
-7.68008155157806
-7.625007726074202
-7.523406907912271
-7.488719452946381
-7.496678975815033
-7.441240687540056
-7.505712969049494
-7.540637946880295
-7.403039987502659
-7.41469511321765
-7.366833337930849
-7.43337252736573
-7.521995085283584
-7.499485867102705
-7.470089162280857
-7.471480121172721
-7.513808964504617
-7.505760517876637
-7.467502874076555
-7.5313308452114
-7.628147529235401
-7.623126573334402
-7.640281511110669
-7.562770885414205
-7.658679666134384
-7.6371368007620575
-7.617850785784107
-7.8011627712402145
-7.616209543636401
-7.70779013128317
-7.751535183454852
-7.765363731987406
-7.690660380179671
-7.741554263753905
-7.727357653284144
-7.723751503432528
-7.727705316787369
-7.810856616612526
-7.784613125684306
-7.797078339174103
-7.841293294446132
-7.6752126669053276
-7.823554144932294
-7.798052534318335
-7.837999676953849
-7.78725288206378
-7.8449129136583755
-7.903287096445507
-7.758721332319557
-7.810816801019836
-7.829302423525519
-7.83671601822029
-7.96089248138054
-7.894807384788513
-7.8364077869650535
-7.867586948368374
-7.872683226700826
-7.885944892737974
-7.9828277651864425
-7.851192792574065
-7.845056387333823
-7.871299282778839
-7.850571987450199
-7.916509609446665
-7.955951053167986
-7.9100842712232735
-7.924061408244866
-7.884686441100553
-7.866411931628249
-7.903425112946215
-7.939527186865923
-7.998911516132196
-7.918702029701193
-7.891419730535505
-7.973471818043404
-7.967867069566845
-7.984048599717276
-7.911344348160866
-7.952125182476142
-7.969406699222062
-7.997905754026937
-7.8760839908928055
-7.851962894502954
-7.943052593269823
-7.889162499723604
-7.979203819552822
-7.998113081986706
-7.979559695931456
-7.997204185418934
-7.972037194805704
-7.941321840481324
-8.009463934620014
-8.064177007385275
-7.972435802598328
-7.945833696797642
-7.997723942854056
-7.990227117314202
-7.963326838323251
-8.016198233232
-8.019825642694515
-8.041382783009775
-8.004153674570576
-7.909207194908841
-8.016074517754136
-7.90242281362729
-8.039163722760291
-8.07677267966725
-8.0107075059554
-8.027919231875735
-7.977601297202506
-8.027007359312128
-8.033366080814476
-8.0689971086985
-8.050839298111567
-8.0384731046961
-7.974307689494617
-7.974068429829821
-8.065447789456105
-8.017971635284196
-7.99137357312343
-8.03323060916727
-7.982873132605751
-7.956575718416035
-8.015900371274041
-7.976852045212205
-7.998825504850348
-8.036876849130604
-7.96127289959007
-8.024556851479938
-8.015361144120567
-7.963288577936232
-8.045391014520623
-8.074924574742928
-8.00349438929703
-7.968158909081281
-8.065946001999514
-7.995069732706367
-8.005998450944347
-8.059944247891767
-8.007567760955707
-8.08264744985304
-7.986825651581936
-8.118443105875407
-8.00206690891933
-8.09918338971152
-8.08448990011584
-8.1134639368854
-8.064031392688799
-8.02798665102336
-8.020449442954902
-8.06592467754634
-8.01649859708426
-8.04913730210648
-8.103184343008675
-8.083551400602827
-7.980130457847188
-8.054069683527795
-7.084312096358724
-7.364150062238082
-7.735587517901002
-7.638973587352635
-7.6744416078242494
-8.070278351647984
-7.903460595030737
-7.992745294658606
-8.039538491022489
-8.067713247920935
-7.973727295175194
-8.098818689757886
-8.08447894898872
-8.080674870459314
-8.105836235112845
-8.094056007396482
-8.121514146111119
-8.026724797246485
-8.064607721814403
-8.084159259386414
-8.108620001749939
-8.09362740786037
-8.111027415644314
-7.980306368659633
-8.047902177370117
-7.997805240971873
-8.093890153616657
-8.047649707556106
-8.069299949393718
-8.012346231187996
-8.054308358106853
-7.952633434806555
-8.040912579946381
-8.049645688974312
-8.03910942199085
-8.033723413461244
-8.015166715929936
-8.062988837459974
-8.079985745409385
-8.090586867815157
-8.058389973967243
-8.097995582136482
-8.057419413737593
-8.05481587620714
-8.073433161523747
-8.006769776239157
-8.017606771422631
-8.044068784154161
-8.14333294796255
-8.104613226084007
-8.08862789358732
-8.083646353088728
-8.080461313570156
-8.078335389493395
-8.123029830593893
-8.06251645483429
-8.06499803650771
-8.044444698979522
-8.119025613830136
-8.12824697789832
-8.104916372207176
-8.150675766750018
-8.088898420134097
-8.093157403309187
-8.133085132602226
-8.100928227632606
-7.886011193239091
-7.942187284534542
-8.081814069515003
-8.115508202944829
-7.690520460307507
-7.866028893165505
-8.150892026430363
-8.180772685141013
-8.06686915966088
-8.181411593796877
-8.09508815961762
-8.06830338303499
-8.108075840214179
-8.175114460195926
-8.107430865125623
-8.122451204115155
-8.099512758862621
-8.069655123570088
-8.038351777604772
-8.109494665187858
-8.079225259775777
-8.155718383208002
-8.130836506682543
-8.0925981847687
-8.136462539676396
-8.139123951072659
-8.133839932359278
-8.166020219817407
-8.086613476187672
-8.116325591146682
-8.067080179492214
-8.143987618222036
-8.177549059492145
-8.076898549714782
-8.165386661756129
-8.117154505418002
-8.046691048490574
-8.160166231403073
-8.08033287576704
-8.161911641913964
-8.146688939244212
-8.21256110173756
-8.139244806899075
-8.121116104036817
-8.159136476583006
-8.177750629473246
-8.085766272348586
-8.201201927946054
-8.11856568643921
-8.156455108679445
-8.125738732392838
-8.1052745672787
-8.112168699294797
-8.147668176542362
-8.16528392643574
-8.132117263015699
-8.0996838455891
-8.183849088588355
-8.086533917250273
-8.14656080781003
-8.10424964681271
-8.085607771034956
-8.219360693646355
-8.170596879646075
-8.175892188395492
-8.128225259080104
-8.166931054020356
-8.115595997019835
-8.129825428854392
-8.186390484971207
-8.143256143024734
-8.190956826255157
-8.037454804605352
-8.148409090008034
-8.156175883057069
-8.092361668313629
-8.168601287131212
-8.204999023054336
-8.187881335366681
-8.205658976216501
-8.144769225554882
-8.171636007326748
-8.19080473879446
-8.096323074607717
-8.260243780978408
-8.05258671971346
-8.210905267083726
-8.114075713694978
-8.24095764367116
-8.14873834769099
-8.151016087867182
-8.190385045051004
-8.21269776853932
-8.129616097084648
-8.207813471216538
-8.152943498687376
-8.213418058003326
-7.691196242907911
-8.125058111037074
-8.126658174199317
-8.216167056142964
-8.216742924641258
-8.228592191024882
-8.228362149394652
-8.183564784370546
-8.14826998699121
-8.186626104915316
-8.131093967918329
-8.148308982102922
-8.113357000441
-8.185254842247122
-8.23822304278896
-8.125187273766114
-8.178641252599874
-8.207004379658754
-8.201442888387442
-8.173838320566574
-8.23737155849698
-8.134029351182477
-8.173639426447629
-8.1552475346184
-8.198299066361743
-8.151007684051857
-8.195577429505008
-8.15819980050334
-8.172135875998888
-8.153848733287704
-8.1345058227889
-8.220951151522804
-8.16889407935355
-8.17322775829556
-8.219306749555273
-8.178512938719868
-8.231952003796955
-8.236725972856684
-8.158088426864941
-8.163954007694064
-8.208933385324718
-8.170289174356498
-8.209695583883908
-8.215029540154504
-8.221255745801496
-8.136957638771175
-8.247473591848527
-8.214020891463127
-8.135584416962041
-8.154815961456373
-8.186940414297363
-8.189718135367093
-8.251140887840625
-8.17853204907442
-8.232748204773852
-8.226770870871347
-8.211037323395725
-8.185752224909285
-8.140396937363661
-8.098320417183535
-8.158151175907056
-8.265499583384289
-8.226262959585442
-8.120927265442248
-8.232445666295789
-8.167139342458269
-8.165775852338315
-8.24921355275537
-8.155778796838428
-8.214654095901162
-8.184165841274616
-8.189424221908286
-8.23777365260749
-8.177235620085288
-8.224566717240593
-8.19399018195875
-8.1977220252437
-8.24850457407111
-8.229805175714496
-8.232487034761304
-8.20182161280136
-8.235229231625231
-8.188544548682012
-8.19148490228161
-8.16600955816416
-8.249183104879746
-8.238566721380158
-8.225908491978721
-8.234060140921544
-8.166811414626054
-8.25280602918752
-8.223629176521305
-8.18328762354715
-8.320393932641881
-8.296863852358417
-8.21641260284511
-8.226696468293866
-8.282309225436501
-8.18900409425918
-8.251056822151709
-8.228440461463947
-8.238755656233797
-8.173605355970725
-8.189384440323229
-8.250770861204533
-8.212666988189326
-8.30716399669132
-8.211681379403764
-8.257664881226873
-8.25883140244621
-8.273949758124202
-8.331363536347387
-8.255239419744255
-8.278026411927511
-8.31718707474045
-8.218367447289364
-8.268713767434967
-8.312112521684313
-8.244646531846884
-8.17352197355969
-8.226684900922388
-8.320255980243275
-8.245208278876898
-8.292833442539697
-8.277412122322435
-8.209270574690724
-8.26240253603825
-8.314591075335528
-8.305178455738291
-8.260960137689677
-8.306349164090673
-8.248899240743906
-8.308722318604985
-8.27139413689301
-8.225863052830883
-8.299130512351821
-8.274086968853323
-8.357784970655175
-8.253590679820153
-8.327772147566668
-8.296706433036034
-8.204813274150645
-7.937335568497186
-7.967960219852625
-8.099588260680362
-7.540565129159354
-7.021173201916219
-8.34378376006498
-8.240093785730181
-8.197856272867844
-8.077981076418341
-7.948735975375264
-7.930891229316623
-7.814917159965003
-7.62728012744757
-7.360485932144463
-7.3469785495913955
-7.194432084754432
-7.154520580759334
-6.963137759122093
-6.838746409982064
-6.677268804781756
-6.62431540855055
-6.644486930010865
-6.654494287979414
-6.548499289816116
-6.666824566804059
-6.577846221858188
-6.827820471660125
-6.743823389156361
-6.810328604377202
-6.863327950059264
-6.965866574753365
-7.025224811828614
-7.092508302958407
-7.17254095999202
-7.242637860645303
-7.40250124003883
-7.386494206591343
-7.411468288635665
-7.425812447589502
-7.4613079559557
-7.618409014366572
-7.648043992450297
-7.608971574713085
-7.612207055111901
-7.649910745167175
-7.600172336569807
-7.678814605373069
-7.828840590839436
-7.818160439774949
-7.743820686097571
-7.8419615603115504
-7.801057843893131
-7.85769406123012
-7.9014940677381915
-7.8598965768136955
-7.971914204028888
-7.865978896461299
-7.912413280701277
-7.968115721770314
-7.908856129527038
-7.946606488206645
-8.04352730506373
-7.95821828200236
-7.900278235670246
-7.938828064250476
-7.979821430523761
-7.993217705769162
-7.9637755113099065
-8.029275539744146
-8.05193568350405
-8.028129571534246
-8.008319888554226
-8.01451579044253
-8.010350354441732
-8.17247739296913
-7.946844682959801
-8.041601390029953
-8.091335194772439
-8.026823970756892
-8.059282706079495
-8.08554839372391
-8.171771650128376
-8.031260116686013
-8.089953963443003
-8.052550232116761
-8.15385368560802
-8.047610338520554
-8.116646590202915
-8.185091048437627
-8.069555257402794
-8.14118802077154
-8.194343462527439
-8.13658810171187
-8.172461845407899
-8.146056062094626
-8.101732950778025
-8.158339588933005
-8.023619800013629
-8.190465425682707
-8.190515112568697
-8.236139069086596
-8.187061814302881
-8.206847319487167
-8.203063167746956
-8.16716693348297
-8.13538874112474
-8.141597263691592
-8.24937100464195
-8.136054979299953
-8.129089886356153
-8.161983547382288
-8.185490283812603
-8.190877964864608
-8.195378590082996
-8.14735239773265
-8.181221478884428
-8.219067885635715
-8.142793240693996
-8.158164099942404
-8.080698920562936
-8.24652449401036
-8.199591399328844
-8.165485696714562
-8.22442923134598
-8.221517846755106
-8.211528357031135
-8.245717976777815
-8.128618093212024
-8.245743971000653
-8.269028010050347
-8.278063794499921
-8.215668690911732
-8.227186965618909
-8.202068349484836
-8.287375323686446
-8.202063352523462
-8.19225395395256
-8.145026912728651
-8.30678522391202
-8.193650784520695
-8.28372664670943
-8.210526086498756
-8.287537606934889
-8.267805020842767
-8.244750938310718
-8.175955245871968
-8.214052363528126
-8.312203542086552
-8.281853744121682
-8.229152099282041
-8.248255303975982
-8.194016427879253
-8.258539830036344
-8.206382222670003
-8.313952886508162
-8.203964551769001
-8.227649626729589
-8.22589216942154
-8.291613570512647
-8.26554295207399
-8.385935436158858
-8.242575446323547
-8.339528868329063
-8.271414993674309
-8.23915348469335
-8.284547531084694
-8.279961774024239
-8.266479315121549
-8.285467766711403
-8.22282888162747
-8.253048408070862
-8.273322830417426
-8.249141199520787
-8.239992485348962
-8.339328915388197
-8.315516648869432
-8.334382331254675
-8.341261010877352
-8.22220659073011
-8.284370650573848
-8.332367962236965
-8.268692050840437
-8.277977530056893
-8.323062154187772
-8.284021258603154
-8.18440238102599
-8.294701819593884
-8.27300543283143
-8.28508070630573
-8.265437477110027
-8.311521437375335
-8.358280912856623
-8.259816444864613
-8.223044147082339
-8.258902478428686
-8.340582738391415
-8.34095333849951
-8.304765110435824
-8.35736963579862
-8.32101140189887
-8.287089009236746
-8.373319518341292
-8.308631822829367
-8.248712222465464
-8.235781122033183
-8.287386268783667
-8.35567569211788
-8.28906804440759
-8.241953311117342
-8.346167682366723
-8.314146097957442
-8.190079524721297
-8.271994282123837
-8.492950479730954
-8.371641914441149
-8.27592762198555
-8.28217643074145
-8.240100776882084
-8.347735570729654
-8.276276845510376
-8.325600721924472
-8.33837123983997
-8.28465520788271
-8.257086812103395
-8.37456843511961
-8.304243833274565
-8.350878909909898
-8.335168370193184
-8.294800775905378
-8.294350780930502
-8.318785722921938
-8.285361093534663
-8.376996448664329
-8.322667391027352
-8.307473035157512
-8.377335162225213
-8.359882337647301
-8.27532055355938
-8.3846897142758
-8.311813286365018
-8.314578263714985
-8.088759861367285
-8.308403870255916
-8.346738090400377
-8.343015305203549
-8.351073084250363
-8.322563898524038
-8.226382735622927
-8.328789288616443
-8.364523448447548
-8.327239267754175
-8.382729806624573
-7.998564539327299
-8.36125706012472
-8.301989857897894
-8.27719353508694
-8.294599112534808
-8.438785412101515
-8.29122877282911
-8.29706308522062
-8.324661069357843
-8.310106998963922
-8.033233840566643
-8.310058645585139
-8.347231396961794
-8.262953739914076
-8.30016989102385
-8.328170178107738
-8.36302253332188
-8.386085459385068
-8.311229512164955
-8.352936122301767
-8.343316886419094
-8.389195641987115
-8.321427115723397
-8.408140476768326
-8.28775619589313
-8.293813420186709
-8.336630057189863
-8.317709146146898
-8.314178780191119
-8.291929368784452
-8.299246648433002
-8.353064684247007
-8.260514340103782
-8.272519598017587
-8.22677371504676
-8.293095517895432
-8.353928162338866
-8.290941600772648
-8.345919890075448
-8.369558177126564
-8.305256005150884
-8.324536425000856
-8.267678316126037
-8.311072871249468
-8.327881864124878
-8.300003561841846
-8.296590715905124
-8.29279337317711
-8.252162116180074
-8.427878705223774
-8.31725820703254
-8.393789569256564
-8.370603100055051
-8.285697562520713
-8.353179924087296
-8.369978722844348
-8.388348772055089
-8.350118437863783
-8.319222316077669
-8.347807918523541
-8.371602497740097
-8.333071051267774
-8.399242926503915
-8.490607757712649
-8.342102806265101
-8.337549261940934
-8.254633424354415
-8.306350193615213
-8.404939839438084
-8.412978083970872
-8.304762629737487
-8.339659905511864
-8.38099521599356
-8.403104682626626
-8.406681428575025
-8.461215960070325
-8.401363440931073
-8.408213199453511
-8.337951423004696
-8.471164529269492
-8.422483097593597
-8.34897776180964
-8.34114573696314
-8.176540262263382
-8.293496184869145
-8.320656885211141
-8.422832619991635
-8.348173320106813
-8.399224048850607
-8.330567080487558
-8.343642644377343
-8.326162696774569
-8.375349724286364
-8.43389999486008
-8.391396578661636
-8.337185911397235
-8.349452635080148
-8.477959005072428
-8.465370467418643
-8.326039100461184
-8.376608690363604
-8.390955216737835
-8.400782390536623
-8.371810005507124
-8.389166369411997
-8.356420601200083
-8.363996342777726
-8.345325431898779
-8.29725773607311
-8.322353356829
-8.379612706997667
-8.315082442299609
-8.399411558458604
-8.38653728787448
-8.444066893568808
-8.346724121499797
-8.302432638628808
-8.399944927873461
-8.372047655945828
-8.321200682083846
-8.415571819766548
-8.446169855574139
-8.360861044322816
-8.327836933046662
-8.419643737548947
-8.352985052160689
-8.355450093193097
-8.397396386611033
-8.339316853851278
-8.348388662722241
-8.368208417657751
-8.395131779518675
-8.41343653141637
-8.377508238918923
-8.295394285302507
-8.41101753399817
-8.448847161717671
-8.432320291219492
-8.495465848426191
-8.351153321983277
-8.364202468002949
-8.402534776564615
-8.381362456000481
-8.448195879085883
-8.38104351807137
-8.438775632389756
-8.410575672697139
-8.34981753087271
-8.374138491494517
-8.422974742258257
-8.581377483700221
-8.347991616630608
-8.406416480951922
-8.317062160005166
-8.477373416309073
-8.19085026101537
-8.352478937432107
-8.227192156144481
-8.469899063540526
-8.423504200389058
-8.339518722427888
-8.411889613512251
-8.287474998596492
-8.350930482557082
-8.32955943797092
-8.369819157215069
-8.246393622074189
-8.261490570157306
-8.330419146275643
-8.366783375969495
-8.265790716794003
-8.425634360839686
-8.281221375230693
-8.14963185350707
-8.357771433338476
-8.24858595007355
-8.28906985120681
-8.383264701973994
-8.32623334161219
-8.296974848719707
-8.279908642884125
-8.246453497554809
-8.228724257020085
-8.256371113939267
-8.285543197907087
-8.287991717983557
-8.205223804460916
-8.352966959171615
-8.31580830738793
-8.286698730951484
-8.313874018855008
-8.205513499800796
-8.240488380253787
-8.361403630698609
-8.3805693511063
-8.364419654623472
-8.355058544340105
-8.362639267433325
-8.402739119567519
-8.287449907181026
-8.29372041393543
-8.384486835062198
-8.374998264538714
-8.362684496503325
-8.402793378023581
-8.366307263190231
-8.360777196039976
-8.409170572651076
-8.290663673438264
-8.439892958597595
-8.437211824561224
-8.36012746437083
-8.441709243420444
-8.429209777735531
-8.436705235308926
-8.436241501167364
-8.350060229394925
-8.396036092513514
-8.348584811117822
-8.453857902303895
-8.446361851833144
-8.371489594317552
-8.384734920265748
-8.386239105861975
-8.407771606699853
-8.388061225084241
-8.386977377735551
-8.502909891619273
-8.457802762276145
-8.364361047447202
-8.479379864001515
-8.365115947209036
-8.388921595696235
-8.464037659656723
-8.498962579025683
-8.435538862096687
-8.429343388441394
-8.385615349642844
-8.394491324391412
-8.376620972617559
-8.440743038793128
-8.456671215967217
-8.501603609675923
-8.483264806508465
-8.477682572239305
-8.443239506146526
-8.37978309754898
-8.39197084217653
-8.379823880008992
-8.376869437967732
-8.484515246680843
-8.409009231490549
-8.448954265725927
-8.394449219238606
-8.395029861739713
-8.447225447845785
-8.36188512674161
-8.416763099491906
-8.34218605070583
-8.403154799975708
-8.410388110774111
-8.35458341442235
-8.42839855318152
-8.358960830757301
-8.393814669437601
-8.478993160754385
-8.488411707302161
-8.453605498718412
-8.511978420147996
-8.4811785185809
-8.52303038543804
-8.523708006609452
-8.495870244408344
-8.403112802413819
-8.517671195101832
-8.494678814785456
-8.358753250088666
-8.446948242427919
-8.544513461193002
-8.485498633664998
-8.467994160195685
-8.506121830965
-8.444482565558175
-8.532068544816113
-8.500528626162133
-8.438794248901354
-8.455510219652254
-8.477172070063308
-8.466033048171925
-8.393244612596844
-8.488747285317599
-8.408169277168122
-8.452052363396248
-8.430726881315183
-8.334620428603161
-8.358133881332256
-8.390188376967311
-8.423263591382039
-8.339870630534293
-8.461434857790662
-8.419694756295092
-8.403121050903147
-8.412678209785337
-8.430813312967343
-8.468186458557092
-8.45879105323961
-8.479258179310971
-8.441368054392417
-8.41004197589958
-8.43310774466423
-8.43126267528398
-8.446580464368079
-8.471400923951563
-8.491496814103312
-8.480331390232266
-8.40313086843192
-8.516154514850326
-8.52519862619713
-8.475008223603126
-8.439317323357455
-8.42846723152608
-8.471080403946933
-8.425153486488258
-8.489967770373395
-8.462409120784164
-8.490395908635415
-8.496806501381045
-8.460880267007937
-8.431915390233657
-8.569483931234991
-8.527665331831471
-8.469442327118207
-8.522004553250614
-8.5128040850102
-8.444862108624045
-8.588950475890645
-8.53645291887056
-8.468060676274055
-8.394890723247556
-8.455643513510632
-8.505596305565287
-8.56219981313704
-8.486161430388666
-8.44511629823691
-8.501789275994062
-8.501237284280398
-8.356564866191079
-8.530814162934304
-8.197279060690411
-8.489228390818552
-8.562637694560244
-8.489307077363877
-8.442132273111376
-8.34539688725917
-8.322483346110971
-8.341072374218548
-8.245487812383582
-8.272360839869044
-8.36760274172016
-8.27354734883269
-8.23743105943379
-8.105241589984615
-8.083643147229292
-8.098033059811206
-8.157798652152321
-8.115900916587437
-8.186843048720021
-8.165966284344332
-8.037473142284242
-8.10074694965749
-8.04342719512285
-8.100535130256738
-8.169196303103417
-8.105745454533347
-8.12815611281602
-8.106492207127308
-8.12662658431068
-8.047779715477517
-8.167512681063345
-8.073675220583379
-8.177963535457986
-8.134468410915302
-8.140479900648666
-8.222651266039014
-8.2120865683232
-8.127348802389653
-8.217660352013691
-8.178318763410042
-8.124399824334033
-8.243327330517229
-8.247428387685659
-8.27207079279681
-8.257772684743392
-8.268905794045608
-8.314598387880144
-8.301393037629438
-8.178144183824122
-8.267416858571625
-8.263132461576728
-8.275739505471186
-8.344332142686053
-8.330791354449783
-8.35197745401174
-8.302226445670845
-8.302274456043943
-8.330031606309422
-8.42252113370764
-8.321313841889616
-8.401887220320143
-8.344773612808897
-8.443908390595631
-8.455700612618505
-8.44927174062029
-8.331703400553954
-8.425099466708536
-8.433744690202781
-8.438500487131948
-8.32876230334348
-8.403345282043034
-8.42860826480568
-8.452260707477606
-8.41623102613877
-8.460326436820976
-8.491437993081943
-8.379113879722809
-8.506886531033464
-8.345453089403529
-8.43422043618143
-8.399452378824245
-8.445941210129034
-8.398400602877464
-8.524751810745625
-8.415515194705668
-8.424718123430003
-8.424614640720351
-8.502764441620455
-8.473272227819875
-8.465510941218076
-8.504216589552318
-8.454571567472
-8.564243567801759
-8.534232456216182
-8.476926994547439
-8.464784234088695
-8.529920576896023
-8.52800378363308
-8.46171069360986
-8.492659429647563
-8.511065511142021
-8.562178694245656
-8.530470917851483
-8.462769522285777
-8.429124441534109
-8.485545833931516
-8.513136653755522
-8.473318980974705
-8.556633368453852
-8.512788308721529
-8.49145138145505
-8.520842113171808
-8.56175310528993
-8.524091137507545
-8.428100833998485
-8.56194553388992
-8.48823402935454
-8.54636204480079
-8.506033321431943
-8.534120544416814
-8.47409337490925
-8.557999622518446
-8.606973704476129
-8.500008550013488
-8.507895561298808
-8.49176583868437
-8.523240647897635
-8.54653904247314
-8.48070671494289
-8.524170648029294
-8.499272363463794
-8.514777422139518
-8.555456311124697
-8.566287541523987
-8.591881539827662
-8.52864878311375
-8.494174491871096
-8.493116625357812
-8.541468960701538
-8.547782974324736
-8.52125790814501
-8.591714657001829
-8.540824614878437
-8.504672336210055
-8.54146232073011
-8.51167081681317
-8.52530191847126
-8.580395880937102
-8.595192145834025
-8.554752153335626
-8.462988799067096
-8.552336746709155
-8.498029064483301
-8.506946767862948
-8.487106702645509
-8.453515995930374
-8.514836898939839
-8.47574227121069
-8.56278434495985
-8.500404377500496
-8.399427097076085
-8.423807335055647
-8.36154586633978
-8.45867538665883
-8.475047944669639
-8.451562665767375
-8.348377129838426
-8.398098724052728
-8.420781855249343
-8.470911491545577
-8.440489925232995
-8.411495949892736
-8.498966018326568
-8.364061756675794
-8.29743590983392
-8.35774193363592
-8.37302770975902
-8.407276564645853
-8.469582154552702
-8.498363540863844
-8.405860498893967
-8.462092700990484
-8.464238551220623
-8.455577633601878
-8.50631758485096
-8.395552421034013
-8.445642327490107
-8.439785995569952
-8.409788684072753
-8.410115800177818
-8.458920553437576
-8.465793480324024
-8.444990299563443
-8.558070500522074
-8.52237574379632
-8.564712934572654
-8.525598440328647
-8.477466013995304
-8.472358912370444
-8.437251666815744
-8.593037457419692
-8.584135068782516
-8.619178659609313
-8.46495556290523
-8.542147553170691
-8.500547782727052
-8.562860848198616
-8.596267703409707
-8.609248802377897
-8.633473364464676
-8.56675964029872
-8.49207007002367
-8.545723210471905
-8.568322755314439
-8.526838111140366
-8.517918219781103
-8.557175041501432
-8.529048797760048
-8.545882161892301
-8.529095654854974
-8.666008988914443
-8.533638943910075
-8.620158161214988
-8.680162741321706
-8.50613251303468
-8.615814949879471
-8.017189775499109
-7.750068695371212
-7.532800281369372
-7.096852281755574
-6.941757368806127
-5.8291851218290205
-6.511888474589684
-5.842437639843149
-6.158543109625541
-6.488047009284056
-6.214639100710232
-6.388774883069954
-6.4511386238123825
-5.527597383456776
-6.541903014729986
-6.1896831597468
-6.590629213360376
-7.080975509613743
-7.151094015019685
-8.348482993554828
-8.548125449325196
-8.589233153560535
-8.54975607048834
-8.570554431460007
-8.551153248813321
-8.554326497477446
-8.626969396921101
-8.448418148749111
-8.43166514331002
-8.275804382498913
-8.35854441046627
-8.31586639363047
-8.368646077688997
-8.32535520225515
-8.24767064466552
-8.20959332874599
-8.220160310469907
-8.19586386568706
-8.283360926014579
-8.267937620501662
-8.129712956033323
-8.262824079560893
-8.214177216116616
-8.159629380698274
-8.286760859557482
-8.215688054024282
-8.144588518367625
-8.3050736539589
-8.28022812070592
-8.292940960263625
-8.175304623933112
-8.284780723138608
-8.253758826935025
-8.306875452447764
-8.33510434184433
-8.238095024236758
-8.36342756102473
-8.249836565243049
-8.367227075350746
-8.409925500834877
-8.38529868749299
-8.372997560409276
-8.399551332744942
-8.399387334276112
-8.365028422260819
-8.566798529655733
-8.429269715875689
-8.40609523548164
-8.449923352796578
-8.506099544767274
-8.460482927843898
-8.344900707257208
-8.474419024898184
-8.479191453655005
-8.505587224483438
-8.444101080512885
-8.419729450459089
-8.44829200762752
-8.413963908097932
-8.488077534860004
-8.504505021470733
-8.49236172756044
-8.51120164406522
-8.571547122313794
-8.633219126797169
-8.503848672600549
-8.60472632881379
-8.485106552404211
-8.604420112394921
-8.514990255687355
-8.571398791763968
-8.52212841452708
-8.59181189341923
-8.550919771791465
-8.543529109043794
-8.564938509556232
-8.62038271578956
-8.556643093571926
-8.590041894630298
-8.579211091475903
-8.625087656811216
-8.618759389106335
-8.581074725138228
-8.549254771023579
-8.673733876221453
-8.482131619375739
-8.608168811474384
-8.555416660558866
-8.638352542415378
-8.639943627055299
-8.557579441168484
-8.68075007431438
-8.555065782210262
-8.541436743765452
-8.632286026211423
-8.66051673048115
-8.630385728818405
-8.607922320533984
-8.631761699281293
-8.603504773477715
-8.58415885195952
-8.622820042874599
-8.61074499567635
-8.70492021497418
-8.502821938719896
-8.552446636017903
-8.157070023292798
-8.655706190024379
-8.587610750005526
-8.624867780290819
-8.64217096885151
-8.567918739616259
-8.60005517196949
-8.636941729601466
-8.587914901774578
-8.19191236326295
-8.578160721536468
-8.362878401361932
-8.10592374927996
-8.671969303038848
-7.795406281667351
-8.689210983531115
-8.538720541787482
-8.624691996596907
-8.61449240204262
-8.670354139572646
-8.553220787044614
-8.61238170068849
-8.549673613116983
-8.563600613340162
-8.600363834129626
-8.599022972468322
-8.497300269437035
-8.524493650742036
-8.490352550034704
-8.53102977195136
-8.538358273104572
-8.503500575849419
-8.57897661561759
-8.568596433718715
-8.529462147018902
-8.584504874037755
-8.521497142987682
-8.502319223721392
-8.529174449241987
-8.554870411983675
-8.478747851971246
-8.553339423273874
-8.50905530730163
-8.538524193765197
-8.55872956223987
-8.526515812541403
-8.608633264062126
-8.618595423216485
-8.589593501096147
-8.526650637047265
-8.547925314515181
-8.589523586947593
-8.599411351485733
-8.56406627905136
-8.56101694581402
-8.563067771551278
-8.523334434583747
-8.520765764901894
-8.586060413862086
-8.677375544453282
-8.588386371466006
-8.590368967362988
-8.59497416603593
-8.614926501760463
-8.651020647796958
-8.591562876407504
-8.547399230475316
-8.581537663340468
-8.616341650860248
-8.627948354996612
-8.631855970499583
-8.61243988233656
-8.697267527622932
-8.563121784563853
-8.712708990957735
-8.580143318944655
-8.679883831321872
-8.621732308566143
-8.62937963042939
-8.585878540063343
-8.644390207190192
-8.716062730108687
-8.731434042414842
-8.555333068900167
-7.580049320774497
-7.050793846409594
-5.525590570718809
-5.514159820690315
-5.492789889801405
