1198.2829790928881
987.5084320277392
819.7600182430992
683.256194920707
570.4376509574951
479.1200541519641
404.88351587573965
344.18030892989907
294.30217980512384
253.1887446393339
219.06581247431714
190.6529372810326
166.85454083941295
146.83127272599594
129.95868260723324
115.58251007471331
100.84240785069984
88.6112188307726
78.37894542488026
69.71065960714756
62.394184345194425
56.145891450495576
50.79095747586482
46.126949859535664
42.06419442748125
38.62980731173018
35.55876211016401
32.86012044840805
30.416684581614057
28.287896342569816
26.515622666291833
24.71738065906554
23.18826656078829
21.78799645014619
20.65433396099764
19.377112143523487
18.43267678158559
17.534204088794308
16.61665404661552
15.881451856689308
15.20201384912055
14.567345881097978
13.90931761012659
13.360679760019927
12.718965450027873
12.325816186914095
11.811694613137776
11.384435632891009
10.951893481655226
10.573322211421583
10.183911274412457
9.889426374108972
9.56706126688233
9.151706412872676
8.979113300159474
8.654996313856643
8.392499469994377
8.069918579961527
7.744301568436356
7.608040677783247
7.3667947256098
7.0904330669514595
6.883405111064619
6.746479940100908
6.42463548859601
6.272281278666314
6.065640211473302
5.888854746977923
5.770065945541567
5.54741310258826
5.334886155321585
5.213880940345602
5.048042888342045
4.8674802364009695
4.706225056742561
4.63414817480044
4.308079829933339
4.401685841864086
4.171150575573326
3.892220043366283
3.7764975591226495
3.675248110729387
3.561348131704523
3.524943545393116
3.3455748846108677
3.2573451908805384
3.1982175265221415
3.015778242395397
2.946134250959049
2.8399440838071923
2.7124840472256513
2.600655876496063
2.529081503758482
2.4041112019087416
2.2177580907877363
2.1534564047685856
1.9720208714174365
1.910334334711842
1.9014877839800777
1.816501647855117
1.6065575761378206
1.5890563254518337
1.3875104420968878
1.4015389281685937
1.2159702029124915
1.1705853427957333
1.0919813051770095
1.0486132992135866
0.8735619698962398
0.9199887165782323
0.7059178689161393
0.6553755123475322
0.5921512756182603
0.5734119021631677
0.38193849700807175
0.31816403235784085
0.28312684159494966
0.15410385430059945
0.17919140521206067
0.036015027671994916
0.022943529043061874
-0.05346201226059293
-0.058184913047365505
-0.3054173054942204
-0.395397802840294
-0.319068099599088
-0.45283775120656533
-0.5724649234284087
-0.6424607946332721
-0.6279636537780275
-0.6764170530458067
-0.7603461108482112
-0.8853225268549303
-0.8528295549529132
-0.9043053976131866
-0.887433632070567
-1.091093522947048
-1.0246138469145434
-1.1710480032450232
-1.215533202257132
-1.2319975076822742
-1.3185958759198657
-1.3000883835258359
-1.461037713114651
-1.4896628540939838
-1.4407468650416413
-1.6038019735832951
-1.6750017456387956
-1.75311152705425
-1.827393754218102
-1.861874741128074
-1.7990476831671747
-1.922469027120341
-1.9667862889397978
-2.129925171154818
-2.1207563206811915
-2.1536334630918765
-2.203577406527819
-2.2389808957976807
-2.3834600186057306
-2.4108436724715894
-2.4928863899102987
-2.4166326990956573
-2.5017665936015945
-2.513238844564601
-2.6442317414742895
-2.743576538202883
-2.7482795012251637
-2.7690144557696956
-2.7949644006514207
-2.7868038159880477
-2.8288966645362112
-3.0180599430594945
-2.9568924960533485
-3.074320060463484
-3.073914141411853
-3.070688915322261
-3.120538356363374
-3.257327992031894
-3.2575604690848317
-3.2835071425654947
-3.4370712602714137
-3.4440129288935726
-3.4772777634126393
-3.514790940442909
-3.594053924619081
-3.575784587437207
-3.5978616852976537
-3.686569786260657
-3.773448137460946
-3.7969726482794446
-3.815399933916625
-3.7212328724928008
-3.823149512039897
-3.9705974408130666
-3.8910909797399427
-3.981923210362284
-4.098746367194495
-4.052127328881275
-4.112372650743691
-4.07794939244656
-4.113658958723633
-4.1412973020564845
-4.158975727808478
-4.304157875022695
-4.389405714214358
-4.298317634703513
-4.318992647074629
-4.285103404654951
-4.419566060067756
-4.320958348329392
-4.57303174840841
-4.427401751715531
-4.473790743135909
-4.379603602758018
-4.5647703481477775
-4.602817716545803
-4.660583466009753
-4.6390939723327085
-4.689811894018833
-4.687581863141341
-4.712873929500376
-4.661815061907333
-4.794597614335625
-4.796676743895829
-4.751925361420287
-4.8105511106685945
-4.782540143950105
-4.851258827812482
-4.912286651976311
-4.851018771806267
-4.85344303889175
-4.931095455096037
-4.861600547538783
-4.943959085214493
-4.996806562684781
-4.974418176686229
-5.070817078454188
-4.986753955264719
-5.084806881886309
-5.170912892700405
-5.13208148111402
-5.091826277425535
-5.1713121007479215
-5.247499606482761
-5.23929129283616
-5.302539169998227
-5.291815398653679
-5.179660440710667
-5.241472130460861
-5.365280288115562
-5.334618059558423
-5.350829611679767
-5.340844191522342
-5.51275148451356
-5.431941587264086
-5.394897642592804
-5.497055083090323
-5.51273026555792
-5.594758911183557
-5.5458375915230205
-5.599820943995985
-5.551997868691834
-5.577034566731145
-5.545843969282523
-5.617842531843694
-5.618145795365758
-5.582379680202837
-5.6161966453837975
-5.7943243554743695
-5.748403676538256
-5.7511757412077085
-5.630698031558457
-5.827405045450543
-5.8410395731297395
-5.701010896681667
-5.737549221963299
-5.823503586020607
-5.918277854625897
-5.934112602119882
-5.954319101068654
-5.843240723696965
-5.94204430245502
-5.834937073614051
-5.808573429812801
-5.84943535567142
-5.973284649029486
-5.837819481219815
-5.996772033735982
-5.979283956160547
-6.051980539131641
-5.957152461101335
-6.001252162955936
-6.084639367087987
-6.008362000660949
-5.985521587988947
-6.120086854099847
-6.098938884180654
-6.158747371369593
-6.18678804302655
-6.015645317195678
-6.213203177975785
-6.115325595558135
-6.135256683851316
-6.261056907952025
-6.108822096880518
-6.178020491143827
-6.123438149310829
-6.105639277247218
-6.235828685391475
-6.056431330200151
-6.249836482766986
-6.148646201855761
-6.23505926965817
-6.204992242579979
-6.096181338617087
-6.302747427509044
-6.250015618844994
-6.363007656041631
-6.171957720402223
-6.216632999989379
-6.344224019373445
-6.262644108093225
-6.284506324205083
-6.3842948252549885
-6.254537262835317
-6.293663841257317
-6.416436658889125
-6.395185934802569
-6.434852406230767
-6.408104815963689
-6.637182245273142
-6.48529411226643
-6.475670217505357
-6.411521088046415
-6.566918678201619
-6.447968054793034
-6.572550323652997
-6.653563155334147
-6.570625959238433
-6.5475132482717955
-6.511119916684034
-6.668092507458721
-6.67438752500201
-6.662330935079101
-6.74722005787229
-6.714729750999723
-6.772698687126894
-6.765778742927198
-6.693078618027986
-6.804392881948868
-6.849910414079074
-6.676346607615892
-6.694135385859953
-6.737973004860399
-6.803552498929817
-6.8766687157282975
-6.749810503807211
-6.815808926064249
-6.841023836789493
-6.8435922020432445
-6.81574485699182
-6.8028093694882585
-6.784189729666398
-6.8311083674944575
-6.90788719330501
-6.821614942896358
-6.882242644838875
-6.954763638923821
-6.890165075265772
-6.9172959504474125
-6.9818499131992375
-6.885072825115792
-6.9178358943587686
-6.93252693105807
-7.053454318551768
-7.041620894771253
-6.94504086054438
-7.044819067919561
-7.037524157131677
-7.072547152205904
-7.010057048911577
-7.0911183939081015
-7.1145768813369585
-7.071388483597629
-7.112818393613934
-7.105297897868953
-7.1122185596416205
-7.145743927088816
-7.095643421312669
-7.141748017964274
-7.032710763352728
-7.0795992836662265
-7.173246897293722
-7.147218814587109
-7.230550970451301
-7.113100499691282
-7.192892541342791
-7.220002213209864
-7.129866858705949
-7.142017710545892
-7.268671871826228
-7.180844228864095
-7.157464312072605
-7.118271433618609
-7.223762034990658
-7.266078888620443
-7.216171534095728
-7.222248979254427
-7.154001679678436
-7.260347594848112
-7.225872822138886
-7.2070735759356515
-7.340380473905483
-7.275970115703547
-7.330178223465436
-7.302025288823775
-7.291031262856975
-7.32236987900368
-7.290001947030922
-7.371826436066953
-7.323416882915153
-7.4151187838355
-7.38452471879982
-7.359743707848281
-7.254833192672791
-7.357659955467658
-7.321078403243907
-7.4554801613453225
-7.421091908948154
-7.4085038435430395
-7.384304944225477
-7.522453889954441
-7.47524232169215
-7.4511829873603235
-7.301552389637795
-7.435287491833823
-7.443647600148468
-7.371310728725283
-7.416590858669849
-7.451452697030594
-7.40645013544777
-7.441544159676775
-7.4982870763645995
-7.524546248291253
-7.488789871974531
-7.506268549888877
-7.516978380085246
-7.455698461203699
-7.510375252889934
-7.531659411047326
-7.44153257443879
-7.5002834082772045
-7.508302861473907
-7.468479322456409
-7.465126289014655
-7.487359475200975
-7.6284940401576335
-7.49622540879181
-7.530183669877118
-7.496241618492284
-7.62032668386504
-7.56900160753067
-7.49417212361179
-7.570832662631751
-7.608310776231129
-7.673382182423092
-7.5371037177797
-7.61159755449187
-7.696780431393077
-7.7204667684169825
-7.638094155107661
-7.585779610189107
-7.711441950569544
-7.643621993270287
-7.72020314005418
-7.639721673295099
-7.679787240390491
-7.637345520161709
-7.732146114677029
-7.679974858468156
-7.676486589914082
-7.706346963456994
-7.703544884382261
-7.616038971224218
-7.704235597275202
-7.668363505871169
-7.574294832490974
-7.6724405533457265
-7.771223216605785
-7.672818297303035
-7.730135859267868
-7.702141795687708
-7.768878933946765
-7.784731157328558
-7.799124163900213
-7.7260331213049485
-7.760804458427838
-7.831550617429719
-7.808138841875752
-7.788274595059218
-7.828597977418788
-7.799330677282708
-7.8132058976923195
-7.779099868808038
-7.732815168599686
-7.820587904231857
-7.691819013718973
-7.819515134799637
-7.889750736282777
-7.880804794915952
-7.730790428080375
-7.802676728969215
-7.750545620456312
-7.854187112847038
-7.666121761848487
-7.820686919347202
-7.809436449609638
-7.840158801842235
-7.865818694139669
-7.764760654403836
-7.795929419558262
-7.8569076944589815
-7.904757504846801
-7.783865882080325
-7.93239049725528
-7.875600869085621
-7.8392054096860635
-7.927935793769084
-8.012070087959826
-7.897567116247863
-7.925827069121571
-7.869719155901051
-7.895120313341181
-7.892001259022141
-7.978042752140297
-7.9747351724132445
-7.864045007200389
-8.025459649590987
-7.99587362170922
-7.998661331480832
-7.997837497423326
-7.949081422719587
-8.009163747084454
-8.089341711245355
-7.969221747821037
-7.973855817217066
-7.976524583333327
-7.976831361782096
-7.97186281716178
-8.025185597230847
-7.88923607280581
-8.109392552470375
-8.154304177853607
-8.055259702414448
-8.053913490764371
-8.076547783885868
-7.994016737207595
-8.059512964692937
-8.031002259262008
-7.968921629711201
-8.055864569750119
-8.067058519608272
-8.051308676980407
-8.108902013721941
-8.080832695952088
-8.07814982343551
-8.042161416831592
-8.024594047065717
-8.051417342524587
-8.067764157142037
-8.148761095079783
-8.02873736228442
-7.972896186686511
-7.995898749311448
-8.040819919323827
-8.077685272010982
-8.052603313933847
-8.123820778585232
-8.191241321885594
-8.05323196842939
-8.197633290449858
-8.138198329715717
-8.105773916968877
-8.014604129052836
-8.08046359673529
-8.231297153088944
-8.093256973209785
-8.115895031457994
-8.072549791013122
-8.188290414322765
-8.145129184332793
-8.121782458398162
-8.124532959730578
-8.206089339347
-8.10836069201731
-8.209323111818021
-8.10873350997903
-8.16070096031711
-8.154887895610058
-8.17199333047889
-8.117898770933067
-8.265795074382515
-8.161289766246178
-8.194027982030702
-8.248934398011832
-8.214730171609979
-8.122596471874063
-8.219213368433238
-8.189937231915904
-8.223006503013185
-8.236381207738516
-8.222309271134922
-8.221572159964525
-8.240433250990968
-8.200379756182247
-8.235041255307008
-8.265461565298418
-8.21644554959737
-8.296257397601885
-8.235177381520584
-8.195764656021762
-8.268288382407425
-8.253506240022812
-8.33068848818011
-8.19838216236725
-8.29720252103331
-8.271800891660996
-8.30925910348387
-8.323833819886557
-8.37728555322476
-8.252780343738129
-8.421098573557417
-8.281011722358334
-8.30945809061777
-8.227823554370525
-8.259535682756711
-8.318547900306866
-8.195971686539874
-8.29509072468981
-8.359509073384757
-8.403165202420695
-8.382340611341146
-8.344566585113757
-8.438319556333376
-8.350646060544477
-8.341542055984176
-8.402478563602092
-8.318161579910091
-8.275781791234294
-8.312113748953138
-8.354379690056945
-8.424493827190293
-8.392487109258848
-8.338455066964087
-8.35549541377011
-8.33695808511183
-8.340607639846482
-8.29623015980154
-8.386219298181386
-8.334713803796905
-8.381219359684625
-8.406695654556335
-8.431166636886982
-8.34193359365156
-8.373665876450028
-8.384399724810326
-8.384804921747172
-8.262706249466897
-8.353249850380227
-8.339418273678728
-8.337070950567725
-8.41746408712469
-8.408296984541714
-8.289231284357356
-8.308261396338134
-8.425197957183078
-8.35721116559322
-8.350345764589555
-8.374714282492254
-8.337565472886043
-8.379240777561833
-8.345329572585984
-8.287224359154127
-8.362190168102577
-8.397323295976673
-8.372045137703068
-8.371387459211832
-8.377372015608639
-8.475730438123724
-8.335781026914871
-8.496753106135642
-8.369613273798631
-8.385700114515371
-8.281264593164009
-8.362899203233203
-8.332048625237375
-8.376485137338598
-8.377990964347921
-8.317046562876424
-8.409233556067248
-8.418858365842093
-8.437380560034367
-8.359436777161351
-8.337935338804233
-8.317662350287186
-8.443649721018062
-8.350411767103768
-8.299135125963575
-8.34362769373129
-8.288322821105195
-8.350147282203407
-8.308409948392427
-8.386151870245987
-8.296958669746408
-8.36167276566412
-8.322870444624892
-8.345751642485421
-8.363133199480247
-8.369685996752969
-8.301566154730521
-8.263918578036295
-8.28356498666215
-8.291997147488255
-8.303089877470287
-8.30534413580756
-8.290250637182764
-8.299623119996367
-8.282215116712294
-8.387964201996942
-8.288963283165339
-8.24043026553512
-8.235653700985369
-8.347701233538453
-8.261986274691663
-8.286210234733277
-8.3339017961206
-8.297858334468687
-8.312069384402978
-8.243965582311075
-8.338729601430478
-8.307382343534654
-8.290047210069421
-8.275891800689923
-8.28152634101666
-8.322030947132225
-8.309385717678694
-8.310870980504877
-8.29919085931625
-8.321063175056686
-8.356330232765103
-8.316791762819202
-8.367819467012607
-8.37218626266365
-8.422335794422654
-8.336253188011069
-8.299117466318492
-8.318925810483236
-8.290223472878191
-8.37094530654627
-8.281012308565698
-8.357781011897309
-8.35339478866836
-8.32187859177815
-8.320008939730581
-8.428233567463133
-8.393389377673843
-8.319190753158102
-8.435049080547472
-8.353973350161501
-8.327320739584147
-8.383032751327544
-8.282249010856207
-8.307215508529564
-8.338032462901335
-8.357489724664118
-8.391056626183017
-8.291082088266771
-8.387924201669069
-8.39821564869205
-8.303551680357428
-8.289748553542486
-8.299987754422618
-8.318529039810874
-8.275145887174949
-8.27409036105029
-8.28635478427502
-8.410567634942467
-8.396760318591134
-8.338076319565976
-8.421273422892824
-8.28917563118578
-8.337873504516905
-8.375275496927182
-8.37158152640349
-8.326250149136948
-8.40133151415216
-8.435433893976457
-8.366811889489204
-8.427757353735172
-8.427898262522834
-8.377328625875858
-8.3691602728583
-8.420903896578531
-8.441109485334117
-8.45646901548873
-8.281775880558618
-8.506864164296386
-8.590076915944197
-8.446281800311978
-8.470245229250768
-8.497801075817787
-8.43410542546592
-8.458372756339088
-8.442776777576938
-8.567571062473958
-8.446231220334681
-8.492825935032322
-8.5606518908175
-8.394997168946345
-8.557547286928836
-8.478045823971305
-8.519738499061887
-8.47003157401222
-8.431741001307016
-8.541842750522376
-8.479328046801799
-8.387506395628128
-8.42490789604027
-8.527454978655271
-8.457470394310986
-8.563069879372481
-8.54545907852289
-8.496208479708084
-8.425416634707593
-8.511926771260603
-8.493774700508382
-8.577678189018991
-8.518489319386005
-8.58638780417869
-8.48005096546152
-8.486425026733883
-8.601908935257168
-8.532075673979241
-8.474130488492593
-8.53396301585651
-8.467115283314824
-8.50300438832492
-8.634835531867155
-8.586193467777141
-8.57818417581881
-8.621346326277772
-8.551974884781023
-8.574698088251607
-8.639919053096154
-8.526447818187837
-8.473211844439035
-8.566049726966453
-8.550251512969869
-8.603384571231375
-8.52224376408141
-8.462315974807408
-8.611692953617995
-8.5691615184638
-8.5130171365024
-8.530306237810926
-8.505340822565671
-8.504725455145335
-8.528030180366708
-8.435385710755826
-8.475600260301249
-8.542811714551746
-8.465565455421936
-8.517903216305228
-8.488840039615654
-8.441058105560424
-8.518309601577474
-8.473392489248871
-8.443277498779125
-8.489645491969693
-8.434527612997229
-8.502223370384565
-8.449077739989349
-8.603064908662219
-8.580798198677174
-8.534842156886604
-8.560576738565164
-8.538901572624502
-8.446511508662931
-8.546780613483811
-8.553552194882444
-8.587628734700795
-8.550502103694901
-8.560849973131987
-8.554739829012211
-8.539400229147864
-8.53167857950881
-8.469585538496025
-8.518089191366448
-8.47187434428171
-8.600893057973748
-8.615453516021821
-8.578577106424012
-8.62420960931851
-8.567071000990037
-8.543971627974791
-8.480286021989697
-8.642787849233384
-8.61744943161969
-8.53762338780482
-8.619775940035542
-8.68505128334086
-8.591066205869605
-8.649330436149274
-8.537481616160276
-8.472163759753967
-8.625681233685118
-8.58209103338934
-8.633835603651146
-8.573597924942419
-8.578232306873074
-8.514931738810178
-8.519402882485428
-8.542548624228248
-8.589822489516518
-8.57753311945014
-8.653215828921784
-8.523485480857298
-8.632626456602084
-8.556726647941494
-8.718600548087016
-8.661368006583272
-8.59721033149926
-8.584803717634834
-8.629205367809337
-8.595438360929066
-8.626659778564765
-8.635103031306747
-8.521253087030786
-8.62170783200205
-8.593096476579015
-8.704882270679965
-8.532113756116784
-8.475975403750743
-8.593443743843704
-8.577698851317795
-8.59445927416804
-8.60493004929809
-8.621080051010674
-8.55565225918775
-8.687496094727809
-8.513770905748737
-8.622407060025273
-8.525484758700635
-8.610332257299564
-8.561566383327085
-8.62297332461682
-8.635327013647176
-8.49884664758626
-8.419246409180966
-8.503607646553357
-8.477269992720002
-8.561962904318944
-8.618030819533189
-8.623958829688139
-8.523746464334506
-8.57471105924555
-8.572458258877449
-8.592200823090565
-8.577630788771726
-8.504746763693106
-8.523896632931978
-8.481728065228747
-8.621553981967915
-8.577041919829124
-8.587188159282366
-8.599135845218825
-8.602447214881389
-8.594514158851585
-8.613056211309894
-8.666119685949226
-8.629428929697127
-8.665952535368316
-8.700926964457059
-8.614380426852696
-8.745606448682791
-8.64035649896958
-8.528973652423137
-8.683130842939088
-8.69774865276637
-8.580668517180513
-8.783317618322815
-8.625113297097986
-8.6015483673808
-8.613623841275919
-8.558860258028885
-8.68894136619774
-8.647905922727073
-8.603197265233678
-8.644148801367976
-8.739442104900169
-8.614185352492367
-8.657278530860223
-8.599446058802371
-8.609747478529435
-8.596436847233726
-8.530112756967943
-8.50112329672298
-8.547002880525865
-8.524320662160509
-8.485730312597939
-8.583710673075807
-8.522217154883355
-8.476957476508272
-8.591603217992068
-8.583829170334281
-8.586594017451056
-8.579871988548494
-8.590476204041217
-8.550735938492881
-8.535098883181943
-8.574039788129657
-8.547971996909446
-8.568161174229067
-8.663385730355616
-8.636808121320591
-8.616162233946204
-8.695038516176552
-8.64503756467249
-8.595706666648525
-8.68004084655043
-8.518714338078537
-8.65975036716753
-8.668233526291965
-8.727079943559
-8.715578519289215
-8.67808782774972
-8.711013412573557
-8.576948795496504
-8.629158952164566
-8.73619279617018
-8.752864692200871
-8.635992802275702
-8.684324064886585
-8.691816369173495
-8.819290720970134
-8.65774889843203
-8.677598993866713
-8.711700121704165
-8.582234453781039
-8.730329516992038
-8.618039299690633
-8.633844364130457
-8.651006014811536
-8.735139850254942
-8.660953648901424
-8.710178979687177
-8.719164441767637
-8.69937832133469
-8.6861669566583
-8.782550996442446
-8.660604598867938
-8.604779462896705
-8.653279502857787
-8.784411123228288
-8.613643930950195
-8.764074712340735
-8.77642818350254
-8.713734980191818
-8.625374764130578
-8.71008651106574
-8.77644197386263
-8.64384138805461
-8.743531797549597
-8.677761447117886
-8.746878217845845
-8.718528192485678
-8.668830167099765
-8.71667132569306
-8.703287296632228
-8.743179569216418
-8.72522193980952
-8.646567379193305
-8.674114409379618
-8.644344032667467
-8.675929426589255
-8.832477732333544
-8.562540970398782
-8.798057500605836
-8.719510194563062
-8.72567497425572
-8.729337165083521
-8.743770473538046
-8.727034205770009
-8.786246112454567
-8.655794191706994
-8.582766391484906
-8.765714162480739
-8.674479896539415
-8.760263480808431
-8.729764778476403
-8.729208079840186
-8.687237316880191
-8.79005204503295
-8.636368410644094
-8.74625566985692
-8.765706173230459
-8.706773619381167
-8.74335196999271
-8.777239083252821
-8.719247845119265
-8.735776967463478
-8.774779903732172
-8.779010258159163
-8.697204252692012
-8.666479032230484
-8.820550454822289
-8.775828489691536
-8.941472555001797
-8.710030950760595
-8.72616581314637
-8.798069052567628
-8.803460589841327
-8.874644666898893
-8.921485155534928
-8.80909738057894
-8.90096501447992
-8.814251575441613
-8.903817618816811
-8.779099465001805
-8.855528372717686
-8.873697130961006
-8.818355792106484
-8.775717593021655
-8.851730176460975
-8.825603049050434
-8.904586826487918
-8.809644383455746
-8.847790422139903
-8.902458230000148
-8.847808680040503
-8.842938052417699
-8.87158442112939
-8.870251299215425
-8.911112197817603
-8.855242783399397
-8.831188746583122
-8.776066987430815
-8.877250893863257
-8.860059951967582
-8.77652199793887
-8.776971338894
-8.877904853948081
-8.797414210734365
-8.847129340217462
-8.815328407112693
-8.857298967754444
-8.924443975373258
-8.837971111944572
-8.865687147707346
-8.846138114577935
-8.898735362840371
-8.862756612131465
-8.707861719108038
-8.85550904471067
-8.864547217345702
-8.888809367022182
-8.918999286255573
-8.779235599181757
-8.930981661514641
-8.77230755050015
-8.814608929136137
-8.806007989607346
-8.80754817908191
-8.867386520060533
-8.891516945969993
-8.822387643304154
-8.739209058685676
-8.80371058852124
-8.724966557084466
-8.889349411632665
-8.784113656619738
-8.845878270208116
-8.870773301507445
-8.903069814754222
-8.777620253066438
-8.860666582541056
-8.872942089833275
-8.801731750626823
-8.826907529278023
-8.720365752239003
-8.778316564906474
-8.77042498543848
-8.73306094486944
-8.836527920761737
-8.853027236822873
-8.855877929358874
-8.756133203627872
-8.75789311833695
-8.862105931023512
-8.817474067786469
-8.819274544173041
-8.908791359802978
-8.896180784988227
-8.887417685254961
-8.91104925848841
-8.778522818495873
-8.902153927016428
-8.89266129613876
-8.828099702751743
-8.91006871532014
-8.870671336619562
-8.92508739298747
-9.000890152398595
-8.970512724592385
-8.912250844414922
-9.00297123304117
-8.894246338131081
-8.9047907672004
-8.954324801539991
-8.864474845430601
-8.835456806995067
-8.893707222558495
-8.955454748065277
-8.904585754282143
-8.95470894203476
-8.887119195146582
-8.920287363624752
-8.876196279147322
-8.915336837446139
-9.032149779002943
-8.97811373794894
-8.932953531521742
-8.92621271531616
-8.871425199626307
-9.010110937890472
-8.96680726326579
-8.840435703817265
-8.89041971888013
-8.922057965466832
-8.956126597410732
-8.9158387930955
-8.96176467155518
-8.869134953127604
-8.985257576048644
-8.953135401082788
-8.939815518255196
-8.893082628629568
-8.918905626318924
-8.92768440217292
-8.8635722303595
-8.914326269064533
-8.945819284682157
-8.840349099540216
-8.87088419339641
-8.87455244070591
-8.958689349154861
-8.954145988708786
-8.876411339324221
-8.870482640795966
-8.873978307311145
-8.94345753175062
-8.922870245370829
-8.961410278401642
-8.953645146897498
-8.9416634635486
-8.849695306539948
-8.955016080570855
-8.945100625534414
-8.953264114594786
-8.953805060272485
-8.835012767421551
-8.890564471407178
-8.969165253156902
-8.939438475130668
-8.916426100073052
-8.919590607013763
-9.007369189479633
-8.927424112017357
-9.020393915588803
-8.859482194602306
-8.910152914103872
-8.941949118017469
-8.90184052748909
-9.033868701615958
-9.011368692443526
-8.915422808437667
-8.993074278366674
-8.897074114138876
-8.981090571820767
-8.807458432295826
-8.902888006534239
-9.010741867579558
-8.920983339598319
-8.942592649148933
-8.926542952597373
-8.954586962205239
-8.863790204049314
-8.826586384745971
-8.96300098022602
-8.993251713404204
-8.894037928990958
-8.94962278700342
-8.965229913764157
-8.884028817341083
-8.962593418951368
-8.962673816177972
-8.846553416725147
-8.890815030165788
-8.974983684748699
-8.956384685880368
-8.973645333446365
-9.10761143295393
-9.054763435163329
-8.953145338193172
-8.988643092967896
-8.975999882083348
-8.98910293149734
-8.932960176835289
-9.017539714700463
-9.02737867658502
-8.909048688492451
-8.940396462257388
-8.893326733084322
-8.984992055666332
-8.989691894376161
-8.88851250462364
-8.96026553535797
-8.819106555754518
-8.906142710336551
-8.895298518841576
-8.898862021558537
-8.882532751815491
-8.938594574911598
-8.948055640473587
-8.907606835580799
-8.948139394351875
-8.87955441297564
-8.819167139234358
-8.899391203189492
-8.953948380250475
-8.9442280390177
-8.843297821177224
-8.941881221702529
-8.863755468772274
-8.85355135222241
-8.892099101739943
-9.004652790085261
-8.877029224648135
-8.909206851202569
-8.880062621189685
-8.934471779257985
-8.93716798230332
-8.961412990904503
-8.891261770706326
-8.962790040802512
-8.895565873510606
-8.995062253992407
-8.883844245905506
-8.90272850000862
-8.935341626123622
-8.911190506414016
-8.853299167011858
-8.953595759891112
-8.908862648781176
-8.980037707101424
-8.885105486449524
-8.964303624982021
-8.922753268219505
-8.962827429525374
-8.920263583784347
-8.922934021947492
-8.930317783876093
-8.823455980526433
-8.993639030433277
-8.873539302642223
-8.872928559687777
-8.891395359753403
-8.940284112601779
-8.947837077223127
-8.91244829021756
-8.920202053055629
-8.867579051391813
-8.936534033402799
-8.967217032493398
-8.898538999583455
-8.86170198287175
-8.870232933274423
-8.924017612769772
-8.880627804633237
-8.872840320949255
-8.881464822724395
-8.963248736953146
-8.876198383666106
-8.836606964269803
-8.857360831514038
-8.741628174291376
-8.954035523874223
-8.883072282604317
-8.835489605330341
-8.90242322216342
-8.854388689463232
-8.920622939870418
-8.873033629126256
-8.851030152884034
-8.835636127977413
-8.794139429332203
-8.890903964863153
-8.902356040671535
-8.816748696237784
-8.817337096204737
-8.922852574590257
-8.792692948647526
-8.864692484445214
-8.85364861232461
-8.890534015455978
-8.821051307058909
-8.90512390746731
-8.88115843176451
-8.89057532146458
-8.777006746071198
-8.870192401672332
-8.849487487818386
-8.770935541678943
-8.794877814890063
-8.907458324432179
-8.804294215012508
-8.75368512182735
-8.767266350746942
-8.819751771463922
-8.75392591014578
-8.697877341424187
-8.83678998102521
-8.854863283427127
-8.828505974453778
-8.862294179290117
-8.713914128715363
-8.849864089519142
-8.796513526511564
-8.743716787171532
-8.859640218821466
-8.840275884928193
-8.791642091421334
-8.781789170828217
-8.773077025856022
-8.926218080978627
-8.73542467689183
-8.84340550175394
-8.858381881140131
-8.750540405719901
-8.801795584269128
-8.788390248040363
-8.767390944714347
-8.838340445420572
-8.829840589290736
-8.845607412529963
-8.860304858530206
-8.84279578250676
-8.714146135061203
-8.848107888270192
-8.774723435015739
-8.876582702492332
-8.85767075799272
-8.886528882698483
-8.886831555984884
-8.887530668779942
-8.862024411429656
-8.841169620313314
-8.880161107186408
-8.801713006636431
-8.920243776651095
-8.908370620930905
-8.865982471444642
-8.78053512160747
-8.919375058201751
-8.88862029847373
-8.87019454845976
-8.793942109601364
-8.76080160754467
-8.819740851236865
-8.868556119181736
-8.856402088197292
-8.795824327863754
-8.833361365003046
-8.848935678310486
-8.779544359183074
-8.847251219170259
-8.85907397559583
-8.945372938042544
-8.772694767196057
-8.98776353569852
-8.860572600808727
-8.856998952524595
-8.839671195735129
-8.923313689400242
-8.922019537708492
-8.897449310921358
-8.916171665310245
-8.835496250286887
-8.947514530022707
-8.923087601193261
-8.865222147517708
-8.859013682082146
-8.822200852311989
-8.774890464316144
-8.782584796253301
-8.854659103889071
-8.692315884620697
-8.845304507289901
-8.844598016513249
-8.74509542773284
-8.806674224158254
-8.813475498387099
-8.776125280645543
-8.856746384885627
-8.847525030470258
-8.865248957019833
-8.798383103165895
-8.863043568517977
-8.70129100073054
-8.827687322731514
-8.807137574565472
-8.83586688163563
-8.747593700209976
-8.768941352815677
-8.848611992056474
-8.798184271148687
-8.891171660964574
-8.864424226241958
-8.844958653574409
-8.808905071648875
-8.838756244087701
-8.865939077004402
-8.87228826595157
-8.803883930957456
-8.89546163497896
-8.858453704969525
-8.827255894584006
-8.896161034840068
-8.808913391412988
-8.783106005174238
-8.86503957516576
-8.83921279228301
-8.873105966822413
-8.766786792668956
-8.763826014867632
-8.678945935810058
-8.862431437295324
-8.824396446962991
-8.733332518556551
-8.756112556757472
-8.776832907504737
-8.781902329439673
-8.80694643476273
-8.690686649456557
-8.672937922319994
-8.824538457185056
-8.708301358315252
-8.780969393871114
-8.72618407209129
-8.689799201310825
-8.831861239200519
-8.672503578707433
-8.726306088508883
-8.746173578997555
-8.72217957585427
-8.825650503246099
-8.801519682658435
-8.877499227619863
-8.86289497306821
-8.774559936642484
-8.704759904382165
-8.790322762992178
-8.77258683308664
-8.79573083034261
-8.831296876794978
-8.738934203551016
-8.800500903759126
-8.786722597221383
-8.863402083711685
-8.848713252940867
-8.874541962606523
-8.854780641193974
-8.845778244564851
-8.84552747031934
-8.801645715003295
-8.926415243349194
-8.895590815368235
-8.89394259083923
-8.850320739737533
-8.841909053201652
-8.93523814215156
-8.93072187004572
-8.978950192788343
-9.038782443342768
-8.958345543199298
-8.885314186123287
-8.884419026032802
-8.963100139784256
-8.952494784206399
-8.899867505322625
-8.906978047022971
-8.906915769764105
-9.008717906149895
-8.877729585673316
-8.984738816832614
-8.943922207389006
-8.89923173568075
-8.965489152394529
-8.995195673076031
-8.980733015831186
-8.962073592790466
-8.97020493796892
-9.109077887847361
-8.966248880463029
-8.986452633021065
-8.899979465737756
-8.988356372490724
-8.961371847575736
-9.008209356224269
-8.981552737252331
-8.994621175063392
-9.056704526447701
-8.98278329602262
-9.116301440595114
-9.011164106346262
-8.940047662718865
-8.982708457582829
-8.965907610354725
-8.955480543445573
-8.947745056211934
-8.975234830725734
-9.007675097813973
-8.932747871744999
-8.985558268744525
-9.011343500742527
-8.943767672672251
-9.015227887193157
-9.034015524153176
-9.01860073019396
-9.103212664999651
-9.009676749377238
-9.071790914216185
-9.03107678728861
-8.941991200290174
-9.054224364269041
-9.14831486739156
-9.01183885811683
-9.142722632010123
-9.090599113750379
-9.113121878588657
-9.058311100348263
-9.188577514644125
-9.108519573936697
-9.16508628599321
-9.124626015038935
-9.193175669358975
-9.107253267965781
-9.156467539763538
-9.214223570248523
-9.136788221579659
-9.16840870523424
-9.15065072386337
-9.156147956304295
-9.122051328093914
-9.23318069818586
-9.175455014428104
-9.179318312201293
-9.15071938957608
-9.250201440988096
-9.113593136611223
-9.128841479637298
-9.234105083868503
-9.248552674224907
-9.196251821144461
-9.205335514244577
-9.120849902919337
-9.158277064831958
-9.150777591053
-9.128659271709823
-9.197804002316591
-9.222626537955607
-9.168357240243862
-9.170223915740856
-9.131799989589474
-9.043687569654509
-9.123012090465783
-9.09232812334187
-9.076452777684578
-9.160294539027696
-9.166092056276279
-9.075387089383915
-9.082551799411398
-9.15240094632574
-9.067382347470598
-9.065045279424918
-9.135789930583133
-9.147298947938603
-9.052965669587811
-9.182100348914016
-9.139814689643604
-9.21205337490565
-9.168738629370294
-9.147328544087038
-9.180054137683031
-9.142853389632833
-9.231778574262588
-9.092797143132314
-9.249018701651869
-9.161744326420365
-9.16485927513222
-9.233357668285596
-9.226581996131804
-9.24539438041153
-9.213192416276149
-9.269179218317813
-9.155250268644815
-9.222137587104875
-9.142031414448613
-9.253961986847155
-9.280750634393796
-9.053222995247276
-8.421523347590924
-7.084242853208632
-5.91157748887348
-5.510626041087505
-5.513240292434013
-5.502482137904845
-5.484172553244918
-5.490599758053126
-5.487070955560491
-5.473979367432041
-5.495480224472138
-5.480836542610061
-5.494618414855542
-5.484365493184439
-5.480443771416565
-5.476621166930242
-5.482689685359925
-5.485977727724231
-5.488956737677626
-5.4945772505290815
-5.491785905091664
-5.486195709229908
-5.476424099334101
-5.484119711852134
-5.4808982112053615
-5.4760259683679235
-5.483149637114955
-5.472115780328739
-5.478470890021391
-5.501356974452271
-5.4876708743864615
-5.48847201974248
-5.504183529984284
-5.471244373428845
-5.469355853493981
-5.494194518603509
-5.4701314926595295
-5.479955205038444
-5.479665299126129
-5.494523346766098
-5.501653226131939
-5.485573529543989
-5.497685825377445
-5.480079741292856
-5.477296157975369
-5.4662678354371845
-5.485218220947504
-5.477517546508964
-5.484943265644793
-5.487362203372138
-5.488334980932947
-5.473068153906702
-5.480944198915072
-5.491129325259902
-5.475997706117784
-5.497216212486972
-5.481539627270368
-5.484191889038355
-5.479136725070122
-5.48914545754921
-5.495238231663585
-5.483570050997092
-5.492995061348792
-5.485027452577306
-5.464428103563918
-5.471744416857796
-5.481213117159185
-5.489223936810232
-5.484322535187651
-5.485615814711485
-5.46485917009311
-5.4880067678982805
-5.476592577640689
-5.481761263388597
-5.491623506425985
-5.48196841461224
-5.487886759987449
-5.479062119741707
-5.478144035607991
-5.480157229709823
-5.487911542917935
-5.476968868631449
-5.486829298761
-5.474585426713567
-5.478644098140967
-5.478395007753764
-5.481605172620065
-5.477596636103011
-5.4804064849326375
-5.482016563785565
-5.47859861831511
-5.4560145555916995
-5.489236890351579
-5.472400290751374
-5.48943648702972
-5.483018309232147
-5.479661703387681
-5.473237442148947
-5.48656482797881
-5.473751716737837
-5.4992681343146135
-5.4824223880663325
-5.4806682198764385
-5.485848072457987
-5.489365176200021
-5.4702594951908665
-5.495011674420623
-5.484586617617296
-5.486599176583827
-5.46587005122356
-5.4750472291619925
-5.466731024126919
-5.480701736672612
-5.483258822863552
-5.479806525534623
-5.477312741208372
-5.4890983449860205
-5.493116651220995
-5.485921156709562
-5.481022508446677
-5.485352011518422
-5.495958741959081
-5.477982612105242
-5.483305305943762
-5.4933053319192
-5.489387710120721
-5.474061818053727
-5.476051588564076
-5.486442519524429
-5.480354107371405
-5.481010755374189
-5.483428344870652
-5.481787903644056
-5.491418918482165
-5.489490916493228
-5.487038089234353
-5.4715125585973166
-5.493201366361787
-5.494640250468886
-5.481468290625065
-5.477013489474004
-5.488033137757711
-5.493098116088009
-5.486179460872635
-5.49456277325438
-5.4902134762948975
-5.4856196100004375
-5.474141540172885
-5.468805683461337
-5.491657981935323
-5.489878058928395
-5.4697616403334
-5.460853460717042
-5.478973390803594
-5.484845380974807
-5.465784837460839
-5.483309157594574
-5.4692204769764245
-5.484186478418324
-5.463478555657516
-5.493667462819597
-5.476110625633068
-5.488949391022823
-5.472328435793911
-5.481128558057117
-5.480991773405474
-5.47377397391035
-5.470936468865297
-5.483110726631637
-5.482539116773632
-5.484830610036742
-5.473188759261843
-5.47436677246759
-5.498904856983582
-5.484965075586452
-5.486684771078025
-5.481426006860904
-5.485253642825782
-5.4848748503906
-5.480893961065927
-5.467350864255874
-5.475793660354931
-5.4914162839202465
-5.4815546883579165
-5.471625513654747
-5.488370133999412
-5.478850161288005
-5.476661783651597
-5.473261522160252
-5.48358214023073
-5.483471688227578
-5.4831875255972635
-5.491873828426593
-5.479717500393172
-5.488561854115964
-5.4839725259233365
-5.48111818291034
-5.473148002812137
-5.486962701887983
-5.481166627125323
-5.488041838275745
-5.482338574289216
-5.4895221034585875
-5.489042083813285
-5.498295713955141
-5.479844716899804
-5.467961892145864
-5.4867609929646335
-5.47720536081383
-5.487911031045474
-5.487956423991067
-5.478703041516012
-5.487950877740808
-5.482209865525253
-5.486888300736592
-5.477602655531029
-5.48489533403784
-5.478059696447306
-5.480714827958633
-5.49403355759791
-5.482635797528094
-5.486688894230145
-5.484283618304806
-5.481549750631119
-5.491502044837714
-5.48163639159223
-5.478427176995858
-5.478721106239638
-5.470704034605204
-5.484290741502456
-5.480119031385303
-5.467099540375354
-5.491865031040287
-5.480804511002756
-5.467062606126365
-5.4815158300900615
-5.489327169291565
-5.505873471769072
-5.479674976864603
-5.482003681558483
-5.468588630697394
-5.480029490640703
-5.496325837673131
-5.481932077450791
-5.473123234350524
-5.480272754374653
-5.485185431811401
-5.499295664857403
-5.492965407208444
-5.470729841050616
-5.480247273635843
-5.482011024713873
-5.476082599349451
-5.483612115399104
-5.476821005563994
-5.485537946790532
-5.495650305236324
-5.486989079651135
-5.476384534522585
-5.497159224336836
-5.4848128758327
-5.484190248638704
-5.488718247233399
-5.502150534252502
-5.4820355146560935
-5.486446649579203
-5.482767405243911
-5.491072942339763
-5.4747945693130085
-5.473525337367965
-5.485986469411557
-5.506825791612724
-5.500849135820214
-5.489583071745105
-5.474385438108772
-5.471532849903162
-5.46476825628584
-5.482602652845948
-5.470460215645325
-5.492905422942859
-5.473383557885318
-5.485953846445838
-5.472935682549946
-5.471995912029007
-5.474038770603336
-5.495346317368296
-5.493057652961003
-5.48310263964733
-5.469291827291933
-5.497772354978494
-5.493191222272398
-5.47402706809704
-5.4867265792842055
-5.487572465992699
-5.490299297727163
-5.490658412947716
-5.492037433329465
-5.493025928958188
-5.483446696062103
-5.4915089180464065
-5.4817910935547465
-5.471771215115997
-5.485465609805912
-5.474619410226815
-5.495269289166673
-5.494784462187424
-5.486601179382515
-5.483632603197068
-5.4942875185639375
-5.493865582578366
-5.4798296427767355
-5.487833733476798
-5.483610293874006
-5.484637345381984
-5.474427249265177
-5.487349570063583
-5.46729209932878
-5.486621337703241
-5.481935482657599
-5.47802171027552
-5.49087595392848
-5.471365286546352
-5.473353225852815
-5.492653614084649
-5.492822550051772
-5.493982202666881
-5.460711112349425
-5.493628425229939
-5.4941053990623345
-5.487196929745806
-5.491804492514623
-5.480916497939318
-5.4774771149007915
-5.482761990018145
-5.484001317666028
-5.494795631047333
-5.47088250500346
-5.481381896099879
-5.470031142814223
-5.4740125506415716
-5.485415919666147
-5.47881349632857
-5.482819401720322
-5.480283667819506
-5.475604008212105
-5.493805885424059
-5.474277250603479
-5.491216838813729
-5.493999079502418
-5.48920515544903
-5.484905337776015
-5.490148014853817
-5.474346851714405
-5.492059148299997
-5.481631225287171
-5.489611285518357
-5.475431521655526
-5.497230434925806
-5.491114301292991
-5.469532767233016
-5.4762294806422025
-5.500159548881659
-5.496498568347766
-5.487737045835865
-5.486004785067785
-5.485329874263624
-5.4882594212437406
-5.48587661656053
-5.485403681897889
-5.486114090975893
-5.495107752499308
-5.4687325961422
-5.478737874334964
-5.491704974028976
-5.494915085785666
-5.4800471799343855
-5.484782115459852
-5.482668485300072
-5.493180589678765
-5.478692226532163
-5.492120507966063
-5.49169365395601
-5.481101495657484
-5.478040711687861
-5.478652568692912
-5.482111796764412
-5.477068897862875
-5.477891039150894
-5.488104990087962
-5.481295515455341
-5.4853817640796905
-5.478360513511614
-5.475226444586536
-5.484035810029062
-5.493815366722919
-5.490374834668059
-5.482647050711194
-5.464000643527962
-5.490387337430161
-5.4875730237660845
-5.479477025915602
-5.4748160158436905
-5.476390137240242
-5.484455823756897
-5.493603859203187
-5.486177331996416
-5.487952861462524
-5.484289090626867
-5.493183019416057
-5.493191052535282
-5.483780414071812
-5.481067756910822
-5.4700161438878245
-5.477361801190205
-5.473537972421652
-5.481097762483472
-5.4802098702124455
-5.488285759086832
-5.482187832593729
-5.486232035245237
-5.486281767314684
-5.486907742072706
-5.4674573029649025
-5.481077248329381
-5.482665784534226
-5.474539482951832
-5.4785209655082845
-5.497697560573192
-5.48994097215501
-5.483910263136534
-5.46519144911516
-5.4875912850596755
-5.478709320256087
-5.478410435176257
-5.477674600649561
-5.4972463275267
-5.496890847995705
-5.4858760091080185
-5.477702308731325
-5.4729988434599735
-5.488602348155462
-5.488522603603245
-5.492847920122376
-5.48605692853346
-5.478226321637113
-5.471730597713501
-5.488388259139696
-5.478388921230028
-5.484405467021961
-5.484138004090472
-5.500091490266249
-5.477110456555677
-5.4875312740672335
-5.488120093695167
-5.4924328867170304
-5.487477407376122
-5.459269735712165
-5.477105891387122
-5.477251446099703
-5.4715094537332
-5.487806363947457
-5.478751315947306
-5.487477360186507
-5.486960882582796
-5.479866519036537
-5.487830844308187
-5.471035167938371
-5.486934885861555
-5.4845650751170005
-5.485332646984464
-5.492112805376414
-5.47944178473853
-5.482264296014877
-5.487162240225484
-5.482937007022802
-5.469506004036766
-5.478273417126367
-5.485825321243242
-5.492512076122309
-5.48484732437645
-5.46749092709252
-5.478527816594158
-5.486656694332711
-5.4811705858907445
-5.47599655657479
-5.482054485889071
-5.480200067731739
-5.483513784103895
-5.47394829651025
-5.477637960236542
-5.48267337670039
-5.474320879932112
-5.485794578006602
-5.4829553199127545
-5.478549157970475
-5.480370958615827
-5.465576165568543
-5.487477370386752
-5.481621095600818
-5.490240564373411
-5.468084136374131
-5.476482213213375
-5.490868448461642
-5.479009861985229
-5.476927609428785
-5.468878399177303
-5.47874596306542
-5.471103669657391
-5.479837107116431
-5.473056268794284
-5.481746565614995
-5.474212366809147
-5.483344152175813
-5.491817744937215
-5.475634705128739
-5.473158669399969
-5.489731561568678
-5.481482695583138
-5.48411775684291
-5.484113391586659
-5.489378344336015
-5.477231563425283
-5.486300161408945
-5.486237862562039
-5.485977203207538
-5.4915400446421545
-5.475760743631678
-5.488176708788466
-5.490543908558045
-5.476391587670417
-5.473174415064822
-5.504423838160554
-5.475436391055283
-5.495920908357249
-5.492289392446098
-5.4953739124210355
-5.482029632546731
-5.476616828202192
-5.484142183098321
-5.4810085669467306
-5.474670006416125
-5.478628319168344
-5.473919450090505
-5.474090074328913
-5.485781344086118
-5.484564654104066
-5.480267685852646
-5.472831682748118
-5.476179880296176
-5.476061749526021
-5.4768238030260274
-5.482737809904572
-5.492716742639427
-5.485751123982934
-5.497400207098109
-5.4706742382417985
-5.46850531405908
-5.48946223566053
-5.486120198258906
-5.476462293864138
-5.478107915330185
-5.493245385452034
-5.475018077564719
-5.473514534647505
-5.481804031023881
-5.483752909651558
-5.474616661982238
-5.486710075950149
-5.482942582464987
-5.483813527505831
-5.475346021380722
-5.489727953756407
-5.491543768680533
-5.4768835105109055
-5.4946617095905355
-5.490477874595176
-5.497876766073214
-5.490345303919613
-5.488555381713603
-5.49284402187538
-5.479792737285105
-5.481885132339465
-5.483806061457886
-5.470204356600549
-5.4807433479334495
-5.483648519435989
-5.470940052984513
-5.480280900229264
-5.4834306181929
-5.489348396271591
-5.473067462167528
-5.487841481527524
-5.48534149223721
-5.485169396367532
-5.48054405466291
-5.4814306879692
-5.4860216771425625
-5.484252808246339
-5.493205665499722
-5.473445803581804
-5.474272415331749
-5.474103773308
-5.493380517897784
-5.47257890860887
-5.4961252280213815
-5.490958675848703
-5.482875281155362
-5.482710745803323
-5.482083290017801
-5.484830342382023
-5.485078677336614
-5.488199803019336
-5.477082724412224
-5.467790029641449
-5.49513640067513
-5.4972579034827875
-5.481161057457926
-5.476965667919035
-5.480056500352864
-5.453996199290758
-5.480267215207873
-5.4879499793153
-5.4814935530904565
-5.4827308889966035
-5.484173962890637
-5.480137387679029
-5.4780480617282254
-5.478935557332691
-5.471709515223309
-5.482685325579808
-5.4816029106017945
-5.476356591684653
-5.487804442421048
-5.476986140443209
-5.485188249070998
-5.4919400547527415
-5.4822362546111485
-5.484269283565346
-5.469154416878322
-5.488254938611105
-5.481369225033511
-5.4882796770064495
-5.485783307872906
-5.483102466842549
-5.484345683339864
-5.494550330812555
-5.479765010830111
-5.4904039765730674
-5.498161971050533
-5.488612698240487
-5.4606532747746375
-5.483489140504698
-5.484020538032243
-5.476094342814637
-5.485214935369794
-5.4762311232704795
-5.494689793473142
-5.480105719400708
-5.480744993677575
-5.481037222203239
-5.486360673576073
-5.4818171472575115
-5.48572212973567
-5.4772147204674235
-5.494211729044949
-5.477371572382971
-5.481108612550806
-5.475488006514792
-5.485438290482873
-5.484478154680641
-5.487502321859744
-5.478964267523291
-5.482283027973797
-5.4774836057660865
-5.480946263997442
-5.470762275775039
-5.493639154207296
-5.469010381762038
-5.485122857966041
-5.481983313531434
-5.4768126045458345
-5.488208979976688
-5.473364615002479
-5.4802707615290185
-5.503474607430819
-5.486323009165389
-5.4704981698956185
-5.478029585803302
-5.490510756878963
-5.469896551976635
-5.484692807900879
-5.478630524339899
-5.480172980359317
-5.478648497801895
-5.489275976374341
-5.478603061439159
-5.4802134246938525
-5.470736912907747
-5.49929624112688
-5.485987533785393
-5.4748794577050575
-5.47927657037717
-5.4893807395169185
-5.485141908547195
-5.478770387699976
-5.472634776150703
-5.482626886893235
-5.499377285695595
-5.496595233125198
-5.482690388393159
-5.47280648952762
-5.482210748364975
-5.482037123666551
-5.482594384162537
-5.4886574505975405
-5.478435562985308
-5.5016579552434
-5.497101271743342
-5.483455307093288
-5.484411151094097
-5.48170713328624
-5.499272374130935
-5.476134176325323
-5.483103576814501
-5.488307844856981
-5.489312874721236
-5.477894673117692
-5.483715322832399
-5.487574977872639
-5.482966649708761
-5.474590268837973
-5.474237262371317
-5.476226454423906
-5.483115010678713
-5.4822204042164415
-5.473591208453815
-5.497058173263099
-5.467638152200106
-5.48522440191088
-5.48571831984786
-5.483680758274744
-5.49416928333089
-5.485113805665242
-5.468732390718991
-5.477473105340746
-5.475859578291985
-5.479900015707631
-5.470167843024373
-5.481738257100676
-5.492697542291562
-5.5087696355289815
-5.490147712652315
-5.478627941385458
-5.480509066333642
-5.483429056481796
-5.457759572559691
-5.478306700386929
-5.471877720267096
-5.471439542439428
-5.477546229202591
-5.478780758303204
-5.480308563619083
-5.488197650030714
-5.491722278406396
-5.479508798508865
-5.478449259025611
-5.495824895810994
-5.4839543110286035
-5.480660936880682
-5.487241079116064
-5.485494551564695
-5.4824317167876675
-5.479443665770633
-5.480109544562729
-5.4786467612136605
-5.4800277449899655
-5.467254877872241
-5.4706376009125
-5.4710319482095136
-5.486981340578327
-5.485383554987284
-5.491757824137538
-5.483918528280485
-5.47129912044052
-5.483331931845157
-5.4685097942351515
-5.477196072294602
-5.474714360121627
-5.4768310227261505
-5.486385665434062
-5.473247899305171
-5.49095004358912
-5.47619860277051
-5.493017449203769
-5.495574324742943
-5.489525221001003
-5.483445338472526
-5.470936619502923
-5.484970764253442
-5.488453196710935
-5.483747944745452
-5.491519561941605
-5.4792686649008235
-5.492165318417515
-5.488663288572953
-5.49329259375934
-5.481718316873785
-5.480375752387861
-5.498811457684713
-5.487465598606946
-5.491897250777779
-5.476275457472055
-5.475711814727543
-5.468141788607305
-5.488593504058588
-5.4817323777351
-5.481552190861368
-5.47147232293896
-5.48093880599076
-5.483286561267343
-5.48800686239437
-5.498396480538339
-5.486616720811093
-5.489511821219292
-5.488280022036547
-5.475803444481416
-5.472884126847457
-5.480585742806374
-5.47249385852405
-5.4769382599410985
-5.470432871211663
-5.476679517768116
-5.478338063618899
-5.486762289771574
-5.479883226817381
-5.48308617655845
-5.48800600827558
-5.462525301345019
-5.501083843098774
-5.485775233935951
-5.485930679504611
-5.48360515057211
-5.494580452214155
-5.487257150343553
-5.494559201207623
-5.460352573391406
-5.490547804880478
-5.4850031185149355
-5.475765360522891
-5.472298114684205
-5.4713507628050815
-5.4791129066007676
-5.484897911525263
-5.468944368233585
-5.49179138136488
-5.481724710883589
-5.468271948383034
-5.481359069439237
-5.4731583652610825
-5.484506141891924
-5.481987485689162
-5.465159735680013
-5.473073289950234
-5.494285246629395
-5.483766946660872
-5.488208169958646
-5.478230553814583
-5.47669467962317
-5.487431021316996
-5.488595932458615
-5.472092170451614
-5.483141671183561
-5.480951043399869
-5.48801870457363
-5.487724756821895
-5.496818963006085
-5.49057467226395
-5.479329201000461
-5.496453056003452
-5.464556123516518
-5.476479370044173
-5.476001182076544
-5.489985034820737
-5.492204244291007
-5.490330163367759
-5.486238492160715
-5.489422339065819
-5.488763894788064
-5.498958783525553
-5.467738931612741
-5.475512827738993
-5.49575911482398
-5.468067291053479
-5.494124457130413
-5.48664655546413
-5.483549645544945
-5.47671713731752
-5.493359679846371
-5.471976191026267
-5.473709774168234
-5.4730403797444005
-5.476825413711962
-5.484705129894066
-5.470624247620652
-5.483801987983865
-5.487417979454423
-5.476528714492617
-5.476054993810861
-5.474766520540356
-5.471751356526312
-5.488550487101539
-5.471630697835131
-5.482942918624833
-5.47640752562703
-5.48379437410283
-5.48346516356726
-5.483928189923138
-5.5001016632646
-5.4831915642612925
-5.478547027592078
-5.477463455265486
-5.47932961515675
-5.46767371475143
-5.484461462924352
-5.480492135755122
-5.481830688286692
-5.498580354483131
-5.482148843767273
-5.478833947072932
-5.479414331876531
-5.486251149593857
-5.489119592854109
-5.484286809608261
-5.475366015460532
-5.474204031763029
-5.507204203219471
-5.469071280844668
-5.494237476555707
-5.4703111732115275
-5.480756862363693
-5.483466427979557
-5.466192163903045
-5.490201427948119
-5.468457804715388
-5.48799095835541
-5.490516402402687
-5.486763719232047
-5.474643950006172
-5.471465389212355
-5.475390745779575
-5.476423417534473
-5.485960565664049
-5.480423383148224
-5.47952197440874
-5.490383277481479
-5.475517657373085
-5.47460691237264
-5.483305975339897
-5.474967892484408
-5.479627569050181
-5.476906625985932
-5.495980123297862
-5.4884164652323655
-5.476919380560631
-5.487478649911734
-5.50277636094421
-5.481112283691579
-5.465305330776474
-5.477610539019426
-5.482824754780396
-5.490320996460594
-5.493514362358788
-5.474851277915612
-5.479294466886919
-5.48362360138411
-5.487796002845679
-5.487365757726769
-5.487812316398642
-5.468980262556567
-5.475295883928054
-5.469578074623197
-5.483637854854195
-5.479034944110934
-5.478671470855154
-5.482477556240141
-5.486948118128812
-5.489879467556637
-5.483476951559716
-5.478494432727512
-5.48366247401043
-5.4758008525139985
-5.49375610707501
-5.483912337835932
-5.502419642140166
-5.479266623407892
-5.470259804608496
-5.477129555164412
-5.484379656045598
-5.468363321025154
-5.485778225165522
-5.483775505312611
-5.488244439154585
-5.473190013254068
-5.476191991456948
-5.471371765555219
-5.497453962683476
-5.477717006997884
-5.480353197214448
-5.490946283260751
-5.474338300762914
-5.479632092830524
-5.4859806073793145
-5.49109569748307
-5.479391972251515
-5.50516543038167
-5.478859259078094
-5.47510782581103
-5.493828169005821
-5.478666962639622
-5.482163752424867
-5.484347378714806
-5.477648526753313
-5.480664931556049
-5.476574577187784
-5.479431896417457
-5.482608886261195
-5.475142840801805
-5.491921421379533
-5.486596608051997
-5.4873913855035195
-5.479068357116336
-5.485730934480471
-5.476746015623156
-5.483817879927345
-5.496072248004781
-5.487280644152618
-5.487915330540345
-5.478564846443178
-5.486259228813688
-5.490269315727298
-5.478410075353281
-5.483041652702525
-5.482085339310243
-5.4770507335842815
-5.493242197403443
-5.480973157043597
-5.481716601648719
-5.493920489637096
-5.484743091313346
-5.487972592726468
-5.478739972685095
-5.487329560757098
-5.4816740748068735
-5.488603143111373
-5.478488185453354
-5.462390840723222
-5.4721349714960725
-5.4744462123913085
-5.483272870908653
-5.4844354315443855
-5.4697075538983295
-5.484475793326388
-5.488071939888901
-5.482294640507759
-5.482654840485509
-5.48367407256809
-5.5092032521124406
-5.490192613197296
-5.47959912436653
-5.493345312490187
-5.4707194697683095
-5.486201681412485
-5.482086132198489
-5.478403197006028
-5.475110094997004
-5.480350548093167
-5.482714568256599
-5.4775408368813725
-5.486838562506609
-5.481406312848948
-5.46818777913373
-5.482538044656266
-5.477267041612129
-5.492538291389541
-5.48749331836306
-5.478680030611885
-5.477048395839419
-5.4927043377318485
-5.497994162542637
-5.488988094302046
-5.4964518065216925
-5.486177881295617
-5.477436644330197
-5.479740574426206
-5.487613948770757
-5.477995984510037
-5.480896334070524
-5.495497536410372
-5.488841912399775
-5.462871235489165
-5.500753135623144
-5.4766657715348765
-5.495770027254167
-5.482954230863746
-5.481224492736839
-5.499503088981213
-5.472608159726507
-5.478350495749317
-5.482388050237827
-5.473308856523385
-5.480515922476989
-5.477463370408815
-5.488207902024063
-5.48953627217826
-5.477309908980371
-5.474923987283873
-5.485808437136029
-5.485575517887302
-5.484420753419837
-5.470913728171617
-5.471975886035773
-5.4844277300665425
-5.492200220080393
-5.484038779918509
-5.4730497660439426
-5.490554619197656
-5.496668670690041
-5.479384244480631
-5.486298131283917
-5.493082825261677
-5.4847313623665785
-5.475171261919209
-5.467527025845694
-5.487560570785122
-5.476470686537372
-5.481959202608714
-5.477097505216338
-5.490245302962978
-5.482989641600561
-5.483318790792239
-5.485311051600247
-5.482356651177376
-5.487402011569114
-5.48496201969133
-5.483974145869209
-5.48093008216127
-5.505287814734714
-5.492015384625797
-5.489162261294407
-5.477312985075016
-5.479856631017909
-5.476813417004979
-5.482058370035312
-5.488225055587212
-5.489107602571607
-5.4774518208111465
-5.4885621612516715
-5.4696402626800165
-5.482348620839265
-5.481502276378566
-5.480443698427121
-5.467807964980501
-5.480593224656024
-5.480022854361113
-5.4812010383276615
-5.473226808138736
-5.470475927930105
-5.488040727898093
-5.474948639031609
-5.488601922898823
-5.485345250325096
-5.4882843072108205
-5.471931970812095
-5.485755875885969
-5.466969309237674
-5.493362906256785
-5.482736968999564
-5.489123425223759
-5.473356839387801
-5.466211816459282
-5.494323756896
-5.492755842849991
-5.483916860772913
-5.491979339188785
-5.499385378966368
-5.483798211861645
-5.4875013581330805
-5.476660846968567
-5.482592461808955
-5.4838858226630105
-5.48875455441952
-5.480125208295414
-5.482603906802539
-5.512972266870236
-5.477771366856158
-5.477760893006867
-5.478942829109701
-5.488780495231968
-5.498619060346196
-5.474735660956071
-5.492546216173627
-5.487215373048184
-5.475359338516586
-5.4861697594501155
-5.496695886904039
-5.4828095744824585
-5.484412020977236
-5.483047769893587
-5.482441131975626
-5.480839862034495
-5.479651148631554
-5.478716557269661
-5.489566228756927
-5.48814849476972
-5.485500064135916
-5.47546722693653
-5.469416872206016
-5.47602978102663
-5.483146911393236
-5.476776732245413
-5.474680092818623
-5.483683137504956
-5.480674280251162
-5.496732371263484
-5.4845656529446405
-5.491526546652124
-5.4846628577410295
-5.483790816313148
-5.486460554849604
-5.477593712837706
-5.483591178029009
-5.491139585101077
-5.474794557591482
-5.476123366606036
-5.486643002746971
-5.478190304547188
-5.478219478518169
-5.485744483699069
-5.485187701289132
-5.4704189238476815
-5.478851361905118
-5.498863701938543
-5.482670249862524
-5.484313783811377
-5.465105410599199
-5.484993847426005
-5.502853693578974
-5.474221234540033
-5.476078712781277
-5.480084874219574
-5.491822719865802
-5.465597056393232
-5.483785460525682
-5.488732016730661
-5.487787563702044
-5.480549248333685
-5.481939334393867
-5.486541747573812
-5.481003488752043
-5.479320315513842
-5.47890662449188
-5.478927940238359
-5.486122296289772
-5.484198182970051
-5.479906209264931
-5.482254514940536
-5.473757052589239
-5.488272660942415
-5.501629077802237
-5.476340581817162
-5.493625055760082
-5.485570133327051
-5.4911119949442
-5.475858076942078
-5.4958205342258095
-5.481918934924073
-5.489077585719148
-5.471894451121632
-5.482850421178761
-5.478398149011354
-5.487052212982217
-5.4804420622534
-5.4895423435165425
-5.490260308948756
-5.466621953254403
-5.478055535725059
-5.479894719725096
-5.472337176806758
-5.482969196691653
-5.480865911191759
-5.473954636100961
-5.4785045879456336
-5.485794195168545
-5.488470160900132
-5.486251776152163
-5.486936945897173
-5.487869546004056
-5.500189996982168
-5.479725245651239
-5.478044412890201
-5.487289317757785
-5.4718372469054275
-5.482029171444563
-5.495570739821516
-5.467634625195437
-5.4766213971671895
-5.486830218712814
-5.490467220914739
-5.479037636380735
-5.484787007130071
-5.4698346872574035
-5.488771292849365
-5.460103235172929
-5.493500997290049
-5.482388554164896
-5.480580338935354
-5.489176261681935
-5.477649591076747
-5.478008745909259
-5.482524112263605
-5.478402504361366
-5.481486476290101
-5.479465907660394
-5.4881916985488335
-5.474197054518789
-5.47661465887171
-5.471398113117162
-5.492397948883239
-5.490831316131182
-5.481564137177439
-5.4852183808481625
-5.477431883922195
-5.491314017788858
-5.478629309624952
-5.479955948190931
-5.4750342960963225
-5.479524958077018
-5.483314613696651
-5.471310438129862
-5.475915591591634
-5.477229605457177
-5.470694961330307
-5.477526847964995
-5.476223183413105
-5.475935224613263
-5.481146599708819
-5.483383124013419
-5.482956239434612
-5.472878556514468
-5.4779500417720515
-5.491100011811326
-5.4681076628605965
-5.490638087903772
-5.480684344036149
-5.487625063066967
-5.481399551988844
-5.468490828870427
-5.492697865010134
-5.489466170008826
-5.4761688636985495
-5.500654175916915
-5.473637182013011
-5.482302048432136
-5.483044541721643
-5.472666016044397
-5.4703357082873145
-5.481345357846955
-5.495632311866905
-5.485045050511638
-5.483497526691035
-5.503276906384919
-5.484167947116838
-5.503145269717788
-5.483262859132039
-5.495537637452898
-5.486083673814334
-5.474689804474558
-5.46817775021778
-5.479333767699586
-5.4714186874764765
-5.482570455088236
-5.485453845923243
-5.495111976467254
-5.487526164236538
-5.463174127964727
-5.4873021190641404
-5.476873149423458
-5.471966687998165
-5.4856775801562625
-5.489038511712796
-5.478532889689709
-5.4949727904467025
-5.467777866695871
-5.481995421366709
-5.483303051612231
-5.467945778518364
-5.4772035810893875
-5.495303376627292
-5.483479548221432
-5.4905721840115
-5.489039985469994
-5.4727117724060115
-5.486463600890828
-5.483717310916833
-5.469096546836834
-5.494191398593305
-5.480566263340677
-5.488473559770124
-5.479255313991287
-5.483384527008418
-5.478191261362614
-5.478655038917291
-5.487618744868405
-5.4697771505368955
-5.489487274122427
-5.485432985812183
-5.480027145633224
-5.487174800893342
-5.484950543656592
-5.502721476616925
-5.481603825338434
-5.497094207220213
-5.486467853733515
-5.4862341946211455
-5.494177482281249
-5.489611880180168
-5.500948338669625
-5.4788954239594325
-5.47673392911933
-5.476205841343896
-5.496686274160958
-5.481173197340013
-5.491410465874738
-5.468498769372612
-5.475150402754041
-5.4770489386808805
-5.484221080360772
-5.4829566898710915
-5.486405208210129
-5.475699607511038
-5.470484443296486
-5.496986336024648
-5.477146977241845
-5.479492097716677
-5.491364415457426
-5.487629169378239
-5.475560901657517
-5.479319094933773
-5.476778863109738
-5.4859576227309
-5.490088479660051
-5.4876628872949595
-5.46827183999979
-5.48976587897908
-5.486767773949861
-5.477908304497364
-5.476655240133178
-5.4935266457273295
-5.485573811104801
-5.485037852763956
-5.482781969603351
-5.4684253300064505
-5.478598265778623
-5.481359682974532
-5.479294989933395
-5.473307544735381
-5.485397967809472
-5.480875271751057
-5.4869522696029485
-5.47319323671115
-5.480988707396916
-5.477726970050182
-5.48592123601158
-5.4877170176869265
-5.468439230882555
-5.473602224032148
-5.481144819011027
-5.479714046443306
-5.486285348268342
-5.475345520335317
-5.484106491433295
-5.477247258815902
-5.480362890268845
-5.486378042859485
-5.482462085505009
-5.488533216553633
-5.481284443832269
-5.483241400037745
-5.478630184373479
-5.473151527862273
-5.476673670334524
-5.482149631112367
-5.481655498327162
-5.477255118287971
-5.490480834646026
-5.481361972567473
-5.480741213648665
-5.494454029482061
-5.490353139702806
-5.47872138794306
-5.478028032741297
-5.483649542235042
-5.475121886201163
-5.478466946381214
-5.491392066647531
-5.477213343336629
-5.492426969965042
-5.471756245234677
-5.479087790916045
-5.479493486932904
-5.497714308745728
-5.485778893402435
-5.478356322791118
-5.4834956562413595
-5.468173506733351
-5.487197888868011
-5.48282538033267
-5.491829885447638
-5.465882649922765
-5.478119850700307
-5.47329315919229
-5.484235150279675
-5.478060772347133
-5.484503295455205
-5.4771142130321415
-5.4870277055718235
-5.469985461857994
-5.473971611720703
-5.470197399399414
-5.505416975801212
-5.49288355173311
-5.490485624867073
-5.478123714605656
-5.482560193608308
-5.481551224430013
-5.499894169847011
-5.48532640391965
-5.483720402804252
-5.493716076188116
-5.4986799602669665
-5.4834396816581075
-5.473394037346279
-5.499437316450432
-5.490293429410659
-5.494167742861364
-5.4699976609133545
-5.479736055427004
-5.475956245724629
-5.468984568995312
-5.4851937303565546
-5.484014326051204
-5.492315426015016
-5.491079198868668
-5.476864802792522
-5.490461848508505
-5.47717623194012
-5.475249404737733
-5.478091917483241
-5.482608522054905
-5.490815267270307
-5.488943039194506
-5.485538477573669
-5.483046628508814
-5.481123938431416
-5.489271647837267
-5.488293808215811
-5.460542789450888
-5.485182565366091
-5.474777601258198
-5.481530614978173
-5.484998991821469
-5.479083184035943
-5.480640361969527
-5.506057971395117
-5.4952390510274025
-5.482112557080639
-5.485206515164013
-5.4911503858649375
-5.477838223415504
-5.485375714598182
-5.485319537934664
-5.497839323709439
-5.481233675506998
-5.481250599095091
-5.477241342988722
-5.478908518541403
-5.473261054568033
-5.49264969690653
-5.50299371855097
-5.502175465901867
-5.494424982967384
-5.486720414380975
-5.474152381004838
-5.477012610687036
-5.47095382029366
-5.490649395354963
-5.486717653541409
-5.479847408810775
-5.485880756310159
-5.476300295457773
-5.482177403837683
-5.480705141385725
-5.4774505496018815
-5.469226982165917
-5.479206337757828
-5.480987967413424
-5.487162299176911
-5.475432543211149
-5.484338944604007
-5.48903237188512
-5.47372381634472
-5.479145786659628
-5.478443594584597
-5.497165004773113
-5.475690582601708
-5.471932734014725
-5.473626754800147
-5.481514903178357
-5.483967835790842
-5.485201500797403
-5.489156758849066
-5.4991353261257565
-5.493806235612979
-5.480067552817493
-5.4876655894795086
-5.493652509647953
-5.480854052744137
-5.485415865859993
-5.484322674281785
-5.487351093291801
-5.47950716478978
-5.483837171909653
-5.4630048778189435
-5.473137994857801
-5.476896761875263
-5.49594306367642
-5.494039725818968
-5.465590646215812
-5.483073028157793
-5.484822496080971
-5.49025266229059
-5.477017796041572
-5.4820146524834295
-5.475871113523744
-5.483130588089375
-5.48482662601752
-5.4725377659433905
-5.490253065285466
-5.4865041267806305
-5.496839357608003
-5.47945591781276
-5.491902539056639
-5.483264627571763
-5.500318339627651
-5.481353102747059
-5.474183371112776
-5.474348863362049
-5.482080636013041
-5.492234427618797
-5.487228145357257
-5.483765575074364
-5.488875040406446
-5.475989516094342
-5.473549355958096
-5.472571243486143
-5.476510987101447
-5.487463664881325
-5.480774946410239
-5.488348762334858
-5.480993231730504
-5.489179495054714
-5.49079435130612
-5.487800974705441
-5.474955438198001
-5.490575271483562
-5.467862769590422
-5.479954528525734
-5.473945565456304
-5.478998440878225
-5.470010198311438
-5.482503571005796
-5.497578336942048
-5.470395771087566
-5.4980932512940415
-5.486773507386949
-5.481517831532809
-5.486220655604999
-5.475842018701378
-5.468735806965468
-5.484345925004975
-5.48783578669008
-5.479508845920655
-5.483109945806884
-5.475346902870879
-5.480965886819665
-5.466210756273096
-5.479907249830134
-5.482139672003154
-5.483566878208198
-5.485294840180007
-5.487004006901735
-5.4766082050163
-5.480298341450974
-5.483635497518571
-5.48797411294168
-5.493719960029468
-5.488059958968561
-5.491134062787417
-5.504009736986419
-5.48653892352191
-5.480696460715059
-5.485013440182229
-5.485487477797233
-5.494965413410689
-5.477517011683466
-5.493456736512069
-5.486018460441429
-5.4868216762417585
-5.4785517197889675
-5.494261119905565
-5.475938930566591
-5.481114683323999
-5.483592531296668
-5.484565681993372
-5.483676581526951
-5.4841904154007795
-5.480455507406689
-5.467614839357892
-5.4912732110421185
-5.49473906439445
-5.4758342453242115
-5.4905985885766055
-5.47067659145738
-5.476652524567179
-5.473649653112424
-5.478619056358884
-5.473932600403561
-5.483238948829463
-5.483895773283197
-5.496118989577976
-5.478325020504157
-5.486154511662103
-5.479492898242583
-5.480712841968153
-5.4881992365536965
-5.469096330771363
-5.473392142147327
-5.476443911546882
-5.48536232725122
-5.488414999526261
-5.490599685228943
-5.475868602381765
-5.474244737163083
-5.486206571877119
-5.486623123491106
-5.489996277610751
-5.488116433391321
-5.480328834011558
-5.495506323099547
-5.480053267519846
-5.4969654404214685
-5.4876527677562015
-5.489030126941326
-5.491966048713852
-5.469680016738021
-5.482293510817348
-5.499800467056944
-5.485680196659651
-5.485558419957837
-5.478526410668768
-5.496451983701167
-5.472679189913982
-5.485666788026848
-5.475275261726119
-5.49039342601568
-5.490009952201696
-5.48919127629672
-5.464314218810291
-5.463870619537246
-5.494969489634229
-5.489367790396167
-5.49261742274962
-5.47993613281978
-5.497089644784805
-5.483598614935806
-5.481529404416628
-5.483435190557001
-5.492961904499904
-5.4827237256241546
-5.4849269068707995
-5.4879300981321775
-5.487624163141461
-5.487274830142856
-5.4742510383058836
-5.489275807654088
-5.487510510206453
-5.477401894300094
-5.498367912925222
-5.4830693317617945
-5.486218715745331
-5.495401691968514
-5.491499199726148
-5.466173960869429
-5.4922709458192145
-5.482876974766381
-5.4824067732857
-5.4748918809950675
-5.469112628069418
-5.4846239614468635
-5.494126183510663
-5.487682400395651
-5.496759293333061
-5.485340169483926
-5.476407179704398
-5.482915173976853
-5.478242426143426
-5.480211495994343
-5.493487493515978
-5.476839609831046
-5.472450576982709
-5.477372724056252
-5.4729384433636294
-5.482668377020521
-5.478558540744729
-5.486278362965144
-5.497208386893539
-5.476627312022033
-5.492300673132974
-5.490980094046642
-5.4831813456799745
-5.480517459244257
-5.483860710308211
-5.46736858248282
-5.49005037640914
-5.483173972211837
-5.492371524319126
-5.484064631616178
-5.500474808325925
-5.48466970356777
-5.4823725546056075
-5.480542611234087
-5.473831112392069
-5.490714102347464
-5.4686302559657936
-5.4831754517275355
-5.486349911459516
-5.489109952959891
-5.479317616606888
-5.481699364466171
-5.486650027111459
-5.48939210841819
-5.469521542929264
-5.477790634505279
-5.4943867330058955
-5.47575215372938
-5.480458134650992
-5.488451363730058
-5.483440261632861
-5.46385216479141
-5.482753269802824
-5.475365955606929
-5.474613603085903
-5.500797223605098
-5.464240801079285
-5.479058614940801
-5.48081637680762
-5.481036800794368
-5.489003606830594
-5.488311821675013
-5.496344828585505
-5.475420478205291
-5.476139854445165
-5.470943483295208
-5.47177303748352
-5.484568345649384
-5.486639795219592
-5.469973684850255
-5.497434056671259
-5.477854245507112
-5.49323813887652
-5.4720188969600825
-5.479236790815591
-5.47582855923058
-5.492452247751304
-5.493912431803084
-5.502732128192829
-5.490104499960194
-5.480538131041899
-5.483971483141635
-5.486747012766652
-5.491942259361647
-5.475440878015773
-5.490927179045676
-5.485841579937574
-5.477171102284526
-5.4734963098950375
-5.476409279502896
-5.479773363715246
-5.482529023991458
-5.483654582437983
-5.496177489285589
-5.486363295519035
-5.482555324467695
-5.496181349321878
-5.490791283760089
-5.486200659384568
-5.491812682082546
-5.483235335244881
-5.478080130966217
-5.481515200686202
-5.4766638547808375
-5.4812510222845505
-5.468088962624436
-5.471445547088232
-5.495238659419873
-5.4845769283055
-5.495459259486578
-5.480578639287073
-5.493226128082677
-5.477496914318742
-5.484006349828468
-5.484007683387585
-5.474893270525525
-5.484456552500049
-5.484432175963898
-5.482796052077915
-5.471284941473966
-5.491971961012155
-5.491329499573769
-5.466802861080651
-5.482108418596924
-5.472252936367031
-5.472611126220819
-5.488763876799091
-5.479580841126207
-5.489125709902973
-5.478337397874151
-5.473798352401873
-5.479213884293572
-5.486246388515618
-5.47386894796756
-5.482587546869665
-5.478158624855849
-5.464387800575084
-5.478366871496863
-5.473185791139768
-5.48188332971614
-5.4893995665205795
-5.479642264554896
-5.4710321678185405
-5.492240344324227
-5.496844337837763
-5.494241825320044
-5.478150996735077
-5.485218329213679
-5.4701814453879765
-5.475762895067551
-5.485809543723106
-5.486144395727717
-5.490696861492949
-5.479760533444509
-5.4765421767854665
-5.492581295066276
-5.483776978583801
-5.4700682909524545
-5.48355541925354
-5.479444570921593
-5.4755333719902675
-5.48291998156
-5.474252328059798
-5.482602869431329
-5.491893821103252
-5.480520741136296
-5.470712294492807
-5.484771260738216
-5.469586627855182
-5.486497694969884
-5.495525740667314
-5.47996221348103
-5.494814062515832
-5.47042653001825
-5.4965335937158635
-5.486763636152563
-5.4834143013440615
-5.491841824622471
-5.475363963501893
-5.489144680938882
-5.485520484845733
-5.48914932152961
-5.477186784706815
-5.492477921289106
-5.481730962953148
-5.483152579749539
-5.47656290305501
-5.471818852339768
-5.492622738636935
-5.473186351726354
-5.478556705774989
-5.500335878556311
-5.482042420674254
-5.472324784301279
-5.481807229429984
-5.475811310595429
-5.494793917347646
-5.468792753602906
-5.474982893293729
-5.499129768413039
-5.4719749639165185
-5.496531989654869
-5.479088876271079
-5.485683469782706
-5.477738509317975
-5.476888771537844
-5.477897015580634
-5.486326820199952
-5.484258193557076
-5.477287694153819
-5.4837150508276435
-5.490071826283792
-5.468136260668667
-5.487994866673978
-5.467536731506072
-5.4809241008219916
-5.492834099280453
-5.4901860010856325
-5.4800420656144215
-5.480951142067586
-5.49412388450869
-5.4702251826847075
-5.490225604494303
-5.4691402548895125
-5.479161258736125
-5.4721426940404765
-5.479399152453802
-5.491245671683148
-5.503948218949519
-5.47897467654752
-5.488181346830389
-5.47608815323148
-5.47348183409322
-5.489826513691935
-5.465796344184188
-5.487335203830233
-5.467345971298515
-5.473530086787798
-5.495046432147141
-5.487382163290701
-5.475600464389387
-5.480024438663862
-5.480099117031608
-5.476812565155353
-5.46875729344774
-5.4807950108506205
-5.477896904967016
-5.484522364655231
-5.4772965558659985
-5.492795190950695
-5.489600900712983
-5.486281131496408
-5.481559884120575
-5.481568665187304
-5.474943604130294
-5.480885901354609
-5.481352701142923
-5.476434802644558
-5.4868833477964305
-5.47398293987064
-5.480807526738118
-5.475889832325759
-5.486569607793534
-5.473500421724317
-5.489319983366216
-5.48164441727082
-5.495100477614826
-5.482730609427016
-5.489717341915517
-5.483573584860577
-5.476272515417818
-5.48063302216666
-5.4795246793672465
-5.4784307813451045
-5.5023312737708165
-5.479678000270728
-5.479740632221974
-5.484980424863963
-5.475173621081795
-5.473900307193308
-5.465534434356413
-5.476383608761868
-5.494064843736144
-5.469094409376687
-5.470583911071444
-5.474495192170478
-5.487478254360543
-5.468251125298123
-5.47858008170352
-5.476609855702866
-5.482936433167256
-5.485330771862184
-5.471068019311559
-5.479685179422914
-5.477043309054288
-5.462344581789235
-5.475410213693149
-5.47844832173886
-5.488646483572641
-5.470686796176196
-5.476408831574435
-5.476179142560055
-5.499075670253434
-5.482792001731529
-5.475616028254042
-5.477907820851818
-5.484959368152502
-5.488580510954254
-5.488402993331256
-5.493900249964115
-5.504008920308325
-5.48577492481715
-5.477344065548393
-5.467795175047666
-5.483145429975767
-5.477659604439101
-5.480924620831026
-5.485043532323558
-5.488465092657613
-5.484537698591053
-5.4776016240705605
-5.473506281384278
-5.476476369615002
-5.482674267809905
-5.484214627573044
-5.497880707592805
-5.486179463142095
-5.473898013582358
-5.474835660027653
-5.4900862017227015
-5.486302719534513
-5.4817304898047405
-5.470105548324728
-5.485541060680044
-5.487767582634004
-5.475686248297843
-5.479813900179368
-5.488896736916194
-5.488329166247417
-5.476451992928463
-5.476179857823047
-5.483932110410431
-5.4812427967598465
-5.493171982277987
-5.490285705072773
-5.477363473135577
-5.4866872605777495
-5.491206234960826
-5.4876177211383235
-5.485227383008549
-5.476428918328899
-5.48779002207483
-5.4781127915769705
-5.470532291900302
-5.494852963535657
-5.495247028073276
-5.480138811427197
-5.479676686937917
-5.484303400362702
-5.485919385448476
-5.482484853737077
-5.480812968896241
-5.481392803103983
-5.477244158950279
-5.49282492461218
-5.487971610830571
-5.472937565566323
-5.469408052231011
-5.485520384181526
-5.475879895065202
-5.486024136688172
-5.480777655502002
-5.48889951836675
-5.492561051496788
-5.479906010009561
-5.484733855855578
-5.493340210214943
-5.47081579545765
-5.49846533196915
-5.49655577535272
-5.488524636417215
-5.47723712894613
-5.4824267899381205
-5.476404460733197
-5.483249891145809
-5.48513919964288
-5.496610897330246
-5.4814047617880854
-5.469293283458369
-5.4766577380249615
-5.487403456693052
-5.473622811078965
-5.480516614574253
-5.491012206776926
-5.4651354991962116
-5.462312545091542
-5.491525742142781
-5.489258352789005
-5.472524210203169
-5.463878023623676
-5.48836298433956
-5.477773144936862
-5.473490167466693
-5.465239659521335
-5.493628583995404
-5.491063896766081
-5.485509373448259
-5.474361159005378
-5.49161453036459
-5.477804372508589
-5.495645633949167
-5.479443869003857
-5.491126021249212
-5.483788818775807
-5.490651389016228
-5.4863418026380195
-5.496021537451984
-5.472222256029905
-5.48012371032862
-5.478291803638861
-5.477926256442815
-5.481891297503253
-5.490797017338161
-5.484194493412449
-5.488278459631296
-5.4707411821586565
-5.47936068309554
-5.481076116700301
-5.483822427129443
-5.492280793284244
-5.482097032823892
-5.477034318325644
-5.478791213869548
-5.489183185142078
-5.479703683178425
-5.471137766398519
-5.483801307713588
-5.473929407703224
-5.482381843438232
-5.480913367085897
-5.490251279245922
-5.484883875433557
-5.491875079176187
-5.483571478995602
-5.474093843092192
-5.47834165953476
-5.4778654637106285
-5.491585116702265
-5.470259069113116
-5.494547595157861
-5.4737880611578
-5.474804532723121
-5.497322761439975
-5.48871111258189
-5.4784286072131465
-5.467054315828308
-5.489844839398057
-5.48791244392586
-5.480633508361509
-5.492953470779636
-5.4791989952094164
-5.473632770857536
-5.490082753880314
-5.496210423854778
-5.478508884101892
-5.474231632733933
-5.475617091516347
-5.499256423803146
-5.484060487698162
-5.481769031831265
-5.474815707871243
-5.483862235793527
-5.487128281042588
-5.49098615499754
-5.481583603440427
-5.484257509422034
-5.478812468042742
-5.471229858050994
-5.4882463414949
-5.470324532485171
-5.491675658917115
-5.482246277602934
-5.4829932897373475
-5.499393495917167
-5.472366600089452
-5.4827379936306215
-5.4930911959910205
-5.484015219459283
-5.487840868596661
-5.483937497510028
-5.471038605406655
-5.482283358337966
-5.475057045486295
-5.488006906992611
-5.4905536058501
-5.493193992386373
-5.486748144449667
-5.480519474932794
-5.47857897184751
-5.478306321837014
-5.468638450426856
-5.48305214618291
-5.483610338720335
-5.477303654188739
-5.4993998865978675
-5.482004857115321
-5.48205001634424
-5.477587662311906
-5.485618708245265
-5.476155504148783
-5.4870351805981965
-5.496178687812902
-5.474843755454701
-5.473433486031596
-5.486764828916579
-5.4834150143502365
-5.4755459280294945
-5.480521200434864
-5.490284736544755
-5.48807815235783
-5.490944688609037
-5.4741979442081306
-5.492380131294394
-5.485137380951067
-5.483649482230774
-5.482062309533562
-5.473028578944211
-5.482094375035982
-5.498351062818935
-5.481733106119444
-5.486121263916589
-5.471139969646188
-5.481224241527741
-5.48110390839426
-5.494915082590314
-5.486534378722111
-5.48982778046579
-5.487512050406856
-5.483948152671654
-5.477645592315325
-5.479246712137568
-5.473055223570478
-5.482941433384714
-5.468854090131906
-5.474067640518236
-5.481822906370827
-5.480614428315438
-5.485613435654663
-5.476328650620088
-5.480037055017572
-5.497549625212755
-5.485241548179174
-5.502947957123392
-5.474238801867052
-5.464321031649222
-5.479898602734373
-5.4810556707766365
-5.484673247351342
-5.49228664134742
-5.477896167462884
-5.487048827161054
-5.4745337696561105
-5.4867650053503505
-5.4830563389504805
-5.481916949105794
-5.480139343356526
-5.491945687713545
-5.484173897424722
-5.4599089427612135
-5.503272040468255
-5.473826936699591
-5.4800755713153215
-5.487222909179681
-5.4808173942119724
-5.492681220768316
-5.484857811530843
-5.494918620755083
-5.485771559348431
-5.478182707100939
-5.493093342579417
-5.4859844670074445
-5.485723736372382
-5.4833169906388965
-5.485155935019643
-5.489983069640032
-5.501833158707783
-5.478475595977455
-5.485828432104085
-5.486710735500832
-5.500494704355359
-5.475585128811748
-5.484339377454551
-5.461008433083868
-5.481062303092087
-5.48680816341442
-5.485569354952235
-5.502390010482301
-5.4740417874882965
-5.480152438461748
-5.4894841171719495
-5.499373107175424
-5.477139906129725
-5.483376728475855
-5.488340920123083
-5.465388069987338
-5.478714716014552
-5.483687134938282
-5.478196517061404
-5.4850698619408345
-5.488170045381377
-5.4764911953508975
-5.4697377506898395
-5.4748928895178235
-5.485519104278844
-5.50730881743099
-5.489061115079802
-5.488561877512751
-5.482585474090164
-5.479323623234066
-5.4865243193707
-5.491704775033831
-5.488591725638213
-5.486655696635609
-5.4863842034976855
-5.475851238523253
-5.481349808666738
-5.478924180250645
-5.491466734292071
-5.5015643882388074
-5.474199685418255
-5.493779922399319
-5.490696181345768
-5.480799815540692
-5.473159174168686
-5.475109046122168
-5.481440332969838
-5.4917461271329495
-5.482114261052686
-5.486534321700179
-5.491403292672771
-5.47166616812585
-5.477414953074234
-5.470045289044509
-5.48051215584594
-5.47303584939253
-5.488230593540139
-5.486556137795705
-5.471098328824803
-5.487548686084881
-5.480613854535882
-5.477591960522384
-5.478299772054882
-5.481328556146994
-5.477386636209861
-5.471058085087685
-5.4692583539737605
-5.490888185510506
-5.484878014373948
-5.478329138712102
-5.482301146131608
-5.45872975125918
-5.4716982248995185
-5.479560723767371
-5.493659885875144
-5.481154315087427
-5.489797118314571
-5.493732800477723
-5.490341907538152
-5.490114272119847
-5.495530095896498
-5.474192259569557
-5.49301650223361
-5.489787043728585
-5.489358803459927
-5.470174972245459
-5.473470752001289
-5.498901049507341
-5.492724544688484
-5.474651057458406
-5.4809823544372485
-5.4719379573608675
-5.499976404647136
-5.467139206610313
-5.475453705500163
-5.490057592639256
-5.498048773535932
-5.470865259516311
-5.481242343377679
-5.47046529250253
-5.461857011126795
-5.485380414131834
-5.487342982786828
-5.478703313655558
-5.491098660658605
-5.481858411480594
-5.480183381427763
-5.484344721639113
-5.487792235599699
-5.483704157406784
-5.489921446042729
-5.476065594774422
-5.498333759677779
-5.476600256498099
-5.464007426567333
-5.480397552201231
-5.491315810831182
-5.469460446745021
-5.479834716355642
-5.471112711639546
-5.477216459883769
-5.472918301566551
-5.489751647935419
-5.490530249168124
-5.490382116471828
-5.487130505728551
-5.477722214683419
-5.474492455543317
-5.477290226635979
-5.487652305745581
-5.4678434360631085
-5.476661514629374
-5.485599753770149
-5.4869089439242416
-5.494587872930777
-5.497382850921021
-5.492771319227451
-5.480751842451061
-5.482843224334067
-5.479131035653286
-5.4885334036047695
-5.484564384544801
-5.471743366487629
-5.474304291521682
-5.472405781351103
-5.490894941567504
-5.4843260269503356
-5.498084083371007
-5.493899384470726
-5.497477671590188
-5.487985199755638
-5.474370049736547
-5.470559198111262
-5.4771338936167995
-5.483443791263891
-5.475677531645906
-5.468635353121862
-5.502614044586305
-5.473549493901191
-5.488779259219374
-5.4803543569675846
-5.480960468110851
-5.4919025473471645
-5.497775039740067
-5.473727946709238
-5.490491130161362
-5.491063362547251
-5.511417151613015
-5.485072335746845
-5.4741470157563805
-5.487447388884835
-5.477723335090402
-5.462995466451182
-5.473635745338768
-5.47242758291927
-5.484536954937147
-5.4740006553993865
-5.487424356844082
-5.464630641089654
-5.480718665068913
-5.481204464845742
-5.481302373325422
-5.468222535406478
-5.492521257847699
-5.479240223358713
-5.478316103515503
-5.488638117035698
-5.48704803269717
-5.48618994027818
-5.4862581970237585
-5.4802201886869835
-5.481245463112753
-5.481647340165434
-5.472127601604067
-5.4956594040922555
-5.476502179936979
-5.487786453856038
-5.4836586459583225
-5.494369263497522
-5.491419714405876
-5.480945963024336
-5.476880260740903
-5.487461626617573
-5.4787975354334835
-5.490709245827524
-5.495148314365124
-5.480282692900751
-5.478401673599155
-5.486601329534355
-5.491318030432371
-5.472684346395731
-5.483244676299943
-5.478322562076558
-5.484497094546417
-5.487992803630483
-5.475966558483619
-5.486281088955258
-5.4973441692253475
-5.488600054497526
-5.492719702714246
-5.483015295622405
-5.500609470961088
-5.47758295975488
-5.478369695769523
-5.472614423492181
-5.481407064177663
-5.483116482897538
-5.478200145895997
-5.483689259929644
-5.481611372149384
-5.4743125885467805
-5.485445387345607
-5.4910124603267505
-5.473131511823516
-5.493350590597556
-5.473379976469221
-5.488063206283112
-5.483962419552251
-5.4792234253691765
-5.4718652306855535
-5.479702718735998
-5.471911481464251
-5.498041650461364
-5.485156910697757
-5.48380672026641
-5.476231383293367
-5.481274395147911
-5.489630491982699
-5.483972709034786
-5.479190707976885
-5.4924553622211665
-5.494797840531391
-5.481327752767392
-5.4921941762252935
-5.479926236747606
-5.4877745629555825
-5.489169361115141
-5.484293295810524
-5.498235923652384
-5.485866467173038
-5.490177031557982
-5.470327360650007
-5.479871053576423
-5.477357082456866
-5.483891021776056
-5.494122270701687
-5.482307279587865
-5.485268769115366
-5.4951561562415705
-5.488653090101765
-5.470398825854655
-5.485305136933461
-5.487453004373837
-5.48852402278192
-5.469375538406908
-5.4748712126756365
-5.474596051315622
-5.472659370096043
-5.474674665685036
-5.4814166883282525
-5.488042452520681
-5.485487637841062
-5.490336650188519
-5.47980470617075
-5.470646162728556
-5.479786257477059
-5.473525705496728
-5.496325738555376
-5.478287706443316
-5.486394459483694
-5.4797498215270375
-5.474887813238415
-5.484674156547624
-5.491486329070209
-5.480972869737595
-5.4722385340666175
-5.479785910515179
-5.481113826522207
-5.473930949103288
-5.491922916466231
-5.489525692460264
-5.485535053763783
-5.4727843142233965
-5.475109099421687
-5.484724111098758
-5.472442209653499
-5.493992997279843
-5.493483029299419
-5.476919415388828
-5.484066379704306
-5.491834357513017
-5.487659886085019
-5.485353855001907
-5.477426667262968
-5.4766273352020605
-5.479269008279933
-5.478486121822921
-5.475878705964068
-5.484495864413712
-5.469808915250535
-5.472921855236255
-5.480231607954273
-5.4823939750683435
-5.488723300709228
-5.479900933169297
-5.484221968236522
-5.4941899760172435
-5.492363810832154
-5.489689693344481
-5.481038034497152
-5.459568222942543
-5.475025975936294
-5.485565749866589
-5.4942844748291115
-5.475172021725178
-5.485733726270647
-5.484088378236215
-5.48992310785891
-5.479151034438086
-5.483303869788377
-5.491026233322501
-5.485979446215312
-5.483772657293038
-5.493900068364358
-5.489872261984992
-5.500609816380341
-5.488692974581022
-5.4804844245747155
-5.4771842476126364
-5.479744808407051
-5.499090471816152
-5.48894044496043
-5.5037457722036125
-5.486695106626752
-5.4981052895382305
-5.494606839553954
-5.4822564412630745
-5.492942182408382
-5.481643816991369
-5.489901589304697
-5.492568922677693
-5.468867393085647
-5.493169557420934
-5.493168126746077
-5.480667106624298
-5.470492414727452
-5.499387097197266
-5.48950051432417
-5.473534913605947
-5.473569162953752
-5.4754653601729935
-5.482625128089592
-5.493800172534724
-5.481099836206763
-5.4697133056875975
-5.492815397437418
-5.485841657663028
-5.480627685048986
-5.4703095733612805
-5.4912091041786475
-5.477704334906193
-5.487834307359344
-5.473625289582364
-5.4926382678293635
-5.47919995969195
-5.464884981977261
-5.47460767318465
-5.486975706730702
-5.4866838316687145
-5.4721359152962075
-5.486541379261406
-5.4785598317424595
-5.481463711913942
-5.47665074005397
-5.467237171384829
-5.4853789487824365
-5.477052476214425
-5.48825949369753
-5.486153316194691
-5.485213851134393
-5.482701683408182
-5.484837531777332
-5.486999120094225
-5.470262728261733
-5.475676798943863
-5.477375918989111
-5.47882764488776
-5.491625937766496
-5.48563272612402
-5.4721354158490705
-5.480265913942922
-5.47784465379568
-5.480168191846184
-5.489498705628985
-5.504124229792875
-5.472667865989906
-5.478895991175987
-5.481676308993537
-5.488977380060014
-5.49229187590935
-5.47705253376583
-5.472574535997044
-5.474419392695126
-5.4935435095841445
-5.489989012109321
-5.485452323468434
-5.47712280927989
-5.477566235741369
-5.483268453885266
-5.490328982539271
-5.480687721464241
-5.466591614263398
-5.496697338080796
-5.480527483015924
-5.474270216894158
-5.482661352171085
-5.483708565867811
-5.502666977556274
-5.479083716929033
-5.50347482206098
-5.4732393757981646
-5.477287876193825
-5.483736802560855
-5.465004981574891
-5.467258108288059
-5.484977825275251
-5.46854555133361
-5.485776331353415
-5.473653990978782
-5.486828676909069
-5.494817262898939
-5.498063929372667
-5.500849336260517
-5.4819295173128495
-5.478753334697194
-5.481934885015847
-5.4768271876440275
-5.481701533291336
-5.483919144649149
-5.477159437329827
-5.486362609199783
-5.481850489680534
-5.486233180047822
-5.474128591100975
-5.475955021972275
-5.479957974762342
-5.4721304400411706
-5.485829087949405
-5.487723830124792
-5.4827260584162145
-5.473596697870469
-5.482235239689829
-5.474723428590975
-5.47816416034929
-5.488955681718564
-5.476787082456238
-5.478243874955609
-5.483554569443233
-5.4595366880496945
-5.4815154460665925
-5.496424948911836
-5.482819935631522
-5.479455817909347
-5.475556349474263
-5.487488867182283
-5.495068635805724
-5.4747989590365975
-5.476450658456482
-5.487511309354162
-5.488102677653088
-5.512128613571791
-5.495673299162018
-5.487867884137231
-5.500095410509282
-5.491320029047489
-5.4787913140115965
-5.489742048575622
-5.464809288103179
-5.494648445152768
-5.497370026231532
-5.473986287440375
-5.476546594705227
-5.479703299074362
-5.473037969276907
-5.47610446266302
-5.477980180531435
-5.474713109927846
-5.480869974591743
-5.482467189292141
-5.4847852086383915
-5.4839093033921715
-5.472664202950455
-5.480456972222041
-5.483451871455554
-5.480483575235272
-5.474919954870884
-5.502275992778452
-5.493486683572621
-5.477433870763549
-5.484689505824806
-5.479425145985331
-5.471452391914325
-5.492656710111853
-5.466801398452524
-5.471843027805707
-5.480346642061124
-5.477050679512246
-5.479231356154802
-5.489272660282369
-5.500141149673193
-5.4750758819313905
-5.48790449537872
-5.480247115582191
-5.484756572161649
-5.465134193524588
-5.478866623226671
-5.470606486723888
-5.485463158379701
-5.4850467153698315
-5.481184226497475
-5.489990474108729
-5.481831520963766
-5.481834304368188
-5.485937687081007
-5.472220572620613
-5.484966250229597
-5.481826156966651
-5.476609367080908
-5.479089390383935
-5.472868769774472
-5.491446492288927
-5.478822570430859
-5.470399667072163
-5.489497036034308
-5.485634556262582
-5.479661406607595
-5.479712483663486
-5.473239379113318
-5.469199849339565
-5.483979050930248
-5.491924520453284
-5.495160221668014
-5.486432764825962
-5.473811734431579
-5.489739918102912
-5.472101617938821
-5.487284805684163
-5.4984460166287334
-5.48866635959806
-5.481161326356702
-5.488229778103468
-5.4806086138428896
-5.4799434147643264
-5.492516533373708
-5.506646145953288
-5.476862965580314
-5.497183688484267
-5.479850328042487
-5.461640596599974
-5.489792938504019
-5.476759686860275
-5.492240649506965
-5.478780866610183
-5.462379475746481
-5.458723471092663
-5.489187681681506
-5.479671063616168
-5.48850862171936
-5.486409763265013
-5.47425686402158
-5.500650270078829
-5.487873484628281
-5.482572020970734
-5.491130003582489
-5.489005848804434
-5.475357270369418
-5.473703282276602
-5.467369564548542
-5.488727595900918
-5.4904068001704385
-5.474170233804072
-5.497021375211678
-5.471458436876583
-5.48191115802824
-5.4785190007586815
-5.484935208216207
-5.477500111566815
-5.480604307657627
-5.471459691292368
-5.483216423675365
-5.482006289842255
-5.471873306651606
-5.477614644253429
-5.489616246041119
-5.474048566139095
-5.498202275944123
-5.470136244955769
-5.483467384891098
-5.47941404555733
-5.475077280719402
-5.485614941498331
-5.487453426225855
-5.489056895455257
-5.4862487438682335
-5.476570776518727
-5.466310403406854
-5.485170618464323
-5.479357457023338
-5.475896329557077
-5.476449066569779
-5.478637657260091
-5.475948324196063
-5.480646924374476
-5.488020509853669
-5.480336578593165
-5.472832127509573
-5.4836872871224775
-5.4742070897679636
-5.47980673648775
-5.472430231560395
-5.472332174668639
-5.496624523732285
-5.492562039015774
-5.478921923075402
-5.492948511251723
-5.464745452814668
-5.480911256503041
-5.48868345029717
-5.485439486940531
-5.48597435502975
-5.4879901145009375
-5.4914703900451975
-5.480349970924063
-5.487341967219589
-5.478700588220233
-5.497794746628297
-5.481137700252856
-5.481256295807433
-5.488348372528353
-5.492676694580986
-5.466918963176751
-5.462212768575991
-5.471776150952945
-5.494018005041341
-5.485687527917197
-5.489574253371239
-5.486568763627903
-5.4809156440722395
-5.503375632443676
-5.472703514927559
-5.487455367022955
-5.4777047167497415
-5.478363174990453
-5.4879365716179125
-5.487334875348975
-5.477808905481549
-5.479616673305316
-5.479304799598689
-5.484078084909461
-5.4701191186872915
-5.476853442980701
-5.481808170930952
-5.47555314671166
-5.490156485022215
-5.481946927445908
-5.496415975633413
-5.484975114531526
-5.49412178802026
-5.479392291449815
-5.483862152810293
-5.471788610297171
-5.482556998873557
-5.488480934802175
-5.481496511736659
-5.479760202520987
-5.492787976480589
-5.471165140357655
-5.468895660086718
-5.476636291674373
-5.476081411476748
-5.481776474731404
-5.474547962699525
-5.4646732881379405
-5.4888772287471035
-5.489282315896186
-5.479616945962553
-5.478902380907216
-5.475802094482987
-5.497587087108869
-5.474257935290062
-5.497449106141423
-5.486364210979733
-5.491754983986393
-5.476144676844084
-5.475723173800955
-5.485644060888203
-5.479514251885771
-5.487065919211393
-5.48829274198593
-5.4828116635752
-5.471693470560084
-5.467422235799115
-5.482746756363398
-5.4799083002881055
-5.470524765173435
-5.4726486838661135
-5.495782954085566
-5.488164421301408
-5.477177043721409
-5.48013257329547
-5.479996796393653
-5.48090501095302
-5.4773351486071595
-5.490324401787888
-5.468033527457954
-5.482014968789791
-5.48848469352607
-5.481330692784802
-5.485499247469139
-5.47537491847824
-5.489196012655645
-5.4822055500232345
-5.480312508832974
-5.486886595684358
-5.500318870707969
-5.482597954313192
-5.472695489387341
-5.477096974237153
-5.481153640273618
-5.4955447323352935
-5.483863340297987
-5.466040070840076
-5.477070859651459
-5.493256578902857
-5.5006804948039845
-5.482215552467072
-5.479083621565868
-5.489410652597726
-5.473248230357599
-5.45985699864034
-5.485642758253987
-5.4890242128800715
-5.491875352145566
-5.489997725193487
-5.48130214548753
-5.463000913760484
-5.483075958666308
-5.488127631056851
-5.47857001840876
-5.476844758453854
-5.485291467884958
-5.476088997991118
-5.491403714999552
-5.478556739848255
-5.482400058966199
-5.491619538046412
-5.490942313759253
-5.474889827443081
-5.474887423380293
-5.482982700903488
-5.47489758633686
-5.488255136546037
-5.4837822457592775
-5.496982863836791
-5.474889438651399
-5.485563216969929
-5.4927825430754895
-5.481902846373907
-5.472028349871193
-5.486404167450715
-5.47718870860955
-5.477988011310072
-5.492580453460451
-5.478797904124097
-5.484403930302473
-5.472942442024561
-5.470508249092898
-5.480728325308213
-5.482640688502066
-5.479784440562369
-5.496975378074096
-5.483861615762596
-5.474601589572085
-5.484384971732215
-5.48682206475614
-5.487756823771299
-5.474341286953397
-5.490478844927399
-5.473470286206033
-5.465073323806845
-5.491003070578457
-5.480660830386504
-5.495891358726884
-5.4740564733004256
-5.482843889914894
-5.472329561802625
-5.4801319021235795
-5.480791408784096
-5.495988183130378
-5.4764285105105355
-5.483887194067129
-5.4846850693194895
-5.477539065034402
-5.488527591855168
-5.472083862189258
-5.48164956170764
-5.471140742668609
-5.494457418796257
-5.48293895701167
-5.48630654431476
-5.492065425067359
-5.480189906108174
-5.487167869625968
-5.499470193451475
-5.492230878546398
-5.470300408019405
-5.48112821307145
-5.482786259100384
-5.484831819103277
-5.498669726757432
-5.474077341488422
-5.486562617999789
-5.503276878065288
-5.498189317907792
-5.482884669416742
-5.490347395160781
-5.475647801148785
-5.48083030748553
-5.481824664991564
-5.485002856496713
-5.4713196256279355
-5.478110329036922
-5.478454373855492
-5.483553095162882
-5.481404636118358
-5.482297309533639
-5.481820474346178
-5.488918832216945
-5.491221562671095
-5.473829945361214
-5.485809336628929
-5.483776505603754
-5.473460564197187
-5.479442789884731
-5.4769956485944915
-5.476419174833055
-5.487592208544953
-5.474334306953237
-5.4819824784428475
-5.488519481523191
-5.477076543576728
-5.487983471277601
-5.465823693621799
-5.478307471073098
-5.488479700900016
-5.485749713329311
-5.484405661786375
-5.498678833079413
-5.487264261725037
-5.492903455139207
-5.495588786151849
-5.4748766463098
