1979.4511001866995
1648.9322939752096
1375.0446788060042
1149.9351867481162
963.847058686023
811.4741707658754
685.5717437265292
582.663673449873
497.4331382557879
427.08533721570603
368.5968645468147
319.9154480802563
279.13631221004516
245.000390764048
216.22146225298985
191.85041672071975
171.0994018394568
153.43374940873096
138.23895596106286
125.1684088914826
113.81590591791894
103.96518240450519
95.37841642203455
87.83271879510389
81.16807571001976
75.30706923019345
70.11351555195296
65.46994380681846
61.348645369656815
57.63016716239125
54.27894247064144
51.27050505062995
48.56727339159935
46.09644229679686
43.82187115773395
41.8033322750358
39.88074551219665
38.19794227639514
36.60411815047222
35.133012068388375
33.763040490119685
32.52465817695609
31.318237898740996
30.227313313606107
29.21772780635203
28.257252713305448
27.363565928770296
26.510026737504678
25.753227612592436
24.93511445610912
24.27681658106102
23.592656816631333
22.972338112318823
22.35809134239279
21.805707409757158
21.20257561473667
20.683944902593396
20.168379186742325
19.694928402746303
19.237628454730995
18.806013374373318
18.346253645362584
17.922412974595854
17.552455176062693
17.14880480335078
16.757808123965027
16.389489013980178
16.08669700809373
15.711748370641098
15.395527118362157
15.073811237656669
14.738756001381219
14.452354787239768
14.093765512062632
13.858223757824987
13.581172839535453
13.28856518927658
12.977326949857611
12.796320450017332
12.524994399611135
12.264387912545638
12.022353115287583
11.797807180525371
11.526427513418495
11.30951285537551
11.073853444092606
10.880295171064372
10.656931667932302
10.440647325034439
10.242186834597915
10.043358078422791
9.856884440472351
9.600530763711424
9.438759234932126
9.242148171281759
9.07713786852556
8.85015179070744
8.720190293328905
8.477597326027615
8.277515580010721
8.150951410151682
8.019102834700375
7.840237749520267
7.701789353689474
7.506305954176529
7.367489635152521
7.181673922670209
6.964827916408353
6.85248507296922
6.753446468966041
6.577005645878206
6.428946430422569
6.322671736452516
6.175757368191928
6.034200058284543
5.831986342538079
5.739732568513889
5.625716166273507
5.4693137477589895
5.347910111521589
5.265289443353629
5.178904469265031
5.034149547852549
4.879154783315477
4.741088776418279
4.597932780367167
4.489203260927748
4.417931866109035
4.254007742216299
4.231767668107021
4.1131520190642865
3.956705676294895
3.8856810870153953
3.794780379515399
3.6594481831516745
3.5637356891003513
3.4819015633176615
3.2609888569242322
3.264667467369346
3.1133506934899806
2.9954983335729235
2.995109304498193
2.9060923229537465
2.815578344437141
2.736252190834919
2.6525736666029083
2.515154001934996
2.44179015669607
2.325644316493046
2.248250790592566
2.1772887099202136
2.09569666206924
2.070751859660634
1.9811881942133553
1.8674074725322898
1.776570244362523
1.7016713283855243
1.6777037952204574
1.6366216826342246
1.4659359561806953
1.419635260650226
1.3312893304118718
1.2569805492900852
1.159733416821125
1.1304247542257286
1.0294976426732416
0.9519913330786711
0.8940152918942476
0.8631616808270093
0.697562470142622
0.6959961720512736
0.7128927429260844
0.6298259565711917
0.5385751561514931
0.4247546775508546
0.4174511102142544
0.3449353299449423
0.24529386773485432
0.20298466167842577
0.17868319111143185
0.08946095625284665
0.04450539505718929
-0.04838123828051977
-0.06070083325559006
-0.0812097586588818
-0.2087463559162191
-0.25363955000389915
-0.25680529028259047
-0.3692184878251123
-0.3867626644352695
-0.44676284409711037
-0.5061540035773041
-0.5178175715249096
-0.6310175056246727
-0.6880852377295825
-0.7167531231239805
-0.7915763768922579
-0.7856452492991317
-0.8157530927271415
-0.851918241932788
-0.8951796194087627
-0.9403032263914173
-1.1106953868742473
-1.1287826752488674
-1.073513192722336
-1.1678185494313191
-1.2782477280253062
-1.2480712442892294
-1.2968716382570091
-1.316243732878968
-1.3896466231573719
-1.4264965196458759
-1.4457571795128719
-1.5471009451277908
-1.542631572130729
-1.6390158175551983
-1.6125576086371904
-1.6362418909464838
-1.690630119627234
-1.7239610899694668
-1.8092454693739695
-1.8428017175059712
-1.8880291547606842
-1.9306877517453556
-1.9377035919558017
-2.0052201407561028
-2.0392971363391057
-2.1129840474300776
-2.105392074176041
-2.1154361935690207
-2.219295585193398
-2.14519469394041
-2.2035823659298273
-2.2682543378598976
-2.3610167826818027
-2.3808004648227334
-2.38706655394639
-2.4156942144864555
-2.471857239408325
-2.414265507140958
-2.4973551441045867
-2.5036604219498333
-2.5262590674001824
-2.5798286493305227
-2.631481633977981
-2.6643612930783234
-2.6821814505200194
-2.728880138496606
-2.7401275040252893
-2.7961474937411483
-2.837050384406119
-2.8537302772566275
-2.870430228269907
-2.8394381365577255
-2.9905027855120068
-2.9506476467175937
-3.093888655663106
-3.047931097313561
-3.0261897829251527
-3.111115091350092
-3.1178155996479155
-3.127485862907042
-3.127355833504822
-3.266840369198841
-3.189294292842351
-3.2503533438732193
-3.2679092275989223
-3.326230280038899
-3.288308517517862
-3.276032794899444
-3.3490558975543276
-3.414626310088881
-3.3512766193593357
-3.417566891682575
-3.420562054598534
-3.5211471711774496
-3.4487927004763543
-3.4655046232441635
-3.5436472013027736
-3.5537562122454873
-3.6171515734767867
-3.7163179641097153
-3.694701272493699
-3.6846984736349846
-3.6628617064693567
-3.7275129896876082
-3.7252922551524614
-3.7242907751502843
-3.773182141975906
-3.808238009189426
-3.766932368400127
-3.86464282192995
-3.9090188231847485
-3.8674696275591067
-3.9363205174778337
-3.9343921361540737
-3.9430888723100077
-3.9697972527814844
-4.0264638702008275
-4.12712534524568
-4.045576908468339
-4.034785071557169
-4.124347064495956
-4.171476482317502
-4.142878998633715
-4.122844682461296
-4.132624209876055
-4.130442386171599
-4.252367161648039
-4.175828972938605
-4.225902369965175
-4.223992819453032
-4.261862630080935
-4.312066107832443
-4.2842887163562935
-4.296942118149852
-4.3440253017706665
-4.371930908322037
-4.400880603285606
-4.353603808112356
-4.4332435743089125
-4.401430687035798
-4.407117963733872
-4.449152519996711
-4.504280574693256
-4.403741532621729
-4.516664582146321
-4.503622497848954
-4.475290290084219
-4.578979778284184
-4.515579494786607
-4.6202954228134905
-4.588114066550265
-4.631018714781302
-4.561169325553663
-4.701089599042442
-4.7126763517544585
-4.638823576913679
-4.768224623537335
-4.772957546206313
-4.792109594492511
-4.77444061495725
-4.832796539923078
-4.770719533860611
-4.827534478048253
-4.866951341361917
-4.8073539883704095
-4.8426059514984665
-4.848214737547053
-4.854160192615179
-4.866007750450548
-4.871499846001125
-4.881751779642798
-4.911537750155464
-4.978320021954136
-4.9969339924236635
-4.9328926488316895
-4.989858135127896
-5.046252667307041
-4.966506964158115
-5.048751865717893
-5.05200925406371
-5.071304022223587
-5.090445503922891
-5.054797181702874
-5.090342161411218
-5.151011040223051
-5.063238434247681
-5.083583970489968
-5.167240448606581
-5.241305476806229
-5.1164802733008115
-5.184049069929315
-5.106437228077798
-5.196673456924364
-5.2230271089681475
-5.2146953006680565
-5.200631338497356
-5.24999432990922
-5.252697325624986
-5.2206668508215675
-5.293394664486463
-5.301175212049587
-5.281885006872264
-5.266100821572337
-5.323068479933619
-5.373990984822924
-5.297591979109471
-5.3283843005083815
-5.388300271620199
-5.433912795222899
-5.381875290953936
-5.398915934456291
-5.365097267502946
-5.422703909846372
-5.401969130392314
-5.432729867431039
-5.479204560044693
-5.5063575002666765
-5.554718341015164
-5.49575655497544
-5.467561869920915
-5.409844620679938
-5.547342782571707
-5.462638036140216
-5.523715539283263
-5.5749050642579085
-5.596019853835323
-5.570476498339518
-5.6210690299039845
-5.5225885353873
-5.622014732046765
-5.614847585739976
-5.640081955669704
-5.645989550210859
-5.62389961029211
-5.6322385075425
-5.651092667999748
-5.756377991346458
-5.722461547489653
-5.802869102777994
-5.753411996223078
-5.722155932453969
-5.692219676627833
-5.733988033095945
-5.850380883520323
-5.760078412305224
-5.84533749099942
-5.823084716444038
-5.810135622043517
-5.755335726986996
-5.77851150223233
-5.795049169932891
-5.813000595795064
-5.7843859571691025
-5.7928643211605095
-5.803272778472074
-5.87988579997684
-5.8289716639884235
-5.9853550240032085
-5.850013404339585
-5.8992715036680785
-5.87007556997566
-5.786687532403633
-5.895789653298681
-5.883943741896559
-5.887637487538211
-5.983369024871079
-5.882853692846123
-5.896128220527457
-5.954763834995434
-5.879840697670089
-6.006745724137819
-6.0209583340328745
-6.073392116341839
-6.023547400653499
-5.971404067922001
-5.957456289214895
-5.9808902260913674
-6.086553052326017
-6.0807094212893
-6.0211827379997045
-6.132697626040986
-6.062819592666421
-6.118316498788951
-6.1216527025734395
-6.091469519836453
-6.151107486121842
-6.152844505579862
-6.131394241567772
-6.139603681613761
-6.182500328391615
-6.182204660106291
-6.091263722552909
-6.163861675736449
-6.218104812732803
-6.112573977065992
-6.215270715040796
-6.201610273259597
-6.229538761581946
-6.224226705898636
-6.181442698192378
-6.192674520366123
-6.170447107302827
-6.235997264934266
-6.2282859234447825
-6.2652618683653465
-6.331120332505723
-6.317911958843221
-6.343267457173794
-6.253073767295235
-6.264111833105086
-6.291752454794064
-6.258376935517582
-6.322133133660067
-6.293929461205921
-6.37954088330584
-6.301371035694711
-6.411685615670173
-6.37066480191806
-6.381649737088779
-6.397566783675354
-6.431052004861037
-6.339907220562841
-6.342821812031148
-6.320871244232738
-6.471859077027981
-6.43458859009727
-6.418303863253451
-6.468435096308403
-6.450972004030447
-6.483897734823334
-6.388934288619282
-6.448000167842423
-6.40681785765774
-6.461668516159296
-6.557317669819951
-6.5418144635851
-6.533807347237669
-6.501626804013907
-6.558733063543386
-6.679011628138191
-6.498448646518766
-6.396505567729742
-6.58456588667218
-6.557741752122794
-6.59675803068243
-6.582350277953253
-6.544010984539732
-6.671089441644255
-6.547812749380838
-6.514142079470268
-6.577564182457255
-6.606420863578383
-6.517704312995621
-6.667792450221343
-6.5866393824405485
-6.548247478192031
-6.61516513606652
-6.7372866919893415
-6.592771942198514
-6.584078629546174
-6.606660407732408
-6.666150132174029
-6.660297532441482
-6.687144042005754
-6.600682092987494
-6.73419769706097
-6.707367950340384
-6.76453266136297
-6.641875744049196
-6.673534974629613
-6.742532813464139
-6.672912217845935
-6.675824711237175
-6.699793510283023
-6.740295492493804
-6.821303383488931
-6.735630497109949
-6.755738949011769
-6.707473067651569
-6.771360673293431
-6.808968537402413
-6.796252555964495
-6.71074023194893
-6.791397834156659
-6.738127787226516
-6.863544964516236
-6.815408767494778
-6.679039695757701
-6.803880228609192
-6.899182529797935
-6.706353358424308
-6.747448617426676
-6.736893687056427
-6.870681356034834
-6.835785430175088
-6.778254396062813
-6.94256361594872
-6.888172473539356
-6.800951551148966
-6.832066600717116
-6.835858654640006
-6.788561376973362
-6.847307610213633
-6.870466677366183
-6.829416876519902
-6.859671651355938
-6.999674218000253
-6.846578125555914
-6.7503918829203045
-6.920442317445669
-6.929007280507145
-6.812764588858414
-6.971730696340025
-6.9072304648620175
-6.895476439361244
-6.888854324236323
-6.977715279702268
-6.9221664864969945
-6.934855584624116
-6.954878884850105
-6.939126802021427
-7.000708325468111
-7.033151812268
-7.074669978911115
-7.035927680959649
-7.032215299654325
-6.945710960965667
-7.015162442313855
-7.026511973685747
-6.964737660589552
-7.036816659929309
-6.983697763869966
-7.031457369753132
-7.070093348230154
-6.942773871924087
-7.012419127442495
-6.9463552001919355
-7.073357758551939
-6.972112227292998
-6.997347539930406
-7.010987351414977
-7.088608243508808
-7.134556980360222
-7.058538698566796
-6.97319122207336
-7.060648769235948
-7.0778650030230015
-7.056706437515967
-7.107064961013558
-7.0395514078387
-7.08613711731867
-7.0588247515726
-7.047690762795402
-7.125767359458819
-7.147929536173525
-7.0589803513676035
-7.106033311654324
-7.1108026419903965
-7.142833495956932
-7.130649082788527
-7.077403078965716
-7.097150832341732
-7.235615855698594
-7.145443399551849
-7.054482507359893
-7.1297318666355824
-7.159238715796377
-7.122135566303527
-7.0960629028478515
-7.140286523726118
-7.199593708701831
-7.130587762495086
-7.126683498502153
-7.168237314634637
-7.133888082765401
-7.161984118413611
-7.154753368382643
-7.182741452526571
-7.128385479389571
-7.268681511594082
-7.1721565512184275
-7.249095620545905
-7.293851410055239
-7.230910672938421
-7.213897612491078
-7.132396552463807
-7.288963255395952
-7.3375908216877805
-7.1669984313370065
-7.317889313746949
-7.3782413979341674
-7.307438644863916
-7.230376628895219
-7.202240373734087
-7.30483751762356
-7.295195712181393
-7.301089909372874
-7.300919453800621
-7.214001202272951
-7.287743000437731
-7.3086844258928245
-7.26309215747148
-7.369914810606064
-7.289455604814478
-7.2452640582632855
-7.231671898310182
-7.324038038933989
-7.318090162294533
-7.262269431521189
-7.317654058888777
-7.286046269017948
-7.429910912323191
-7.315455226374043
-7.32803936424253
-7.309342323332695
-7.190970077252441
-7.2385131354089935
-7.338950959107898
-7.3407627169499925
-7.395399358280731
-7.344113056213873
-7.3026753268494735
-7.301253575717887
-7.357455672009341
-7.35615858470609
-7.357863882540975
-7.365991054956969
-7.30571036479364
-7.403596601881919
-7.361799853310884
-7.392275359461472
-7.386178588693193
-7.30719328507052
-7.305653157696661
-7.356556200598906
-7.330913597827074
-7.3703611502971516
-7.4813305532568855
-7.432363392741397
-7.39316603010914
-7.276296963079112
-7.41938945723264
-7.472318399997427
-7.403432818841077
-7.447174096133487
-7.361921155687586
-7.398606398291401
-7.4614166518770135
-7.509678095275172
-7.402357788847283
-7.452810630837165
-7.465150526218906
-7.434390290576527
-7.455749977652198
-7.3704230279452005
-7.507624324919364
-7.543160996596169
-7.517740612601023
-7.357011624023503
-7.470230818786135
-7.466244356162178
-7.4463485149485455
-7.4735869184580555
-7.494763286980673
-7.432258914191057
-7.4752866619403635
-7.390024646274298
-7.427081335238602
-7.539242719044985
-7.505980799343444
-7.349182361214149
-7.452437559485481
-7.493785950657747
-7.464845264473197
-7.400003264855586
-7.513374774326216
-7.530423491225574
-7.4367814462651225
-7.5605116764205365
-7.489994637332028
-7.474348623725028
-7.505871562255814
-7.418104898549901
-7.602896642640679
-7.512858580152822
-7.51416354392056
-7.473606703850042
-7.373431119203662
-7.567112313064927
-7.515212816221473
-7.572654623462578
-7.566332409053288
-7.557009422818037
-7.579275107042669
-7.5969813984199535
-7.564715812648377
-7.492187841154209
-7.569212603328298
-7.548346773044925
-7.631385339400942
-7.5084451052107015
-7.549461285441798
-7.542375797952487
-7.6076829546636935
-7.538766335168342
-7.536523341994607
-7.571967066625856
-7.5827736568440365
-7.493570068332382
-7.608763220191905
-7.579970530859504
-7.533343245191493
-7.501557893008432
-7.600425078758247
-7.599622592446035
-7.637041652358062
-7.630421092544719
-7.616547492746424
-7.539888839947594
-7.554401645218518
-7.644908046580617
-7.515907087112206
-7.666465845180944
-7.594835699672697
-7.578340793339063
-7.622637605065663
-7.605206026730034
-7.724697560653469
-7.713763452348255
-7.606022295278511
-7.561412522688453
-7.552960872251109
-7.705608437245272
-7.631649738196481
-7.7000426245150395
-7.657635860952961
-7.595717841838193
-7.67732489368105
-7.605121955879182
-7.689006610798533
-7.62507957403448
-7.702048301571981
-7.685439159171718
-7.687818952857113
-7.5982179199749655
-7.691297991930869
-7.70694409910597
-7.6463968350687015
-7.633470022347165
-7.650102216041809
-7.6505334485808225
-7.636056824706734
-7.631354131575776
-7.680472587356599
-7.735017488641404
-7.600130486427467
-7.688464856127621
-7.686798925050472
-7.723714746741992
-7.7283785975827675
-7.679126529087089
-7.684227393922811
-7.6529897488323515
-7.664506004994997
-7.541300446224369
-7.692723585910262
-7.820902500698864
-7.7104165618852605
-7.780135990796677
-7.805672404212334
-7.703546442213156
-7.706831925125432
-7.807759105532425
-7.785073145469145
-7.6899458192507355
-7.7452074419740065
-7.778828998048152
-7.772919410570762
-7.748721034345258
-7.79991063634601
-7.8171659970019185
-7.784773150072616
-7.749606608367116
-7.6803464066282165
-7.692316438239269
-7.793507547724187
-7.838941592995621
-7.709586602509784
-7.738664818508828
-7.662682800893347
-7.768869524352773
-7.812499531809022
-7.840041458382392
-7.638621664382756
-7.806900507971249
-7.814672317367415
-7.853189868408233
-7.887496649093183
-7.774699017227554
-7.709387663770797
-7.852956830504775
-7.818778109513726
-7.848970122553408
-7.75869661565765
-7.782052714902425
-7.76012931993737
-7.8267706254270015
-7.714079852913251
-7.843966475279472
-7.791024478276234
-7.7993350101598224
-7.782611555414424
-7.846229523225124
-7.85821106387435
-7.781046964419018
-7.790678608210041
-7.864775508564065
-7.867472746190735
-7.80909565519725
-7.912807748960771
-7.80713073554378
-7.842248329818465
-7.8060612739503314
-7.767967928014153
-7.782790862913415
-7.7826635496947905
-7.826316864381552
-7.795295252643185
-7.818425374514158
-7.776049678850768
-7.786944269351456
-7.795689701713484
-7.826128104027486
-7.869726469401963
-7.810178348844059
-7.875479244632394
-7.847433328484328
-7.87885472141936
-7.818795039082419
-7.821048924678218
-7.804679683826999
-7.811178883803514
-7.893273574952231
-7.805778705877099
-7.824701736615696
-7.873280543571397
-7.8876071939082015
-7.856801264567995
-7.843312671703252
-7.7378226753161
-7.851672712426039
-7.807813046395516
-7.812843904738997
-7.919675324460478
-7.945788741879172
-7.908317610073711
-7.8967486993830365
-7.9230882276464
-7.902203626671771
-7.87857007065652
-7.855897963754973
-7.859459717431427
-7.840007832312974
-7.880386990681592
-7.80128787581557
-7.961072135088694
-7.8833010309083935
-7.904512425429108
-7.964506635744657
-7.84639537824587
-7.949565322005573
-7.922673187091563
-7.839812293305086
-7.896703156275523
-7.966034529325601
-7.884665796172374
-7.921006715998046
-7.885977705290441
-7.799824437046363
-7.9085804409577065
-8.01976680327058
-7.890711144840845
-7.959700978348813
-7.931987454750881
-7.962641037143095
-7.868065852254098
-8.034528324612227
-7.885568371643799
-7.979086343188218
-7.9679917249283285
-7.94742774539299
-7.947093108015449
-7.881282799502464
-7.884352187589612
-7.925394495253894
-7.859813347127503
-7.88629840762155
-7.925246137659276
-7.974966678234478
-7.920556127634217
-7.884194395090458
-7.849844417296928
-7.966253002403278
-8.018203430041842
-7.956412657517759
-7.969277881984782
-8.050677040637684
-7.9994083094396435
-7.961471066748958
-8.045589465529998
-7.951873990377251
-7.9327040280496846
-8.020717016546326
-7.967122963970508
-7.984065819195187
-7.938092513873068
-7.957410494039748
-7.8871610150780755
-7.943574007869732
-7.995391673587432
-7.9320268709293105
-7.971873329310182
-8.051125177961916
-7.953356693739079
-7.984761936484571
-7.974675394580878
-7.970621385711365
-7.915949621948133
-7.925058912617041
-7.989685331872413
-8.016133143739891
-8.105776073413821
-8.036558391863279
-8.0041367588958
-7.9433747596496564
-7.879432234133842
-8.051061586444526
-8.007084398708495
-8.061185178355458
-8.013491337831772
-8.010879968370599
-7.940990558356032
-8.032684404033807
-8.14594751808985
-7.966274843762759
-7.979863211981692
-7.9809693375613255
-8.002926689005273
-7.995876983618814
-8.021227950880434
-8.083997759992078
-7.992068198068431
-8.052411405698583
-8.063214153428616
-8.111653711855439
-8.034094990950424
-7.993620808732723
-7.991302976233651
-8.103780018525178
-7.995452446054788
-8.118672959771299
-8.037462904017096
-7.909205834752853
-8.125561447350144
-8.083852142184922
-8.130808065699076
-8.119990418611666
-8.08078075657143
-8.093780280824364
-8.046073428792027
-8.087366761969813
-8.075385079524876
-7.92639168787213
-8.075690588443726
-8.028403826759765
-8.049955609477434
-7.982088607034091
-8.089444250147341
-7.9994350763247715
-8.003818829109319
-8.03586976287534
-8.108835015670618
-8.049001573064515
-7.988801388740306
-8.181050653291072
-8.077641985827281
-8.080665687729683
-8.07362061321465
-8.059639653350567
-8.142060742011664
-8.052308050096165
-8.182231683276557
-8.06063024582555
-8.10383795034726
-8.146346713503851
-8.172893684079154
-8.02924646330475
-7.998245313528969
-8.135526288737609
-8.112197272841916
-8.136925597966764
-8.090730113266233
-7.999301399601174
-8.06134651032398
-8.07723222775078
-8.098808631498732
-8.087615986727037
-8.064353847839659
-8.078670283856514
-8.186454018741664
-8.101445466162614
-8.163229118459915
-8.126595873964792
-8.118953710776564
-8.18668290334801
-7.993613551395999
-8.047685209047541
-8.089598825210542
-8.146176477325238
-8.044876121028505
-8.14592341217149
-8.06708938981721
-8.066263497733559
-8.170063492840798
-8.0576905318428
-8.105413786532974
-8.051759409800898
-8.128889279827641
-8.153236589619068
-8.115232898224265
-8.091211438709902
-8.079072601544127
-8.149058003635536
-8.181099476325697
-8.119069424908805
-8.206005653250305
-8.151194790909818
-8.166161163184732
-8.133774522741296
-8.190325694054033
-8.26254574365339
-8.157905483448777
-8.089833994224866
-8.10208636348701
-8.119182092311855
-8.103551193887837
-8.158548250721557
-8.168883835869865
-8.135345818961696
-8.113862637822711
-8.04758190021056
-8.15537994839596
-8.21011857609437
-8.114183412642696
-8.205165979019077
-8.122446529464872
-8.114252108955824
-8.179155201116982
-8.219403897655466
-8.166008738427193
-8.162931791337792
-8.150261916371965
-8.178485080242014
-8.188339884694257
-8.141544160451964
-8.19095783853329
-8.18652924783985
-8.103130593651962
-8.11834189885875
-8.11274954505763
-8.218169702266115
-8.2033034013263
-8.120687636977616
-8.153909004078647
-8.223411587328602
-8.141062462808334
-8.102894592032067
-8.20194752447591
-8.159144428369858
-8.120299448074823
-8.101406905492954
-8.133231207696165
-8.1356675484513
-8.309737902449738
-8.160914486011672
-8.19278213051884
-8.14803160446368
-8.22501489620959
-8.229322332770527
-8.233898467935967
-8.28368701959267
-8.25657021312176
-8.273698086999799
-8.09141702085111
-8.218319413101957
-8.153308985701562
-8.193714449499545
-8.23436589898074
-8.219002072349303
-8.185674496196686
-8.315082170876897
-8.177743818519676
-8.16686015642069
-8.179222813601898
-8.120387939574368
-8.217000780428643
-8.17564267135217
-8.189984917580459
-8.181055690113068
-8.143191047760043
-8.184753938837625
-8.279565501160288
-8.188957676822213
-8.228778352738352
-8.222865132361715
-8.25779999993407
-8.175508349753095
-8.256280158466348
-8.166840470623818
-8.146735797803807
-8.25641233330691
-8.332007391580031
-8.167724401537042
-8.212800284021153
-8.15064483624504
-8.311582717809678
-8.271374325263308
-8.31743032678161
-8.267652371678787
-8.25821121234054
-8.22761375335037
-8.161924127823832
-8.269585933711255
-8.187880129616929
-8.217786765005362
-8.164676828984978
-8.238598662954642
-8.3170968094341
-8.251084332224142
-8.224700253500648
-8.183380743523463
-8.196958819812169
-8.188262446493388
-8.222333328724046
-8.25785977741291
-8.22120143793415
-8.25068320798943
-8.288297342895904
-8.236775793952571
-8.263156544931196
-8.273406680040349
-8.199191179635426
-8.236053580549676
-8.304276226378187
-8.29899952571345
-8.308838266864615
-8.330191219438062
-8.332105980465967
-8.219495184990077
-8.199368009453892
-8.276525468459193
-8.279523112168606
-8.340674640455985
-8.272028007525785
-8.249666883467716
-8.198999101940347
-8.279836013987675
-8.325126869052784
-8.25863743334261
-8.263117952148162
-8.219012844855518
-8.400610479397725
-8.234671112961585
-8.277445860457055
-8.244917187054718
-8.2228798075145
-8.299451572226745
-8.237257834729801
-8.275005834321746
-8.309284575062033
-8.383086900757693
-8.257458716467353
-8.321631795734072
-8.159479606703764
-8.326782090732264
-8.265867953644936
-8.240554677167207
-8.294398467814
-8.280035238861505
-8.226214813710738
-8.302648717428871
-8.193257097768706
-8.406404637291633
-8.28876934698086
-8.292870180780943
-8.275663627681293
-8.36042099942928
-8.207873020591757
-8.329473758176078
-8.304984910327981
-8.312807644236662
-8.31785602542139
-8.256397227138061
-8.359176558508087
-8.22558308116327
-8.258131537188936
-8.243771525210573
-8.247562136287494
-8.307822706866135
-8.324897784053132
-8.227803138830296
-8.269884624352144
-8.415124393654121
-8.301501510475923
-8.368939115420757
-8.270536668644327
-8.364594686464136
-8.320263391013512
-8.285666062975423
-8.29366314329419
-8.283167668240159
-8.305946842499814
-8.27684201219197
-8.369332670597625
-8.309886448430088
-8.365080061927317
-8.248936305341998
-8.328030372218167
-8.279180980594534
-8.348179107075223
-8.300508421391502
-8.363133349487564
-8.286788408019161
-8.380676928840874
-8.250474808260773
-8.377614732410626
-8.271112822310204
-8.338687964478408
-8.241158070868565
-8.311266321701648
-8.415451164734131
-8.31064129690888
-8.28656131865702
-8.279875299620818
-8.22560470040327
-8.423795620682283
-8.377000650420669
-8.387678808829655
-8.359246015557984
-8.267998248132455
-8.29739224794432
-8.328790932767294
-8.305782423930722
-8.285047519251354
-8.226397041738748
-8.417974184848438
-8.306696613190974
-8.232900560762287
-8.375838258351482
-8.359324841787426
-8.274077816402068
-8.317430420702024
-8.467026445942617
-8.380472361642626
-8.357991276672593
-8.356890976921411
-8.33271440722457
-8.34367553579194
-8.293857714660641
-8.368103458508857
-8.332246790161852
-8.37491041587052
-8.386704472313827
-8.35649237842329
-8.351622270278883
-8.32561111782211
-8.313755258747005
-8.302282861098432
-8.42785930668768
-8.450502311009549
-8.318436442486666
-8.407556282778955
-8.428526866260247
-8.402437358185168
-8.421180034698134
-8.443305683693827
-8.427255111995336
-8.289135282455764
-8.342197613092274
-8.377519528473432
-8.406328976915061
-8.310188025477917
-8.257108716897926
-8.442471703685996
-8.316695088635901
-8.366786579347023
-8.359108216011744
-8.355300311409325
-8.307782686901865
-8.429079387561785
-8.379109630433879
-8.39799145650806
-8.40456223658707
-8.424042230120078
-8.36782252281704
-8.338203004507312
-8.272716061651419
-8.406986517912216
-8.399058120663879
-8.492165557132152
-8.435525430220865
-8.41153134697335
-8.400220658752792
-8.291171897191205
-8.369120679136769
-8.410273706450749
-8.37108456036057
-8.354285658124999
-8.419299304398367
-8.292443473590103
-8.443515514487641
-8.393612770496814
-8.288435907746095
-8.468016778826415
-8.409347087258261
-8.482327275073855
-8.447847587679801
-8.44297908056104
-8.385400787079758
-8.422790286463167
-8.370414662770555
-8.379751220597852
-8.409400168952178
-8.507877244675678
-8.469691223088969
-8.354737965273348
-8.323993344493097
-8.326828931749278
-8.447629270892739
-8.39514312527371
-8.47972879993319
-8.438305182528998
-8.47212773011674
-8.39138602749392
-8.315791049156452
-8.474469726339874
-8.399771569566415
-8.447032640013882
-8.412755034375527
-8.447013410738212
-8.391122363716992
-8.377293966865341
-8.273654867650217
-8.392104669411088
-8.379396392263374
-8.454979112269886
-8.423975487212976
-8.410516378468001
-8.446267466989317
-8.379079884091059
-8.423026559189495
-8.375878056232203
-8.4517479450713
-8.444890842015145
-8.473061222557316
-8.488454351473328
-8.387684635269304
-8.391800118425195
-8.40761266269004
-8.35830414080321
-8.479003983074529
-8.419706073682384
-8.263042420341582
-8.501102610058393
-8.475751885252325
-8.39417702583816
-8.387258314621379
-8.410764625788659
-8.463300797193563
-8.41000264688912
-8.43639739612758
-8.424800792066526
-8.497279006889599
-8.40888636748187
-8.387917961619769
-8.43152627586544
-8.457155469965796
-8.424448624265086
-8.394373635727652
-8.385661927675448
-8.454789349102208
-8.42089594562904
-8.547136256518009
-8.436841504870358
-8.324287857755303
-8.386886870567931
-8.3613101505539
-8.441413790304356
-8.421182519869753
-8.44030899476232
-8.46041859538372
-8.44348016323499
-8.357906969471635
-8.43080940520608
-8.357067786888155
-8.41974071095219
-8.448071288767773
-8.435091249017134
-8.460502676704317
-8.400821731336086
-8.507313773619357
-8.439370099856195
-8.470535844485005
-8.440041284420786
-8.485870596149288
-8.494208935970152
-8.34110925629342
-8.442953612737877
-8.389593936696732
-8.370570799343751
-8.54975177042459
-8.515959681776328
-8.485653358336675
-8.52960831236095
-8.460651102664638
-8.572534246887455
-8.44189172165886
-8.489365311488685
-8.502820269303625
-8.481937225977793
-8.517218847690316
-8.414384933035711
-8.330103167953549
-8.426149780832297
-8.4646352799622
-8.41411199289342
-8.445228081208283
-8.467004836418635
-8.446927903227143
-8.460942267228742
-8.413495544939073
-8.365950227882061
-8.481714299829264
-8.463751346196608
-8.387052644889819
-8.466133500199195
-8.470007324757232
-8.441289751933466
-8.425168196734338
-8.417464923697107
-8.50957279908048
-8.484094932542908
-8.458962630068543
-8.523009562000745
-8.508828815243723
-8.485226732443186
-8.495392996382638
-8.439869204407936
-8.54386238320552
-8.443895328854534
-8.451522106312225
-8.504804852828658
-8.474264256813905
-8.457690544083999
-8.491366856852304
-8.41493681902662
-8.43602468506592
-8.459641060842129
-8.39568649032491
-8.503497738469392
-8.490822274189881
-8.458082937371532
-8.512501422478522
-8.43145881110006
-8.402370631426402
-8.346237403761625
-8.518874399234763
-8.479596823500678
-8.524875403529476
-8.337849109282978
-8.467054508845882
-8.481289397459836
-8.505844598724995
-8.43701298568628
-8.470306118884558
-8.44646865208734
-8.485776361028051
-8.464809189074044
-8.48776660652422
-8.468818460978847
-8.513355531375163
-8.48067623411668
-8.477309194564599
-8.534045740178197
-8.419727637182886
-8.455570591667959
-8.483979566958537
-8.396730475716803
-8.505019201398994
-8.39599270375322
-8.458814481162504
-8.47655986407669
-8.586783725429342
-8.510638057140332
-8.433122322946394
-8.547746149594365
-8.562346487221888
-8.459683371744047
-8.494755155794433
-8.509511693838416
-8.570308642334146
-8.474278794288978
-8.525322192153908
-8.59190594729736
-8.622477697115622
-8.590165978715973
-8.473501734522273
-8.447646650126222
-8.492643942697878
-8.573989377265768
-8.564411330044592
-8.485011236710587
-8.416050168686262
-8.540000180331239
-8.518975284880234
-8.469397554532643
-8.520505324628132
-8.522138474673362
-8.486543365395233
-8.542729007977504
-8.406398754995285
-8.483161783237806
-8.475582812245095
-8.452007716570773
-8.597281168392968
-8.54468681575732
-8.568260640913355
-8.562091704752762
-8.487662241238738
-8.4010744451909
-8.60788187106405
-8.547109727630993
-8.435455894593854
-8.482721735138595
-8.551048020071175
-8.466099191197257
-8.447606669138118
-8.467941835129926
-8.525434575088216
-8.46866325262538
-8.467658600649889
-8.442593164608693
-8.516499273927321
-8.58782633698317
-8.52900246060647
-8.48933076103101
-8.58333642750886
-8.500175643568028
-8.512753647593009
-8.457881423755868
-8.493116425741162
-8.535017400970064
-8.600435752795844
-8.605990851601494
-8.51500155195617
-8.529644395378341
-8.465858739287667
-8.546896248604286
-8.471285098711322
-8.48157336408846
-8.494185745078783
-8.54812094294414
-8.481576655956342
-8.475582923270741
-8.601433778479345
-8.524955392881019
-8.499821481674315
-8.483441991079854
-8.525142175915667
-8.564477803847044
-8.424162638894
-8.567261736019914
-8.491754457262106
-8.54288423179747
-8.537361247288965
-8.559852073183333
-8.640950736776288
-8.503681648894707
-8.549573629970963
-8.505247482905578
-8.644841781151847
-8.546044311031805
-8.567717560740734
-8.547225210283488
-8.54141326679264
-8.51921359706409
-8.453914453206476
-8.467281957699846
-8.627260298186194
-8.389066227417244
-8.529134826892065
-8.585805969816295
-8.564954701319886
-8.55938225196917
-8.621855370193723
-8.559547897155905
-8.520514951769133
-8.582872961356637
-8.567642704906318
-8.637861864925958
-8.54529840047942
-8.547254354155777
-8.528975536616581
-8.517508287940187
-8.504816164868858
-8.46646547455039
-8.517120982459314
-8.550120240676394
-8.478194534274698
-8.562654997221205
-8.566907492857359
-8.570875328500142
-8.543392064890673
-8.586722480008367
-8.551605675931942
-8.54526005143448
-8.496964446256854
-8.527469550831684
-8.576538014259485
-8.541251287629047
-8.562074791413231
-8.529074235208396
-8.525622549465538
-8.499716243117183
-8.607274619520224
-8.548785443519384
-8.55749682158769
-8.564612350296395
-8.550504224525028
-8.593849878207024
-8.533874178669754
-8.544497648912722
-8.662645983840067
-8.510244071417318
-8.641285322527114
-8.497494246564917
-8.649507082306327
-8.530400201024728
-8.604492247964043
-8.550660715669096
-8.560106244701783
-8.524264196985763
-8.613580493342258
-8.566947099558709
-8.632656242222506
-8.589471170856077
-8.654548299502933
-8.602202678270938
-8.59731419347352
-8.537836884747554
-8.577203667083891
-8.503877168228396
-8.56627845258515
-8.561545720875344
-8.566543160625555
-8.549713982332559
-8.553121463625725
-8.631064274910333
-8.547972618665824
-8.632434001292168
-8.589314383161112
-8.562070918229589
-8.550237699213513
-8.554192815082459
-8.516436165720277
-8.618098662335083
-8.57149784373355
-8.55736800855478
-8.623647588545543
-8.536169206286543
-8.574663068461986
-8.48752947035285
-8.65401196076244
-8.657367127847003
-8.489151861709628
-8.559733501050287
-8.59840279130846
-8.524622113861698
-8.628564884891674
-8.707029601401127
-8.567563728197651
-8.634824715912941
-8.647694258124352
-8.601264824898175
-8.536320303829507
-8.655172062760352
-8.674545810641256
-8.497751305806297
-8.642239573919309
-8.587198410421266
-8.569996146444616
-8.601935060778926
-8.614089890116746
-8.620861775371647
-8.62576087869638
-8.598826674070535
-8.4914679048599
-8.49070536614422
-8.572154190764744
-8.581523690822399
-8.551146953982215
-8.573341928054697
-8.596471446262639
-8.551205684304191
-8.553268226395847
-8.61069546724691
-8.641558388518076
-8.669551649622251
-8.575634889670093
-8.55412931444788
-8.644280541117011
-8.641349618255537
-8.693839653782561
-8.557246329114959
-8.570523292399896
-8.6365026531683
-8.540903172773643
-8.5940759944052
-8.587605131296945
-8.680611667981717
-8.53292404226578
-8.57223799907496
-8.615930351270903
-8.628830733833857
-8.635129787246024
-8.608581219103362
-8.612707313321406
-8.62982066030458
-8.683772864981533
-8.65347980809117
-8.648334532377188
-8.6153215634341
-8.563552732056138
-8.618752732365868
-8.57928252146764
-8.572336871953395
-8.67025023815315
-8.524940359699611
-8.636800983899533
-8.63705628243328
-8.633010100638208
-8.518305175394692
-8.595690619298152
-8.56427378502932
-8.625339125137364
-8.639955885811064
-8.600093625538168
-8.61332598251855
-8.568791413936957
-8.625047334977301
-8.632963066058258
-8.696992869874817
-8.71990631506871
-8.572500225852275
-8.530845994311234
-8.659573581948955
-8.63625299653106
-8.603790356487165
-8.526311284152277
-8.638757328102615
-8.592621292439638
-8.655361922559383
-8.58582439706493
-8.564873750631483
-8.63588952774303
-8.70337092919653
-8.608690044769125
-8.596133812293123
-8.624323414490158
-8.615751251382262
-8.571043371467525
-8.678725052008657
-8.55683270312449
-8.598691615216694
-8.612756910876913
-8.63408528411471
-8.613491809448462
-8.60056436076648
-8.560780856362465
-8.622010380451114
-8.696410250579598
-8.678162507184533
-8.60972697965409
-8.694064198183515
-8.561614054964522
-8.622549073458114
-8.613748253169874
-8.544549143538601
-8.627605297726461
-8.60024742850308
-8.617582304495675
-8.659820980093782
-8.621525162391498
-8.656374017748238
-8.590771409397714
-8.63487959259882
-8.626473533579427
-8.644154789250317
-8.610817462264682
-8.595557892812781
-8.611057287077085
-8.583331967769935
-8.629753281871436
-8.680966825531911
-8.604068798503352
-8.626403562125352
-8.643778501009738
-8.620454035492353
-8.633103893809745
-8.667432589171481
-8.651061809569518
-8.598556444110741
-8.681727445683476
-8.62156158611494
-8.622159582834959
-8.63351840111348
-8.563649532527709
-8.617092999573867
-8.606887101042751
-8.669642913368053
-8.657653761266216
-8.61415372405831
-8.80532237169225
-8.634963178208734
-8.601225714362611
-8.678057913126263
-8.575672678428624
-8.663601585049326
-8.598937819725267
-8.570498654948299
-8.62059049782045
-8.715048539316411
-8.572886645762921
-8.688585321581801
-8.654437033565221
-8.675099232074691
-8.656564404548467
-8.69190376620076
-8.611049988790105
-8.61444944032117
-8.645268848988312
-8.648636268198812
-8.63418082430889
-8.647529354938142
-8.623840855729284
-8.656111162274351
-8.639935751463796
-8.673942142250887
-8.661072309590905
-8.76556998697353
-8.707920631736036
-8.69468616058341
-8.697388248239976
-8.592122690584763
-8.64120290522627
-8.600125899446851
-8.705098312753742
-8.6467898470024
-8.697510206247236
-8.698017140399319
-8.628506023208335
-8.61330699403143
-8.56498418765355
-8.627012627239905
-8.672780390125384
-8.669555588951274
-8.679541722221515
-8.603987983648532
-8.670464333506557
-8.739525935213514
-8.667526906620257
-8.599856596907403
-8.681529807477713
-8.564206200822722
-8.743181884109616
-8.643748511013895
-8.560314867880349
-8.625781244454506
-8.60270682934461
-8.627514606822006
-8.743625661073471
-8.614566290468764
-8.653210584008404
-8.790851928143898
-8.607591200423311
-8.623269090271132
-8.658928754344446
-8.745091065535439
-8.694996200603809
-8.682344566660854
-8.74835207780502
-8.667818729756565
-8.57671469655905
-8.706984870980168
-8.655641094800929
-8.763992205153494
-8.71873604310604
-8.624837182098519
-8.67939579748569
-8.643662295732424
-8.72640375976803
-8.580938881834738
-8.686154581007191
-8.643993452532788
-8.678774794177164
-8.645531110357025
-8.554651777335499
-8.767413704083259
-8.716808356118705
-8.704545472579905
-8.618375596701739
-8.682862852415436
-8.649139982822675
-8.723258129456804
-8.615198274260662
-8.661407186185512
-8.717027590151584
-8.600388174651682
-8.722035842335924
-8.628157436974117
-8.642179158869244
-8.651667625937836
-8.709113139077074
-8.69094479379225
-8.703549914859288
-8.667115371060325
-8.64750640805803
-8.682040860399324
-8.668293674333212
-8.744065759002432
-8.688500753730343
-8.731745371582317
-8.714105567342079
-8.599409659636148
-8.68611232514809
-8.66888384219297
-8.73705499502143
-8.688824408528808
-8.673100080924035
-8.69021836254837
-8.670496547785383
-8.761864054494003
-8.714471768802452
-8.72740361666571
-8.694382850332206
-8.715198206874167
-8.720226552248722
-8.616598352949318
-8.613041282022753
-8.674302913715863
-8.747991785868322
-8.707073375653398
-8.727721341224052
-8.669767987754652
-8.783640334601872
-8.744775418660785
-8.647830956315131
-8.702838397887835
-8.617873219782437
-8.701657698197529
-8.701349847389833
-8.681347187224773
-8.608531026478017
-8.69257738597561
-8.634254006982728
-8.738593220944038
-8.681182857647858
-8.751352900960368
-8.715760693612083
-8.61030232302449
-8.698785484118973
-8.694095204163693
-8.802954213448116
-8.674525773211908
-8.660273436493844
-8.716663345280493
-8.624353697283828
-8.674117216299276
-8.719674544324825
-8.717420240133034
-8.751846791686557
-8.684860465897547
-8.717744352470858
-8.770687302480784
-8.691690085252082
-8.724276940045469
-8.735409851027802
-8.761058082929988
-8.755091552525698
-8.753420595374577
-8.6520598358296
-8.699890268016395
-8.656704639951476
-8.750726642701219
-8.764679166481901
-8.632480821222646
-8.693060272225718
-8.77373913338006
-8.704857536153066
-8.627928982000602
-8.61272028038641
-8.70602921389406
-8.729753455616722
-8.687634834336283
-8.756093110142649
-8.72408688686083
-8.648406364593965
-8.688262878463068
-8.697673468027839
-8.715442955592932
-8.716442975252574
-8.792065413724526
-8.706634358984372
-8.678818061380346
-8.748551061976823
-8.619911037782325
-8.854453470223747
-8.751934122286562
-8.626338315074657
-8.682914306251293
-8.78616459707935
-8.660928725493356
-8.63370277270796
-8.6931057276604
-8.743451459026971
-8.738805244268852
-8.701144931668061
-8.743862481448001
-8.689408600195272
-8.800317741149348
-8.677217219049744
-8.799972689866502
-8.705507271858506
-8.725917164262162
-8.743236952189319
-8.688189933339777
-8.821363609386578
-8.715108904401745
-8.787387547871745
-8.837049897195246
-8.728982261245239
-8.666900907045019
-8.714676279975512
-8.672274992042906
-8.722120827886288
-8.758631531123052
-8.658270380693379
-8.688548902422584
-8.721406993313767
-8.694794232600387
-8.746867258031962
-8.74614653383056
-8.728738779437892
-8.748916783555854
-8.717644087046757
-8.806089260417203
-8.639237280068373
-8.757359171591474
-8.81743061232151
-8.705000604500864
-8.757232066334195
-8.719495458034539
-8.656676329230768
-8.778358557215746
-8.737592803792431
-8.722048480884174
-8.681920433514142
-8.729427462346697
-8.76885331103562
-8.766709858602159
-8.729879449165072
-8.767615473203435
-8.698027114201778
-8.80708096517729
-8.832863190444185
-8.671045153245412
-8.662583595494722
-8.739480666176503
-8.737983443846804
-8.680193212224347
-8.68457580441491
-8.763535962887406
-8.742913666174003
-8.731886349351148
-8.763190082839241
-8.738370454275174
-8.779285974290769
-8.81581734081253
-8.775280901374968
-8.74365380415726
-8.722087311883348
-8.655119470568946
-8.791285340133847
-8.676467565748633
-8.723998276822387
-8.739045463251294
-8.767311493593562
-8.729059268071271
-8.86606998058154
-8.785170330659968
-8.723787145023904
-8.75106622456468
-8.719980096307804
-8.81738840292786
-8.73031306145628
-8.820044592330104
-8.759858520424416
-8.832700017151337
-8.69279092218592
-8.721421850362534
-8.72734991309152
-8.76831336701864
-8.75654702874712
-8.738840939664213
-8.874118840564684
-8.720126717341987
-8.84694541939941
-8.709443689280254
-8.804741857168011
-8.663199553499467
-8.68727513822987
-8.831645206392636
-8.723359973724092
-8.784232431819984
-8.691330918288399
-8.817618867463658
-8.79740386660089
-8.810138861557732
-8.777168678928247
-8.753020348486947
-8.716776375611987
-8.738162076544096
-8.807754714019053
-8.772603723103314
-8.842328194407646
-8.716739060050053
-8.783592956848597
-8.655161749369752
-8.736898919347878
-8.780960874203975
-8.697141797271746
-8.730745511684368
-8.67094508814238
-8.864840138947374
-8.809941680685572
-8.797505605321797
-8.722879890312017
-8.70980018267119
-8.75501679848499
-8.833073665623244
-8.757756008617305
-8.63744941104268
-8.66374833327518
-8.76491935249774
-8.753863576900047
-8.777108533420849
-8.76920573625712
-8.792128813490853
-8.811658795582275
-8.839578945334196
-8.791790595950179
-8.803700904266273
-8.66731041972977
-8.726248305713538
-8.745580308075072
-8.811140201364507
-8.686051841623337
-8.719680870793301
-8.778865998813222
-8.747863911342204
-8.769923666566156
-8.796107467399244
-8.680772534038443
-8.746493050098831
-8.840570410775607
-8.822069258853153
-8.82496105833428
-8.850147668250047
-8.856829720877736
-8.773852302612775
-8.759122939861713
-8.803116095058497
-8.71737276480179
-8.673524634569429
-8.835759891520839
-8.724542766321475
-8.735347842214574
-8.787303277321087
-8.76970440653581
-8.860005689799847
-8.80794189522239
-8.80359881912535
-8.72673819179604
-8.816650448402227
-8.780539156169146
-8.861901875601987
-8.82685462519904
-8.810160263014424
-8.73936396898373
-8.725331278805282
-8.909538604966814
-8.665885688345634
-8.761688547886338
-8.833514872612827
-8.783412434909343
-8.90737930687518
-8.860310405716723
-8.73816795848281
-8.76731857994896
-8.829361108461567
-8.807375221319836
-8.792957042064996
-8.762434405689751
-8.77578097048079
-8.793688458734866
-8.827318787486533
-8.779283266696714
-8.817254589082761
-8.955818336244183
-8.851821654369358
-8.855157100746977
-8.84123093177775
-8.800795932608251
-8.734864419259205
-8.778804859130384
-8.757964720332316
-8.826415485365047
-8.779382866429158
-8.741248573967614
-8.752041765926613
-8.79634878131403
-8.780659122754344
-8.862613514117738
-8.706462024540672
-8.836893285363315
-8.848209916923578
-8.689095195377012
-8.800205068731186
-8.851450281107637
-8.743511502670986
-8.761320162581688
-8.817761382352964
-8.836910285046848
-8.768889996409023
-8.831488314477722
-8.804761574876524
-8.73870789629772
-8.790997582783536
-8.777631606476843
-8.814848018758008
-8.848721578838664
-8.768895473127484
-8.7800148640197
-8.836952785213738
-8.787512614245632
-8.78215994139594
-8.745875019696594
-8.743439472794734
-8.849405208813518
-8.843406804089282
-8.761829480073349
-8.799849459133481
-8.945660059185476
-8.831306180266957
-8.856578706189708
-8.856730267244583
-8.848064308567755
-8.781178130177894
-8.846990303885082
-8.832143027939404
-8.782171393637716
-8.822268103363328
-8.897948487969513
-8.759083344215743
-8.824685588380746
-8.765605809107795
-8.82665590960154
-8.778632607301084
-8.818495292143039
-8.82367372657112
-8.782278439285628
-8.858969376880399
-8.859960705881166
-8.740273886205525
-8.849713994684294
-8.825062628320255
-8.758075830920346
-8.867976271388391
-8.945448167370285
-8.860669447855559
-8.828488378506659
-8.8926552093803
-8.807897083890637
-8.794995814280972
-8.839205072823047
-8.77669067509803
-8.761086744670788
-8.773037246921643
-8.896502740308973
-8.851717710746051
-8.7297369193985
-8.851057986750092
-8.79003082026756
-8.768790384462008
-8.77469208927992
-8.901559534581065
-8.887933477080985
-8.87316767164671
-8.816452713072215
-8.873877268120891
-8.931841412478956
-8.863055951161781
-8.8309866769589
-8.832812882747874
-8.818986202481058
-8.828480338254222
-8.8203453912913
-8.794471275267489
-8.774144995927044
-8.828188466021123
-8.77543947347384
-8.80842060425514
-8.752491965516294
-8.906294692363133
-8.899447379119321
-8.81440151738425
-8.783163528936614
-8.87612031641647
-8.885694762564778
-8.803154030041417
-8.79443995133787
-8.81968909764399
-8.829806107006203
-8.867633318340465
-8.875711633676747
-8.844875548463044
-8.877100741578557
-8.894373931009596
-8.896461558621104
-8.752425377154088
-8.794632343692191
-8.879811075743529
-8.86578278952037
-8.810095780893779
-8.781060774363727
-8.828719820232406
-8.859277345514535
-8.855975282137647
-8.807069975621935
-8.77004278570329
-8.83713320257823
-8.908867105369863
-8.870495109134053
-8.962336831742205
-8.881092625340456
-8.812638622447134
-8.873847470983543
-8.927619101641664
-8.93344648095266
-8.903810096811913
-8.894206344845452
-8.825689312320852
-8.890525135837928
-8.83439558475069
-8.901788123890876
-8.840830993623724
-8.801043876681533
-8.862076743956456
-8.803243679679019
-8.928743529757844
-8.796283762353607
-8.913376004012672
-8.751958339813056
-8.877897652076687
-8.923608834842291
-8.899027732378126
-8.800916472172684
-8.77477188005757
-8.857635499805497
-8.92816200981223
-8.771551597945928
-8.973240127324908
-8.896446030882755
-8.89003473636768
-8.742694696434532
-8.936827253730703
-8.80765380002355
-8.950766640029963
-8.84054732555697
-8.88682992594527
-8.817947528084852
-8.873953104769328
-8.875013334756783
-8.848850085817137
-8.88442621912056
-8.88040892658333
-8.907281625823241
-8.835609851130242
-8.81351810830173
-8.954427779661943
-8.96184876034769
-8.880034360754795
-8.848091202486833
-8.932873936918714
-8.799195847870697
-8.922874014283206
-8.82945173074503
-8.84706725381348
-8.825498268601569
-8.895829398209633
-8.840677654711785
-8.871898020171647
-8.863842551155797
-8.795670195436637
-8.907120883119498
-8.929450659422054
-8.958132200348315
-8.898870598705255
-8.963779744549603
-8.923442962305645
-8.95101917959625
-8.864952901726573
-8.87722092722525
-8.907918732626467
-8.902976749338437
-8.994465964900456
-8.907722043990155
-8.96387426938762
-8.86569746404796
-8.863565016254084
-8.94769564663932
-8.869563756173614
-8.867318806371463
-8.77955754825498
-8.89340002016854
-8.944186334257308
-8.850143880674256
-8.924181996168652
-8.9264441476378
-8.913370259947184
-8.850155606177896
-8.854696085518835
-8.899102301889739
-8.910730313044718
-8.981409938443617
-8.90965305262898
-8.812038596666893
-8.930934690276144
-8.927949026023198
-8.954956147978507
-8.84617644647215
-8.924425955144493
-8.934676478780887
-8.858276965443622
-8.843607970938924
-8.962530709701864
-8.903900396649377
-8.85530496242114
-8.937952744362988
-8.913592487596045
-8.823199586199163
-8.880667600962347
-8.736102969701305
-8.8504564783118
-8.92544068344606
-8.935139728740166
-8.88995636034871
-8.92765607443856
-8.913315643188765
-8.889938802097467
-8.929121654671224
-8.928249503534593
-8.845233408846768
-9.030701840826396
-8.919508461344893
-8.931179245129611
-8.889244190635106
-8.80826788510399
-8.948429968625744
-8.851211117359684
-8.814670588356742
-8.925528565174117
-8.957443558033397
-8.943747621668619
-8.90371448004766
-8.814510694059278
-8.932093218038217
-8.900554489312233
-8.950851091617292
-8.959963623706583
-8.957953875928967
-8.870852914864974
-8.93739054739569
-8.901317868707878
-8.900068254859528
-8.973780161966737
-8.970218868976835
-8.927149675035562
-8.963342088833272
-8.849225590870226
-8.867022835763121
-8.917095732978046
-8.918112876999954
-8.8626995398249
-8.949952909709692
-8.99484000159884
-8.910718513590135
-8.941117536048845
-8.81805611922413
-8.857103551422798
-8.99477699675511
-8.899450432107361
-8.923169502482747
-8.862954180281351
-8.954281289643042
-8.918068993321596
-8.9062405055999
-8.882986311815838
-8.959407039456917
-8.883859883378562
-8.87767601041205
-9.034103413368719
-8.909619507548962
-8.83940785406404
-8.988567393708458
-9.016403874309715
-8.882203452486578
-8.941826206051772
-8.927132382969631
-8.86080878475808
-8.918850075882917
-8.833031533401247
-8.957642507554425
-8.982417012055722
-8.94384873195844
-8.919340521060361
-8.902811752151512
-8.982389967325775
-8.921295206434364
-8.938953970261094
-8.95057519756701
-8.915231489721888
-8.995061414759197
-8.924270954736096
-8.926020843362062
-8.929291598940345
-8.954480175312375
-8.935526145782967
-8.890651434789111
-8.845607775125222
-8.992584146343793
-8.942945885184301
-8.966602558684869
-8.87369431778338
-8.91401923307486
-9.001909840650935
-8.887346346445149
-8.993325123241487
-9.005224242023857
-8.97635982990239
-8.92420929655462
-8.969129576148225
-8.948825681418862
-8.974621352704224
-8.999519659046914
-8.84426316398002
-8.946455581278462
-8.879192688789907
-9.070772943395207
-8.937607341907405
-8.888815857931013
-8.983809071783194
-8.921308804055016
-8.934021114985955
-8.981893760588752
-9.004287522592076
-8.987822253429409
-8.967903182959631
-8.913218181464556
-8.916581668600534
-9.02237000498598
-8.992463680823809
-8.953242551368929
-8.955075184376254
-8.927464467538186
-8.9579770485994
-8.86639129621521
-8.890503901474322
-8.952214037994574
-8.955329343701875
-8.875009224298351
-8.972249147090698
-8.89629665198776
-8.9052824558305
-8.81590890199451
-8.982796960725313
-8.946198367831299
-9.00111040456572
-8.985281121824686
-9.031918922089028
-8.980609870770968
-8.98202731195097
-8.881543226282444
-8.977843048650938
-9.015088370356557
-8.88906060668509
-9.007021362022874
-8.923253899952405
-8.958726483462868
-8.942441342877745
-8.901465978152412
-8.907424493445342
-8.94726136909003
-8.89862601266263
-8.954282843905638
-8.883464710053065
-9.046234209334228
-8.849860842046532
-9.041744487087533
-9.051984585298545
-8.99357197465332
-8.966628842607502
-8.962057389476266
-8.942155429572137
-8.96753882640152
-8.924051864546497
-9.060267311980182
-9.035695278616272
-8.942537573796285
-8.937386923562281
-8.889412829255786
-8.837890331473554
-8.92938687424503
-8.890898608439098
-8.95652926591588
-9.133710063093359
-8.928530950807115
-8.905881073126537
-8.918784688444642
-9.037599305032142
-8.987724891349847
-8.885574726982297
-8.931563806031498
-8.9723000781907
-8.962422165052491
-8.909068869011511
-8.962945974784402
-8.924489804242599
-8.970266627013382
-8.888244292740834
-8.941662062543205
-8.97323593393986
-8.902651330045826
-9.054201136985975
-9.030027262364749
-8.982938810327843
-8.968301404603706
-8.991024289914225
-8.860913921548885
-8.96321576667267
-8.891704070819795
-9.010413501380096
-9.017539256922005
-9.016019530713312
-9.002387884664877
-8.884285569277505
-8.915094514182059
-8.936690277823423
-8.970538868163727
-8.936640616475358
-9.026337684912042
-9.032009823524485
-8.979088251200606
-8.992077175772783
-8.907622378490167
-8.930653405174914
-9.091611713492451
-8.977722011547659
-8.981732201606386
-8.953853881418826
-9.041358430021026
-8.903645238188522
-8.935512620313174
-8.980939314264665
-8.98636572684066
-8.975718144282816
-8.871864974541426
-9.029034342226677
-8.97020768623685
-8.975156783718937
-8.984608241511557
-9.006446308359573
-8.998510061428489
-8.959604267647531
-9.039637087140456
-8.92007618718518
-8.938218163042373
-8.899468405392557
-9.069572231375108
-8.978433051025716
-9.034900515779043
-8.945382739549016
-9.013697750042315
-9.032459677510344
-9.006834146346298
-9.000829516663288
-9.061995117005484
-9.048256744969038
-9.03878879725208
-8.94597353650232
-9.009298034508467
-8.970948005689698
-8.96951749622825
-9.004650350765596
-9.012206044257919
-8.892931532543384
-8.958417671564112
-9.025546107680652
-8.936971371263642
-9.00134038216566
-8.90578590821844
-9.011485690286753
-8.993325723820705
-8.961161016300869
-8.945270953029084
-9.007850816526078
-8.937358621979387
-9.0834309107993
-8.936535768233338
-8.956079456701946
-9.030049227194061
-9.066412593128623
-8.994057826365752
-8.982288184561012
-8.996320684843829
-8.990276071153414
-9.068923108475593
-8.967400793813676
-8.988082683462746
-9.025158323877237
-9.041024946895114
-9.03577654241098
-8.993479155848716
-9.035550582939052
-8.971779911740574
-8.915030286307811
-9.030856609191819
-8.971805045538913
-8.98617695682589
-8.901973173028418
-8.978848526836115
-8.936745109251037
-8.986900001663136
-8.93451531968637
-8.931645398093835
-8.951614736560336
-8.969519916898122
-8.951806212310784
-8.9683119838348
-8.981862474429674
-9.040082798361288
-8.957141945097193
-8.967702416354738
-9.036290949572583
-9.084427989623729
-8.898546933226536
-8.984713071758698
-9.030622481274962
-9.046847527002111
-8.936632570216798
-9.00309478679047
-8.9964513773997
-9.005288501871044
-9.134703362015921
-9.001909156319357
-8.869790255233308
-9.056954444746495
-9.10852448416844
-8.990850062853497
-8.985794583909687
-9.007399899080495
-9.019004779327927
-9.069929372533242
-8.946581094725557
-9.038574701325135
-9.039599189968758
-9.057566316234377
-9.044612192321857
-9.021487250205773
-9.035456055733068
-8.975073231215971
-8.994726227968632
-9.010684652127017
-9.010763404495874
-8.992081921691602
-9.06723007363987
-8.96823307214236
-9.084898917574836
-8.987017565393417
-9.148321426528488
-8.92852705744957
-8.99077485523162
-8.958071281537086
-8.973011869925339
-8.901696276368599
-9.007967808045768
-8.998870637939545
-9.120575676158216
-9.06096044615533
-9.114701770196985
-8.98191288609641
-9.00016681973354
-8.982095685517582
-9.032763232363575
-8.979951774065553
-8.999371567569687
-9.071016432248598
-9.013637407601582
-8.96738329763182
-9.028749011715533
-9.057508759655162
-8.99455396205441
-9.057480192153738
-9.06693326760113
-9.050765264070906
-8.993118971243836
-9.0084802205108
-9.074555102710027
-9.116887614930215
-8.991337544320926
-9.081868874875829
-9.021290457512412
-9.069575073558031
-8.969528466568965
-8.969822133820207
-8.980151447146197
-8.95083750183977
-9.013759394994777
-9.049831123320876
-8.947749242624818
-9.052060138827889
-9.03265197638594
-9.053668279975716
-8.977789235021898
-9.060632477013105
-9.091408031265262
-8.973858826639084
-9.081053896142416
-9.066443017817411
-8.859917593190678
-8.905119538501136
-8.986790745014467
-8.903231422363989
-9.019878962561098
-9.055054123672198
-9.056437510898885
-9.010483866447142
-9.038748849901575
-8.972657876381712
-8.992371845781056
-9.013194569065192
-9.058542187968252
-9.049231576604019
-9.047762348455633
-8.994508097829318
-9.005958505262688
-9.052596241736294
-9.005870749202833
-9.0723905053634
-8.967451894279023
-8.992214177604096
-9.079888630349513
-9.11488001179927
-9.085757732809336
-8.950368686203397
-8.989237124640914
-9.007949421473462
-9.048742025279836
-9.00213507297725
-8.979986936646808
-8.98405058646369
-9.03815513205683
-8.954016577051524
-9.108656687497875
-9.092625303721803
-9.04090129369788
-9.010264992015056
-9.048722252367412
-9.064981811383701
-8.974852214383597
-9.106850837142442
-9.035849751083145
-9.038572393726797
-9.043193655642801
-9.013081841700625
-8.94698726405397
-9.079177474488276
-9.08490293222329
-8.99172756182652
-8.879599345918203
-8.97677611305477
-9.014109743323116
-9.125533334626683
-9.051427488552699
-9.05682032227556
-9.121067852980671
-9.112318419753988
-9.061929349673099
-9.030398860740787
-9.053218512641697
-9.01894728200026
-9.01056294845506
-9.049344038843996
-9.012771403634739
-8.870022058614934
-9.097765620485736
-9.129268789013024
-9.06454764863785
-9.023663097716513
-9.005986081847162
-8.987783662903045
-8.992458288673761
-8.961942050292775
-9.010719718204811
-9.112227751170654
-8.984408476181146
-8.992396544660208
-8.931996588275352
-9.003929777337587
-9.084097230447927
-8.969348059288576
-9.056806878268628
-9.05521754296402
-9.084037651408224
-9.00087951813274
-9.060263714377585
-9.076319587693161
-8.9776097460033
-9.02557036581199
-9.04865704811474
-9.018170868044708
-9.05174577910122
-9.061920299243416
-9.057994952712722
-9.064818412037916
-9.013767649493229
-9.008167358876241
-9.138290988931406
-9.024779762015287
-9.057068009037607
-9.024330669232162
-8.942012419983149
-9.009277358436755
-9.132478893464421
-9.064561189532435
-8.997618471393878
-9.082547175576181
-9.058313336032096
-9.0518188764517
-9.078124808627974
-9.052970164551551
-9.107135918577042
-9.068119959105415
-9.090659313625542
-9.080582987551475
-8.97348794131096
-9.095565547591567
-8.996064551426482
-9.010186420125402
-9.022728244039092
-9.043558640928454
-9.041576569026773
-9.126516852320332
-9.139366915724223
-9.1192410352263
-9.025036229578806
-9.033843651774234
-9.072536351419787
-9.03862843264747
-9.068069231561934
-9.06023281986536
-9.059205138290546
-8.931125547828008
-8.972798800567892
-8.949277262575292
-9.111915197194582
-9.072248029741095
-9.047663015952478
-9.131896146612432
-9.004295718207993
-9.162599438194547
-9.04045423109242
-9.028256625676468
-9.0042304391307
-8.97878074239955
-9.035829380565442
-9.093791777944809
-9.01486035144793
-9.068997395126294
-9.041376352928001
-9.042795356629478
-9.074729110370523
-9.081930640474614
-8.985061915239738
-9.002597055934435
-9.023967026068213
-9.07238804191158
-8.937359498892112
-9.078816411914147
-9.065668980551512
-9.020212028491969
-9.10439436089466
-9.065268422695262
-9.075822330027227
-9.023251756559933
-9.04125161315203
-9.083667228468356
-9.087474750552717
-9.070099075573234
-9.054271066278924
-9.029509494172265
-9.03978537145616
-9.058097231752903
-9.032006917741272
-9.151067387824261
-9.03015718429323
-9.098033968347872
-9.056088814648925
-8.98505235923984
-9.041029820317732
-8.9878187566791
-9.050607643901177
-9.120381042413836
-9.035448774262042
-9.091850799389343
-9.059028271940631
-8.930005547395814
-9.066889920999932
-9.081263135223441
-8.995452215034138
-9.052124826326853
-8.955744426036444
-9.054965323465607
-8.976057780048654
-9.059378222511151
-9.06961385390624
-9.036703922453825
-9.059656728440515
-9.18130091710244
-9.159426120886648
-9.160669464766753
-9.059197912716213
-9.045637221414003
-9.067740921273407
-9.02756648416235
-9.080890991972979
-9.048351988686687
-9.065987814227398
-9.00769071648635
-9.122451839426684
-9.02943913475967
-8.979777026157969
-9.095193277856357
-9.079350260434738
-9.024656563498581
-9.010248240925424
-9.021812118416866
-8.989517544956568
-9.053581345313965
-9.033936874247773
-9.026415070020972
-9.091263979436143
-9.01560559891371
-9.075321275123112
-8.984764422915536
-9.027321987985196
-9.021782999513787
-9.0800125213335
-9.090776860906194
-9.028162555582124
-9.032641057373825
-9.088833270234948
-9.099226817994483
-9.124908439226811
-9.073805070255835
-9.082103259829656
-9.106979512764324
-9.06300101841238
-9.087414324469533
-9.039303529776573
-9.046250752483685
-8.980369934947026
-9.090377502539555
-9.119355281359864
-9.038113510682255
-9.065366448427657
-9.024492042027001
-9.103829885559675
-9.045132127577029
-9.06405306906528
-9.079738549558128
-9.039614855899087
-9.017173177516225
-9.011650800242073
-8.966834959699625
-9.029680286302366
-9.062790828254235
-8.958625546959075
-9.105695976677827
-8.935108023347414
-9.098309370454357
-9.039184085491755
-9.072215154980164
-9.067955455072193
-9.115787520681012
-9.118168602906975
-9.114852386099157
-9.051145522335652
-9.035069078179482
-8.943525559936978
-9.133295728616568
-9.098319097305382
-9.06984855074389
-9.091494354589866
-9.064509285531768
-8.963766300261954
-8.992379750179634
-9.085061938622427
-9.064344240166813
-9.04819327840194
-9.08473117972487
-9.09007149173039
-9.085643067752867
-9.106398675016974
-9.109559577999603
-9.093121617948208
-9.086501084082258
-9.122854389679022
-9.019854835332913
-9.073927916768618
-9.101296852474352
-9.078501560318548
-9.045893281779572
-9.00727333075944
-9.001009711911967
-9.046838092176428
-8.994862917771803
-9.044110177296174
-8.951003595951127
-9.035129371820549
-9.082095693143886
-9.104779241660541
-9.058702181141514
-9.052607411730127
-9.036660302254672
-9.148441334101609
-9.139058497420896
-8.96925940631464
-9.115232492453123
-9.020786620097713
-9.06247943731939
-9.091614105898211
-9.005434318755123
-9.057878200320209
-9.065369319218897
-9.024510377746216
-9.134209670887854
-9.07860043768248
-9.082972225427364
-9.169526385372
-9.151958189412793
-9.117553493745255
-9.09010708933222
-9.1072164938863
-9.03783121653152
-9.076566990400533
-9.057536887794976
-9.140970925371896
-9.037611929761406
-9.122371868067395
-9.090497410384854
-9.028730874428659
-9.141600751957691
-8.996791956768869
-9.056382934721968
-9.074334185793655
-9.053795088472908
-9.152118248453668
-9.09142845688781
-9.073825868403917
-9.076226065183869
-8.979143860856075
-9.092489358454964
-9.093125605047828
-9.11241718877335
-9.088514621397024
-9.119025654363965
-9.057611530500116
-9.120231142439755
-9.10266707814207
-9.044572284511107
-9.010928413803276
-9.061050276915399
-9.144638634445114
-9.113493845816619
-9.085006847861413
-9.100828181298093
-9.125510077048643
-9.025099096509303
-9.102036401705304
-8.991504699584151
-9.081800081910565
-9.113404383494855
-9.09036256420983
-9.105229061210679
-9.098861064650453
-9.145006145449846
-9.11964662904132
-9.08367726043157
-9.098325939134549
-9.078674675388383
-9.178018486676828
-9.206981732707959
-9.060179377465003
-9.0904595212557
-9.107187890368388
-9.098665585211565
-9.071003685300045
-9.028708344464766
-9.024617696947617
-9.019287464852479
-9.124950034982948
-9.088940500332308
-9.10092150664434
-9.059634038672806
-9.034057867418014
-9.073730857417475
-9.089605421199806
-9.05936865975161
-9.141289004589348
-9.030114382756805
-9.128839416808779
-9.106671164378161
-9.002554013884644
-9.119985238488498
-9.135321420096693
-9.061550771226463
-9.10319392801275
-9.105568813096253
-9.109320952679887
-9.117933257138695
-9.105460437552292
-9.118901651809074
-9.055877310605593
-9.045095429732504
-9.146752450410654
-9.100760479255005
-9.067570620546098
-9.193898670655843
-9.193058932108007
-9.140213452339465
-9.189718768100198
-9.038628145187316
-9.130771366968489
-9.10087209693989
-9.14311806935628
-9.07836936825715
-9.126823359096669
-9.108838992503225
-9.06215459701423
-9.122441004560425
-9.135244111814837
-8.645012210582072
-9.107565751146915
-9.094863030503241
-8.6836491835568
-9.114912539355698
-9.105763744113855
-9.02049517875345
-9.074618246389958
-9.042359713571685
-9.051246830412502
-9.115617285158478
-9.061085078370843
-8.74358749554391
-9.060523083551363
-9.113359528782453
-9.052602159112338
-9.115302472395086
-9.063275762770424
-8.744150930586214
-8.874532796311057
-9.084475191780873
-9.087882851107903
-9.108477757958282
-9.14466035422306
-9.110446664763186
-9.125681754415943
-9.13735167352486
-9.055459525726832
-9.032996336541236
-9.103442465558395
-9.10652670009448
-9.06541740576238
-9.076674949906238
-9.03727157710991
-9.077622350967273
-9.106159646526105
-9.015239842905235
-9.053996672397032
-9.138126256306313
-9.08012998996464
-9.07776995753597
-9.207791524823634
-8.993686031630359
-9.158609035391311
-9.047233800479171
-9.080863589687324
-9.02887073632421
-9.111708120306039
-8.968447288866551
-9.090702831988105
-9.079397814451932
-9.062865822416747
-9.083065489436562
-9.125281181261812
-9.161368707906652
-9.06720051703116
-9.117447378105222
-9.119434918181076
-9.183519540684193
-9.111851342083396
-9.052898525407334
-9.077041922993919
-9.09408669287693
-9.135902398081287
-9.12245757033413
-9.096532871671924
-9.071551821560375
-9.11310194583907
-9.065231641515714
-9.14304099633853
-9.094388120075575
-9.040096563429726
-9.077894425625898
-9.045520117127072
-9.087827919254194
-9.035367339127244
-9.13963279978213
-9.093398208241641
-9.143196531222166
-9.12177620716924
-9.15764669722335
-9.166205783097928
-9.12984142598065
-9.124612576501272
-9.103804315221684
-9.121010494767965
-9.16937128526912
-9.109116892509636
-8.994907866482468
-9.07461067679324
-9.097437687560033
-9.136038537324508
-9.068658558025373
-9.136290688025062
-9.063632941492127
-9.12159917276095
-9.064290022749203
-9.120606084514344
-9.0634443785442
-9.133054484307936
-9.105534264915283
-9.086916136925959
-9.058208696197493
-9.049850346487814
-9.032244035807153
-9.083611817508945
-9.073786265754835
-9.07367919272959
-9.069530825125394
-9.020859281832303
-9.0896637992171
-9.063478540072648
-9.055272270471113
-9.15627883390236
-9.02475514931369
-9.040573699002234
-9.093652803113969
-9.065841704297616
-9.256522896861687
-8.992695382238889
-9.100539413491262
-8.978594994089411
-9.000512602394007
-9.120330366943163
-9.103765967306423
-9.156119959513898
-9.108768151099472
-9.071874849733101
-9.075120756051488
-9.164009208511827
-9.06888212660437
-9.06024097756341
-9.042466011809003
-9.099984503624622
-9.045387835422558
-9.152608717558703
-9.105794514338232
-9.201360664402781
-9.080900179239672
-9.161765560697148
-9.099299090515583
-9.113856512537025
-9.02564724118796
-9.093921845148083
-9.12214753704345
-9.046431894742618
-9.155783567279773
-9.072962554469328
-9.123517782410314
-9.091877162874809
-9.09238195548648
-9.07991452912463
-9.070030213158205
-9.097170459959884
-9.082269478109874
-9.133979571324552
-9.113219700033248
-9.150724680164052
-9.13952301502483
-9.117280823495193
-9.04922392613297
-9.168037266310867
-9.065179875318874
-9.18354235494871
-9.10744125226653
-9.137058057699077
-9.177423518817966
-9.222856121206766
-9.122682821184526
-9.096345835424335
-9.171806208874058
-9.07263189672184
-9.073891263540139
-9.121929016265847
-9.066399691068934
-9.116281106238393
-9.198471655369117
-9.100670582380813
-8.861640513733802
-9.18496337646322
-9.099170441590818
-9.116751332909837
-9.149878487262887
-9.08680092095315
-9.240167129675648
-9.08656677418914
-9.191023646819842
-9.110863034595882
-9.095562911471772
-9.104685601256186
-9.18961611294307
-9.112219993596609
-9.044630613406879
-9.121123178458008
-9.20912118139111
-9.220442659041723
-9.053016391231608
-9.115828041466932
-9.147763411015864
-9.110062265447667
-9.095186245284957
-9.107193489700988
-9.2113545274181
-9.140923530285278
-9.137094648184577
-9.073965390305629
-9.154039184910303
-9.171339771177186
-9.10090631658049
-9.056362715613055
-9.17500149717767
-9.12072588352553
-9.09118762610352
-9.074526291150397
-9.09498889546844
-9.034610818874587
-9.116943972919216
-9.020114570272892
-9.104366015463368
-9.068829266462178
-9.011941581479144
-9.054343398017682
-9.14571903597427
-9.132952499709274
-9.089778609751674
-9.098102862628727
-9.032768179515104
-9.091447813146038
-9.118903883198945
-9.076747679881013
-9.150873190626966
-9.032041483810396
-9.055297623210826
-9.09292316076966
-9.069511584344854
-9.146184736432343
-9.041544199594773
-9.08509751548822
-9.147585231064253
-9.126619361179937
-9.049447079953774
-9.098971197755434
-9.060886865580537
-9.068704260925987
-9.147762460447735
-9.057160716414623
-9.114973459884629
-9.220428472818334
-9.121882152400271
-9.08633190629636
-9.143062078386523
-9.118124144588226
-9.012227048459762
-9.049721656035954
-9.106334985490898
-9.134971506573299
-9.127474545057456
-9.00319013810056
-9.098459856821478
-9.007195227885516
-9.131263340724763
-9.079159044930284
-9.116741247315522
-9.074555540153225
-9.178027755745084
-9.093700709508907
-9.073637800663704
-9.104469997881699
-9.081514950413595
-9.074170716587425
-9.101454752407681
-9.162691964125376
-9.05163595274088
-9.119607474780954
-9.08380570542135
-9.193955967906467
-9.133086782332404
-9.046270077480882
-9.078144745859522
-9.043584948154885
-9.111149733226403
-9.184547838882155
-9.106225888276754
-9.143401684294941
-9.117314678842309
-9.178799944263318
-9.12098460387058
-9.086934655956899
-9.12132110905465
-9.154027556283955
-9.132645215479826
-9.12789608963595
-9.080008772206318
-9.168876901342102
-9.15441039392818
-9.079933727105846
-9.129329822948698
-9.028778780837476
-9.210671179476156
-9.130017657976559
-9.138127256650616
-9.156337201363298
-9.151630850747225
-9.182169543654458
-9.120697930717762
-9.17889326029331
-9.142922534400334
-9.151781707936511
-9.105602443275318
-9.095481368631727
-9.10614360998626
-9.157176987409805
-9.261632244285591
-9.12924197147796
-9.193798094267164
-9.097802408033067
-9.062600557377674
-9.113945188443791
-9.18225871189838
-9.206193677876838
-9.123696892620162
-9.160900072555934
-9.097095632233529
-9.143266377595069
-9.106176470424712
-9.15417245696713
-9.164572721514821
-9.11638731476341
-9.093908945770798
-9.077449149182431
-9.08139675978969
-9.227722195937968
-9.02235954046761
-9.176043217471275
-9.189043503760056
-9.116518971053338
-9.14586112141984
-9.113030863525976
-9.150413803639893
-9.15996074143585
-9.201446778553017
-9.131102828503115
-9.085790710636443
-9.094624592747966
-9.003271278126194
-9.207936028007584
-9.174004826954926
-9.0416459533202
-9.115101048347501
-9.14376457221551
-9.202574547051325
-9.059379068468665
-9.080596458740802
-9.147095488437335
-9.138824697715007
-9.059002161443171
-9.136535917882766
-9.109557681077236
-9.126620095720131
-9.166981638332071
-9.101765840643223
-9.112331700814925
-9.193690254508567
-9.222480623121255
-9.158216503818432
-9.149843710912014
-9.177340461968738
-9.171575736824114
-9.209848036339292
-9.06691509343744
-9.140444243391734
-9.131478329716058
-9.132139846511764
-9.166518847891542
-9.175740079969051
-9.110156459620889
-9.203318307645365
-9.18019984731783
-9.15330221546484
-9.171398150353692
-9.08340705753202
-9.133483704828292
-9.128548420332674
-9.111598478153534
-9.140347873657072
-9.145168985277243
-9.153345741974372
-9.154462663879906
-9.152085475854589
-9.145104002028722
-9.131713381524007
-9.098998066578362
-9.19869979906035
-9.18142651996954
-9.08932567685793
-9.087447814435839
-9.13883190720473
-9.16171442713922
-9.16085434373734
-9.20019687930699
-9.175864690169325
-9.173308751018672
-9.132637348484735
-9.101266587080344
-9.1913400532488
-9.093658016059228
-9.099979450364014
-9.138489149672386
-9.052065509129298
-9.135308787443595
-9.195402627541709
-9.127415845607942
-9.108791640045363
-9.226249251618636
-9.084845778924617
-9.0885468183152
-9.135555788355761
-9.13551695549496
-9.181714064871557
-9.142834278729692
-9.177999514341556
-9.200603015830213
-9.109258708885482
-9.095724548207656
-9.085969411892963
-9.144049697026762
-9.124273516092101
-9.19348649844126
-9.154994705036355
-9.0684424506893
-9.0932201150936
-9.158739509550502
-9.163993850643402
-9.196268663969013
-9.118502426967039
-9.1439280171797
-9.080872818292901
-9.159497138302042
-9.171785923386441
-9.140589373582202
-9.178946440058786
-9.164112271376686
-9.097512548351826
-9.103849368928303
-9.011430507718758
-9.10878475859839
-9.127513518029257
-9.143305167692192
-9.119766515844686
-9.192339817445752
-9.054908633378911
-9.189176583061505
-9.10670895930186
-9.140854757027915
-9.128622666832635
-9.167802353081171
-9.125875065614961
-9.099684252724986
-9.121524815622058
-9.087369721736284
-9.056797438252067
-9.228602252755097
-9.155600266519585
-9.087315602875728
-9.110960816999368
-9.028946249399086
-9.221247796142515
-9.117416031357966
-9.131658619214432
-9.158920826577583
-9.151666032023856
-9.14037591624326
-9.096522252095182
-9.094050767730563
-9.173028396518209
-9.091197474489702
-9.185268032459293
-9.1579011704123
-9.056703670203525
-9.08963246921027
-9.138205862722293
-9.233377659888982
-9.200065331241102
-9.184375536590396
-9.107566227987908
-9.123630265839838
-9.071391041537058
-9.11928973237928
-9.11070231495814
-9.112348794452158
-9.158653968212667
-9.078993508636135
-9.10437724686233
-9.14380869051568
-9.129146068413718
-9.175125644012189
-9.152887930619025
-9.154242590714036
-9.166453242099632
-9.173409414766239
-9.062025450032221
-9.209336758240424
-9.041617302949916
-9.214498433371338
-9.201341660616464
-9.125590366263499
-9.163667675318313
-9.086992957208023
-9.175187854862296
-9.097674221992914
-9.154373819888178
-9.197028347585537
-9.138097969467397
-9.188097672701414
-9.037271980211187
-9.194360052135895
-9.145843470098306
-9.067349214948655
-9.110851423753116
-9.250454674869028
-9.133559312653302
-9.198609935886418
-9.156913036648797
-9.179806158214356
-9.1375068720778
-9.10646355271656
-9.172903188645442
-9.102434753447266
-9.13278780470315
-9.08837590051247
-9.201181844041926
-9.158147291062807
-9.100911888243024
-9.247116344300046
-9.088236209066949
-9.167340685702225
-9.164166503249755
-9.123968424314558
-9.130929259213877
-9.144979845128601
-9.187643326651454
-9.111573495119359
-9.140462568876519
-9.084368684052098
-9.218801626437957
-9.138051530100574
-9.069734854072083
-9.188733563589414
-9.145408844437084
-9.164240487685303
-9.162879794157938
-9.089122222391785
-9.156583862645718
-9.076847011218685
-9.217207264927072
-9.138183936224578
-9.257080014307224
-9.207286387791243
-9.097109315113046
-9.124284054584521
-9.145124399686352
-9.187856388703523
-9.128650997031176
-9.134045384028148
-9.15092931618283
-9.116887105283364
-9.207604299161137
-9.147809251603936
-9.120197902790164
-9.08438462824528
-9.140305847636027
-9.127981145037277
-9.072882012809663
-9.080723435176493
-9.12915620971537
-9.18546691882037
-9.122820129754931
-9.166153414723242
-9.189378831972293
-9.198752022938987
-9.157935577581261
-9.161279435200255
-9.105441496604023
-9.080935984618861
-9.146296555944597
-9.177029645407428
-9.225570849014899
-9.124972525958166
-9.201578162183777
-9.115940746870846
-9.175627468805017
-9.136574919463927
-9.131101211634677
-9.15126765180494
-9.159557475064519
-9.072840332753797
-9.169356107216842
-9.157716029703963
-9.19144421324003
-9.115444528759516
-9.102117756873163
-9.145065109116372
-9.19375270163084
-9.188266699695552
-9.096005384411086
-9.16542925002415
-9.162063896088048
-9.088543424195466
-9.185627049645829
-9.262506318813069
-9.200551307733717
-9.182082715146334
-9.129743094051886
-9.100313993978341
-9.265310395714144
-9.127264935820467
-9.101757180235827
-9.189959170182055
-9.192926041471258
-9.139212241313063
-9.124430940224851
-9.141117766811446
-9.168684178771063
-9.125112014043001
-9.204393000931638
-9.248458912796337
-9.164618600427387
-9.163618646925975
-9.192004809685786
-9.122881240175843
-9.157136751801215
-9.025468842807298
-9.156073593758174
-9.070624360492165
-9.030244043986446
-9.148973293837837
-9.085563904917812
-9.133329119007891
-9.115107875270459
-9.203728784049204
-9.217387480736404
-9.116325020338646
-9.174899860855726
-9.153316349872542
-9.137728985746774
-9.19576239084257
-9.164049773063173
-9.075601431030025
-9.156348672916542
-9.051463735151655
-9.116520819822442
-9.093692938785457
-9.19861053991721
-9.130289149458108
-9.13079859947936
-9.135387963661094
-9.170371906117472
-9.105140896649015
-9.066163193021477
-9.136022705110127
-9.188983208339401
-9.129013816472822
-9.127501745277172
-9.134659714227466
-9.162177470383778
-9.10697365656654
-9.237172587218023
-9.16557723465685
-9.165408997138476
-9.093271151643917
-9.118632929986902
-9.144093929506965
-9.152840767796762
-9.196340747950057
-9.179478749132773
-9.126440999882295
-9.16165564877286
-9.135136251827106
-9.066668884020809
-9.12002154159613
-9.145813699244814
-9.163252980669816
-9.123639071387144
-9.146846345713632
-9.08686363808818
-9.116576470896964
-9.131656663770123
-8.963007931267434
-9.143188851750066
-9.292228092816634
-9.183021173698384
-9.186040300578039
-9.198976420824367
-9.150721449327701
-9.197984159465303
-9.141034070534593
-9.185810064109695
-9.199161636880175
-9.15664325498082
-9.206227534031674
-9.17213864832822
-9.13879297417422
-9.244843334852144
-9.166863326341858
-9.226271215824154
-9.1582442750051
-9.166264761854869
-9.241069025906114
-9.105722303873273
-9.19010943835975
-9.051134118044567
-9.136286947525068
-9.165325448798878
-9.228621086636574
-9.189730521122502
-9.054415412327073
-9.155357570528833
-9.109535539959225
-9.222249372782871
-9.071908595469717
-9.187513053232053
-9.161285374229777
-9.132797128158304
-9.263118087615247
-9.309036564322925
-9.161721330619583
-9.147394523194965
-9.142596401461963
-9.222881583056381
-9.216147098926793
-9.241509833349296
-9.136372662369558
-9.171171766631824
-9.158285886792708
-9.261570383359762
-9.162322921602215
-9.12243018553235
-9.15423592723649
-9.227856644235857
-9.196753607756502
-9.168366056647855
-9.156841717696636
-9.192869651744557
-9.229129956918802
-9.11976919077491
-9.243173215633101
-9.223178525485126
-9.161514414522712
-9.200135159051126
-9.213096090491815
-9.104215648517583
-9.1702759510635
-9.129267014593403
-9.271128697521688
-9.28657767690349
-9.210097119622551
-9.234052073979871
-9.198096956441978
-9.143658860990886
-9.14029215852445
-9.118868477485572
-9.16136892124724
-9.163402893771327
-9.210284645504046
-9.157868348346986
-9.16130607640607
-9.194277734615131
-9.120185120723118
-9.116355299011795
-9.154580605634113
-9.19303113903363
-9.252827973392684
-9.098893763868778
-9.14743732502984
-9.195755573688503
-9.088340881659859
-9.152702322698104
-9.189727986816122
-9.16162395472658
-9.077839792826545
-9.152478868991748
-9.212830997862211
-9.17720042046035
-9.146281868519933
-9.219564835916492
-9.142157389506329
-9.144798995686497
-9.134775469583017
-9.140980330392265
-9.279972420926832
-9.229366847299556
-9.156666318041166
-9.153658139469277
-9.167556334719027
-9.119864348322515
-9.197017501110679
-9.216888982064997
-9.10929400028916
-9.185595985322253
-9.223239596869231
-9.22572576600246
-9.228228629156265
-9.089836190871258
-9.105102318415488
-9.12133214349934
-9.259645902443983
-9.154318378982095
-9.200128336758853
-9.210439240372674
-9.189748148735257
-9.120791177512293
-9.23134635493634
-9.155743315819569
-9.227730159256332
-9.167091520294099
-9.123579358857262
-9.15152746670503
-9.187488877850909
-9.146367153225253
-9.16843895189477
-9.151428387994043
-9.175003814409214
-9.269172042537368
-9.126364839828426
-9.20999836196428
-9.242086795344399
-9.209033483869762
-9.136048532295735
-9.193717610418856
-9.154523328615438
-9.28770908771674
-9.163371292548545
-9.153426061749432
-9.1555632777515
-9.124350959806504
-9.141745344438775
-9.107420041497898
-9.215093596108698
-9.188550325561712
-9.277848686890541
-9.158880329476252
-9.220024972620696
-9.135989876032633
-9.062915870285243
-9.186531990789861
-9.21897249860812
-9.148550589349579
-9.23951237602719
-9.19345648502193
-9.163321686508988
-9.236221221260463
-9.169302619380824
-9.164893040572624
-9.189561217469342
-9.173032695803697
-9.142926741462833
-9.181735085399911
-9.135276633675081
-9.247678605278717
-9.134173886216049
-9.244057320318289
-9.202927940071817
-9.196409069204561
-9.131612617222627
-9.118632934309653
-9.283413752756841
-9.186962036429042
-9.195484457652128
-9.261751149746352
-9.138954706410077
-9.106445067637978
-9.162100391250782
-9.115401349989108
-9.16723738639184
-9.21692599112335
-9.131144517833325
-9.239521881689589
-9.133959245511624
-9.1670652175255
-9.13784560689808
-9.178574943175267
-9.198260184455256
-9.224343559336067
-9.10956258387219
-9.122648677520035
-9.193297209823319
-9.246282741283364
-9.24954937221545
-9.221040124366121
-9.231897354217326
-9.197106535844558
-9.17423909311199
-9.176940405880051
-9.180509973394425
-9.195350469860765
-9.19013381399351
-9.221369480346603
-9.1730466102192
-9.24905965708287
-9.191121754008549
-9.258448211480731
-9.229031095318309
-9.29972654426823
-9.247434267530826
-9.168817807347365
-9.208050704784826
-9.157314924509148
-9.165453390820067
-9.175166215622621
-9.222689672863506
-9.196970908642966
-9.231921375017636
-9.13904900745912
-9.175743278452074
-9.247137519303543
-9.255448401604172
-9.173564568076802
-9.205538477026687
-9.194898759687963
-9.219425663893245
-9.153483381539822
-9.138320726066718
-9.176441238607763
-9.152180078715569
-9.175635564521029
-9.246380671709758
-9.264302930634537
-9.14626394178151
-9.248732005591021
-9.19044331202154
-9.20550320891442
-9.260586969198092
-9.164229173810886
-9.230686936753347
-9.283924591231672
-9.193670499203987
-9.226200483833201
-9.266133427048954
-9.212118472272635
-9.200583862449575
-9.210468652741605
-9.315373163651957
-9.149801084801016
-9.221996818106023
-9.189947719962579
-9.173825622979734
-9.238280050085864
-9.24146272660986
-9.22360122968639
-9.189931423523124
-9.257204173655957
-9.194110330650183
-9.217195420478872
-9.18466661558287
-9.255328593183554
-9.264040311822116
-9.18134560499507
-9.172333773516467
-9.254878588210111
-9.2161450867179
-9.111155329822349
-9.235051538437636
-9.265734064607518
-9.217632392033684
-9.239269635394828
-9.281327216398807
-9.220624063560946
-9.217403920879304
-9.300400473902855
-9.227853255947403
-9.233063078216395
-9.287257735911867
-9.163140359109473
-9.225199490518538
-9.182843682853163
-9.190478417805627
-9.305939977434198
-9.27280826114138
-9.250103157401432
-9.299278124080795
-9.253177341626024
-9.218700499636908
-9.271365342510448
-9.142398237713886
-9.29068034749164
-9.208444987693444
-9.225408434235382
-9.272076016890955
-9.260699093018772
-9.280619281407324
-9.19851645501228
-9.281534160717717
-9.17245014053767
-9.274201550749266
-9.149995478063502
-9.268829013088201
-9.199149620225796
-9.27156283350211
-9.204352098772052
-9.174582890324988
-9.217451275828914
-9.250772912892687
-9.220083114995901
-9.20201775214022
-9.203311477623812
-9.24203464948137
-9.23797978892573
-9.15988066770075
-9.195454669896176
-9.325999033947703
-9.228923912100539
-9.235620558885627
-9.180867560256088
-9.184912584415024
-9.216239070269745
-9.184044946546496
-9.305659225483508
-9.253739715261469
-9.170868729099826
-9.290450986741915
-9.211691096717649
-9.28027311975236
-9.240403547948171
-9.177359438044148
-9.220453586576568
-9.229474065196062
-9.1970321383882
-9.305429257668864
-9.209774279111551
-9.328381055474667
-9.258430995616239
-9.322826881640927
-9.262817555186208
-9.260243421602148
-9.121144689879085
-9.181995045660694
-9.223658856691612
-9.204896866296947
-9.20120833544056
-9.195269558901003
-9.19576716654622
-9.256502629100257
-9.19200608647604
-9.28291355732119
-9.201419194822584
-9.218587001130208
-9.187499029060552
-9.206346725249302
-9.244355570580382
-9.101211830844319
-9.190425029844894
-9.336646400083056
-9.309740892372554
-9.244938764049671
-9.217915746956079
-9.221885994650966
-9.261695408637529
-9.296425333575039
-9.248722103133918
-9.225715043460829
-9.164330218753715
-9.240388367553193
-9.249509073375252
-9.250555307985712
-9.2816148769559
-9.270262663669856
-9.22875786496783
-9.205442622756431
-9.258332974516893
-9.160430695674002
-9.260682006330354
-9.209905585693427
-9.203288845545716
-9.18698068794731
-9.274704605648568
-9.215236068127115
-9.209274482881778
-9.185233454567909
-9.299290215816809
-9.16343980216343
-9.250661102090094
-9.3021527118125
-9.222019728603613
-9.233029115956956
-9.22362411766155
-9.189403203579301
-9.208909641819458
-9.1875086789268
-9.289954147975683
-9.27013646136495
-9.198501215755662
-9.178801160533254
-9.24913350621141
-9.236070639847695
-9.236299825005773
-9.231094381602352
-9.126442114432969
-9.162823193366568
-9.241013917797058
-9.224696436362581
-9.207299316949479
-9.210894037576537
-9.23899544847824
-9.184720994148028
-9.248605883985721
-9.307377711710146
-9.24930233200645
-9.227905517505963
-9.170968953747158
-9.294201688380124
-9.276582651675994
-9.264800422540949
-9.18861428328702
-9.173886057825387
-9.244146953154416
-9.289138255975717
-9.28642348947678
-9.233941045321535
-9.203284913130023
-9.243142046306204
-9.311310155568114
-9.245560408388414
-9.276092819865573
-9.168243762762556
-9.232141739420827
-9.182313744948738
-9.300577104822818
-9.19447561686158
-9.223412056817756
-9.238535212981402
-9.245048141997819
-9.222949724570764
-9.240278469141636
-9.141849502724119
-9.164127032553864
-9.233000040730015
-9.323292729276712
-9.163783383587136
-9.225923451435913
-9.143788364763996
-9.221845630589513
-9.299678286539738
-9.204724562593599
-9.183195222451435
-9.223538090271694
-9.192834043458488
-9.223030689299403
-9.283120586428318
-9.222671108099604
-9.207668717455668
-9.318259954565795
-9.295426367499472
-9.208420919591969
-9.221134032245992
-9.180029185751179
-9.101905719565472
-9.235862038893968
-9.195232337305606
-9.163469215411311
-9.166812953471322
-9.204674870858092
-9.206654224588393
-9.170775996111928
-9.204489718981968
-9.298530124131313
-9.192725435311242
-9.206909178139403
-9.222057756739297
-9.162923023545622
-9.164598666593818
-9.28005028588763
-9.193940197378137
-9.23862600151447
-9.22957407110612
-9.16637136863536
-9.268741952275686
-9.198897196626032
-9.258295881967305
-9.278315614017759
-9.158314672630624
-9.229994916935913
-9.241819234042548
-9.316595884488004
-9.200742396919345
-9.217370570375797
-9.20437401491026
-9.271176759531008
-9.21663786913936
-9.30064322794876
-9.211254672031627
-9.271388356027735
-9.236320475516164
-9.271887123962056
-9.245454776806062
-9.235374259880874
-9.201212148695356
-9.309441946149551
-9.219876852257041
-9.157520183759928
-9.251660603665453
-9.250480357682804
-9.293884816810358
-9.276924842645377
-9.24643652982424
-9.144616036773503
-9.283316853337231
-9.2707175578438
-9.245916964362712
-9.242387121961942
-9.212377082518126
-9.254690557245041
-9.30201216811972
-9.32107644762293
-9.278463070099056
-9.329912982964464
-9.250178352080228
-9.300814854318892
-9.350235501733241
-9.265700790493424
-9.256183659760998
-9.254993201751253
-9.152365621341753
-9.303497379351306
-9.181197195281516
-9.224907485242216
-9.164298624435602
-9.201095939216243
-9.332717098925098
-9.200147538215282
-9.229079308620095
-9.257779365651208
-9.186305075790434
-9.231850076479576
-9.162353501218934
-9.342905190517092
-9.18711240613318
-9.256318733541798
-9.2593334486784
-9.259505655150809
-9.23550845325895
-9.217283444628984
-9.370001829183911
-9.230830482960604
-9.172424888085057
-9.21104603330475
-9.365743500588833
-9.140414452113767
-9.286447985436908
-9.279133064349912
-9.163670680490787
-9.263943931192628
-9.247278094822173
-9.213890392689418
-9.247469618923741
-9.250981355495165
-9.243758023773761
-9.223756908086207
-9.144119440967968
-9.283880257688706
-9.169329751549892
-9.250971270872911
-9.286010317098015
-9.263799285195992
-9.305579814038957
-9.206703828404176
-9.261442033059863
-9.283777936049566
-9.344540667670376
-9.252063389585071
-9.281074051428432
-9.249643514816183
-9.327557508902101
-9.25233893496094
-9.215612952868284
-9.226767323343564
-9.190483784995642
-9.281360269427141
-9.253376921570375
-9.236818643394974
-9.295857445229084
-9.223967755813279
-9.328542305489057
-9.242101507597724
-9.233068689240294
-9.260960534824537
-9.30505521039075
-9.262779593150851
-9.288977463476051
-9.293275425073057
-9.24038031560858
-9.189269594505381
-9.273848992772411
-9.31654840046542
-9.341825928665735
-9.285177877696372
-8.927281261162326
-9.280545978537612
-8.915212980295767
-9.27838377370902
-9.280465304680742
-9.274095707744827
-9.241061570965897
-9.29070919459324
-9.321139173810474
-9.31051179344731
-9.276152567516418
-9.230979556007922
-8.987344306058338
-9.186315166354357
-9.271831961817536
-9.309153743089231
-8.960838260633553
-9.436999691002674
-9.266420800559343
-9.395904388238622
-9.199519230517117
-8.896154197032686
-8.81641116757825
-9.240212177390234
-9.207263604971011
-9.196471103489442
-7.956044944494427
-8.314253851204134
-7.855301052501797
-6.377041454936769
-5.512019609009889
-5.49080109962067
-5.474233331469333
-5.471028601698376
-5.4651350120377
-5.470965290211945
-5.4763129990187664
-5.479608570443328
-5.465263501415473
-5.467428488249417
-5.454865525810707
-5.460363868794409
-5.470054775219185
-5.461485169079397
-5.46508713315593
-5.475298707779173
-5.4662131195795345
-5.4705803291409465
-5.456620311944436
-5.478499017762095
-5.468378225005881
-5.465381943527455
-5.449533272514483
-5.4685808524822015
-5.468176848681982
-5.4547609810685
-5.465756486153978
-5.470319787255292
-5.4688874565137935
-5.46311420737796
-5.459735362570312
-5.467453060631488
-5.455446972857917
-5.482143632265709
-5.4696696594499965
-5.457398327669361
-5.466893343445912
-5.484559602343105
-5.471578790305443
-5.460453674375188
-5.458110716423324
-5.466303529429254
-5.456514571784337
-5.45990211990457
-5.462715362838038
-5.4619368543649855
-5.471438445202846
-5.462349143549221
-5.465999328144165
-5.454216472165772
-5.4514118813983075
-5.4520133691123895
-5.45763876043236
-5.463620401894932
-5.468966422268267
-5.461903664801048
-5.471318892990521
-5.4734569699194155
-5.4614212992065125
-5.471416720745065
-5.4699724891513775
-5.4640563911542035
-5.450617441291592
-5.453557249209724
-5.478547178654683
-5.461076344906013
-5.457080301519075
-5.452386591539302
-5.465929235952569
-5.470650578579419
-5.46389294873324
-5.479936951389283
-5.459928169239141
-5.460107016858787
-5.475435609326205
-5.461414934733714
-5.478961161340813
-5.475416291114573
-5.468486206562073
-5.463901845381067
-5.473461656871774
-5.460404573805695
-5.483743642401741
-5.464990808879537
-5.471589100393993
-5.462622273146059
-5.476222375639676
-5.468423499069354
-5.469690659678366
-5.462314452919844
-5.459412078864897
-5.48664706907298
-5.466516388840731
-5.460133927489924
-5.462129291893457
-5.452073076819574
-5.457751470250692
-5.471567227320546
-5.4562076771451125
-5.471608244062161
-5.4736903441593805
-5.468647208732223
-5.469974016470094
