1.6451508479107402
1.6394962120953298
0.9111004011146367
0.24964638808577957
0.28845681818579955
0.32314103723825727
0.46050356936916187
0.07776815403805638
0.05958904972392199
0.20029777486934025
0.140183852298378
0.16485021916772039
0.020938091087437022
0.019376934504991592
0.03431896820406431
0.01929682820617757
0.025961783268882075
0.016226547999077447
0.018631896923424793
0.053047985110405
0.0208755171009667
0.035024881732815503
0.026969526550346932
0.03270780713226122
0.03623528209345196
0.026804633477598018
0.03527806052148151
0.03523896996888092
0.02743148060826205
0.036011251539487796
0.059657989761460584
0.05792734914091068
0.03429078438035103
0.04402782297829485
0.057660604530980826
0.03464534772692501
0.047494789118638005
0.023018580720696978
0.032896434180620424
0.02634691629311844
0.047736222904398336
0.02756984946222383
0.05217348050104929
0.09556908055380879
0.04639806085923055
0.04627848543348623
0.050125486416889894
0.06588663297984342
0.07155930321210756
0.10832286807731306
0.039740838308285724
0.03143754443389692
0.07228670730589025
0.0566243935441232
0.034795077611205365
0.0670852928006169
0.06469393312909856
0.08275078361637742
0.0717709225310828
0.039319337464226396
0.06427360507533081
0.0540351887867785
0.06753516038230006
0.057179975409511134
0.08105976147210765
0.09215592464149386
0.0322222420619201
0.02165250084570613
0.061103481152154214
0.06093470641542633
0.07125687887769289
0.07566076762412728
0.06391472675712939
0.07511689143825517
0.07255798842668565
0.07385274496020443
0.05388182718527191
0.13547099243740446
0.06091668506721112
0.05663462031029949
0.05489226714043719
0.0628548409000433
0.0637856058702293
0.12059695011649915
0.08968892812679247
0.10922925376419758
0.06450841541622067
0.0714995485651497
0.07950739281231012
0.04763126290828119
0.05739960115817592
0.0468465029321615
0.11978883230138868
0.0829450981904213
0.0870781930622105
0.0594167962911159
0.10615302869237513
0.03193334876414623
0.10482732602166227
0.13653430646223857
0.06176964372410138
0.05546676530811176
0.06236998817118968
0.08413550845791133
0.11962248885081896
0.10341376325092522
0.09534762157838012
0.11828680373998236
0.11908459713923343
0.09761329043533067
0.08678214893389664
0.08641267963944123
0.1016060004130834
0.06683498552463175
0.089704276713358
0.14161325992007828
0.07093197045447427
0.07638557890753134
0.14449056661538343
0.11918026427900631
0.05344866314558284
0.07898826037351013
0.05616019550167364
0.08893426616170742
0.07810551949503405
0.15518229379550633
0.07596779609469835
0.0702147558478396
0.1443784895001309
0.05654259749009622
0.06683077690761706
0.05839816638100759
0.11571464070061706
0.06144859697152659
0.09248271789567063
0.07725810686241226
0.09579134796401136
0.12898313723006213
0.12898358684160888
0.115898856320417
0.15396364449676508
0.09610090980153836
0.10644675574730057
0.078807775023675
0.05505148447870861
0.04538805298994303
0.07952886545092308
0.10836044090237873
0.08092111964328264
0.12603634699863192
0.10563130334796504
0.09994994052978945
0.08018558060588653
0.04950500916335033
0.12184957701210462
0.08121393778613925
0.09952643705504438
0.11289422061393159
0.0636621372996189
0.06578997792563265
0.09010173488036058
0.07774104315413882
0.07330829785549502
0.13887133192903714
0.11332813116522654
0.09609689821967587
0.06642011022651165
0.10417301638560209
0.09975047443686476
0.24808150567753348
0.11000254435376128
0.06899484517583365
0.08932781828090497
0.1224466129436438
0.11673480741370756
0.08402589538599821
0.08484590390536315
0.11936606488297323
0.0950192102378992
0.08246419055033637
0.12290831966168593
0.1422347773171908
0.13515817031265678
0.10880195524098746
0.07314946578528676
0.11973988928242137
0.11797589300786741
0.098797729444323
0.11704526784291898
0.08517467171716792
0.08261029419833621
0.08062217704759207
0.11949140580481317
0.1493410400344643
0.09155878637288281
0.1552143337250814
0.08801065171942572
0.08219490390026996
0.10576176503163601
0.10537180549327849
0.08409327935160901
0.07531473478769085
0.1386623230366246
0.14414424491894923
0.07098853545082975
0.08821151198906015
0.1563720560826324
0.08141265191864303
0.07154867730047085
0.0751822231911696
0.09799873487524413
0.13847002396139937
0.06419645331438735
0.10404212688822241
0.18149343288958933
0.10834688104920852
0.12072033073105852
0.09756694025001374
0.11130244389611524
0.07332598998363882
0.12116995575186722
0.12536163021128346
0.11196795516185412
0.14134084497881833
0.05933685227026093
0.14226112476833622
0.13238615870176387
0.11000622338459963
0.1369113599566991
0.10004389319093436
0.11247776282324574
0.10060679276505473
0.06645761129198353
0.14195038969368518
0.10121947146965556
0.13210896155777838
0.10796718481967832
0.09188827183425374
0.13092093002208974
0.13763570881224924
0.06256320707198261
0.08009855818751056
0.13359328224277445
0.14599494317621867
0.0946479417562662
0.13454483621778496
0.0821685410789455
0.11516848832636513
0.10273948369765509
0.10550372812187891
0.14048951195312973
0.11845706196165563
0.10963548361715836
0.09561328553351678
0.17658385769826135
0.14252003395217178
0.14721985661091838
0.09455941273482213
0.12350832570043666
0.10855342198747392
0.12848609376746747
0.10920694719876
0.0975244339023822
0.12043235499028523
0.11478268920695003
0.16420756974700984
0.11897474892905921
0.1043466993210087
0.10935496745076621
0.09638257738335021
0.09381380713881725
0.1117305386549033
0.10695683433186874
0.0931732926640662
0.11093264921981422
0.11072589116698288
0.12225331944124225
0.058613827938033276
0.18088093281798795
0.08171406688868595
0.08359562698998613
0.19239835085029333
0.15155640101187912
0.16632970392897412
0.12730664778520046
0.10936513877953481
0.10650293430778483
0.0924536961334956
0.15879637415803996
0.09764952469040222
0.13718979886039095
0.10187613178783704
0.09077274503907812
0.10220341803336484
0.17600765468399118
0.14839270673257668
0.09214845631763045
0.1157464406303338
0.1323034083748946
0.16967461319774974
0.08717400482865358
0.09828297274702187
0.1267238676285598
0.1710996049243224
0.16499549694972956
0.17254500374111714
0.13922300634511098
0.08820907752888776
0.10286376976240211
0.11828128677369466
0.14502157515488648
0.12022326022887721
0.17874349003515036
0.13464634648914345
0.14464495352197315
0.13912690837544694
0.12186339790577386
0.1590759535032596
0.1063046175133475
0.117552435789504
0.14160020225956088
0.11238921175082253
0.10790587646503796
0.20512517909943315
0.1610389828734718
0.1049228657001391
0.16038597907720706
0.12065357584814365
0.17081393352069013
0.13883368409965388
0.12835930094423553
0.1240829253059824
0.14073240664183076
0.1459379119819871
0.1123255922004751
0.14652199391326878
0.13610292833378362
0.1358902406125337
0.21541908904555032
0.11731136776474109
0.1314390845941553
0.19110986283008022
0.1284662816568877
0.11932751867015154
0.1481223579643638
0.12818718645022908
0.12496458555845355
0.14891332657079562
0.12134187368877175
0.09707172519747542
0.12898832777843477
0.14035179890999225
0.07659977660868175
0.1237097209768963
0.11876020579628975
0.14027347751551283
0.12563213527053793
0.12599325569578895
0.18108987906995247
0.10802223854488706
0.15961516282540508
0.11504446150960977
0.16781934509294333
0.12398582569206094
0.10589959549951154
0.16853702435959447
0.12543902763834447
0.13978934198870505
0.17782573036761493
0.15851778467797617
0.17654014028450113
0.11285349185223881
0.21796746987285293
0.07910742177344177
0.15773795672248653
0.11701491590374997
0.13589649488691516
0.12049260483506499
0.17650771075972863
0.11841203127783927
0.1027575786254478
0.16264024400361152
0.12947659177413068
0.15180222810087893
0.14681567624152253
0.13003575716919138
0.16390635107386867
0.12062915475978139
0.13020157496040224
0.09625105195201722
0.1640493826828731
0.1335922107969559
0.08839557417322295
0.13961055123285432
0.2159013439960543
0.10161380827398911
0.06696359783985775
0.15946107066551393
0.14307134761713716
0.1449032616201219
0.12369424199917466
0.12018195231632865
0.13622786229047754
0.13720546616131415
0.13083445188009898
0.1306857545733632
0.10742376378251857
0.1745104632438905
0.14790282234345306
0.07101921869157117
0.12635051503569714
0.1239932972608618
0.15600165941132943
0.125926031987166
0.11325170461526571
0.1280298321746113
0.09197389067460505
0.14583520062255034
0.17471939562988445
0.14675900107520998
0.13057344552397648
0.1939833132597615
0.09701865585739108
0.14156789054459826
0.09084489453247345
0.14329488520224756
0.1651094156157678
0.21427972800184145
0.12204366997190554
0.12753519781067132
0.1439151013742549
0.1264450493637381
0.1340440312714664
0.20346326045913019
0.17185195586492036
0.10386154434275975
0.1458964969030581
0.20074465588946228
0.11041956123068306
0.13966236122558995
0.16909239402286902
0.1295794020122197
0.12167552207197825
0.09808797160761484
0.1419720020707178
0.10937919063898913
0.19252068209250475
0.15677578857808397
0.10482042911850015
0.09912573927793358
0.14871329681531917
0.10683465153941518
0.07558945532743067
0.11349462013017064
0.1702689682387871
0.1528446572826514
0.1600545054775987
0.1397933756756572
0.13806202312601368
0.20656366187964703
0.13132524671330492
0.1364519184672396
0.13146009112454415
0.12928547355496275
0.1974452534293223
0.10782267254450151
0.17716727070591043
0.13283873293372986
0.18523800400216361
0.09783447152824021
0.18728809339409885
0.16877491235681846
0.17392588152747657
0.1464836809075762
0.2047617718735535
0.1846445972686456
0.12209406491031381
0.09247085760705412
0.17873639932714894
0.2004183255411324
0.17558142968747803
0.15185359065985607
0.18378862807135465
0.16753514694628566
0.15166067560656735
0.2012310410543436
0.09723731507578479
0.10612625030610852
0.15656135717064218
0.15681511146262783
0.064873696339874
0.07281245190777448
0.10299117962014762
0.14291449520512306
0.1588752809843845
0.1798990016985722
0.1265429620697641
0.15330793927493558
0.1391122195854583
0.09741998214740342
0.1725991075037068
0.1281279080892626
0.11674067931029279
0.11801316822642975
0.10273615324021021
0.11986623280927199
0.12951424397544617
0.12131010935322842
0.14982581410833598
0.11362518140041969
0.14161298202904898
0.1926021636992331
0.15527196217470307
0.10019633047678607
0.09267061002641945
0.09101991533981497
0.14478945475428454
0.14391684200772342
0.12343618910133992
0.11814778771401474
0.12519102006653324
0.1403553986742921
0.11939421746760852
0.1159139115131915
0.11312234439796294
0.1584460248125238
0.183390107468327
0.15804250804486777
0.15077242182936376
0.08800652305682906
0.13162118516901708
0.05929098216547814
0.19616734257290525
0.14438117528499786
0.1684377876453881
0.15485627033418492
0.15835097850410382
0.187211126817532
0.15334510827189748
0.1049713328678927
0.15484207177068376
0.1900333208595882
0.15958892795223478
0.14390180689690069
0.1689009848458695
0.1614005479845817
0.11897552696021181
0.17115171741745175
0.16674675630405725
0.15878080089056043
0.17313591307070908
0.17758000964476675
0.12060598064794247
0.17875606003172323
0.17090985598487232
0.08676480558896581
0.10270947911521869
0.1465029520269532
0.18104529823304744
0.11389199944313555
0.20477707054224287
0.11371634294210363
0.17001274396627003
0.12796187248337837
0.1478597458593009
0.08013631068251016
0.12338718864212408
0.130415540699736
0.23971100830219733
0.1618206609620516
0.13442826897695634
0.06856305489472213
0.1664775725718172
0.12405021803630044
0.15175162682041524
0.13790319691584096
0.19685301678766667
0.03470097800941183
0.18728705050484604
0.11982535717627361
0.07937817961616156
0.16698099062358815
0.2189657851073305
0.14709309786679753
0.17349275011250817
0.15120560587079748
0.1447822331273338
0.20481494590606109
0.11275330783847345
0.14057605144188703
0.14829172074765692
0.15865916077332304
0.21392352069562298
0.1684481588550321
0.2185932008254174
0.09989323310277762
0.09846864235314784
0.15466867294107192
0.15243164514036756
0.17519037944960347
0.1684882398189171
0.1340995258384395
0.11516674991128416
0.131114182546393
0.16111397944897957
0.1325838136171341
0.16307105091368188
0.0880686614714695
0.17880280856548875
0.14941637752448358
0.15681624608722888
0.12487739903668825
0.1833864461436554
0.11743361180865737
0.11528353179559239
0.20954031767776393
0.14501050334036708
0.1886672359623615
0.1578328005659789
0.19971657205367932
0.1570295903996757
0.13892734838419335
0.17768479309915247
0.16490693227844946
0.14555821211626474
0.14580412358965786
0.17029623066612645
0.13454671714927266
0.16370016051240527
0.14835533965632874
0.1383581506199777
0.1057507227929501
0.19331433972591464
0.15455702382769967
0.13228838748056912
0.14368253491290447
0.1714745441631984
0.12103653665116439
0.1614624045871785
0.11792464881477699
0.18504346376475106
0.15088206404707016
0.16878988491996433
0.20717834429831392
0.15025794766030778
0.15698415876152222
0.07187000315313585
0.15430472700130224
0.16770914077954716
0.1711487081719047
0.22373786098206794
0.11426979397159741
0.227350434376612
0.18419565198615423
0.17747119737255038
0.18319426397176283
0.19484840958170482
0.1574509668795558
0.1245039865168819
0.1932434943937443
0.10545409067569882
0.16383892128080524
0.141246141890186
0.21634064464494093
0.19845761939547224
0.09458560782554913
0.171550759007364
0.1341514638942501
0.193834649697495
0.1651056298679646
0.18129556734572744
0.16797934462936184
0.18691744276054106
0.11927469408680443
0.13283913775526673
0.10621791599465176
0.1416767143256907
0.15348739811096224
0.10090455513556586
0.17562530925985273
0.16837017355345654
0.11488968742663208
0.1651849456455083
0.11405019578228251
0.18839695029574596
0.0798465095642015
0.09704018998736837
0.14489903185884584
0.22012503854403045
0.16791265304786165
0.15156544094921603
0.12822053809125983
0.11820918827182846
0.1625428436067135
0.14651051775104756
0.1806858664318432
0.19920659124062284
0.11587714043399794
0.17114709052004312
0.10605373951887329
0.17908082745493828
0.19181105285453565
0.18940955678157936
0.11356001387788173
0.16212793779023732
0.11751681797245983
0.1027441949052927
0.1629070550868358
0.12789445508543296
0.15885481186643113
0.12756189901971715
0.19013701520632403
0.15149206789655764
0.1509473526083199
0.12894089369751993
0.1524990959030185
0.10890982370828906
0.1356227364061454
0.11416790161334923
0.137671312794241
0.25415823557554545
0.16614477227181337
0.1542653225563972
0.13353000436865756
0.18920364582757365
0.162885668530097
0.15944945040750555
0.1650837002050269
0.14183836479691592
0.17860412689482985
0.12149335079727276
0.20310306249139432
0.19366154229792656
0.1242403329271508
0.17235783810063562
0.16518452704004105
0.1345479039155207
0.1747039400498767
0.16889008228127975
0.10639379841295235
0.19869015969898093
0.1570712180629044
0.22211834290464796
0.13738875836503345
0.13797396494263459
0.10468411718068538
0.11542726997832979
0.1730581364178784
0.17309328251509362
0.12908242026002573
0.08864654405017695
0.15949884189066604
0.17257310811340015
0.12401489611916745
0.14601370616160894
0.1515119355429731
0.12395021707746715
0.20286842402732316
0.13589631903578733
0.17121186657188797
0.13727817904470796
0.10509941937360363
0.22103562034601618
0.13445935035428377
0.09766626933946547
0.11409117195705869
0.09416064527024748
0.2187509057223634
0.1545909615790339
0.1832920122318064
0.1902348964555114
0.2007402470178424
0.11441186083992799
0.170597560527292
0.18310655729263123
0.1823168866940554
0.16012450494245675
0.15668192283817417
0.15318719293341798
0.10982082032699642
0.1377983850781391
0.24401953264696424
0.09608017389223568
0.19312129088356142
0.22728170865467598
0.22973829340679186
0.11908612771393812
0.16593720914180268
0.14787204265808285
0.17598694383723898
0.07021939780620773
0.18815634102965176
0.1199279479272383
0.14620419518801867
0.13867563450491346
0.1591605916363393
0.16465524793090341
0.10785412672576428
0.09764381122161554
0.15550761772183228
0.14625796799186974
0.1668885168693497
0.19051087919363255
0.11691093606488089
0.10883982250782706
0.06952871589933105
0.1180640181886254
0.15168649460677747
0.08672524329847275
0.14623033863547527
0.15331731579189775
0.11107775411577821
0.12879527574709035
0.10498499812434972
0.13766013058800278
0.1280043522793651
0.1735558004579329
0.19827607799349994
0.1628458459810718
0.19011718652034326
0.17605210041720942
0.10297141643814231
0.15006873963347847
0.18666871252056863
0.15727278047403329
0.18048543052840846
0.14816133262774772
0.1456275201994325
0.13992667153332305
0.15738198724546462
0.1612478281905501
0.14488953102016133
0.11526666360473649
0.1227698876053842
0.13623934918485534
0.19215416902658158
0.12018457735059937
0.11347391543076292
0.13172940217945805
0.11173779753934435
0.05277563420873278
0.12709032539199364
0.20219354604061915
0.1664984171876279
0.19458895239104518
0.12631909836110217
0.12696902128163903
0.08383736864902716
0.16053127133269376
0.14721234470914074
0.1429150998587202
0.09911779305889827
0.1259844358266895
0.1769657167648493
0.11494114418307484
0.11960737563404086
0.11146903791741122
0.17815744772051634
0.21276009334549964
0.09827771220221349
0.1591615580891794
0.16228159553274074
0.13967581788228323
0.14799389572661142
0.1257205830850002
0.16127664839151415
0.15365765203876922
0.09818595522532737
0.10560700852133338
0.106510773357165
0.12248172143474759
0.09932085390202196
0.16709503554283653
0.17503725799731382
0.18029825118502518
0.1089747097785024
0.07713651360757144
0.13802569664041453
0.15702877995981707
0.1614016165915169
0.19163262923551133
0.18576521461874193
0.15144157150833049
0.17226909576400753
0.09553228169374374
0.12381042609237389
0.12072693773144172
0.11255100993406288
0.17563607136730414
0.15522781437620117
0.16646254036139693
0.13694002950665016
0.15858592766279436
0.11202978611003196
0.19017311977032184
0.16043709213793975
0.15586568436062403
0.1801502858647548
0.22395391712512983
0.16639698854949228
0.10816677808584843
0.1814622825819339
0.19575252814827113
0.15421107375991563
0.1671550756096816
0.11545097103051402
0.2163233356243871
0.1301103534387714
0.13002791822939053
0.1637411065508255
0.12800508743284436
0.14203941359124006
0.1347207962617545
0.18838036692028037
0.15179830480625126
0.16175930617362982
0.146147015552597
0.10375154117896897
0.10584672349752693
0.15740975780791458
0.14423349120081713
0.1072072499560203
0.06803904073606497
0.11760830711475331
0.16633047267741466
0.16550445074661221
0.18939801255809297
0.18561131572600684
0.1386406408723623
0.11373158067589882
0.09676914419759915
0.17062369532195185
0.14313952424274576
0.16502873797195586
0.20075965333857018
0.17738843894841508
0.18708514867332013
0.1447748907776236
0.15664956173739314
0.17984959161204553
0.13956924428681153
0.14531590799974814
0.2270651263966064
0.14797816278818662
0.17537901451727442
0.10620649870652996
0.2182102563114203
0.17532829258091062
0.15741645564381382
0.111103816002268
0.24131000906024852
0.15450313795763715
0.15368063286331754
0.12062010735413123
0.1325753525179768
0.1426379627393588
0.14596131560098866
0.19312921472344616
0.2108315870403491
0.16100040496190443
0.09759516369665472
0.1761879596516866
0.13308133255877166
0.11694994757629054
0.12953031336226448
0.11852021380204496
0.16773160772406545
0.11113270545781558
0.1525762599103103
0.16239131803956172
0.21809389027599238
0.15726095550667302
0.1749210101576542
0.19276075813518223
0.11176929756851221
0.10827601646759515
0.16953532328099732
0.10939469611500086
0.1493269577063971
0.08419398163512609
0.15933958913342278
0.15306817934483088
0.22026147613096161
0.10872981214296733
0.07821115123451627
0.17345542174722478
0.1370721545629985
0.13423497153625896
0.14503282483131621
0.1470693538071268
0.0942993522525659
0.1994781576678278
0.12774920674001503
0.1599569553327781
0.1343303209884132
0.20098576142559688
0.10482384653223237
0.16031990115833175
0.1716466654400711
0.13298751692576197
0.15975078208066604
0.16008459371981917
0.1479271203350438
0.08302192395899992
0.13298002671636955
0.14645534997438792
0.15230055072511414
0.12627473092508526
0.1308083003611308
0.09945796590074303
0.13597128057371724
0.13809287204269755
0.15585502548841978
0.174787347900384
0.12954687546810387
0.17018825540043966
0.1550031521237676
0.14658402231008996
0.1431084776613348
0.10992555872229606
0.18140415508959376
0.16142069984976715
0.10457759134762185
0.11138537584303357
0.18103313493123627
0.1745822347276004
0.17128973319330387
0.14955127938553028
0.15620877754974363
0.12483251428059362
0.11671301207784804
0.1983294183565998
0.1657756477116979
0.14145908912487126
0.1462966168719175
0.19921754321036014
0.18078403418294256
0.13865374807744077
0.17598724514096606
0.2433890546669788
0.13409649389215672
0.1266243639398383
0.1181602723293157
0.11042162024814033
0.14210425365914522
0.14662473213664973
0.13001653771662208
0.12467577233937796
0.15790431143405687
0.15375249104144229
0.09625644148118799
0.1983969516509929
0.1961858817963065
0.15401619824635393
0.11700525111907838
0.25102312157374784
0.13888550891226062
0.14517409099405562
0.09945995803870518
0.1870340736346144
0.1273306585546329
0.1515412765837724
0.17222280342434737
0.14074786931289066
0.14358591489435713
0.18455068526084323
0.2365050905831211
0.2310607907448543
0.15699537993486634
0.15103515749321617
0.15651749461797648
0.19940977488479897
0.14183247527770712
0.16468700583762358
0.10100915124200446
0.1288304671653141
0.1416963204818311
0.1321818325354613
0.22123245112311235
0.1775026611606247
0.12487054857915231
0.14031551137963072
0.17874738344168525
0.2099813398623575
0.17848622226207914
0.13247130635122017
0.13568141647750362
0.12723497748331697
0.1721687202706993
0.1466689926004872
0.10104387656270188
0.10437221325803012
0.17777915923838467
0.18251879653607753
0.17276043137557373
0.10433657753028514
0.14572220694542004
0.121550374043355
0.15638055670518922
0.08983243992460724
0.1102027536249682
0.10800635486586056
0.20923195768054056
0.13298993934674555
0.14730449964386608
0.1521590939874831
0.12132364434559104
0.17157861591073964
0.14280307149785293
0.19067181092639277
0.12410805023513556
0.18066929591321026
0.07528855498364045
0.1361489438198419
0.11353531667671243
0.06996162664765121
0.10287627582030953
0.1274826309146527
0.1791822753249091
0.09051673004701742
0.12406722762600382
0.19254843264791524
0.10062897734582073
0.1433052809942142
0.17993783620879772
0.12206128540982873
0.09506044847223738
0.12365922240735847
0.14538064990144836
0.10585229521987631
0.14639536132737624
0.14125749308383784
0.11958678454509082
0.12638700893668092
0.12490412227406386
0.11154991625591308
0.18313713150738123
0.1525203391472728
0.09031606646221342
0.15167705696243788
0.12181593082594566
0.1434559216924551
0.19647188409682778
0.128819239004163
0.1674922868501448
0.12923879576813016
0.22254545327937086
0.15140172151930453
0.1539907633079993
0.14946654612794355
0.15388580137829128
0.1283667700047069
0.20636855879763838
0.21299586310860458
0.20721969593229964
0.1440845217025927
0.18542668652834954
0.15402768246481635
0.12531686753136662
0.19398676682576382
0.13238073885434773
0.10957443903614442
0.11900272250681965
0.17296750413943518
0.1281866430527252
0.1208078377272944
0.23169621693400214
0.13455800515621177
0.13014405515951138
0.08175197737645801
0.17147165014052804
0.18075952620735586
0.11702492171782591
0.09063258475738492
0.1432225524637913
0.16449931414371274
0.1338003929958471
0.08062173272314545
0.1470623603442509
0.1748167405446737
0.11180449072095636
0.09657743295230561
0.11435463560264804
0.12548086480014572
0.12920209931413762
0.19828864464267054
0.171088043640491
0.08917166801496199
0.1258315117275119
0.17166892071831893
0.16407278306301257
0.1334937647345624
0.10332327572581065
0.15378201694359223
0.1365813470348805
0.1937715511207103
0.16077328933427634
0.2217963626410422
0.10613758185599147
0.17515210183154217
0.13625385495850686
0.16566812048807936
0.12344234324301184
0.1559120754159366
0.18818802568611712
0.1238895463749139
0.16436509159595158
0.14373149325980256
0.17422300117112244
0.1683860629188221
0.045082421185957636
0.16273398014253518
0.10569202914443905
0.13984753384946497
0.15004119799733928
0.19834625549956003
0.14287547479374824
0.18298979557079534
0.20290696385535162
0.13230939423546148
0.1791927690157288
0.11579318842419827
0.1346171466077303
0.2203336504786326
0.1510225069891102
0.09278893614156247
0.14096485586490015
0.14262753868781294
0.12812648506302682
0.16033527177345253
0.0940118297732975
0.21798510105470612
0.1420020169461012
0.119676192795593
0.14602580977411195
0.09620663224204784
0.20358761475376108
0.09890186737770755
0.1887477702997284
0.16201107911792142
0.1451634102684897
0.16934703755108702
0.13302715490897574
0.18081054303959362
0.10058077668991823
0.1628923240824263
0.10332788694585032
0.13120548665773504
0.10373065830528959
0.14481014563961003
0.11224662459772951
0.254695940484206
0.18461276470252821
0.22314596604683837
0.1981051892493429
0.2185444491321203
0.1542438666627894
0.2322221265972202
0.1705709884441478
0.18686468878215315
0.12869894133657428
0.10979936524785468
0.1660714685978649
0.16272137406506426
0.13849973158781928
0.14468910358756884
0.1645713069012937
0.2011656351490222
0.13301011386870917
0.1824433968821486
0.19207589438550995
0.15837323172126708
0.1309956013156815
0.15270048835857492
0.18661614690617703
0.12570217672032663
0.17639935490526173
0.1472093126237122
0.10886812741286503
0.1571976292635961
0.194567337883709
0.14477961226181435
0.12262106808618024
0.09833763832500277
0.21855598969686482
0.13142621214200365
0.13186307376338993
0.119573920729984
0.10651566635275383
0.07928895121098384
0.14346832112929053
0.12404494021192872
0.1575546323252098
0.1414856454912382
0.10267573065939058
0.1785808395115706
0.15603285428793978
0.16212719373643317
0.10801023754579274
0.13670509489737034
0.100511132659129
0.1548935107061804
0.13555897575845632
0.20678984675376405
0.11849784488192733
0.16070439172347886
0.16282658296070424
0.1946687399776756
0.17256603682378038
0.11568926848278495
0.11044338191926852
0.1194538265440884
0.2014911553861433
0.131229894771977
0.13042114252177175
0.09544980756692799
0.16191605174068288
0.12020533702253143
0.10437591007863677
0.13654800198486994
0.12572763832127543
0.18118408985714304
0.12824115060533242
0.15065088437213828
0.18153196078252387
0.1642200488562595
0.2175847102204415
0.12359073202528767
0.14781416497341834
0.14016808446869197
0.16342398669122962
0.16944854926574837
0.12535671174635407
0.16609188667309566
0.15312249193629823
0.13898642789937776
0.0751066696022374
0.1974855580426839
0.14333274550893668
0.2189543161403787
0.1219410156084306
0.17328997965329407
0.12716184635728675
0.14743860534583567
0.19695945412082458
0.10731523668900474
0.2085296895430164
0.13574714279699562
0.15066906292374976
0.17253537399981522
0.15139198238162435
0.15217220338926396
0.12967590856712286
0.1263341676008281
0.18498073115728594
0.14347675684970282
0.10132844118931936
0.11975718126056764
0.10938018456589854
0.13856787902001427
0.15369372488467167
0.10106369915424546
0.13967399025627997
0.1456687069834628
0.2312582716714133
0.1373664045932625
0.09522774054196637
0.22119914461913814
0.14822559052776718
0.1309320629764411
0.11845027555231859
0.18212841012757372
0.10995438549404213
0.18817337317169588
0.25191500536554934
0.12304547563557351
0.1637931605190711
0.09244308882916012
0.11885068213434814
0.19445779506222338
0.16937711321736476
0.1513393516611194
0.1282540327653017
0.15936694034692964
0.21216338940120505
0.1386377873289503
0.17778211131844168
0.15578567690228057
0.1502537439180968
0.07145916831771484
0.17844411992190792
0.1324891124817274
0.21087263330478873
0.10200784284769691
0.09538858561927568
0.17318253272226955
0.14463439732185343
0.11559126885872464
0.17993737599163262
0.1766726511124144
0.1755857764456086
0.14952482055809418
0.17916971585871266
0.1615560031847596
0.20639740439414528
0.11275859323029007
0.14318167952421745
0.20768264551661647
0.11941447230996821
0.20080582551892326
0.17874696119966205
0.1751314897929409
0.1619844866221085
0.11131815746021012
0.15038379874329028
0.19417895954282963
0.13158709674070532
0.12683356315352232
0.152499253074755
0.15452442562904775
0.12556755922417445
0.1598292631895408
0.1288206047924997
0.14792150617854785
0.1205936374226139
0.18132506373180998
0.14263588663581997
0.12599577461454892
0.16848877820983135
0.23094391452994834
0.15197777277676544
0.1535600259266624
0.14524835315624843
0.13286893404204383
0.14093143109434295
0.1443435924119385
0.18085735953829277
0.11964482560498084
0.14313286742332562
0.13615876533233673
0.14912625710609997
0.14209992342057193
0.1266095341317225
0.206780284399006
0.12255155089321929
0.07315811324156535
0.14076295592784424
0.17258558842220206
0.16352786188159366
0.12443091906172192
0.17795937352546476
0.2109581340510781
0.17017081110162277
0.13214358098466006
0.11910957136890667
0.13166517035381664
0.1569110237255772
0.12143694991980784
0.20678972480793573
0.14634140991057074
0.18792812413788967
0.14842710782050433
0.18973447493481693
0.11989393546512683
0.1929776969579805
0.196340062269883
0.12069258548126865
0.1573161667172474
0.1488478623784387
0.2276690406578292
0.15623260149290807
0.1819781205167828
0.1323013054726861
0.17911197279503216
0.1487890832318335
0.19695460255843358
0.1361345914129607
0.07544812764638832
0.1249528397356974
0.1498754193475743
0.08490706119259323
0.19105119324309303
0.16650587686300913
0.15195664532990075
0.1355603416827584
0.1354785498847431
0.17096807177771334
0.11313104266611165
0.15810166558717179
0.1642614791137214
0.10351021514328823
0.1461769961214341
0.20190422406482753
0.11005105023606668
0.1379270822846303
0.12946429834320705
0.11789834395606165
0.1418102640805806
0.2184596060131097
0.09097746621148964
0.1622180298881323
0.13550268122697307
0.1445330930364345
0.1519385162449799
0.17069282505875016
0.20297697926411698
0.1646209253599188
0.1366934395881372
0.12000454874340391
0.1363132131607016
0.14089826815289333
0.16041056239601617
0.15043021892753639
0.21831652570032486
0.14541738331804496
0.14680391855964933
0.15605078205075193
0.1351966710861057
0.11592121514686995
0.11363407963365484
0.16359719093950784
0.17045305027536342
0.11063491727520731
0.14777606398025062
0.13959179263332225
0.1324674509266236
0.2007235010957347
0.1315182018912303
0.21464533645901923
0.14724388168320193
0.2013549603599998
0.1336093462698847
0.1642971610267175
0.1726890818887643
0.1754556791893192
0.11124900225577415
0.17039365877272777
0.14850094863890348
0.1518763282352931
0.13217785034699922
0.19044911122327515
0.1951959226598982
0.18658576723254935
0.16402088125950456
0.2030396913334663
0.14632624641293482
0.12642906656232483
0.1438688734473479
0.15097505393135038
0.12555567662155934
0.1392411956946376
0.15764742165826268
0.12283687975672668
0.11829651340099889
0.15576752331787583
0.12327839304922214
0.2261908484194145
0.10935139700498836
0.170526695989245
0.2022347637320302
0.15178435404168317
0.12853150505147054
0.17462490261542155
0.16742982432025005
0.14691751338348308
0.19603872808436773
0.08182254001181602
0.14991951875104895
0.1523653147090839
0.13497433962082525
0.1614386069769487
0.1337133626055731
0.12276805944372943
0.12679986330859605
0.09356831168662884
0.17361486728711212
0.12148332330551499
0.17318365818796622
0.16179133987574768
0.17633847063974564
0.13740674959593124
0.1686589976998458
0.20645471004315513
0.14035397767428479
0.14396992011470833
0.16515086064275983
0.1551320588294985
0.2148882390018198
0.13731398154602362
0.1737852964678658
0.1414384701184252
0.17970199051034838
0.11589345850909875
0.12134103235081872
0.18372664176555434
0.11227834097971401
0.20573283241698112
0.18801368679235828
0.20487372136393145
0.22555778054567882
0.12836841915686667
0.14397581325824504
0.14520549284043918
0.1569291338475292
0.10761804959615809
0.19603391973978057
0.08282189613194624
0.15892213434852678
0.08285008467914276
0.1330076105899311
0.16262693287898725
0.13965600425767416
0.19730074136811346
0.13466273517225588
0.16648639631774495
0.11504157562785076
0.16980823998738384
0.14267240685841315
0.15544431984228685
0.08799647397235834
0.16894148591674935
0.1728578359994725
0.14764248579235684
0.13152110523837277
0.15248201963807156
0.12995132639355741
0.1382125718833192
0.1782672153482136
0.10226852593141365
0.2410036134515872
0.15951178779092698
0.12561310861632446
0.15127236081409096
0.15944682547714736
0.21629933340762553
0.1665405778141897
0.08125291891971373
0.1659707315716093
0.16750763935172705
0.2074530249654022
0.1574853686099846
0.16698644792241096
0.1182773277051451
0.14901056540249802
0.20668909473342462
0.09690543031582255
0.16072126790373226
0.1487110862209281
0.09561995517597949
0.1520886934698934
0.16352167217092944
0.1732133086978172
0.13672437080320093
0.20520560890856782
0.1584043787444995
0.167448195167278
0.07507359872262316
0.14344382735482425
0.1545001624897287
0.1205466512545659
0.12500404842305698
0.18638853600891567
0.15702659409674793
0.11258284462182501
0.18662630232813188
0.17414803679693486
0.12759186943794543
0.08378840701111005
0.1733397442145927
0.17611259546463223
0.11522740880071428
0.13081920775792205
0.1711542401281746
0.13866283181768735
0.16204974675677622
0.14771598609833148
0.15353373302087742
0.08314271712355098
0.0825020022642796
0.19814209841029926
0.11145320661446254
0.1508000878648657
0.09992167836508394
0.13845498811997564
0.20719473578289044
0.10495054046978744
0.16319168025941466
0.1465116396704839
0.18168573936087917
0.22210389884181894
0.1095500595922739
0.15059448384001498
0.1329257882773614
0.20941504602046884
0.15519801762839175
0.18596946836953365
0.12599404736789468
0.15825016353734186
0.12764149793727658
0.13769585627074363
0.14295355893827055
0.21993041283835507
0.1811264704916497
0.15331056676366428
0.11878959711158547
0.11561741522626817
0.14391897003639922
0.18327412593034384
0.1290261235646562
0.12833725626987522
0.156088925124266
0.21813038703481868
0.1095368301286318
0.14887850469650749
0.16570209560633592
0.1907671728494312
0.1322561979322081
0.13184064392171582
0.14327240786713583
0.21965775781376443
0.20342209994409413
0.1655269421489109
0.1723470040837101
0.145513265111721
0.1415195502803333
0.13353842370080782
0.139745289953082
0.11603996569863818
0.13739367540152056
0.22732074359557847
0.10595126491928192
0.13687944476042968
0.12625309499975382
0.16388971289576149
0.1995775239239598
0.1804961513482488
0.1698384032853466
0.1724014593680002
0.13820167323881663
0.15967753212372637
0.16643066239780685
0.15376756985183795
0.2218200455249555
0.12993791635416452
0.1649753678794517
0.14518057861480152
0.13703260134028844
0.1454969722912465
0.20336076775370168
0.10021900780747496
0.17258923040249707
0.22325706837386708
0.12203949867397411
0.1679121238511532
0.10535394998631778
0.08197569383404284
0.14097946538023196
0.1697561327640065
0.1390438606615468
0.13704492190745124
0.13207360107234628
0.1663026300938223
0.15455337245331577
0.12382234635580247
0.08970671472688099
0.1186509372462095
0.13361842350084718
0.130971390558487
0.08858956345888425
0.2102740704235238
0.17621407399382652
0.22543549245566316
0.16080287948686992
0.12147555756582466
0.1567484377716356
0.23853281495294318
0.09598796640110938
0.2394960359520489
0.18632923134387083
0.15800725820716963
0.11202518602195248
0.1121124717668046
0.13867189802352756
0.16879919309570102
0.17086900216641104
0.08633353130064322
0.08525313326396132
0.10811738029460767
0.19077665908479433
0.16608939827963798
0.13624330767135343
0.14223682457123663
0.15172009710656167
0.19973550134176965
0.10406212708350704
0.17451665839956598
0.17121572578526728
0.1497178974239579
0.1474655126598283
0.1621100716502154
0.1446567004546791
0.1465502493008213
0.16665676284881265
0.12046874812677845
0.20969361059016645
0.14294062535568663
0.12054492553063427
0.14715100819431393
0.1287913804044287
0.189782756879483
0.12916342207628861
0.19917489119875648
0.18979561977392892
0.07623148370201878
0.11437401333000827
0.14889352127079172
0.11235914339554631
0.12106130150921601
0.17465228948294825
0.16063665563969307
0.16607073805490286
0.1833181109834613
0.16957851004655158
0.18857572625034646
0.21272720193913294
0.176364357915989
0.1415142742044722
0.07462050432154181
0.12899218923961137
0.12480453579026574
0.11336363414803863
0.1086296349886323
0.08127101154543317
0.23715101461127613
0.07593296770652715
0.1412919786215998
0.11231287446105487
0.16467432894376777
0.1540482015902688
0.12850641561260387
0.17573888905432944
0.14218320696017614
0.09290168394997136
0.19711290849472457
0.08813821845388281
0.19165459916227773
0.19063727216888302
0.1785239645436294
0.1669890229676722
0.20253959305464392
0.20961962902049452
0.19039117786779428
0.14052438673743
0.10782660417411757
0.12538874037657136
0.12565638807759918
0.12983002592857365
0.1632913046937836
0.14093739680657671
0.09128119416884695
0.15338642063303845
0.1781849033603667
0.13833791532090578
0.1073204566968329
0.05971078471444938
0.14228821020369128
0.2099559888571642
0.11370292580301859
0.2222445102486284
0.14929869583611352
0.15919148432986963
0.09899248714831944
0.11732741610303442
0.11840933943818426
0.16944016353346777
0.13368582615671876
0.1632072672866714
0.13133062871290588
0.13766412557612376
0.14867878961913514
0.10922684303265404
0.09426157302061104
0.11264460502368792
0.11893403130508245
0.14248742416989058
0.10250766262468261
0.17680077432797772
0.14910994378604006
0.1402477972231288
0.16207088104890865
0.1200706827339802
0.09414899878390733
0.1526529223886099
0.14207739795892005
0.13995061162918912
0.15360892634568735
0.14206882608644666
0.22034436563436618
0.1159662035113728
0.1652691015947532
0.10475700977084462
0.20101110183823306
0.196735770809018
0.1490438022176488
0.1418872099270734
0.14104541518904376
0.14172303631701025
0.13910185846950734
0.1052440132574241
0.16792851467712105
0.12820518081026738
0.1726761683680408
0.17262262369834988
0.12862815575445014
0.2507392144336894
0.16671411337100223
0.15152683487787255
0.11928819958227836
0.13353399289211038
0.22461075200341796
0.11817279807810022
0.09360735124919628
0.10978983503140805
0.11421529715078872
0.16696760976661595
0.10148532633080115
0.22116790420921398
0.22583423192613028
0.12983038119031307
0.16582808652984576
0.16718902480013645
0.14415864667204945
0.17883390948149083
0.1567646288764026
0.12554718571075896
0.11604601051751828
0.18383927663875238
0.14715812548029994
0.2081269574058767
0.14545572729958636
0.14726194649690175
0.1065399704591962
0.13101681777045288
0.11503883622088004
0.1631069148690419
0.13046359893638232
0.20310188157025547
0.1324657637969289
0.1151890380810688
0.12960857307581977
0.14465183864145525
0.19196840022350237
0.10776321391923019
0.17265188312628907
0.11335484058180675
0.18704690705391194
0.17328331925914145
0.1253030830018801
0.1671353364546558
0.15263509287086083
0.20395208314644267
0.22170392902489403
0.1896763036460802
0.09433458495359735
0.07098274904407458
0.1652820727062739
0.21206556087581144
0.09904488474889593
0.11250123572074473
0.15504766116336602
0.15715966299672401
0.17324393172010324
0.1480408585993247
0.19758411365739637
0.16747027967243716
0.21033835592497974
0.15295298733011892
0.12682967965118036
0.1756959901413423
0.20858538522352307
0.187202721390697
0.12790204992821885
0.14355025150950215
0.14167138317977465
0.14043597828891413
0.15266090601149399
0.13210880172726458
0.11581616724605255
0.18653195863512306
0.11744827010140721
0.12683566084161552
0.18029679255364034
0.14043953349993354
0.16133143603768826
0.11322615065363197
0.1467691814281944
0.13776960748565176
0.10925223932654855
0.16139111798519654
0.16219405707285015
0.16112149863434555
0.16338242894295324
0.17027564044641968
0.16869996101498183
0.10719208192527946
0.13395571986870008
0.17975478235186404
0.13479508730910494
0.1801026548098202
0.1622039756087061
0.16455976598561195
0.1376861552452307
0.19774019668609072
0.108956758133897
0.15392938379068016
0.12794114030043488
0.1612063939270787
0.17093380704204345
0.143356899334194
0.0989622774991741
0.18605360189237252
0.1468421347525513
0.10416193327320564
0.1945575974666641
0.13896936069242447
0.15117111493722193
0.2143124696796145
0.19432406188036547
0.08802789287502699
0.1703527687526762
0.20876587445049463
0.10429986683484704
0.14752532343586422
0.17679672442897865
0.1480942206329767
0.09624131490985999
0.13468845933110482
0.19345367748082468
0.12164376737956466
0.10874672886289137
0.11538610816261347
0.14294842502030003
0.102194272379252
0.20889065121919642
0.14322625393441446
0.08695333890317168
0.1273906480770251
0.16985901368788817
0.21607373418271889
0.17859414307681445
0.1704219055380905
0.08994844779266778
0.15569799262674974
0.1562032181926643
0.09946229301384324
0.13577962253355597
0.17994891950193054
0.12504173635246962
0.173979395660332
0.1578000809002235
0.14623677886229605
0.1351166075000994
0.17436855783455266
0.1330142075287932
0.21372316969423102
0.11694161604406633
0.14701680853473367
0.19060735363138964
0.11542411635446137
0.1044938780784501
0.10715952117514099
0.13877399698551385
0.20303155703278467
0.15536174956426646
0.16552937371140714
0.0915374610835742
0.1354130308527306
0.17822858015563342
0.13467119782822348
0.1137965549377423
0.10589360002023626
0.2174938236247623
0.17940538639698034
0.13542896147913883
0.15562290368915777
0.1908428955560031
0.10869699921635655
0.17852081532698483
0.14267815033942588
0.10325288034624071
0.1390436627614105
0.11670745528328622
0.16691420610247462
0.16624373207814275
0.14684200427874888
0.18143668886028264
0.1257172496358139
0.11685029916885059
0.1220242108272326
0.14784456564348922
0.10816468617139462
0.14971911232305135
0.13678941829065477
0.12873341403083086
0.12754906157390322
0.12653883177931863
0.17924405712016409
0.17893190275971216
0.12930618036770572
0.10992457593485455
0.18099460525546815
0.09165398305290831
0.10994306343357542
0.11244466300099817
0.1390946448676917
0.14825616696093857
0.16184731601638733
0.13222267833387763
0.1271844315339208
0.09754421222656469
0.12685781827059875
0.16052589942308138
0.1790806555871442
0.1953642055284028
0.15349707420571262
0.1789160011919974
0.08188627257048377
0.256164097619855
0.15232486443906115
0.14729671305465042
0.16662835353581198
0.11616344083635664
0.10329999976281744
0.11832073368530918
0.21178118842394555
0.1392984643118674
0.14667593520003028
0.1042455925107345
0.19706013526824082
0.13341728013602652
0.1659123534260895
0.1378914398841092
0.09768945536534103
0.15939402530952426
0.08534303519138152
0.1760895335248361
0.12292353262590307
0.1608613709758115
0.16607025808113554
0.22078520820220077
0.2436707301553127
0.16038614911189952
0.15625309684430386
0.1355668630563778
0.12454530061830603
0.18581347620331864
0.1309868587431956
0.2111768576104805
0.17755138096095732
0.18098611321650737
0.11652305775548853
0.09972923791150784
0.11408659734554769
0.18447740101421323
0.06603986239719259
0.12014688854445518
0.1130729091865007
0.14256246788304336
0.14710530737662408
0.11532362267064906
0.1927068254943874
0.138689061084734
0.16917847385867854
0.17000881567123405
0.12288457237742746
0.22337425072215977
0.10999907292881797
0.132541105757141
0.1330962476721776
0.2633700940665111
0.09586704115750183
0.09450286486423636
0.15693416337702004
0.12202246183335305
0.13894906578256375
0.1975600641990815
0.11172646036307912
0.13340874879462222
0.16725893579867443
0.0894485414000948
0.13639314346574263
0.09489703465550588
0.1583957519742349
0.14197998793086372
0.13536775176358815
0.12775468424520978
0.16003364697480466
0.18805516130105748
0.10896737917136436
0.19242016003516527
0.14796959281625077
0.14521479685125163
0.1612565179368231
0.11846393211344043
0.1188407206029223
0.1325839955018129
0.14257644780879278
0.16969690541328297
0.20228010419868647
0.23126960903197194
0.11306690251449307
0.14599137803763726
0.14052353258298445
0.1804049603244245
0.16750324324600221
0.1365728030122619
0.18796973640410583
0.11464946698363565
0.1563877281503767
0.11165871295299208
0.10992073925437996
0.13840555721129214
0.14140077718465105
0.13182597791258047
0.09122277117209361
0.17923860364536676
0.14734235004313379
0.14075389728286497
0.14472253182128475
0.07998803277987436
0.12187692383834872
0.15998304523187992
0.11863053431752477
0.12149402067462711
0.10634916265888726
0.2287604909603388
0.15661749169996764
0.1282860261493903
0.14771512538500983
0.14252877402812664
0.21936120257138453
0.19023046275689862
0.1671802036995811
0.13486264197893869
0.09940475035096245
0.15102718919431865
0.13036646496113535
0.1266658284828963
0.09266811596183948
0.17937241526911507
0.1951282652483791
0.17691020964431273
0.10285137754445699
0.17668040610134633
0.09278694082334135
0.12539205608063356
0.1376484588353158
0.113081652418402
0.07890475955983597
0.10118085976133126
0.17715698933658722
0.15364848901820619
0.1413860944944772
0.1385220125364468
0.15255991421306953
0.13812026284467152
0.10601552970518884
0.15320720037527033
0.16239616668823045
0.09591018101894824
0.10990113118686945
0.18458652913515755
0.11127341654886691
0.13323616526690468
0.15120251999675027
0.12397744925367395
0.12636189651648036
0.1403789771146707
0.10806348598938074
0.16243367223556776
0.152666246127951
0.12301145562877194
0.14497160201858514
0.18721311111931974
0.1644083791088866
0.16034594739559263
0.08034721865435335
0.16867168252898782
0.14261333205696275
0.21149822586648362
0.13638687259865795
0.13507721939575792
0.23969638294278545
0.12378790293983691
0.15388899428219058
0.1608335798090911
0.1291861196197335
0.1995382494158125
0.23162374868140326
0.15646958156880036
0.19042061458240137
0.20939318779524624
0.16202349115477355
0.1987249225155137
0.10591325332578576
0.10053683782642911
0.1354099437075438
0.1823035516859914
0.08207594285374928
0.13320612895593395
0.18824005349050255
0.19983527316254351
0.146169228724958
0.18580157446895346
0.1405158023415385
0.14548267870657844
0.1512614661066616
0.2246944533418417
0.14741250265329497
0.2352686125411962
0.192956939708953
0.12776516833527243
0.14272741723733437
0.13698104978377865
0.1362913406100258
0.1167358435248275
0.1613264788597065
0.11868458978103945
0.15153003850723032
0.17686050700472217
0.17930006854988192
0.1754043972234249
0.20428935362684908
0.20469931324439783
0.1942005663419497
0.16803342734401247
0.1950716158762108
0.14597346547442008
0.18005684847045597
0.1141881579602652
0.0930061203084823
0.1394780254624445
0.15075350984373628
0.14171472354095824
0.20164078474135647
0.06076924736349377
0.12962238573307772
0.17292768974109607
0.12126201470686834
0.1240836860020358
0.20462111762063756
0.1839533552002148
0.17141921728328915
0.17427175434929235
0.1771251751387371
0.13630923259424915
0.08156859775684379
0.138568735189571
0.1333237253584832
0.1375786082723241
0.16719579384443292
0.18931253023023484
0.09564560075255538
0.1509854385230739
0.1031263592675648
0.1772284587307561
0.11213264290394016
0.2630223760476999
0.13060196125116458
0.15530974954792123
0.13632383979901155
0.1819622198962172
0.1552894426740285
0.14539366332641226
0.1759700571253536
0.1245707649072804
0.13274872228219356
0.09972550436283556
0.23434312519306402
0.18732676102256463
0.15446568858664195
0.22785499407533352
0.12036174291651232
0.1337248925670865
0.1489928835032344
0.18600505650951132
0.17867451758752456
0.1196790041641001
0.1450248386088737
0.17140383742168575
0.14161427880265098
0.12784104549583972
0.11969343434462823
0.18461824296251153
0.19812210729374072
0.11348222845296987
0.13117302517572196
0.11826205283677044
0.1680129729238507
0.11970949311737686
0.1466634475912115
0.12829551798306274
0.2513083787358505
0.14012561220813738
0.17817920469027032
0.16879357410480617
0.12533620860198716
0.12615439624487837
0.17939681354147313
0.1625966077545422
0.16802479916009283
0.1757116334191595
0.17378700249198933
0.17508319158387867
0.1474119688615391
0.1551593642906522
0.19179082984812926
0.12447445107863671
0.13442757133497601
0.15651079047350894
0.18451145047981685
0.19363183391281466
0.0951094162065525
0.18933362445983037
0.12247084584951407
0.15221225106195685
0.09585568899406524
0.17056221927022322
0.16821192762270015
0.1505698324054198
0.12971803640514518
0.13990921328178008
0.11494136903787826
0.1442673981465335
0.21987367230236252
0.0973016238949002
0.18329628090930494
0.19106368479821204
0.15600135204570847
0.19487065713423501
0.16214776937350525
0.16193132087916948
0.16269970899367106
0.18854988232137226
0.20037098128049458
0.20516399602972643
0.1348307335182376
0.1446724581280681
0.1115814182074511
0.09700456772473577
0.26772872937790326
0.16055094108441906
0.12884223888841942
0.11568523742414534
0.21859439430181968
0.15473089186602995
0.17383735668528894
0.1309181669035809
0.11876728600615352
0.16198466898233727
0.15693120810389252
0.15503161972085858
0.1441307137059793
0.12194457534086253
0.18181780127250566
0.10737058232504541
0.16053965589014535
0.15037539450049228
0.12096156732668745
0.1998312747711202
0.23044281603101394
0.17360456221502238
0.158453154450296
0.16022286326053778
0.15544235850424531
0.2136800260493856
0.13956264416193165
0.1299110827520127
0.13484850571436455
0.15545715904222343
0.18033977789398475
0.16519466946484038
0.14451055663159068
0.14994651626834687
0.13236619528635252
0.15651993971934192
0.126729281111505
0.23298484071882208
0.17009616340739506
0.11866126892389778
0.18626874320940762
0.06499968341962545
0.151306448889507
0.14379922289855535
0.15499084020323145
0.1273527888365971
0.14986779907920242
0.15429326196258397
0.18134150285689266
0.14617529598604057
0.16437812373254168
0.16779500823155352
0.15949961002232835
0.21662144992404214
0.17999205917544453
0.08153914257738937
0.12174248998330525
0.15490064313297866
0.13653345695503713
0.12491967475973755
0.17023674875863382
0.1490250590657417
0.1138579671753234
0.14042863716599505
0.15615297722162866
0.0996828958110641
0.0986885566649533
0.15077019962681198
0.2234257696664602
0.13651947930546102
0.11173367130090475
0.13112547011317754
0.15164964612847762
0.19986905738064262
0.10550874545988376
0.19023576717622898
0.13653956964977376
0.13004065209274307
0.22373209440011985
0.12916075370336455
0.13916488479799086
0.1618372316350447
0.19475328974770081
0.13341614513506317
0.10031849001504406
0.17132971734504113
0.1529917383791073
0.11158612597142886
0.20373349934338497
0.14996300927239445
0.15906804953107095
0.1453195013063573
0.22015680597918771
0.21159035029414539
0.13102266465880263
0.12260853718857699
0.18375921937854728
0.1788387313597997
0.16305614211232783
0.15133821022286414
0.1272752497187655
0.11763760150097467
0.17241783023772908
0.1524336397566546
0.18827278318033577
0.20291067944113145
0.18360747223942336
0.13213590160976085
0.15236870076863715
0.14963892247429764
0.04937271493960027
0.1389484574163944
0.11203335411756764
0.16683402944790401
0.14205530008204942
0.11963729595337297
0.1562215738611107
0.19341527785317747
0.10621039331917004
0.15408573728288585
0.1260448657511242
0.16623732177550515
0.19596344732635204
0.14901561210227504
0.1727817118289853
0.08566663412426868
0.18372526767295594
0.11363816160209325
0.08483259798492254
0.10010394413766753
0.17421148078501045
0.11870977018205069
0.13239931214552733
0.10668552739844601
0.19530518419975199
0.12200577799588821
0.21402958964476484
0.18711715552986127
0.18629332476580548
0.15058339057788447
0.16808927391924106
0.12640907306832083
0.1253539528899742
0.16469401741561535
0.1699292378808923
0.10711307555481359
0.13957562254340283
0.11617342245845265
0.15487085398721173
0.1630626238430342
0.14053162438839004
0.1695452286907993
0.14732754166244677
0.20231010604850225
0.1747457272682322
0.11210845513408818
0.1442858998919187
0.16362902438556284
0.12375003831270072
0.16138662176692486
0.2053906228219922
0.16205740537289343
0.08109687748938653
0.17950823548122627
0.16034245304776581
0.16290395823598053
0.18043027824419788
0.19771282231383927
0.17554597430353813
0.13577629856290854
0.2416604215487935
0.16443022060306514
0.13377484175261325
0.19349053581604841
0.2227580929883411
0.1828151783054497
0.1427678247114638
0.22161421806451978
0.13899342259562267
0.18116229789026614
0.15261617650424034
0.08342058899826695
0.1726887339928215
0.13897661418953366
0.20481859838674882
0.16312721094468866
0.13421094363648176
0.14628325365367265
0.12589239903665234
0.12218819105542307
0.11048369887617022
0.3010130307035833
0.2013912583466174
0.09176710875389796
0.16672256763635823
0.14798300777055576
0.17975634312909314
0.16182709324940833
0.17949505720692133
0.06965937903759804
0.0972463930648863
0.1435511650947172
0.18856952240382352
0.11157713694447331
0.14259026740342368
0.18714121323298546
0.19515980038772127
0.18506920062872267
0.16496170000050386
0.09372877999596264
0.13803396822227862
0.20742899082058558
0.1680781848581831
0.13602826753973596
0.13759207773627805
0.19081517609155305
0.13540697816103375
0.1388414339052863
0.09455494668378696
0.16491572227036652
0.10989820315815685
0.08912818239582501
0.11567360499704493
0.2050292683954717
0.14393066751995615
0.1853234476813571
0.19792677191573807
0.19211730301076183
0.20179380575105205
0.15904928696653062
0.1206779650157438
0.12114294282131896
0.12779899002412623
0.14013973518324122
0.06292364953327835
0.07369626411978597
0.13624806077231535
0.18437397818526524
0.23712910776607266
0.1343972342633779
0.14327780523189534
0.13877901782677923
0.2216196217241586
0.12046583234217605
0.16515121460761475
0.17770927341604614
0.12288446493839601
0.13611339858188456
0.11056643930974917
0.11072546937211954
0.13896435338135749
0.11909813394450965
0.12616025152356491
0.1382140999253897
0.1366945541117773
0.17497072564027924
0.11787122975695881
0.20042869476356723
0.16057667347851357
0.13976294449330456
0.1549525228349099
0.18745389182784017
0.1825012162691944
0.14959777527721976
0.10143355221014771
0.12275344825254192
0.15589723723276613
0.11156285728123128
0.16231968310650624
0.1941802871299504
0.1473262730747196
0.16756257150007076
0.11025446925946096
0.1349145634579987
0.17128455627958936
0.15485738170730778
0.1814935033527141
0.18453021343067338
0.16523024841672376
0.2030085751719894
0.13312492506264173
0.15257545193866057
0.16992406997071866
0.147110409104726
0.13953728684618313
0.20882853773286741
0.11163226410250088
0.13396845383721348
0.18122188985130708
0.18072833197738053
0.14904541147007488
0.1399432637036906
0.20226232216220694
0.20515827657815505
0.1498488046314159
0.2005799905850608
0.12512582642621678
0.18554440236896969
0.12116807602844132
0.19503007587946478
0.2715461263726999
0.21464692114664047
0.17406947820904511
0.19073530577420802
0.16903629120557392
0.13514177901390137
0.13377730079048308
0.2225419726677611
0.11709517562721568
0.10057769750898192
0.12173588996118397
0.10290129022802094
0.12924340908873086
0.16445213032850728
0.19660750986403805
0.1557498163780101
0.14905771279442437
0.14080709368558061
0.08298456099089868
0.1289996782768474
0.06362398747166702
0.12495145916675147
0.14728430467701378
0.15411185926901777
0.11889153000737382
0.09853330824624738
0.1199382684669855
0.10756108875135756
0.1539483806588573
0.11462409490508493
0.2105968171949071
0.2160838958163492
0.1430503154881566
0.11826671409038028
0.18074069949498509
0.15300386537514904
0.14626490352219962
0.1230082648466403
0.14270846613486352
0.11291902086855979
0.10997765778793037
0.17784124274374474
0.12197171671928021
0.07119866112143432
0.1477854279277723
0.20398072492589345
0.1473245810479906
0.16198776369870924
0.16424421733027955
0.1278787948485905
0.19436359944838177
0.15893231780531408
0.2179084121134788
0.10657227217472912
0.14127161556052592
0.1472158910812095
0.19160598545062096
0.11521819872860813
0.12749247774695768
0.12822885228197217
0.11544794595090259
0.1425904345363074
0.18575860802412852
0.1362434284523389
0.1580723944473296
0.1380873250746898
0.10745176223882566
0.13312519083996688
0.08064726918432753
0.1545514512448921
0.12444161421638818
0.14763396940408896
0.13443602338054572
0.16152053394366098
0.09983439529426259
0.10491806318682748
0.1493121703727991
0.11292695941748834
0.12393882889102582
0.13963326718924995
0.14899658282968928
0.13852124239641725
0.1552093702945558
0.1333209656356076
0.16154219862816027
0.10818399058433283
0.17707212941927172
0.18144184300592692
0.17205746207212289
0.15388818034857202
0.1453396007743363
0.14805571329982253
0.1556356637143611
0.1662385900794927
0.15690808308193296
0.12863599489855612
0.15608787871395444
0.13864291750126134
0.2137632043108125
0.13789891575631222
0.16002632249764182
0.17839061548674037
0.12540430370389113
0.11151671854470724
0.18493883295588992
0.1576955867250512
0.12876594220333992
0.10199144575987654
0.18097073795790136
0.171659400365693
0.1739579694757045
0.20616956500614128
0.14846126955234912
0.12753419660722184
0.1902788393938703
0.1469214073441428
0.20298510202604667
0.10750324666687879
0.18385860453366035
0.09540006476344311
0.15528258922727362
0.1588273743747362
0.11711200781772486
0.117672419709999
0.14065297039724675
0.19294722459217326
0.20403460674917778
0.12152013900593905
0.11209284472526526
0.18996412513138639
0.10790898731925067
0.12369674119798328
0.20275426834627128
0.08315036920759776
0.15526522911624518
0.2103926183940771
0.1300736437460741
0.1664384725542585
0.20178054113844648
0.15567665590672888
0.11488945033557642
0.1567522817234912
0.16382621775848
0.11546401790833306
0.14902485789241987
0.20562119054347477
0.1251812482862221
0.180299385180182
0.1722051610111429
0.12449500314929719
0.1453758651203081
0.11586566238363227
0.14382761560525742
0.18474095081562325
0.13196949991110266
0.15410413478618787
0.1660048371007362
0.17885564638005078
0.17480277660961466
0.09319683334056586
0.13481481308236934
0.07748615329475393
0.07522833173410658
0.09520187485202712
0.12046120457403232
0.19289695281060465
0.10089749244122018
0.09657510385338029
0.11233564945243434
0.1683996778035065
0.13177331415530597
0.16303073304662882
0.16508006228780303
0.10703489521909802
0.1662987296942996
0.06874085366370994
0.12655768851044438
0.0996270620415708
0.15358383190920158
0.14152248486343588
0.20807824100499078
0.16057581948062327
0.18295294301288562
0.12869865666109243
0.17995530785427563
0.11449860531583402
0.16809641538412523
0.11898511054902593
0.11699774268594747
0.20197450071929182
0.10377381527901566
0.1439124364458686
0.11072402846767292
0.11470212500540412
0.12537380974308823
0.17539054091774775
0.13942783793688307
0.10508603039119815
0.14212711426015165
0.1255784337666368
0.11968722235837674
0.11031492806037213
0.1403292588772453
0.1592629255883964
0.13092151031452048
0.12850605444667085
0.16244292179332845
0.17040845837852286
0.11979728513360126
0.20158064394886382
0.20493728873317185
0.11826848552136149
0.14957916589312245
0.09797119771144223
0.15274268418350684
0.1589450022003143
0.09698162825079744
0.18223507505738612
0.15503496013703602
0.14855377781166418
0.15196729017746508
0.14751535866932744
0.1954230941682451
0.1666758089209755
0.1426429857823811
0.14708129683890794
0.14819318887622718
0.16022303262619625
0.11720806253425708
0.09451079566308498
0.12473537851935391
0.1626543486696291
0.13403348250016922
0.11903677917032136
0.16451770184150752
0.1313895560203246
0.14383496640827986
0.15224112760709024
0.10168084016263959
0.09563472555516574
0.0803838613795332
0.13996588162124837
0.09598265659798998
0.12341712722898668
0.14635075131397957
0.1572702470336081
0.18797611125409314
0.15883645313920117
0.20197442323230427
0.17243273849664753
0.1084713038831111
0.11465652606215354
0.17630827647451602
0.19017395222879896
0.2165329006661096
0.15812291577308094
0.1701533780094991
0.1744159047621356
0.1064285116860766
0.1080628472443929
0.11105723006741856
0.14182732390121025
0.15947131005226928
0.12990491818795682
0.14288432191367068
0.18412858442712976
0.1609806353650942
0.1464228141347655
0.13782307152272333
0.13594123402941172
0.13092280247200677
0.1632739615651525
0.07096685161576465
0.21765244615817947
0.13615489574027367
0.11909929772066563
0.1999348713726905
0.13224371249764094
0.12446341700863056
0.1413193539542297
0.12166814050425367
0.1736331492991572
0.13664889582021522
0.11233040648653204
0.1080305292963873
0.11051003041849429
0.112299152734439
0.14802718688767996
0.11012241509452689
0.12603638455221952
0.1583770611916426
0.16668516535272024
0.15849002033206291
0.1476070638739653
0.16921586541206085
0.14082033040620326
0.13640503808011248
0.1654193930347876
0.1784974334957219
0.21117526068350645
0.08873490912889054
0.1621359183170887
0.10577390802595014
0.12796314192455632
0.11238710853862434
0.0739460290190901
0.20459727237607708
0.1593472731403249
0.17899354274966026
0.1263033900444783
0.0983493513928348
0.11541017985033492
0.09498733937270039
0.11559358276784525
0.13957364615235665
0.1406502576163547
0.18818796935554355
0.10858961178540283
0.16153542048785693
0.10284975898588529
0.17776722198967784
0.24555926640874765
0.1220687654365343
0.12373438032944108
0.1236147449665238
0.16671099581135382
0.1182582780826521
0.06628386930775851
0.17863173073985447
0.21407931078075212
0.19655971242980483
0.13668974507338955
0.11874096190325113
0.08044646452768402
0.14246949105329923
0.1405891125467811
0.1893119381054897
0.15409562586410247
0.13818968691967812
0.12132514815897665
0.09568373545044212
0.14185597771411837
0.21763439799921167
0.2037993776125966
0.1249063507125953
0.14709346096184142
0.18448035655685122
0.13795677804694678
0.11184039423576345
0.1616763922810679
0.18714005258738778
0.10153219086350282
0.15376880905883544
0.13906498495859243
0.18433677666630557
0.13310981403484298
0.10009957538073115
0.21571027687481356
0.11630293930760373
0.1468292030787399
0.16693486904407623
0.06968739457306042
0.18057803929139377
0.12404976860515296
0.1582795394066612
0.18829490335407328
0.11041015266410749
0.09191984302423223
0.11915631460971211
0.1280356909669563
0.11468455577384055
0.17823946243640426
0.15372729191135617
0.13779987017022494
0.18482808343734902
0.21333957987880586
0.192158979543287
0.16576558251762333
0.0957326730833699
0.15978115943009716
0.11772886128389294
0.13654025134311035
0.11969398618879812
0.15682870799187437
0.12895112083113236
0.10711990376597666
0.18487448648885718
0.15740510196799512
0.137108460263963
0.15231575259661798
0.11507082327842941
0.07311361269758192
0.1215254287667023
0.14107565490142437
0.15275960361969307
0.1115031405660098
0.16259760619394018
0.09198808415704147
0.11689003412004115
0.16302854976259307
0.09303507340783093
0.19120130015699904
0.13214966412383689
0.19323108245865636
0.1382624803756628
0.12020557964534581
0.1721700892003542
0.14659815654916428
0.1414274749840507
0.14468481976019462
0.16454802945398564
0.11604320563890183
0.13939872414651736
0.12425082367357207
0.13888232315133056
0.10379015353109865
0.10584866909083893
0.15633597412947975
0.16427400723953275
0.14429748572997958
0.18060209658988702
0.1304765193647555
0.18681277363156404
0.14866624911236445
0.13737409809912612
0.10874912193244811
0.1482438894254072
0.13540722688802226
0.17381950560463938
0.22584442054902162
0.15991570215629042
0.14815890307672658
0.12424691905115205
0.1256488138200803
0.13751936406731696
0.13670405993008727
0.16256981057186004
0.12381934600329475
0.1374450827848217
0.12227841917250523
0.13453535048771886
0.11241129694495257
0.13421998392707682
0.15751618034575227
0.14015738942202283
0.13253820668354416
0.11117671258660697
0.14986656458401412
0.16005746771207238
0.1348313439650783
0.17937905135547788
0.11139679112783621
0.22610020126720654
0.15282967385578441
0.21645707619629223
0.20262106875949004
0.1323959016858364
0.15511774616014812
0.09339999278766935
0.1117353552429345
0.1421321366522147
0.1127542905759553
0.15335412617390173
0.16816976712389056
0.17720895733469386
0.1638002640917515
0.12305098902583197
0.1540540925445827
0.17168607575857148
0.1491911880342209
0.2359215852503698
0.1876647214417786
0.1626401841921541
0.2668594983137786
0.09090147388727199
0.11266996106686174
0.11488465110963736
0.11615752901331362
0.13083160629801038
0.08451900770329084
0.12511673224297923
0.17239300466130336
0.14972440810162002
0.13113988286036796
0.14999107783623875
0.12997561961870238
0.18049027991912805
0.16139966166165123
0.12458546993109987
0.12389544166157569
0.1471594245818879
0.11372944470890899
0.08377225129239449
0.17387354546550784
0.1597314067815858
0.08875685239429772
0.1185958810420535
0.15203753594587668
0.11239631651798827
0.16218430245203372
0.10459467135373927
0.12277288563903291
0.1889128367418728
0.17532283129777307
0.12003526233959469
0.10982729949499027
0.16541978955774728
0.16615555981968225
0.14020200741811625
0.12889430812410874
0.12372988310216823
0.15629356434695654
0.14350977078290167
0.1788581657705565
0.1465836837256028
0.0965651388816375
0.13664384695816162
0.08288298707972708
0.17620888768419757
0.10184060747388489
0.2160403160709875
0.10466567419201596
0.12444804314916588
0.13453722741996965
0.1802231441120181
0.11584658302017874
0.1626165335665818
0.14205980415767208
0.21952016958134504
0.138362148331642
0.165015604007359
0.15621921919844442
0.1564176052293186
0.18154257026231319
0.17043568279134536
0.14207957738456484
0.11625924377337905
0.2057145068282677
0.18375248148509232
0.11535341530660044
0.16502232197253788
0.1692065639186295
0.17078499093213734
0.14765054460313257
0.10510915611944219
0.10532345134861947
0.18257883109670534
0.1274054318341672
0.1258727387977628
0.12430441448340022
0.14748654764999
0.1683248047590098
0.16586766403590497
0.1542741807446539
0.09416180742887718
0.14346651951085718
0.1464123683547164
0.11388309194934676
0.11389812539811743
0.10347890949880294
0.09546878034072485
0.1606068181085231
0.10956534006078704
0.17947250115856547
0.16128593777117603
0.10267810377197638
0.09981258208194642
0.11647671521730144
0.1030157834105387
0.12438661887262042
0.14391374110704552
0.13599394861072875
0.12906207043708987
0.16325032289942693
0.12503232161758449
0.17370895674605646
0.1460603833501119
0.0932790333028491
0.11458183395383056
0.11828896994657874
0.15782907015239594
0.14757169550758098
0.14129971849594042
0.16631105108312041
0.1617951860766317
0.1490896427176321
0.15511070029422597
0.1580635795779095
0.08418353996856692
0.1512413624491718
0.10658425942877608
0.09847576415515939
0.15624622652008255
0.1013122509333196
0.1602895498956223
0.13193379220890486
0.12669550120986264
0.15223011125087094
0.24522214801160772
0.134658862120839
0.16801997923270237
0.18950863525148168
0.1692428474118999
0.06284790664876232
0.1427662461443351
0.08148813831284667
0.1677710178126193
0.14965594730674858
0.17058622021019365
0.17137885969111807
0.17350979915239717
0.15447377259348327
0.1184526679677053
0.08521146876608024
1.1428223833397761
0.12270238478169186
0.115759959934908
1.0143937690064333
0.20473296123084955
0.1680022160008967
0.23416632788933617
0.1731568689913813
0.1925006201326067
0.13135257516601548
0.1966554661028428
0.14210561411913294
0.9702058152334827
0.14961994911151952
0.12070194149206252
0.10610505105188127
0.14184816409982648
0.08888912004331781
1.0592232344258792
0.8347375336991417
0.08114567505755327
0.08507401114515768
0.1249240849033607
0.10786237409183157
0.1255168941127483
0.16777444218692805
0.17233405322469134
0.08060066462948949
0.16989451281076215
0.09315728813621325
0.13156143136307097
0.15969775897868618
0.1312797049912078
0.12889154632752828
0.1780243975043175
0.1410385669791478
0.13296461733517814
0.11446867315149808
0.12788911117837956
0.18070334508387803
0.1103435231140999
0.1315655697505509
0.15009224869680934
0.17659082747068341
0.1204626636262754
0.12318160402532592
0.12399425119792809
0.14758263103521888
0.1588092288986639
0.12036423026922574
0.1573805499798282
0.1864587544161438
0.159859512186804
0.14193078724607636
0.1716027989011875
0.12571864039503808
0.12376774600138166
0.05810972559582635
0.1558211179865517
0.0884068730502946
0.13111713852825327
0.10586168025109076
0.12771778845741416
0.17444933284164785
0.11741378902733436
0.16522134292006754
0.1750903804040225
0.129852491843143
0.12024744329735414
0.14004801160659286
0.13641096141422052
0.14970535541166377
0.09738146310093286
0.14161895896681986
0.20937693625539902
0.09898694188184737
0.13501298259607755
0.12648885775784974
0.14832376412077644
0.18506048160117844
0.13381826293213334
0.18834190214447305
0.17405970933508738
0.09053975303200715
0.1538202533292298
0.15112205828665262
0.11007025819406661
0.19058967332680543
0.176922188927215
0.12130176644006492
0.10482857653205727
0.12154145645044763
0.12214633965509988
0.13818913408422046
0.15592655197683988
0.148490802327297
0.12937402245952806
0.17719415380092463
0.10823110343063443
0.17876933078729135
0.1262304810267546
0.117785069907198
0.17466873793632856
0.16267479178741948
0.1902468384272882
0.1060008432803317
0.11019836538560608
0.12337634556845561
0.10846099072391156
0.14100225968855407
0.10673638043195312
0.09712133544788598
0.1389275291320833
0.19229921357282392
0.20198172551459623
0.1916117571153407
0.13695703562711947
0.10505532813427804
0.09543510075650832
0.17946203604982014
0.17717689951524598
0.17559946535077475
0.11902091962679433
0.1512565038169538
0.121955345518657
0.07998041330052942
0.18766686864686233
0.1563356139347258
0.19650377308401734
0.08317438244090826
0.11847276929238745
0.1595466859160312
0.1750427146204795
0.20058309954949546
0.1043737916938614
0.1389686902599053
0.1466925873589778
0.1622281589081985
0.1846862622093777
0.09193447982261531
0.1680972034298277
0.13516088345360647
0.09824161842672854
0.08664450572804858
0.10074508688154336
0.10657907343349955
0.17639591681944375
0.1995424416504738
0.1649434408532275
0.2136520247573588
0.14679945396665034
0.08680796408578603
0.11355159727939566
0.14371862692450413
0.11217752724352416
0.17121953093253023
0.16598237283058676
0.19591777093443707
0.22269237476694326
0.14780066066069136
0.12151635301921443
0.12856345222664062
0.100696174610714
0.12390388332257213
0.2084150641480142
0.10845588296676312
0.14404763800717907
0.17354127564391686
0.13119699853348044
0.17272312884509305
0.14147628542934138
0.1757993581696825
0.0883906708178998
0.15830301690263202
0.15142636985458421
0.10565271286746689
0.14003830281622615
0.15156708683649564
0.7870342412658634
0.1584561104237135
0.1366540605786622
0.13151991007714836
0.16596639504164948
0.20864830930466588
0.14014258242252794
0.09836677209465713
0.1579694992768399
0.12379887460552916
0.10778605951405958
0.18728995848896496
0.19913216469070863
0.1148291644169599
0.16569907369052364
0.09370809563295228
0.13914100796797857
0.24670256776519986
0.17038947972780757
0.06334327542918818
0.14776258999012423
0.13497129861646864
0.11352821121816159
0.16519642123351078
0.10250462410273052
0.12135272478227037
0.2017592027909845
0.17291016325034192
0.1920167682892712
0.10688377109600228
0.11586759142067592
0.16584594805511968
0.18019833391494608
0.10181044639453454
0.11599201014565325
0.12646894405418677
0.14495521490557792
0.11678691993050277
0.15443691633434548
0.10506230236278745
0.15982221361605214
0.11106524481877085
0.13821895818724145
0.17210224634281815
0.14197628787901398
0.20050129131086908
0.11985288747448905
0.09695470155918971
0.12181670484786651
0.1908250593615578
0.11733658454911504
0.16739550424028654
0.14286216366481022
0.16458074228685193
0.13155529501926116
0.17702080650691482
0.17009627469538982
0.15112922883111013
0.11901007776653535
0.12608672629594955
0.18310914991142208
0.154149036355333
0.13589502513694343
0.1639536078905974
0.16393471460350445
0.143293545088397
0.19230297958952863
0.12602659685891832
0.16596009586762966
0.13712166475193505
0.10828792510967346
0.11036164343380057
0.13847133326250832
0.14467703707553273
0.14160888767474622
0.12487825010875313
0.12601904543741252
0.1393053586151791
0.15218733064627143
0.12959280140846854
0.1248882571155103
0.21977606992020488
0.1217957422203473
0.14364908994922165
0.13653089232733331
0.161120075150524
0.12448087910268224
0.15010694508223327
0.14175509336539283
0.19463760565534385
0.11940225653239994
0.1800616474013606
0.21645446010455255
0.10852666518396253
0.1391624845999728
0.15861705659183037
0.15595923086462304
0.03588730542175471
0.08703652603550874
0.14878548425256133
0.1773476383882784
0.11622335312832519
0.16947185458972994
0.10149100584698396
0.09588867486260207
0.1592162310010023
0.1355298113964583
0.16806199798461455
0.1726345593290985
0.1368549867231811
0.12491716492922317
0.2170438159624007
0.1438292034875808
0.157054041358068
0.14896735728509497
0.16122489311110966
0.1290893513645224
0.14457944556923652
0.1608975716520669
0.09084998015879954
0.14098276832957657
0.1580037928543844
0.13361388514437478
0.09127695498625611
0.13319949684238722
0.17186489817305592
0.14776399588580763
0.08102150643864826
0.14198657444935417
0.12000591361434586
0.18663032337635682
0.1325075175114629
0.13486362910600325
0.14865596276229695
0.1705141013575429
0.11509273852123748
0.12207899728650363
0.12222055152502985
0.08337617091021104
0.12527578416394095
0.11303739294566734
0.12564847204063365
0.11392437478247945
0.1503993480264661
0.13629555318914968
0.1207108345299627
0.10322042125278008
0.12290911129582092
0.191423771160709
0.13666128053997462
0.1420853067221845
0.1490326817373148
0.20183891190210446
0.2236369273099485
0.13613742951435692
0.1776935114851114
0.18265119588501422
0.14871018482625042
0.15045029231666568
0.1561692203121322
0.13345340303016917
0.13280700475075524
0.1771372764718499
0.16547178881463961
0.15721867623936722
0.14635955511984128
0.14977307058126188
0.14873649633764421
0.16066902917319037
0.15422389826646704
0.14434229374762694
0.07058134430626678
0.11920668702893615
0.11747395781850098
0.13275183381568922
0.11068064182396341
0.13757806518056015
0.3103756778309653
0.20894779348014297
0.1536699864466932
0.14518306724226523
0.12664236074184113
0.1132273515001657
0.11063837307027741
0.15937813720154898
0.23003403601535277
0.2583606170622878
0.12881563718878472
0.14490596745080003
0.12487567212330666
0.19656765437836557
0.172715076764668
0.13070095366602688
0.12353779674986427
0.13888387175614525
0.15417193262331652
0.11029705823390912
0.12026002051647143
0.17614462867106745
0.12532333396382658
0.12224635447475865
0.1446336649408793
0.22535584205484063
0.14633723757204656
0.10542117027089229
0.10521593828190731
0.2453359729508235
0.11773684563055128
0.14270130559046987
0.14542278838253975
0.15753436305818772
0.0972754158906277
0.12612677392570973
0.20337056036948345
0.11873012219542406
0.09420636676190393
0.17037072076022566
0.11076368864288205
0.16280295054578958
0.1363061473180562
0.12980580713326834
0.1818757429021006
0.09165588482900554
0.1228342506550913
0.15843867861033772
0.08842377695153775
0.16533475660489388
0.19978719188422223
0.13281846028980038
0.10265041028544603
0.12019587979671717
0.12978402909954426
0.10538759251410498
0.14454699445168553
0.12508034194334064
0.1145309025263055
0.11145090081973708
0.1608572264173412
0.15413372109175363
0.1102043043451534
0.12077715133884331
0.19569744452436275
0.1361320651712452
0.13111910948853917
0.12015822384006869
0.13147313199853555
0.15422158849242565
0.13484464552777684
0.17206467044806323
0.18965825972180617
0.13066301105655884
0.13350359296899958
0.17058056360886337
0.13623309355161803
0.12514099947407228
0.14219219245754353
0.09640409194687342
0.1373449627630269
0.1463847254383275
0.09249401231604748
0.08305369257471118
0.11158883740081915
0.12453811107954843
0.14394427232855672
0.15519287094209142
0.15009714883028594
0.11672270605961943
0.1667549619030616
0.14764714176241225
0.12710086467741918
0.16655496996089098
0.2263521983796677
0.0940548037675741
0.14046243733546196
0.14618963458876633
0.18729469529212406
0.2015373004501911
0.1703979259812058
0.12206456047527836
0.14845666485726466
0.12282503967639355
0.20709191412988928
0.15954380747728206
0.14973085163190028
0.10376609685823915
0.19285439890365175
0.17826210301519513
0.17556197495783626
0.12084934711511242
0.17470358859445284
0.13803113277652493
0.15803763680575703
0.1577920015460257
0.18885917321659812
0.169105233240819
0.16389789123877213
0.1504576794003625
0.13325354997951291
0.09652253502844604
0.22717034884180787
0.12756648046256505
0.15250034436727355
0.1017842453003241
0.17510214068209576
0.11502132325973531
0.18156901722534452
0.15781149823207452
0.14485582059896734
0.09511873680782441
0.17638104822783737
0.14151275716033995
0.16420065803893671
0.157376009098871
0.13119237597079117
0.10786935373544732
0.1263336119820405
0.14889865064787033
0.17804377066725263
0.10817599122334416
0.13158923712242201
0.17956105176796053
0.17724387448392012
0.1697163920734068
0.18934177089740484
0.1464987638590072
0.13103505172703936
0.12914886739246795
0.13122601391073643
0.1757721275943346
0.1475398057151502
0.11439663357876245
0.21673830382310785
0.1600220536479026
0.12718167759000473
0.12048304484663369
0.13844699524890536
0.1389073360213986
0.221838804680491
0.1422556382816487
0.18701430164761362
0.12149759997364483
0.18372992791726178
0.1531337956794677
0.12317997485813789
0.17788219670112215
0.13511255972931496
0.16638968803671197
0.1896826039549433
0.1800399582008782
0.20517399421094787
0.15866507137818217
0.1390593596442418
0.10620834877792665
0.18491907468555394
0.16220648959499895
0.18801496800888892
0.14250566573403392
0.1537468402280978
0.11355588557218892
0.15844957216933667
0.1468316171706254
0.1488463488051109
0.19543725744952276
0.16451459983203728
0.19486460952043497
0.1766189801341265
0.13465651914664256
0.20139246672592923
0.13201715119081567
0.19480023126895918
0.14609486243718975
0.1728982088883315
0.08562528723997091
0.1832886610628596
0.13730808572715433
0.18792752360085604
0.11567493941699358
0.15830283332260928
0.1522188777448265
0.14055999853866205
0.15589219458800077
0.1508889159653735
0.14438715237887076
0.13152508388651066
0.15232199703749535
0.12014372016442781
0.15050204943649736
0.1473094380049667
0.1584079566754707
0.1670034952175474
0.09062596990507145
0.10160919269473959
0.1745682030250101
0.11139753557139193
0.11548917254487301
0.10041733746848885
0.19540024205550732
0.1779921190337384
0.12471858762138832
0.13658210224035586
0.1590496888415758
0.11720637923777227
0.1242632289570334
0.14235909776595418
0.07770139392091649
0.13894354719587318
0.15476487490508883
0.09908031229626177
0.11516284759376703
0.10980476826589997
0.21724794756089136
0.15589894147586097
0.14617775704545344
0.12133992058921163
0.11723311858607534
0.1610381125730356
0.14093492041352257
0.15073424170268945
0.12391918016721568
0.16034665245624063
0.1812219311715241
0.1748844004040458
0.10823923340654736
0.11095370121723781
0.10375431500140633
0.14516840369062464
0.16828720357629032
0.19955591391959002
0.1318662400771624
0.12373972366168136
0.1053402377957005
0.17417651543252044
0.09655739773995359
0.09686992378279108
0.14463012771164127
0.1482976378413895
0.10947606915047867
0.13085839653922682
0.16377907824606164
0.1082155094911135
0.16334905805376357
0.09404332025245604
0.16723412646639063
0.18291303792317126
0.09868260984730161
0.10717703485187323
0.17521187345780526
0.08851601201830081
0.09704298067266434
0.14216269396692438
0.10839646211180622
0.18825590329383102
0.14214842046706258
0.07963038539616546
0.15236845235742305
0.1003857503490597
0.11619051003007605
0.14857329622201734
0.08248980980645051
0.13770210897087715
0.12142992366313503
0.11020667378975015
0.13308188076912547
0.19198473025517737
0.13704650672080626
0.10729508768340605
0.18413401967106902
0.20674436008261485
0.12135616900749037
0.1555944669239883
0.14254791157941774
0.11768772155825279
0.140025384038123
0.1145378637797523
0.1685345640944801
0.1642615542177909
0.1335616572969116
0.10663295558522172
0.14648490867212635
0.16066634545830505
0.15653529617826623
0.1662470682370477
0.17440623613655196
0.15085452929365642
0.0863825634468845
0.1522320441481937
0.16309723516209673
0.18272167683566976
0.16404213392304187
0.16222177898759593
0.15321285661769307
0.12324198770146169
0.11679773246349484
0.17853928405323877
0.10263756934694537
0.09207413616028547
0.15227114252759602
0.15102400133823896
0.14297521500068555
0.21810790959784868
0.11996673259173915
0.14898523425187396
0.13945692583637417
0.17522265825656544
0.10810804253461517
0.13599896690031796
0.16351433434728851
0.237723122711811
0.14741794178829473
0.11284244371616163
0.1649659720091276
0.12128154466522385
0.16417955598886225
0.1411627312770093
0.13632205201078768
0.1348156274068252
0.11455370974317207
0.12014265254365843
0.14475938429903146
0.15467006043405063
0.14489240698035843
0.18283558980478123
0.09205622705150501
0.12779705385280557
0.1785270103716074
0.14632079698296216
0.15316830835574083
0.16903049726126146
0.15567312047212267
0.17871625513291337
0.14457608048525916
0.13324735977279542
0.1910824202370737
0.08881322443825518
0.15081514196836793
0.10258649229141178
0.17851410175930546
0.10911429984554674
0.12501263504713173
0.10549530543587304
0.16518551805340353
0.10214716096665061
0.15552919610740426
0.19069885800918834
0.10046121217972641
0.1580970415915202
0.10881289931778261
0.11328352612911853
0.14678752805294948
0.2228571855870998
0.16384523789286126
0.1296183224703128
0.12569312264561372
0.10278135109357707
0.11686115521780445
0.22207981164812546
0.11360604930931545
0.14134238357713524
0.09360374562930907
0.11822109673079056
0.13064791892146796
0.13720585330636018
0.13236652610840374
0.15507340364409972
0.1141950517953895
0.11695876622630291
0.09667450184466546
0.16997307544537296
0.15302847788019952
0.09999142029772742
0.12674391322905498
0.15484397654824952
0.18534741914264383
0.14290546520854397
0.15124868076666956
0.14599043344676535
0.19553187697906124
0.17754181706953873
0.11582285370952414
0.12472470982388123
0.12866035525140315
0.14552814197386266
0.1894973612206897
0.1592941493779388
0.11470924131322509
0.1436875464070999
0.14289208678010681
0.10021678640680741
0.11637109941446415
0.1512724707190778
0.12865970533010324
0.16423486741254173
0.12690174820833097
0.1418489115073428
0.10874824586222176
0.12828781553736876
0.1463411478794182
0.17876677837996768
0.07634503450822863
0.13113612073073067
0.19336119705026625
0.16021309664081065
0.2157181716745194
0.14502352135187946
0.15941010313345566
0.13575734170331605
0.1409077567299349
0.11167839493821778
0.13609621773247368
0.1458252369962553
0.22125446095933704
0.1345367015669053
0.1465115917874034
0.15885917620177706
0.08085862442993848
0.16927776689987056
0.15586167875792045
0.13874238672217337
0.13811533357710987
0.13555197036776584
0.11416610787049605
0.07323313699313112
0.13023457004036204
0.08130241528788958
0.16309356091038799
0.13604821837527262
0.15767630548574166
0.1343460730428086
0.08233032697283718
0.16552391122841412
0.14030042259748718
0.11723143874351934
0.1301481338186139
0.09183716579297922
0.1306432592684282
0.1388565228792632
0.12115193004106002
0.07662407085067019
0.12009090888472924
0.1492670672642876
0.13749385059723648
0.14541565309192814
0.12725439198121793
0.15938337365166924
0.10488656375789954
0.1884068588501608
0.15333802772951508
0.1486518160718769
0.13945414944889944
0.23185616928967295
0.06451615083335228
0.16493129738266
0.12097735968169789
0.15133837292580646
0.1506613852054678
0.13223403731055255
0.1208964092183495
0.16666319113351516
0.11164864963654798
0.1326081972771556
0.1339306988723062
0.06349357884828359
0.2215282447340744
0.20612335156494105
0.11891222771656106
0.10856936609404895
0.08300714415887113
0.15866417264111773
0.15856905905359278
0.13787650145931332
0.11506912296387616
0.16062333904687925
0.2027429210924009
0.1475641920908374
0.16429598463422673
0.1897271625187785
0.1807989353569852
0.16194449550717785
0.12326554443571106
0.19515968927856742
0.1503731133889943
0.10967829920347724
0.19369324482875533
0.20349222435659256
0.1552834827996946
0.1417336046790552
0.08105174004749083
0.1849940854363958
0.17074107415139114
0.14568979273267949
0.1586211927335181
0.15930450918809652
0.1115830803830738
0.18322738666772934
0.12667787005404532
0.12193260128860119
0.06227895948255918
0.14199808016458423
0.1309399020983052
0.1083639239980561
0.15275137971110544
0.11631838619365158
0.1558611868831156
0.1130654067105404
0.16024699661409894
0.11874795630407212
0.06557858180885189
0.10901914746677509
0.16437369240985708
0.12784387998462146
0.08588215593647802
0.1476474173507229
0.13902543446315954
0.17367956028967005
0.14513287751940462
0.11103621950727248
0.11830530315302351
0.10439756914723326
0.15304516721476197
0.12604839198978562
0.15322230433915754
0.21032615795133663
0.21190287392233753
0.11605019389710214
0.13346034099132706
0.06953489841203986
0.09795432750296032
0.19280864867535152
0.13948592056520173
0.13185141774115636
0.17383776656153757
0.11365585185532064
0.16899112954961656
0.12363279887868013
0.14176281105177793
0.14548076280693448
0.19225912650177504
0.11552702621460048
0.1330267552950904
0.20621088190848733
0.2084740644681124
0.11773463555031459
0.17195246729743005
0.10820728589154896
0.1509662859841901
0.17198457914393633
0.14276880178949863
0.14091485941194062
0.16361672869655808
0.13859608803703835
0.10988496131922318
0.11317089999661742
0.15427036744683667
0.15645417214182794
0.14035992054324145
0.11874422615066638
0.14771711208305668
0.16776977968545678
0.11741593809351618
0.10958961136629126
0.10491129270727027
0.17540624408862968
0.08327689534739047
0.12803208028931173
0.10288032782801732
0.11571432595792788
0.12509498400622318
0.11015810497316784
0.09806273544000396
0.106068913929896
0.16044584364442327
0.14318680246876056
0.07589816752922438
0.12884170792162725
0.1267595956935499
0.12269042383776617
0.1575936960996956
0.11608208069032071
0.12881354717592736
0.10852533444808395
0.10634762994431989
0.15471771922416871
0.1769775308560948
0.2061014775120527
0.15877786903773913
0.15935689254171603
0.15242479333549666
0.13739092113660417
0.14910295241123264
0.1656649899246535
0.14388436034555813
0.11754446625021889
0.1659955174454721
0.10389670828587587
0.14087482998125397
0.07988582791840203
0.20329620650027105
0.14615744339922782
0.1178927005428214
0.14718767769865249
0.1553965521461985
0.13200296279933538
0.10226214503765037
0.12930948888603008
0.16206919779064585
0.1395096801471849
0.14498567718566696
0.08057439404053315
0.13867008311811996
0.14568465211681905
0.1375628309178611
0.14845148829044447
0.10744131393607212
0.1629198450303305
0.14040569787920787
0.0917469792186586
0.13102340780072821
0.19279586801431028
0.158687753342058
0.13149490228411623
0.16548418261857728
0.06304528993132442
0.13666538948186457
0.11734669992338023
0.12044851690245789
0.15104540354679138
0.10875778232640275
0.14405959445907815
0.19076306352654634
0.12911113979242633
0.120244159923127
0.11207290909924522
0.11818262564080148
0.12864958474694196
0.0889267830623615
0.12542972792379387
0.2322236055126553
0.16452009084915778
0.13156056765961308
0.13177510546933952
0.12108105865507239
0.22695084665842225
0.08955656520019771
0.14711590291788934
0.13443052804111874
0.13018206263727114
0.16079064263632895
0.13917915416770354
0.15776390230460322
0.161987956603435
0.12998319727436017
0.131199783400493
0.2058868885315225
0.15888438793472034
0.1631264677535266
0.13727531558175068
0.075392626153781
0.18374265020922811
0.11219564658722753
0.13525545044488574
0.18954585022376688
0.15216886243300548
0.1419255740806436
0.13788145119817796
0.17893778522400303
0.15396614699626904
0.1385764834918848
0.12223299891426037
0.16395046044566972
0.13865069398733867
0.09262339264131828
0.18348081424694634
0.16361432396309492
0.1905386124853008
0.15758113051858658
0.15630821959423893
0.15129557827938123
0.1606968807267334
0.15854875581955524
0.13936844724594663
0.1490768441728043
0.130511102226099
0.1799037152748021
0.14051061191743833
0.16444433248264245
0.2168087322828174
0.13678930948065743
0.12700100814635548
0.18737610360425686
0.09931123799638476
0.1264232306442048
0.12735667644053333
0.17745740406875074
0.07657993317685433
0.10407778437829011
0.12016941551906754
0.19835976683344983
0.18612654084011812
0.08070174223691229
0.12576819334758393
0.16361829573521802
0.09761656678208465
0.13641849282687682
0.16267087756687665
0.15693431098105737
0.12194500885122032
0.13966906487181777
0.14247685050269648
0.10688922818678392
0.14850230493869804
0.10230915294405378
0.1899269956238927
0.10451447804874837
0.1644712123507464
0.11831561934096547
0.17211490907470323
0.13910316276895193
0.15125146062398823
0.14030064968573017
0.1211459664236872
0.13503761258726807
0.1977362323143321
0.0944641188099533
0.13393407447145994
0.14191446242539105
0.13352571032150756
0.08235568900704425
0.1400363371031037
0.11752164759317214
0.16000521895288206
0.18674152795140944
0.13288776907629474
0.10355728983855586
0.11791094374569679
0.1041818040342305
0.12029493606305261
0.111314016914545
0.17228144014849078
0.14416555295913663
0.12170240558140391
0.1682200656564182
0.11435936477742133
0.13510877822224104
0.18206655841689845
0.1381717430499158
0.13085027778736713
0.09825484434576395
0.13829386321279544
0.09216073873935038
0.10971924963991753
0.11196109616643911
0.1287418649536522
0.14031245615677435
0.17566429728875826
0.1363595754087626
0.17932240501064597
0.09746788628268409
0.18234660857691598
0.11725874641258124
0.1101014493072103
0.114519907288016
0.09986999830339797
0.17278764292997956
0.17131322936190782
0.08770930048940108
0.16990725020649303
0.13816230061072346
0.1292307236293639
0.15726399692141277
0.21664937017475264
0.17644917796397694
0.16669731789167683
0.19821854264873368
0.15241102380816016
0.1418794226345654
0.15348054609502976
0.10549967186902036
0.1532266545000693
0.17904279483379584
0.1406387975245781
0.0662248529083701
0.11340831159811354
0.1512298113516468
0.16565520212967313
0.16214630250526574
0.1717711003803934
0.14741771963630826
0.07908617781138887
0.11099381611529023
0.13123480040313454
0.13174157482489907
0.16494862924954612
0.16705723262285765
0.15165030546801772
0.11790925025325236
0.11581605081367204
0.16290011968991974
0.1516970532699893
0.2139156796528849
0.1144689982920618
0.1630042133013479
0.13836228557998345
0.09701431539514357
0.1144512457174426
0.12083264157261192
0.15654702294675826
0.15663994770008344
0.15199750256219835
0.1377446988188527
0.1285902988896163
0.09501281001142649
0.15496062884468487
0.10365637994616918
0.1493249969454637
0.12498656295416594
0.15230002380379482
0.10895136022442962
0.1273163163324068
0.12197899003490516
0.14234167931266994
0.136832766067486
0.09080606716137223
0.1566472088253367
0.14131007550033106
0.09899174814488226
0.09229178925335924
0.10506617565055498
0.12119032038744144
0.07719594487361649
0.12317652919647007
0.16945765626212417
0.18094386408042543
0.10841853379124633
0.16687207227169681
0.1877836368307898
0.13663110596771444
0.17187531217932808
0.1561051034385704
0.14808088792845508
0.15016549343542207
0.13469541684497227
0.1017397518685542
0.16325924975023617
0.17000493960656507
0.1448941752700698
0.10601048047879646
0.21149334328884506
0.12959303567775404
0.13341676933512603
0.21506338205205755
0.21754270805840167
0.101021711555751
0.14320313119047798
0.18458214245705107
0.15484671442407985
0.08589001700257677
0.13126292163944878
0.15705271490228176
0.1739596742518933
0.13561864528116185
0.1840588039795637
0.14992635378269384
0.14161756149837912
0.17659256873809256
0.08725876894637219
0.1650160124504787
0.11880322532661364
0.1189072165319725
0.14742923566994579
0.1811157106506617
0.1309624101765195
0.15645052175578686
0.13170407042561913
0.12161806738975058
0.16255578923327255
0.13158047599047767
0.23437410625481964
0.11750951865580066
0.1563506927231209
0.10045338477689605
0.135987972982123
0.15793085518604133
0.20222934646533633
0.15156078598588618
0.21958981937987862
0.17128457374156492
0.20521503416350206
0.12493315265848103
0.14016335384506157
0.10578628018238855
0.09590987101846257
0.1499230048527616
0.11835798859031707
0.1227315602987096
0.1937635888073305
0.11162415410997951
0.1820869349153434
0.143584443831914
0.08823542901986715
0.12091102158027311
0.14974085249997587
0.10175499542718483
0.10678157951133516
0.11281038435294896
0.170405185702482
0.12465065417546875
0.13031747682652065
0.1525153520499706
0.18125356324601313
0.16150075487637783
0.1615750592944701
0.13984633797990031
0.23128848380730882
0.18411357016791788
0.10790936736206891
0.16024982492231296
0.10196035247849507
1.1169981064458314
0.19118150348397095
1.0718170174153243
0.12157932918098213
0.09758994860595342
0.14949835627853225
0.1383297030301153
0.1591305904305099
0.11566000582227927
0.1424529784311172
0.10639168335631237
0.10560152806314305
1.1032945182639662
0.11613641299166974
0.1354749966601787
0.0931159701939049
1.0915396253469258
0.1445878801001547
0.16829897792775161
0.18644012077136948
0.1888132995517834
1.091689530328112
0.8964908411143131
0.2505679510796732
0.2132974277748644
0.20570181210215302
1.4470656242684785
1.3240269047149835
1.5349099970012288
1.4431446068688847
0.04330874100743342
0.03748918101200441
0.022468081104688762
0.017410074238679994
0.018214438937461698
0.024462094160197654
0.0317453514932218
0.030921976007073436
0.02083030469906087
0.018698922465223138
0.030620292510444746
0.026799722663333976
0.030609149160381578
0.014951879631575604
0.021429987853227833
0.02230024925771417
0.01808171846337137
0.03392014219495571
0.013569579164188628
0.030409474508158424
0.021745588385337924
0.032804139882247174
0.0306195948904165
0.019978173239651103
0.02999988645790291
0.02062346668150884
0.027863320779876483
0.027088422170854314
0.02146945894984452
0.023849505450558316
0.026754204478109733
0.03190043322845304
0.024113597386201748
0.018264027661716677
0.02449061412203349
0.027036222084439267
0.02670531770298121
0.01994319081577826
0.028126390874257546
0.023253076437307466
0.023904175429023653
0.027568517406784936
0.019961085251276774
0.030672175013693806
0.02664010381528097
0.04192025774225648
0.027761541923260972
0.03246258125056696
0.02145343737458952
0.013715662451196006
0.017450468736399324
0.019670873529737287
0.011177550741658665
0.03108068552126388
0.018633712696235503
0.02959584039656867
0.024849977767654966
0.020618688598939755
0.029352328674440927
0.025201498768365565
0.03063686582691426
0.017469047633000036
0.019083046243916105
0.02536075567494253
0.021127812679276717
0.026385836477578892
0.01846090514139205
0.013164341594453172
0.026087046617862354
0.025500633233480955
0.022197748990226668
0.023513647497878543
0.02661610827525083
0.02597052906453204
0.022974542409462985
0.023931076595372594
0.033199545973451476
0.020496722985199865
0.028276596976650453
0.030676383505142183
0.027185087071108317
0.02254182878231258
0.02117765018242163
0.030731040813234998
0.026115890867582887
0.03547992656949718
0.02274894483334548
0.019278502197701802
0.029449058715543854
0.020644629335914745
0.02878190872332275
0.023153088519758832
0.03186143537438891
0.013724375236076494
0.02384629876887132
0.020713633869853115
0.017112690170091826
0.021781752102754744
0.022024273050288243
0.03296131773893855
0.020318494488481536
0.020062072144901365
0.029714495623353387
