-5.484590227910037
-5.490147596877677
-5.475080142200944
-5.481421155060454
-5.4691294492579265
-5.480439886817898
-5.482153634027995
-5.484033078045723
-5.474037885224444
-5.479734139639165
-5.466421057420437
-5.459000255311098
-5.47735350729729
-5.47976658531957
-5.4884619481394346
-5.483386962719593
-5.475677864605149
-5.470066757504308
-5.472259370307089
-5.480997031602568
-5.488317432343438
-5.485170410468669
-5.482573418465607
-5.4772516026770495
-5.468182859716251
-5.478400486797162
-5.4780443327058155
-5.479426441783148
-5.488698308366209
-5.503501357435673
-5.489938970723259
-5.4794585881126965
-5.473388051373525
-5.474093812263604
-5.479438682109274
-5.482740181509306
-5.481194897152055
-5.480303235755527
-5.491037214263512
-5.488641037627909
-5.481458828072377
-5.4782962224066445
-5.479835437830328
-5.467789454948452
-5.488229810131929
-5.47587020265192
-5.467300077050092
-5.487105095882352
-5.476959057136462
-5.485828025353886
-5.495598925425993
-5.49281478803605
-5.4841248157107625
-5.4870677764271845
-5.472317324255328
-5.506203517057725
-5.484901540275684
-5.49238019511299
-5.4754478115194605
-5.47977249753214
-5.475972366823618
-5.504327112966904
-5.4773804458117175
-5.487497291893382
-5.486868823131861
-5.486146328952583
-5.483309063569941
-5.518781276918904
-5.489488358940697
-5.496887603818185
-5.495242531783867
-5.503742786987552
-5.510414399952941
-5.504452721126002
-5.525725631902384
-5.5337063686262455
-5.543894740513213
-5.531649490361199
-5.561773575099309
-5.550212138235714
-5.595266406597678
-5.533009716646051
-5.520607522893491
-5.532013511656998
-5.571220646471765
-5.558087322916329
-5.633869270715301
-5.56722084903024
-5.566195672605642
-5.62808409601492
-5.59481324469993
-5.64621059615712
-5.589977506710313
-5.579411509990404
-5.678024504323939
-5.670139981313767
-5.704980624133476
-5.773334826299282
-5.829105831918611
-5.810112900663626
-5.7975909213029615
-5.848379539595178
-5.838563510666818
-5.82160980687944
-5.979037712498145
-5.9168670690721115
-5.968235517806203
-5.987285541446595
-5.839400458084242
-5.97637907823618
-5.887242141843352
-5.973747233158252
-5.9534702190704545
-6.041240749996251
-5.962340652103336
-5.883797189551945
-5.733015968388874
-5.829705508743005
-5.737969627703113
-5.846628936372046
-5.832964701431847
-5.885452620109201
-6.00149351642035
-5.930565334148829
-6.062502881628798
-6.046234390020631
-6.0566643822202515
-6.081342509243736
-5.980962120381925
-6.062978274874228
-6.032725922965234
-5.928775928802332
-6.103143498692343
-6.017948615919301
-6.074235750868582
-6.0816937884313775
-6.049559763430783
-6.036133877715991
-6.025316432113332
-6.00895698002835
-5.983030286765363
-5.977397977284987
-5.989533512316367
-6.0084710761934375
-5.964811088853645
-5.994716772109104
-5.986232513536578
-6.008246285609381
-6.033912962897505
-6.0383298039863
-6.024376566123439
-6.007933991662975
-6.012939768727103
-6.038630580707093
-6.056148404933097
-6.0485352465949624
-6.046049367770134
-6.032330690242942
-6.048106177829348
-6.063763219608483
-6.113208124022471
-6.1160172983322525
-6.059030043381019
-6.048546362445748
-6.092082733694844
-6.116595172354388
-6.0793292362057025
-6.0738465318638095
-6.05209914699885
-6.108920080655567
-6.117492019909642
-6.080401770989429
-6.1636945727466115
-6.071125074548091
-6.097064641520941
-6.112056479340064
-6.092449299356897
-6.115170208124102
-6.142748373193211
-6.09085530638804
-6.091405909965102
-6.092030324298417
-6.095519986847143
-6.03067991537032
-6.030279883167695
-6.173819468060806
-6.0898307072483995
-6.115171615211183
-6.140041784136647
-6.124198319891286
-6.0355328984663
-6.11433916081478
-6.014143072521238
-6.0821381615698975
-6.148105162977529
-6.135435077183609
-6.106349876944356
-6.146204641356935
-6.1438564815113015
-6.119443807061579
-6.128474525532832
-6.129109577483057
-6.148610754493142
-6.133786490781104
-6.137956652879957
-6.190633182059614
-6.166974302546354
-6.088043249051628
-6.104354699758642
-6.100240333821706
-6.138502434111967
-6.15668090150414
-6.081131185296982
-6.137186874042536
-6.06561149542348
-6.082897019629585
-6.107102303824339
-6.137363980277371
-6.108008230759101
-6.123340752684652
-6.091310900106402
-6.095692975512487
-5.997877634563361
-6.033670307418482
-6.019998455509526
-6.002904051298611
-6.025723675551767
-5.991357878598912
-5.998935428609272
-6.035475903146044
-5.998154980323238
-6.034690531705819
-5.978093123261885
-5.981057403868141
-5.982383592314958
-6.006550559070791
-5.988556268522773
-6.045089799486012
-5.973472814557839
-5.988132946558668
-6.004963777076556
-5.960612050076309
-5.902372962589414
-5.945464149714834
-5.9204654135361094
-5.916497274672116
-5.940767169539383
-5.915523779554299
-5.899162768596487
-5.899057470664406
-5.910911052087241
-5.890724167122887
-5.9331372954871675
-5.881335430897803
-5.966219793742269
-5.933883136753449
-5.921126288708287
-5.92837304951155
-5.917519033672893
-5.965144627337921
-5.961249489904637
-5.928543391580322
-5.932225944146191
-5.938792143823899
-5.918514435550687
-5.942752505428285
-5.959799301300532
-5.942842575643559
-5.955894800407471
-5.954618035803139
-5.985537500963012
-5.9348878932718705
-5.942212395994545
-5.972889832867912
-5.986126807221505
-5.913539229735428
-5.936239571713324
-5.976840727845769
-5.980718083249744
-5.980368630197873
-6.009131654670444
-5.988746261727156
-5.988256299627579
-6.001713675743477
-5.983744530607511
-5.99652334623369
-6.017398111253504
-5.9967308431076844
-6.000051599681235
-6.022482543009109
-6.013272630115567
-6.011684194202511
-5.990574063129068
-6.059214985017321
-6.028516670864729
-5.993874710121814
-6.017717757464562
-6.021131388073996
-6.043410981712801
-6.058841459642327
-5.968255737938788
-6.004407266901593
-6.030961430977986
-6.009127480199702
-6.030235957607553
-6.022188206326822
-6.042332971517229
-6.015384809338376
-6.048542654477621
-6.070082919611
-6.011179689889357
-6.046869195398557
-6.023113474475313
-6.081474957962098
-6.090332625308891
-6.064482388527781
-6.164320692189412
-6.117724507058735
-6.2369784038575204
-6.132746739828137
-6.174357439151002
-6.232490446405102
-6.2067939050029866
-6.217651368510763
-6.1882617295951565
-6.200481708862116
-6.231363454627819
-6.226495236017289
-6.19760058028147
-6.188883263727987
-6.212721924338018
-6.170913073390085
-6.1334123567925545
-6.2143825671089825
-6.161394303787258
-6.208457525560457
-6.135345390508235
-5.997128549253195
-6.009627051697989
-6.138259225221866
-6.141526750188973
-5.869125384182194
-6.0818033253598
-6.09449720308475
-6.014324489011501
-5.851250190432929
-6.000042335509717
-5.927853268063073
-5.715910589177136
-6.021577837003495
-5.973373407926228
-5.987028485142144
-6.048848761431201
-6.159649026637624
-6.194778535976116
-6.172936402362051
-6.2401202446576605
-6.175478255804025
-6.2804197982235195
-6.202901859478818
-6.302005377449196
-6.248020934730422
-6.238163702679062
-6.230732790248559
-6.2104520023999354
-6.230143870330647
-6.224861089964837
-6.230371306338435
-6.233704798186009
-6.2383785459640375
-6.2158086465220395
-6.255148661997541
-6.241705391963201
-6.195254966903167
-6.215425375860748
-6.2900571831657075
-6.277606678947798
-6.179207889845572
-6.222310960549139
-6.21055162529568
-6.221085257305312
-6.216554603580226
-6.2411724345930075
-6.2122961349214965
-6.186765210168302
-6.267998237015982
-6.207508598599063
-6.210882176206603
-6.21414791175286
-6.200512809538213
-6.229832426884893
-6.244594886722674
-6.195904835545556
-6.190666669001433
-6.167171990586349
-6.255441809752195
-6.2222326652105195
-6.213613419627322
-6.210725663413534
-6.189451370057074
-6.137128607389592
-6.24032704893553
-6.219294894652096
-6.216700913474674
-6.189090863179782
-6.183836950969499
-6.229380542690844
-6.238843954760409
-6.267636622099622
-6.2823957694890495
-6.27151558012546
-6.250815479762371
-6.274501567539723
-6.269587985364888
-6.277397372085675
-6.292036477012148
-6.234772369380034
-6.276643493785625
-6.27371562913365
-6.290237029576214
-6.255230637899597
-6.280522168382614
-6.309813503345812
-6.286662337617417
-6.351340462804182
-6.2081822497168915
-6.27677434877942
-6.322155865223088
-6.278651032930795
-6.2184533778914455
-6.335594999882812
-6.312791463658054
-6.222342393301406
-6.1433169628245565
-6.269061323024932
-6.29302312222212
-6.079262751968184
-6.296863254890431
-6.1434313205379
-6.108148030382721
-6.140267864220975
-6.228084719131374
-6.296193826771257
-6.198054003241176
-6.364548830593415
-6.164907116555878
-6.267947744201972
-6.243184890044429
-6.213300668948102
-6.297791264690243
-6.217268817676157
-6.306119384984328
-6.313244203163944
-6.294887308743135
-6.2812385593894415
-6.311168672129198
-6.296403424897133
-6.3731150719986704
-6.284399107711084
-6.321156214023747
-6.278220258257332
-6.348011611777299
-6.33375030636786
-6.268798517703983
-6.290947889657897
-6.355982588424688
-6.311203950845492
-6.300140727524776
-6.33087434155721
-6.381007095664984
-6.361422599816027
-6.3094621472546715
-6.141766940877164
-6.323774133906049
-6.325843877042618
-6.371453393581872
-6.360059768377097
-6.178800835193916
-6.315088297390403
-6.246651798865814
-6.20382063323299
-6.3270578412388545
-6.198145915927897
-6.31321853750263
-6.280025185771209
-6.3318641715809
-6.27247523882092
-6.3296870137836905
-6.317425608989809
-6.3887738751500835
-6.304572215907979
-6.366138856197889
-6.318123615091885
-6.3532151436708215
-6.35107980917849
-6.345627699449788
-6.3627217355663745
-6.376838592252437
-6.327906822884745
-6.341184146767522
-6.363044869587458
-6.344575631177872
-6.345286897000163
-6.338867460758409
-6.3690900433318145
-6.309776848316019
-6.383215856446537
-6.320671167411584
-6.352803211835234
-6.395045843657771
-6.402973163157618
-6.370806922644733
-6.376384822609862
-6.324297483410199
-6.393375815175097
-6.339450788550818
-6.361722040534771
-6.346147995521943
-6.411057124822299
-6.385694991516477
-6.347501347902966
-6.330838094554799
-6.326281775222615
-6.457694313069107
-6.336009259774963
-6.357306045050575
-6.3503758925109155
-6.3379625529960215
-6.372402005987551
-6.352206185568551
-6.333002462912528
-6.387080586920285
-6.327242824668939
-6.334462348475419
-6.318452086885272
-6.3590038509037194
-6.396312736987365
-6.311544427110171
-6.363973825128812
-6.318275427706849
-6.371230201641339
-6.357946083937515
-6.39077250745669
-6.3659699522984665
-6.372143902649999
-6.375728326705861
-6.36490678289347
-6.346813940131174
-6.374719999033669
-6.385713970896896
-6.338815550294829
-6.321271884559879
-6.393046367603759
-6.426559972565203
-6.433619234251926
-6.364895640800771
-6.377161157407512
-6.370342137834098
-6.36427981351024
-6.408943644023245
-6.371766995797912
-6.399870546953209
-6.416319658701271
-6.374476593442929
-6.401290084729315
-6.377942097839682
-6.326481241185601
-6.372259663454216
-6.359343530439226
-6.405185482103889
-6.399832585603835
-6.417716387115643
-6.370763528965907
-6.381815308184565
-6.367671801011635
-6.37453548141449
-6.4233445610279265
-6.37464473698828
-6.406274070971008
-6.46671973647195
-6.429687400815346
-6.408580721297695
-6.435276257897787
-6.452152370650035
-6.352075357053233
-6.374708875743275
-6.446900069657737
-6.442727947537104
-6.398938562902143
-6.361038163589859
-6.436692525849169
-6.420928666283146
-6.38546044015818
-6.4258852917569715
-6.444167168378797
-6.373337726429668
-6.485845995496582
-6.37105293471917
-6.395269709422551
-6.387770133002099
-6.375838814547292
-6.369081641768265
-6.484099412548862
-6.4226326346797435
-6.3950561495725164
-6.460268770088458
-6.4679955670818945
-6.338000454495508
-6.433077103227172
-6.470261387427526
-6.433177190380012
-6.446030312507002
-6.444824365598608
-6.430275570399101
-6.44524035423467
-6.436533924277963
-6.433011627188421
-6.459754489728386
-6.412339795205982
-6.496945571235226
-6.464153332790623
-6.426567393644415
-6.394249370388074
-6.477323983605799
-6.444151295657133
-6.421409025259898
-6.466005900337198
-6.403945362028314
-6.489899111730551
-6.451650732855706
-6.532171939880907
-6.432905347371174
-6.518402040419414
-6.395158462605082
-6.434923790993986
-6.4674959611190195
-6.429111322227953
-6.506770955438093
-6.37383673735498
-6.449312444867868
-6.379908405675551
-6.4393433911589
-6.463351218222167
-6.450456416094963
-6.5074212620161935
-6.430335109714469
-6.475453738711057
-6.439735712286731
-6.442752123356084
-6.471979105291445
-6.471831412085461
-6.452180447030068
-6.499994188012471
-6.483886420502056
-6.4278307755638115
-6.42515203448768
-6.4838716065831195
-6.508805753022919
-6.46685881481165
-6.441460817522082
-6.490664007697768
-6.501555204904649
-6.4967871111231865
-6.509976408690361
-6.4634457465332815
-6.46985053978883
-6.439355000045436
-6.485199802366189
-6.471387633205383
-6.42867462994883
-6.45682990454317
-6.492130264169774
-6.496281326428225
-6.564678111767627
-6.447333567930208
-6.427694874882231
-6.537673518607898
-6.4631888557477915
-6.47480200778751
-6.487552308249568
-6.460038338714639
-6.49181553089462
-6.464184082273201
-6.443751797200729
-6.45994740582447
-6.509309727257481
-6.462092819589657
-6.472140016796567
-6.444516761726584
-6.505070438739402
-6.478711572599895
-6.544803062406533
-6.5100545221797494
-6.4818967951538475
-6.420955897424837
-6.481268411170415
-6.448953196431503
-6.471624312437324
-6.508853448791111
-6.4795133511107394
-6.447464494460954
-6.539404640002044
-6.5139545007759185
-6.504959845636676
-6.542731484217416
-6.469966496633852
-6.538240596124692
-6.4791216735732995
-6.466709759370248
-6.488565900791631
-6.465866160035162
-6.490831732436783
-6.474333395696387
-6.565356394874275
-6.457063675851464
-6.536747988961024
-6.500322971018576
-6.484856118958857
-6.477993384660528
-6.478571057821194
-6.473915862727806
-6.4898267115883215
-6.469611584308753
-6.499231547935667
-6.484700229981093
-6.5277785589346315
-6.4678857741838165
-6.523150087043071
-6.505672689141448
-6.5252329208596755
-6.528052038692505
-6.484483795018059
-6.528335564199181
-6.5010149485976605
-6.492866369700026
-6.48486110936624
-6.562514279257005
-6.532152690801647
-6.478718806120118
-6.544570982064335
-6.528315509867385
-6.538768759960921
-6.4922721601727496
-6.546086858902803
-6.496864750337743
-6.5226347673873635
-6.499819168298345
-6.45526173210739
-6.489844417456583
-6.503619943768237
-6.5373013330764085
-6.498267140367831
-6.592482337283119
-6.574022507529354
-6.56223758571215
-6.573236499022425
-6.518563310368567
-6.522563824915538
-6.539158408934032
-6.6044754460699115
-6.581425764464301
-6.528820362410224
-6.532520529665945
-6.560846128711636
-6.456462589170427
-6.618775677231291
-6.551457433118461
-6.509769261684561
-6.597125896722672
-6.542333924006107
-6.466885091698294
-6.5863131973531654
-6.537865565939683
-6.54677345387933
-6.498698110469885
-6.553195364973345
-6.616148175306428
-6.546117142650232
-6.5397927265795905
-6.600045171012059
-6.542667606423011
-6.542126692076173
-6.542194179872796
-6.5598780722575825
-6.5362038677394825
-6.541673642089058
-6.505203611814972
-6.585737356908989
-6.533220938718149
-6.559158627672308
-6.587482098324016
-6.540908080992856
-6.525260600573208
-6.606522443797416
-6.51855105925149
-6.546952294522787
-6.529960607728445
-6.538519409126213
-6.5412985907924455
-6.621421816773912
-6.553198662631596
-6.568915051921241
-6.519348395205831
-6.539627281784594
-6.591936349739206
-6.608878289952488
-6.510448796586989
-6.568730099557219
-6.635647264579266
-6.555920899123301
-6.575021937617151
-6.576741807670956
-6.587823856184506
-6.565038842124714
-6.555097640329717
-6.606113250263745
-6.527156326781477
-6.60959849239601
-6.584405072131479
-6.551301500321244
-6.642386913782459
-6.576852849254864
-6.600531503937093
-6.612472199330966
-6.544537558799104
-6.6205240702551835
-6.568289631247701
-6.569923439047566
-6.624352403275286
-6.610432749893381
-6.635201583942685
-6.667602855610437
-6.624536603273191
-6.5704296992775575
-6.549875665207383
-6.660322692960832
-6.588129590594335
-6.583494727142337
-6.645565350841139
-6.6228020825341645
-6.57501113558874
-6.608656513858856
-6.670910864094103
-6.616688444313709
-6.6046156315491515
-6.569041029799196
-6.55274817232087
-6.578519630872909
-6.681874434205179
-6.654260236004882
-6.650175641667817
-6.656254156587301
-6.671223855589014
-6.615339093610086
-6.670120772783675
-6.62703370035606
-6.618683624658175
-6.58548538435621
-6.660902785721817
-6.536202683048787
-6.6357476809999305
-6.620004752211414
-6.66661028377553
-6.657661259075808
-6.631325428336909
-6.530901849867821
-6.641435662064001
-6.621369578110107
-6.675842521458417
-6.575491742244506
-6.526765363158659
-6.635925134105517
-6.639815737536718
-6.624335626297759
-6.61189635456147
-6.644136903212368
-6.626393026361031
-6.635579453727111
-6.623357928932413
-6.640352062528343
-6.622967239319845
-6.610319368664117
-6.585175539976091
-6.644205976522736
-6.640943038354239
-6.659165227960854
-6.627401990798809
-6.631097348689917
-6.620048931767709
-6.614299149767042
-6.631297016316861
-6.594292835063488
-6.662318248624242
-6.659922368716386
-6.626696865103274
-6.648280893168416
-6.61284884207181
-6.585645211989126
-6.593520031635648
-6.638575984874322
-6.6571134811977934
-6.661854717575224
-6.604833149492425
-6.621433537768232
-6.652244413652396
-6.6651912084096665
-6.637006775201519
-6.679504767353876
-6.682436982504321
-6.663613533983167
-6.657777561192905
-6.693411843124306
-6.662749035298096
-6.714033597012275
-6.582490951914052
-6.620713574687622
-6.696633808883161
-6.612963697008599
-6.6924724907931
-6.644678745731724
-6.634231975409614
-6.66697116068431
-6.655995606100006
-6.685221607299852
-6.682160810194514
-6.660581774470663
-6.662171359452555
-6.672348928802467
-6.664484159137449
-6.6513568412225315
-6.713244994933612
-6.670675026692938
-6.659531080225185
-6.692347472427207
-6.709005776370396
-6.620208248715329
-6.69458524726933
-6.647326322722441
-6.665847470936652
-6.692537487004994
-6.7056718276772465
-6.740934056849085
-6.685506575830906
-6.6662802679281405
-6.695563058583264
-6.7486027753756535
-6.660136036860951
-6.741574361585035
-6.736793195250789
-6.75093767354599
-6.7596184358686235
-6.637266548428221
-6.692015161259876
-6.694867341398528
-6.732660219113872
-6.714376478419137
-6.722202717265131
-6.704989236796173
-6.723553603365113
-6.703848932532525
-6.663394406286753
-6.690319342674364
-6.709264285073441
-6.703217396827121
-6.738086014560558
-6.669794472526416
-6.71246406880172
-6.677347454310432
-6.657401020281213
-6.658653895086073
-6.6767983801306094
-6.647223892080297
-6.67236300573739
-6.710770141446798
-6.706024529060788
-6.641683338248907
-6.753933891456703
-6.665903223398516
-6.694057791732947
-6.697715771891902
-6.732992056357856
-6.681308651847288
-6.722444487253774
-6.748901816942861
-6.691856610753766
-6.743836115178542
-6.674770264476762
-6.674053774065533
-6.756518047609593
-6.75720060237478
-6.733612435632061
-6.7958842965662924
-6.75478150587943
-6.687881973990066
-6.7329509095617475
-6.703101937827744
-6.730581658826241
-6.768755796636038
-6.7442615535455905
-6.74093824519272
-6.754663454648119
-6.773076702538453
-6.810405217283246
-6.6712952710844124
-6.770088178843723
-6.754638663554697
-6.749351461053334
-6.718894514640829
-6.7469374706448875
-6.754081504066363
-6.759621566647657
-6.767009231698793
-6.72370650942827
-6.677758826196592
-6.742303582227916
-6.737491518233682
-6.767806056529053
-6.794877709026043
-6.7296075454799364
-6.728314356920554
-6.731211330566032
-6.690807279288292
-6.755250647203713
-6.670818525995585
-6.732169171333879
-6.69349476970617
-6.6741676692961365
-6.654575018806506
-6.621656303232612
-6.6133780735162935
-6.648848589400462
-6.529019844375272
-6.62917923493111
-6.643437384244073
-6.635396286553235
-6.675738360738137
-6.625004418260719
-6.615467073010267
-6.571702934617043
-6.631500694396263
-6.70947630956336
-6.66324204524529
-6.626549904647033
-6.689934137996302
-6.647827126113845
-6.746146166136689
-6.669605393842471
-6.732962191856879
-6.695560445414154
-6.658913852471345
-6.722335537563137
-6.665288011013697
-6.733669718171142
-6.719561352316486
-6.762558251463661
-6.679339493843087
-6.7268732793688715
-6.697184803219878
-6.744887084339822
-6.716977017983041
-6.793636722173857
-6.706952208829165
-6.721197811617603
-6.714024688861304
-6.803909274242968
-6.710813738874356
-6.818576475430277
-6.810258768637164
-6.767341065447074
-6.732883672045029
-6.750783221724891
-6.828336384465182
-6.734214996596821
-6.777090578868588
-6.791285277737973
-6.820296509218354
-6.761321191287488
-6.739470178669183
-6.771857613535833
-6.807855580677333
-6.826844287150064
-6.76198947750579
-6.79026792592625
-6.733434617803974
-6.78598118792653
-6.8013070965662825
-6.873643461504045
-6.756133932989432
-6.844612813489501
-6.77433766939448
-6.791533105376565
-6.825607869669918
-6.797655924465751
-6.79955640759402
-6.834537018998789
-6.806718318141947
-6.77586712155926
-6.8461402661925534
-6.821905146603713
-6.826525881036659
-6.825339449364582
-6.825475429273614
-6.820204196976231
-6.85555018605334
-6.788088963882792
-6.783102387753232
-6.885404029658634
-6.826665176044237
-6.856009540465249
-6.848200806806426
-6.7708083326405575
-6.830908835217173
-6.743525763339766
-6.833222906746521
-6.818699713996427
-6.802693612237873
-6.879647421241909
-6.806616845000985
-6.904637560683639
-6.804994186272916
-6.736262406628156
-6.895207410086769
-6.821993987142086
-6.900465042086063
-6.896681827649449
-6.830969074144358
-6.91879417816348
-6.827837322430844
-6.911046361408895
-6.848727522617878
-6.89038417750243
-6.8285915728307875
-6.844683956413025
-6.851708196629613
-6.848854330468126
-6.796818048105127
-6.92087356213769
-6.848087116271057
-6.853369997224914
-6.862786040741703
-6.835499170949935
-6.856833334780714
-6.831452628473539
-6.870450355846647
-6.874718725674414
-6.870527024665177
-6.890418078225377
-6.804906147822948
-6.870905265620677
-6.871482618386729
-6.83724084736393
-6.862909063231669
-6.876583540465552
-6.830720929409231
-6.845300316446178
-6.869996361114075
-6.97470829453727
-6.897906241817913
-6.900042695405323
-6.826034721743267
-6.85181797526972
-6.9026553634873
-6.850349171553802
-6.782452717509495
-6.87618272847439
-6.831915931081058
-6.858834053508147
-6.920138903308177
-6.873035515836155
-6.895901950085622
-6.831989693046826
-6.830671592996629
-6.861447404928491
-6.847473613854579
-6.905026577452609
-6.875699131766301
-6.898019196110015
-6.870836394673891
-6.894597353800903
-6.843026615486477
-6.905552156503813
-6.834534546252016
-6.9203751328526755
-6.914504724273326
-6.89240075541388
-6.8634506218537075
-6.88908490445956
-6.9305981340384335
-6.92939095505324
-6.949051883724055
-6.865851011608767
-6.8929449939999445
-6.858631245528198
-6.891186748977188
-6.905029606751277
-6.9575107454758855
-6.821379511071619
-6.900488493166543
-6.911542406923707
-6.911438800733143
-6.902050187525418
-6.903546708976295
-6.9400139700738865
-6.868198674489058
-6.901013159483177
-6.967748628577207
-6.834020103029687
-6.938261037334918
-6.927463135542239
-6.852684237550931
-6.911205591480357
-6.89476042621821
-6.935659567386411
-6.882458789309571
-6.977041898319891
-6.900249004964865
-6.911705534443839
-6.89043718689039
-6.897614313318586
-6.962690030517874
-6.927848884172352
-6.859360119410131
-6.893866727295701
-6.956560221399029
-6.880522762629386
-6.926328067447156
-6.942220051715515
-6.910665721245043
-6.9062463123763225
-6.924535993878442
-7.000020450994521
-6.98062755557007
-6.924295861214823
-6.932530979612548
-6.9170955873532805
-6.985920959862452
-7.009976042533324
-6.869317263646817
-6.9684985505702235
-6.95888659641351
-6.928717395036734
-6.913659154498133
-6.914784955949715
-6.910996111976991
-6.934112507598094
-6.896869710796302
-6.895536866838386
-6.891795788192207
-6.851228564732516
-6.878252412158545
-6.871236906475246
-6.864687803947405
-6.884697078021441
-6.799244980559152
-6.883925108220879
-6.809386468894338
-6.89533499887861
-6.94273811946748
-6.871754144906195
-6.891166892063605
-6.907755644726342
-6.943739474131227
-6.884121590777541
-6.9462643338047885
-6.922696879025908
-6.9400027189849745
-6.87533323166014
-6.985421971519509
-6.943728025078828
-6.927317290695064
-6.971047340556978
-6.886064025592091
-6.928053344885332
-6.986368971395017
-6.998905432245332
-6.967528310905663
-6.955065024186945
-7.016757544785022
-6.937246818260838
-6.9500120321786545
-6.939307474067765
-6.956045167676492
-6.920942651470847
-6.961761324144392
-7.010707380820067
-6.987450135964955
-6.945623413941068
-7.01136223693909
-6.913431523117701
-6.987253935160453
-6.901555220589536
-6.966143621921558
-6.988175284182169
-6.936954952090382
-6.953877470984667
-6.941276437845473
-6.979882647998811
-6.960799551172241
-6.958258965947554
-6.9736333536257025
-7.030781450999348
-6.961980829793802
-7.030091115733427
-7.013092399151671
-6.947249523221245
-6.967473887651742
-7.0373810351677095
-6.9324146132505895
-6.9798357688326185
-6.984336938364695
-7.019218600814111
-7.035995756826843
-7.084713163847105
-7.096100502421604
-6.995953667820669
-6.96598817571752
-7.034975113767061
-7.025233027502478
-6.948705445190233
-7.031440028017046
-7.036223105724123
-7.053911920354853
-6.98827605814035
-6.986738068980256
-7.000091771360369
-7.015609310442709
-7.000876505749012
-7.024792041686798
-6.921071899144852
-6.997833912598861
-7.010238750308574
-7.008520594382593
-6.951091503739942
-7.048460139416122
-6.996626708834525
-7.0354061429363135
-7.027531172694433
-6.999312318179725
-6.980534703323304
-7.039995793326963
-7.043073038860429
-7.036730862839271
-7.017651355068188
-7.052678322981658
-7.033339742741521
-7.02723460388452
-7.043159756260256
-7.080354150875505
-7.048207727774351
-7.026232574145609
-7.039033259614631
-6.9984108599734345
-7.017497927013803
-7.057663106745655
-7.052360455750303
-7.0875242249754
-7.031064258524157
-7.071505563209569
-7.010405466598354
-7.005941262912384
-7.057953538122442
-6.987708341401052
-6.983630498931866
-7.048835105738146
-6.998283602121771
-7.039366196958754
-7.025743308527815
-7.064522628178342
-7.076493428360853
-7.107662435312195
-7.051156741899196
-7.035382663169753
-6.998538789496
-7.014599387619363
-7.077959437715606
-7.015878637775467
-7.046421574892946
-7.072737815265526
-7.063597745097787
-7.080042890026295
-6.986173699219428
-7.132092644588328
-7.073219450380377
-7.084654984368668
-7.123033672675117
-7.053514835726951
-7.07274290023907
-7.034051800220635
-7.029781937108169
-7.034850029674169
-7.06992983192623
-7.053227692653614
-7.116173745415124
-7.033980035786377
-7.050287679884079
-7.062158010660287
-7.001198371130581
-7.106424541033341
-7.048766344932338
-7.054484962031383
-7.123194160700367
-7.095342438052757
-7.0990303318964765
-7.066780449128107
-7.049924109087427
-7.049878410431503
-7.073956289073827
-7.050077404161794
-7.0532950652942406
-7.079218702466173
-7.056817000106761
-7.123246478270781
-7.085500815897621
-7.037348695497307
-7.090139336373973
-7.061157920517473
-7.114353960509367
-7.108231978234881
-7.14320485283265
-7.102866384728815
-7.077199704631514
-7.091056972381631
-7.104525228257008
-7.096236229164106
-7.0684878304743535
-7.111034984333539
-7.068233420627483
-7.075637730388476
-7.084649579920691
-7.090087794052327
-7.055554680210912
-7.04689886959211
-7.133075187445856
-7.070756335739588
-7.1246596219748755
-7.167525958571552
-7.052752927392525
-7.0982061351974615
-7.12360200034583
-7.014406564247081
-7.096003318402397
-7.101771538649837
-7.057760068917769
-7.053231593158957
-7.08353139936564
-7.106354925086283
-7.055429851611537
-7.085682547992964
-7.151547388990275
-7.088775429632104
-7.0945799609936175
-7.071383340747542
-7.093936253418649
-7.146795590397601
-7.124480017457057
-7.118232674061975
-7.179529385031099
-7.10399769945003
-7.0427136220755004
-7.129615477957121
-7.0689246241141666
-7.111155084633061
-7.163745069995989
-7.181263342666461
-7.155118453450033
-7.1461660514347365
-7.139390977714865
-7.142681353153446
-7.126648533462898
-7.122926838969352
-7.207797661099831
-7.210136711839535
-7.204075160111021
-7.093731427630286
-7.199377756289055
-7.149886004654673
-7.181651956679332
-7.129523637067631
-7.1001152454037175
-7.184639984169944
-7.119981689505214
-7.1615615060532
-7.126844251619815
-7.1416909297501965
-7.145886605708665
-7.106205020233929
-7.094870842043
-7.092638205123693
-7.176504767947208
-7.028585091625462
-7.2058457351952105
-7.103696719853116
-7.168982336997243
-7.121717706074168
-7.166562669726332
-7.128156220499297
-7.140806427114395
-7.147230034943795
-7.179563281935749
-7.1708946421412385
-7.180537544853377
-7.142911528814359
-7.122632940231175
-7.1662018155140785
-7.134637563861074
-7.154219423295834
-7.194360444218454
-7.1169079010732474
-7.199621006266757
-7.215527980538301
-7.147641954103614
-7.206958564882091
-7.206418378025726
-7.126272571496711
-7.244430257264202
-7.169900460699552
-7.1970009146679
-7.176337587567764
-7.140819594586896
-7.1757440424086525
-7.179699678242151
-7.208419309082456
-7.216175193201152
-7.187252759886696
-7.16928755692836
-7.24708207700646
-7.1721255433791455
-7.233129493305682
-7.2289691064018715
-7.207096020114483
-7.187511643942976
-7.200266304493313
-7.260678035791369
-7.173952745248887
-7.154926232394249
-7.245437753486221
-7.281543336011456
-7.199407202042678
-7.117828090926636
-7.217540576561018
-7.191431585600322
-7.223931701580771
-7.20454832516393
-6.935334342857569
-7.133400388443305
-7.175957516945653
-7.153644101499866
-7.206737927672394
-6.796910176017263
-7.2308570542269655
-7.168100757668512
-7.228324381365397
-7.244692700599064
-7.20921518105833
-7.026027093714193
-7.183396411578989
-7.211921356246404
-7.202182853499561
-7.26809438151996
-7.188217794232812
-7.189040303459077
-7.1992031677192685
-7.210048148601887
-7.054964615931434
-7.147214930986767
-7.242039326136087
-7.234308032789447
-7.198853149958602
-7.179054836804031
-7.308311996444637
-7.2133149635897995
-7.228962174089017
-7.181670097907882
-7.253070502325726
-7.226253479265518
-7.218049852900144
-7.116586862839658
-7.195089658419173
-7.17592252866039
-7.2330166155237
-7.178594179853244
-7.19405877314606
-7.1787462313685655
-7.139401930276532
-7.169899112643996
-7.145998658112274
-7.218458770635813
-7.210371376868868
-7.2008561437176475
-7.174685800430563
-7.172101192137887
-7.192260943988273
-7.263300512039345
-7.293853118209049
-7.2609223026903935
-7.258441361519964
-7.178023241348057
-7.223296521891287
-7.204950206882008
-7.2590435408625815
-7.220259119454515
-7.208593876854251
-7.2128129373836165
-7.287142328158412
-7.22122642275388
-7.235773975953079
-7.225833578632197
-7.196897521559823
-7.245575214506061
-7.262202656662663
-7.261461024800197
-7.245279251053006
-7.271427629441226
-7.308010547259677
-7.2128927178635
-7.251337680372835
-7.26055980438849
-7.283652081496354
-7.275705086740084
-7.275595056342308
-7.260006342137934
-7.236639350755171
-7.28907576750389
-7.242473503531056
-7.310575596318386
-7.302377338611501
-7.286406668812131
-7.279189957815063
-7.324566192255706
-7.253322976657017
-7.251454996919367
-7.248314312298593
-7.270794331268359
-7.223393787305749
-7.227852211925439
-7.324933498193911
-7.227322772940299
-7.265397626556551
-7.301320186457769
-7.300169587342492
-7.310152654966226
-7.246378589851955
-7.312061828960154
-7.249564521954042
-7.194252947131054
-7.264724583750546
-7.363797264126093
-7.2660337391422365
-7.336460532336659
-7.298360725047437
-7.283581807550296
-7.24584861760969
-7.318626492361948
-7.272227706940393
-7.351294795649328
-7.2382219252906
-7.327977117295294
-7.245342602644887
-7.295985124714432
-7.374902301168842
-7.300878983790596
-7.238729288463095
-7.245495934357965
-7.306631301297717
-7.242356576811002
-7.363727885927368
-7.32194971226181
-7.345397727716781
-7.294831789806813
-7.327407580868661
-7.247512878786869
-7.269578951373565
-7.32962717234398
-7.354134171289558
-7.266521605105303
-7.3091412964795754
-7.234283895864135
-7.238188159541702
-7.2971419413190235
-7.283112947898338
-7.2930328665562945
-7.321454407144566
-7.345190592639044
-7.344980218375923
-7.3339875218146835
-7.302121689392033
-7.343548819655645
-7.351190500492965
-7.315973906155446
-7.324840509853747
-7.3834893086081586
-7.353660684543143
-7.303683690862768
-7.3406761525807145
-7.313711872639134
-7.348841809884322
-7.372199711676894
-7.3249062543554375
-7.303805090073374
-7.333462484062576
-7.371094521941592
-7.330100642165329
-7.3853844134132025
-7.350186594697998
-7.40065260534583
-7.343679940901146
-7.406348806853183
-7.278773065320594
-7.372727919598446
-7.31587154280991
-7.3472261053552295
-7.364581962271551
-7.340136641822167
-7.34558923332667
-7.303408273524295
-7.37629918666831
-7.352519819483487
-7.3732231928625005
-7.303982288985241
-7.363048481199797
-7.379290797751421
-7.318222361253162
-7.362194167085885
-7.329911202642082
-7.375516141302288
-7.388105518217971
-7.375949191736834
-7.4091299078571895
-7.342126188391788
-7.348052244921267
-7.340447732049191
-7.3453678845929575
-7.386842964990001
-7.290704335478584
-7.354351842593305
-7.345136676720433
-7.379260268506897
-7.362697276089597
-7.381120469245146
-7.438702239892257
-7.381206762168448
-7.394571427170625
-7.452563030459567
-7.366145386213166
-7.359578118447058
-7.353539888066566
-7.415437077558335
-7.403492302778374
-7.417750022911098
-7.392387807554659
-7.368933335590235
-7.42458693929728
-7.34311903165765
-7.41028762267103
-7.398062644312856
-7.404646933721768
-7.438188288318969
-7.373140925591932
-7.384857857266716
-7.454062480056736
-7.450044014453112
-7.4483276181147735
-7.46891004639069
-7.375479505879847
-7.44174077700701
-7.423211015512862
-7.434114142164308
-7.4179208880700855
-7.347663395295861
-7.386538776070124
-7.417548529897961
-7.368173243819472
-7.405193699256218
-7.426271308781228
-7.37744734644314
-7.465907964263879
-7.404573318659644
-7.419718245657146
-7.28780465532513
-7.372657803869977
-7.422358233605228
-7.300155682753455
-7.486512020580861
-7.410597999594838
-7.3668323416156385
-7.406781890232074
-7.453589991687827
-7.421611577371012
-7.396724546758745
-7.402412565893299
-7.423586153042702
-7.363725313993206
-7.383897222301361
-7.328630070141616
-7.379278418505402
-7.392120976118453
-7.411566920315116
-7.447119668378119
-7.399087363024326
-7.432590031926231
-7.45111981213805
-7.426263999184144
-7.479905014238195
-7.4279004469797245
-7.386907093567256
-7.446561216968556
-7.399039765427665
-7.4762838152060915
-7.437530449567072
-7.403450541703129
-7.377121722976327
-7.4443911258467965
-7.398147312629684
-7.3978299658422815
-7.347860073755304
-7.4634421422037525
-7.509006021128792
-7.407654280530399
-7.481250001315712
-7.388943554110807
-7.457790079475853
-7.450624211284044
-7.474874854106718
-7.502448515684993
-7.475258631705841
-7.441772174725895
-7.491656478312558
-7.4407695828680405
-7.514317055093329
-7.477722129084339
-7.45410255284414
-7.541404677998114
-7.443305395739123
-7.472890106018655
-7.578676094055332
-7.454318729250206
-7.504070040381889
-7.492258668590793
-7.392767880931321
-7.462174165682218
-7.440951685038296
-7.484047845135679
-7.468548488972425
-7.50341270232988
-7.502486305593422
-7.530143406626206
-7.495112123232207
-7.513675402261632
-7.478544255951438
-7.50705864846933
-7.442971945984619
-7.516092558716583
-7.525646558299183
-7.458382634864307
-7.495857199377972
-7.560456138258887
-7.538769838697988
-7.511254144701526
-7.499930438475224
-7.496955333540473
-7.5017485029880095
-7.505196128396108
-7.5003497750367
-7.481606015878779
-7.487404366295775
-7.472014878117182
-7.476276429244713
-7.47335554712749
-7.530771010203293
-7.298908599736724
-7.535634681247055
-7.576676814498346
-7.505921944142926
-7.49543933175488
-7.2893759138573095
-7.501973981328942
-7.536417152843137
-7.550799395373558
-7.439598667473248
-7.537546769476643
-7.538808571133396
-7.530931504093283
-7.574734709747744
-7.487610030009847
-7.530078874869898
-7.537708249438204
-7.512440090461017
-7.542011576259928
-7.530591401459613
-7.54961891764158
-7.5503683027973825
-7.604466278927922
-7.523653902420593
-7.533697020777137
-7.545829217717224
-7.518869250065781
-7.551325119351616
-7.606446975087657
-7.596555001686439
-7.562787403308068
-7.59453584862014
-7.62531029607052
-7.558546765337083
-7.533387621825871
-7.569261225906587
-7.613197352560487
-7.511560647653993
-7.513070696325156
-7.546346319744662
-7.5104258771735335
-7.56792241059909
-7.501359882316786
-7.500558053666342
-7.567399285617437
-7.499916314181182
-7.487689908169227
-7.469308283324651
-7.471719676653013
-7.511957251638863
-7.447692883754659
-7.534016949906084
-7.531410033133826
-7.502734220817446
-7.456719524779448
-7.487592160283376
-7.495930102269992
-7.508670801044812
-7.497790353174243
-7.483517028062841
-7.514364831943097
-7.504302558592406
-7.54952987160257
-7.560312634578786
-7.576885962297336
-7.478332299504285
-7.531660266782935
-7.634448619449493
-7.527788243817996
-7.53181794678571
-7.503833344727373
-7.5393588358386445
-7.50794063942358
-7.547628901979651
-7.598532042131673
-7.531930432586325
-7.576792489129585
-7.592681102491017
-7.6252045071276235
-7.57634186795502
-7.589014527254441
-7.572493115633986
-7.6273709453233085
-7.6030905780315825
-7.540142626401373
-7.6162089361796195
-7.565349537174505
-7.673651929581202
-7.583926456615707
-7.643582780158235
-7.647466411695152
-7.619271883362359
-7.599766613449737
-7.5787886961020625
-7.649190297426692
-7.648816056273147
-7.574974347781048
-7.655909818231507
-7.633671376531736
-7.605167344802311
-7.644428266538291
-7.527614468367803
-7.63085745725215
-7.409110333853491
-7.603348420443213
-6.986694781446494
-6.815676183902574
-7.007686598687204
-6.952423338172235
-7.319115236268566
-6.900711528567847
-7.586834689757089
-7.224534904746186
-7.636496478969663
-7.518632136529124
-7.663636294534296
-7.3938199673097476
-7.609382471000551
-7.679059988061287
-7.579800776518411
-7.630128646325234
-7.628152762378885
-7.637671469468481
-7.633665417378554
-7.679412601277772
-7.584227834959991
-7.636547193402528
-7.673918230973704
-7.552605383596036
-7.633049943407589
-7.531813566670997
-7.543462377436505
-7.516235479930278
-7.573723587535118
-7.582249945014112
-7.664043937393919
-7.5567939390449
-7.652092729383762
-7.575673832660837
-7.589607053497689
-7.631827429224057
-7.60299066438394
-7.632656821976574
-7.579326095884625
-7.630855967517552
-7.647046815684047
-7.597295971108844
-7.600422317313049
-7.605302361211009
-7.678271831722542
-7.675929366319259
-7.697406689844316
-7.625488216095878
-7.718571264868228
-7.599606547096549
-7.685111342613332
-7.660178179687304
-7.626214619716487
-7.632932876118814
-7.701994842579578
-7.583610603012976
-7.559217627539933
-7.635354068117245
-7.651000927454252
-7.717511328041258
-7.712296519936036
-7.641290133323249
-7.587253487877894
-7.668468365283298
-7.727467989533878
-7.654000698899155
-7.665073153611427
-7.691122155567365
-7.7634200753621165
-7.586524714108707
-7.640237041210472
-7.694246999898609
-7.737372199591173
-7.65157870799476
-7.6493803810260435
-7.650643272466709
-7.7662949794215566
-7.704627260762888
-7.589237187163275
-7.689776792708655
-7.696052131405192
-7.76096210848753
-7.7416755541770215
-7.647834201296829
-7.684710606554825
-7.735895302235651
-7.715506126675584
-7.690619833142297
-7.723698260289331
-7.60597258574899
-7.691156347034874
-7.753009378840389
-7.740560230283892
-7.721000917754566
-7.729669841594911
-7.72967948791395
-7.739239308262976
-7.6716365294892555
-7.728622043381631
-7.787165868657081
-7.731676236977785
-7.688110524171361
-7.710544227367795
-7.751285059780327
-7.678772971087333
-7.7499959116230235
-7.750154943404532
-7.812359432215998
-7.781479023381684
-7.7864015361736225
-7.713493399432102
-7.665042510417688
-7.7794934155568995
-7.765509169831448
-7.817439613465807
-7.740056083306768
-7.745117887829733
-7.74589291254667
-7.795302340130838
-7.788499747809197
-7.748298617505684
-7.737038017030482
-7.7288060286042715
-7.715118735637444
-7.77651680767233
-7.805989959089171
-7.77017620649674
-7.7082491165553355
-7.792526021975135
-7.81609902700412
-7.725244884061637
-7.751826406973064
-7.7546157077527305
-7.846515614151946
-7.7504141217944325
-7.754799287230725
-7.833203504057668
-7.7381890632576855
-7.719777555423374
-7.8711732694745855
-7.737553926345257
-7.708049787407465
-7.776503071634668
-7.740193789648522
-7.75977027760611
-7.80255485140731
-7.782687690264993
-7.856903429438116
-7.845959079656509
-7.762305816502431
-7.840649298752908
-7.751002982350268
-7.810850290466646
-7.756606715640179
-7.757741274265834
-7.842067014164293
-7.825239793482337
-7.8083083559049875
-7.706909696571643
-7.621075138608788
-7.862091056671211
-7.299995979706509
-7.73135178610767
-7.782337956019124
-7.757276338077137
-7.644790102598626
-7.840825797712267
-7.75010884476688
-7.842537642669503
-7.760652982889053
-7.786505637748951
-7.775795158012301
-7.662096378106824
-7.737961633083515
-7.6519766276598835
-7.6194545127088125
-7.677823588912577
-7.592123618181481
-7.588753021998234
-7.594549968358841
-7.550477458978538
-7.623271580217703
-7.62957690375017
-7.608353593296586
-7.680979780001984
-7.690840609174654
-7.6301078413864225
-7.701189305114302
-7.742670470079999
-7.726345199568077
-7.673027070525492
-7.653933723949733
-7.736785913973235
-7.755429867129222
-7.776658412882764
-7.654751394868342
-7.749791953006002
-7.795069223575959
-7.75230862252355
-7.825958346351682
-7.7944270762722
-7.780370780932651
-7.784328402964977
-7.768241976001803
-7.776699571179655
-7.788508088078846
-7.835581038891902
-7.866626990971145
-7.789885939087599
-7.833032777987004
-7.79347952647964
-7.843931516291045
-7.800530638335515
-7.820172792597841
-7.899410399345694
-7.877995893574099
-7.8430400226169485
-7.878408562949311
-7.862471423687552
-7.840604186894215
-7.957691437459488
-7.801696170781163
-7.909121963333525
-7.887993436671794
-7.838657888887667
-7.237772439882729
-7.874212092068466
-7.781991834742017
-7.624081961139613
-7.725377224024578
-7.902367275465929
-7.893259308315726
-7.925138411882809
-7.880778401820216
-7.670422089395037
-7.663204106125609
-7.731782106984248
-7.882043455494131
-7.767228136622737
-7.8817427749917135
-7.863141432982889
-7.876291334382737
-7.8737045494592905
-7.776028493155812
-7.853849803178315
-7.782802860259203
-7.718102947738432
-7.685648084730231
-7.673847024721872
-7.645825123080666
-7.521017002262572
-7.6929876059455005
-7.598495026299876
-7.5938749769903
-7.679250739680718
-7.621787997905145
-7.556289258418518
-7.513973627774489
-7.581964375578533
-7.695483030773737
-7.641822131768212
-7.590355760901968
-7.586696346970732
-7.629981394892184
-7.630991117384781
-7.616500666247645
-7.6187901288876025
-7.696362851539345
-7.736734976078019
-7.698114959485915
-7.676412052626313
-7.704569406307229
-7.733171595160171
-7.858751692052419
-7.773328774842368
-7.74003539444484
-7.819821620455009
-7.81482085580073
-7.756266276206222
-7.835460009988134
-7.768689878748454
-7.7880423689859475
-7.8248233963524205
-7.811183257137859
-7.839001075821892
-7.842115208310196
-7.8616611469028035
-7.874188713391135
-7.845450151823812
-7.962784291314829
-7.956254007953501
-7.852641736084974
-7.838501108197871
-7.8693490224650295
-7.862762606216059
-7.8936974382254705
-7.833542658023005
-7.972314898821188
-7.835650154733628
-7.851645928830969
-7.938501691473281
-7.908497820094269
-7.939105209962626
-7.901226954315169
-7.873201728431621
-7.937009503315867
-7.885905409290849
-7.8852940685247646
-7.893006315232745
-7.924716293176956
-7.926745421701316
-7.924242152236308
-7.883256555945734
-7.893988273273557
-7.868721462936981
-7.88113042543199
-7.961124948288358
-7.905259286895273
-7.894727685971893
-7.910577602828472
-7.892046008213554
-7.878363992164378
-8.01504910236553
-7.966172463158137
-7.8834053986960475
-7.981078470050111
-7.962791858276673
-7.988179860481255
-7.9534454084518575
-8.029395815503232
-7.955163785663121
-7.923732780543901
-7.969677603309515
-7.922727474443878
-7.9443720135972615
-8.001211558184455
-7.899654359856794
-7.968721016471552
-8.016858489988595
-7.997919928857282
-7.859437403476142
-7.773561863555456
-7.994549132662545
-7.98822522013684
-7.903529209350104
-7.934521748785805
-7.661983580518913
-8.01788458360546
-7.951301061148552
-7.9487067265655895
-8.04063253668998
-7.8336225483360025
-7.967098016974427
-8.005226846682866
-7.9542955094564896
-7.974210247721864
-7.976984358431395
-7.945057113260717
-7.912339858786033
-7.913364457369949
-7.93520092515015
-7.943890939221818
-7.93838618468174
-7.902295911957999
-7.9067397228390055
-7.928408433961863
-7.8594234466857245
-7.867536015746143
-7.920547350292015
-7.86536277111088
-7.904853545806924
-7.910964562966708
-7.8777383822777045
-7.913850796401427
-7.879951362816785
-7.879623862689541
-7.963503030900457
-7.892628636332827
-7.976054494280857
-7.911427404393038
-7.881479990488259
-7.983089880713083
-7.946542906656965
-7.999968063622383
-7.908256778694572
-7.942204442621715
-7.939841071596472
-7.92098890492877
-7.992637867309741
-7.861837813866399
-8.034615125284908
-8.052974985399915
-8.029055865513774
-7.951749007033296
-8.030346464041315
-8.046447316090632
-8.032282688442933
-7.995387614034811
-7.958524515017597
-8.039156564948138
-8.018391848035895
-7.9999061555766975
-8.09919726028584
-8.06555906274994
-8.030718687881729
-8.016571552326075
-8.034690093315842
-7.996273565419258
-8.04712239211286
-8.04525646858517
-8.079134965512335
-8.019788330547424
-8.066793654122852
-8.046596940407191
-8.044620483367911
-8.08383401028381
-8.077565034718116
-8.065774510717857
-8.03516586729335
-7.930914170157888
-7.962906181988103
-7.795556182095467
-7.225795186002412
-6.794526820234727
-8.150508015752994
-7.814716098078572
-8.050527901333018
-8.07745050510936
-8.101903675589911
-8.022375182821866
-8.123108345481608
-8.013050294745145
-8.048974591412533
-8.034803617756234
-8.048360559838644
-8.063310387927954
-8.043044423992262
-8.092259618594758
-8.013827103605236
-7.819553334538989
-8.091793975808335
-8.048274946768299
-8.104088854368035
-8.069602555427386
-8.06499577712696
-8.067198582703519
-8.066905944354962
-8.052965323492865
-8.015166132340092
-8.054098203677801
-8.005786658763931
-8.113887893336988
-8.138323899170361
-8.134004918781025
-8.099176676584243
-8.050507382299294
-8.117622366156638
-8.101105826497509
-8.079161106981902
-8.08706734473317
-8.07284783506203
-8.04449649241381
-8.071940524002258
-8.065738362045495
-8.114069237541429
-8.010860727781058
-8.053363001191178
-8.022058212868323
-8.065584744861813
-7.9857981219491565
-7.962037291821204
-8.030261155181199
-8.076655092968016
-8.01351432858785
-8.000188450962533
-8.037706236161076
-8.147868544532736
-8.09060383702805
-8.103136683051451
-8.036105769439802
-8.088079887584135
-7.997479346193282
-8.00353251134454
-7.959351316113372
-7.944357080722234
-8.027629866122421
-7.986721028258905
-8.054984150955846
-8.046000935209092
-8.073897944435364
-8.040814645950467
-8.024481120240551
-8.089263371426542
-8.196715361215134
-8.014712326118156
-8.112516155337241
-8.081887664042894
-8.073115531841326
-8.11300872824125
-8.19990717367016
-8.090563829584893
-8.136728734212141
-7.974425277213318
-8.103508100103488
-8.080144487814694
-8.119097233680769
-8.159002221729052
-8.115761912818114
-8.109972695384737
-8.108378886606426
-8.048891964424909
-8.160269779986113
-8.093334969055865
-8.164890462070906
-8.134789233622653
-8.21186559041825
-8.1836289996044
-8.168873545155847
-8.044732162799676
-8.144631072352775
-8.13012141567504
-8.120198274975731
-8.111614277437091
-8.148315375125271
-8.118479295522425
-8.13508726602493
-8.213962204218559
-8.123517799979686
-8.100177996621824
-8.13290796226345
-8.188346163150214
-8.205454517678037
-8.168340647326469
-8.197318163532001
-8.167648958839512
-8.188514036231712
-8.142631630929225
-8.145497847336395
-8.197445823901914
-8.250234084662864
-8.098269414751142
-8.188510022792755
-8.178981045680823
-8.1529507040242
-8.128278825439835
-8.240471455235662
-8.182818682855777
-8.146133094254756
-8.18086878148
-8.167106728603057
-8.164953655026398
-8.169371643032305
-8.2429118684285
-8.218965181165103
-8.155754133061777
-8.180192954753169
-8.163650713038512
-8.209911275482447
-8.22662357976527
-8.23451860980182
-8.236406684127896
-8.125503168791077
-8.250854504516878
-8.114442811562917
-8.144035532617037
-8.191425853834508
-8.127563500662498
-8.107865341958808
-8.138515048596018
-8.117038959561965
-8.236362967262163
-8.16215120735401
-8.157177059152259
-8.185646791574527
-8.12449533655512
-8.256214580617929
-8.214213201228496
-8.161565991468558
-8.214751338696718
-8.156349324334128
-8.214740601122518
-8.186103335269738
-8.132275453297382
-8.14513993185792
-8.163194122361665
-8.158511419460647
-8.177047467388086
-8.244287411648136
-8.23789471440388
-8.152010835261198
-8.179626146329987
-8.149958870200022
-8.233005235393474
-8.274629166844239
-8.243373338668215
-8.223172756778071
-8.194496604420747
-8.25555807539431
-8.21662977611738
-8.241084033091047
-8.010087039822213
-8.232272322426509
-8.182558463672462
-8.213020667057306
-8.306296324483453
-8.18373073705948
-8.222231294994934
-8.305769539067779
-8.214555604235823
-8.295652508659996
-8.252425440736173
-8.242919859548008
-8.196445569341224
-8.286285116818263
-8.25529082398691
-8.308247763252934
-8.317574590190468
-8.291478452649084
-8.301084150198049
-8.223027341455108
-8.331083506753004
-8.292722463536553
-8.212856729259718
-8.244873616295473
-8.291708414502398
-8.217990840026951
-8.189812973553204
-8.23537847374485
-8.199977963041215
-8.2213111372248
-8.158621610729353
-8.232524852161866
-8.115058807477698
-8.153153120364577
-8.218074534131333
-8.14004026717809
-8.226411280939097
-8.249809561351858
-8.221208565354207
-8.173104704347443
-8.266842638049031
-8.20327610544104
-8.29183276358543
-8.281885910436149
-8.297602156642892
-8.210518388450533
-8.189970492179008
-8.274329498856366
-8.191456738336763
-8.261222205916825
-8.141672271472551
-8.26785754590479
-8.364302234084802
-8.273253739147046
-8.2484846171104
-8.346657724412934
-8.330048927456268
-8.29033110125683
-8.403957467175662
-8.338021406892553
-8.28387478812034
-8.321181269163343
-8.344112112975466
-8.30726547898444
-8.327232986467477
-8.30396613196943
-8.323381103186216
-8.199101989214915
-8.27901812836768
-8.29605881135991
-8.270229214548172
-8.282390912282493
-8.37032672201828
-8.349546552300186
-8.326145087322905
-8.199060698766733
-8.336685547487823
-8.229268698239514
-8.27698728173955
-8.292383250169442
-8.24649849702198
-8.27599593255778
-8.354090536513855
-8.325139728149786
-8.384934037419084
-8.336636978426345
-8.275494293980792
-8.324055238635767
-8.391045420885964
-8.353448876000959
-8.284017997829608
-8.28694884091284
-8.30620853314742
-8.369926070246278
-8.370631828894735
-8.31047463301978
-8.32597418458422
-8.287645101727145
-8.352348717971163
-8.3222941640669
-8.279561607953687
-8.278284928149828
-8.284090046202719
-8.388651385345794
-8.258498181083572
-8.292186490378963
-8.232759424618463
-8.336275117428249
-8.383086516571693
-8.317762773952214
-8.276461262543638
-8.296512854561094
-8.208116083510605
-8.234865267940553
-8.317534210144974
-8.28798841007413
-8.382909034019361
-8.292449719543342
-8.32795428482002
-8.388937370618233
-8.368308108342479
-8.320861405746454
-8.373329185567085
-8.426502921257892
-8.36139202240309
-8.35451685632631
-8.284255045141835
-8.373085811616717
-8.413367836168176
-8.37933733755993
-8.372268711692202
-8.39590099782942
-8.332188753795325
-8.389386145800122
-8.392274941925201
-8.371923505540922
-8.44089256427343
-8.30916624950581
-8.390481946694988
-8.418045540570501
-8.329734711711055
-8.294742122303207
-8.033503709828087
-8.34704162737705
-7.8340377008537665
-8.449923777865868
-8.418789884776135
-8.403118553386673
-8.320497347072243
-8.387047553965383
-8.330361667571365
-8.354974567625206
-8.371898404195603
-8.349297493713948
-8.417741509075274
-8.253870156249844
-8.260268385011882
-8.24545330576578
-8.167335335986365
-8.23333808227172
-8.222045380876018
-8.232596744092719
-8.240125620873586
-8.20369502521921
-8.300172680960342
-8.243878928954251
-8.298568608254705
-8.264126502036568
-8.16227168119555
-8.18426933265653
-8.188858740967422
-8.302377361597946
-8.342649958645415
-8.303483930319382
-8.310512514556935
-8.336213158489906
-8.336932121095009
-8.343117207152366
-8.324325874635191
-8.349998066539218
-8.379024176505201
-8.380604426208285
-8.36331198817972
-8.330216728748102
-8.387564209729916
-8.376173645153374
-8.380781791879622
-8.38936731930122
-8.35349479739584
-8.416878832825141
-8.315470626001108
-8.379777869495932
-8.39167442340326
-8.407523457337575
-8.410351901632582
-8.417836431592752
-8.445706052406509
-8.452830874676554
-8.412691884009512
-8.406620987488362
-8.439493075143172
-8.431105749334227
-8.440527929804459
-8.474352709722716
-8.482381307839688
-8.36068826075071
-8.42597892105226
-8.431342599421434
-8.516083252054939
-8.414966131538797
-8.442410216297027
-8.471358364982976
-8.474475439588911
-8.4850981312787
-8.39414443518334
-8.417933310464226
-8.376579469739765
-8.494898758393708
-8.39826970801533
-8.455587357557445
-8.476956251491007
-8.392230075686724
-8.436507122164741
-8.471134308476868
-8.429675827457556
-8.451883032896111
-8.426189572516039
-8.4814239932124
-8.447184918637634
-8.425311054262169
-8.500325453074707
-8.406076101726901
-8.511922689905186
-8.428464056771995
-8.493244893838728
-8.407059165373102
-8.419255235461904
-8.518076333374227
-8.447985995038051
-8.449825365842804
-8.436996545411063
-8.446364548502613
-8.46265717046426
-8.55776580406901
-8.504595221487326
-8.554548415352013
-8.416090501466806
-8.48913734970481
-8.542121233044334
-8.403315999945791
-8.11642866277723
-7.620854680560491
-7.253399628900451
-7.036845593137364
-6.963368569790375
-6.451617555595835
-6.170477102164705
-5.859959607431545
-5.608300458005974
-5.851959947900621
-5.840636953001937
-5.848763644729102
-5.794495304056966
-6.197398607925648
-6.158547069003522
-5.819043540580465
-6.901204702087951
-7.218971576716136
-8.11676843248893
-8.52646519551694
-8.515705530793301
-8.426208311172905
-8.293604421198394
-8.108518253968962
-7.973713784969482
-7.760737361144951
-7.602752032940076
-7.447640587486605
-7.500551515419199
-7.208106213014327
-7.141932566702579
-7.143575834752063
-7.172957447888227
-7.128959923516856
-7.280584641097292
-7.246045132143452
-7.400358197422079
-7.419612841306635
-7.45727615799479
-7.603992766984229
-7.707283904112405
-7.747640206447101
-7.801800540586569
-7.837090081698157
-7.9872485871419805
-7.930400953642267
-8.052611867983419
-8.146130741266715
-8.179501670596789
-8.062386915287473
-8.225458375065287
-8.343989298412362
-8.309320540588013
-8.317098970962155
-8.300092448765627
-8.260688466482643
-8.32289661535401
-8.436413633370504
-8.42793642930389
-8.399828935477798
-8.478429540858011
-8.386350754490428
-8.462496905088292
-8.45237226349717
-8.412926779539703
-8.473363264274154
-8.441805609351539
-8.460803340162824
-8.371391213776947
-8.485367417912476
-8.355380104975982
-8.392075922448017
-8.484219039613553
-8.451473077237631
-8.502587990877801
-8.462137642623551
-8.540628151687525
-8.476711935536747
-8.490931925942311
-8.560015044022157
-8.539837231781119
-8.471391700694195
-8.48782309691188
-8.497704208095216
-8.543577917979047
-8.494281210916972
-8.53848578755912
-8.423912783934087
-8.506769899368006
-8.560266874964917
-8.439927742371095
-8.549710818544824
-8.490682154948912
-8.534128340074338
-8.499778978890898
-8.601039026441045
-8.431664220218067
-8.428698823985608
-8.546378366025888
-8.460397112642486
-8.52149040698569
-8.610407330810927
-8.55608242179657
-8.410269228346158
-8.53169622567661
-8.475012944305567
-8.522358452736066
-8.552598150869974
-8.536754579177297
-8.515852911663174
-8.453631724699688
-8.534328413705314
-8.565583010029275
-8.526129006186014
-8.639536446724557
-8.592432303424697
-8.535430392231097
-8.483620324046232
-8.555260817705664
-8.53839603653369
-8.496023021178805
-8.58090988270858
-8.535983968328713
-8.488666965021464
-8.535142678928274
-8.540827385015552
-8.505367243580094
-8.547308311234675
-8.45137622899644
-8.549348844507312
-8.455398830600037
-8.403444049266216
-8.447623760308089
-8.326394501556758
-8.317609720553135
-8.232817155476225
-8.107563939855751
-8.11174350946357
-8.048506867705797
-8.061930211619412
-7.882098639714369
-7.808277896767821
-7.789854782317699
-7.802123593515766
-7.923929380737994
-7.7213831284501
-7.906332731810598
-7.753439867815081
-7.859523384026623
-7.807585366249518
-7.86976973866691
-7.9608433627740744
-7.822315214032357
-7.895339051075111
-8.027580512492458
-8.055663557054704
-8.046450368878565
-8.079496454295844
-8.041348911423148
-8.134524864060682
-8.124113178317415
-8.097866170081145
-8.11523129384665
-8.193396988188208
-8.189667015638685
-8.289025283272345
-8.265148775863002
-8.245133730009208
-8.249861582266952
-8.310293894228053
-8.31946687763654
-8.384195565240557
-8.356699320505696
-8.389360167254644
-8.494163096665138
-8.419641564644763
-8.426100965249402
-8.464060311877327
-8.395199151550798
-8.422031905359367
-8.440108431407118
-8.516682642291824
-8.426025563538335
-8.40756378077666
-8.445447540930665
-8.44415388920242
-8.427969566630413
-8.508973981763157
-8.544376200153966
-8.54834640304538
-8.563475316955465
-8.434435546931462
-8.464987399182927
-8.496372734709443
-8.62286103349232
-8.5191135390496
-8.537912595113779
-8.531879664121632
-8.620564232311828
-8.499631545070578
-8.53076811731573
-8.520786681937599
-8.578722618559562
-8.509172099402987
-8.514403333621173
-8.564865112805673
-8.527005838054976
-8.473043856333659
-8.516428623040552
-8.556919249068127
-8.65462244260542
-8.60451886105585
-8.517924636720236
-8.514191879784738
-8.530335570445118
-8.53518228367399
-8.499301115271132
-8.59847109921139
-8.66122438818118
-8.527011814566054
-8.58759873359163
-8.666138224627138
-8.555247212183252
-8.580759599668935
-8.564059705451566
-8.55563700418715
-8.521674086161342
-8.512258532392398
-8.556980626106386
-8.513921755174055
-8.584063910408066
-8.557278553769724
-8.518209945644788
-8.576748219814952
-8.619012126906886
-8.58972882219126
-8.374198962810501
-8.672665650711815
-8.651100363802703
-8.594002171322815
-8.569649764848728
-8.107372473661501
-7.133505127401385
-7.579853109696242
-6.899577851264704
-7.79702376809459
-6.831101901772907
-7.970717902796697
-8.033192060834574
-7.810738851103354
-8.123572087472928
-8.13966039413632
-8.045245581789542
-8.386709191072084
-8.652986780205032
-8.57858562434156
-8.582524679427875
-8.525331191450656
-8.53215393139817
-8.402757129599328
-8.315677208071618
-8.25108798896288
-8.249858711442267
-8.097798286123918
-8.13066258634971
-8.16178144085483
-8.030935308414762
-7.916607048142606
-8.03625986782839
-8.045541622599448
-7.964178047160513
-7.99808387752465
-7.979197665136566
-7.944224325887075
-8.033976795046877
-8.010563639454393
-7.993392659557644
-8.020639559835782
-8.098772304081646
-8.079133483410677
-8.088977497381677
-8.045385439216014
-8.164505913754004
-8.160443635733303
-8.122386635736687
-8.136001106543997
-8.193315544780555
-8.17683652488745
-8.249208800872038
-8.313517810391449
-8.244673643498606
-8.258300631043637
-8.304689162206968
-8.208076679237186
-8.345660712686248
-8.24838348315697
-8.291873829877655
-8.365447892765713
-8.367425338262873
-8.413224115966338
-8.419425260110234
-8.409324054588964
-8.428790189804603
-8.402797968057945
-8.319469147882137
-8.616578907871954
-8.454362046184182
-8.525267800278451
-8.488385794439223
-8.534127804703132
-8.496660715496306
-8.376125472777142
-8.497411996192595
-8.590994421665323
-8.522678655559417
-8.519271093109555
-8.614627946014986
-8.48403790680152
-8.510194190771209
-8.559484685357068
-8.485954886115397
-8.591733883136326
-8.520184808161236
-8.610527631950522
-8.525056752294686
-8.58423023115472
-8.567252187986238
-8.606278388624338
-8.656411387655162
-8.648473597330177
-8.555025120922158
-8.593867191827163
-8.597297546174564
-8.562223777895701
-8.55182837633699
-8.597649923212401
-8.515965343884735
-8.577951688098002
-8.647889095829516
-8.664261572205582
-8.722697956763168
-8.673684550456997
-8.654594716189642
-8.551471348755603
-8.679608088657188
-8.69099181650859
-8.627354684368036
-8.69964132058613
-8.668497330544396
-8.631894140013486
-8.704941067223315
-8.650022950048514
-8.645564881517515
-8.702523473656676
-8.707761542432843
-8.73394832676495
-8.668302266497014
-8.637528647714825
-8.657911215104658
-8.653560344476361
-8.60201489412532
-8.692934490359177
-8.627630453149575
-8.713946438841381
-8.60328441079943
-8.635055449605103
-8.588880118226037
-8.44307613836878
-8.640588685372434
-8.380820457828007
-8.466424782109858
-8.696544011190804
-8.690456269889625
-8.678995436889604
-8.3729406029182
-8.690052407971995
-8.581802061234383
-8.593755273529267
-8.579866944356842
-8.565212847380897
-8.653981714079586
-8.429147063210143
-8.571576188803524
-8.5203737812566
-8.468569243171828
-8.353495104251309
-8.482592893391013
-8.407133889970003
-8.357077119139836
-8.371486211079553
-8.345124627246493
-8.268884563164198
-8.362599755046384
-8.273987130184272
-8.376759432359291
-8.368363570431944
-8.378923212551369
-8.31367953101476
-8.332556351499045
-8.36527862158236
-8.342984658111764
-8.370146034280022
-8.424465984136745
-8.317206407313817
-8.368034231131551
-8.438050099164725
-8.381430070951556
-8.40765183922356
-8.439191555142507
-8.42276532377448
-8.547188584885982
-8.52676418636629
-8.50802356136276
-8.442360551028287
-8.363886289207736
-8.493861820700563
-8.483216724212395
-8.502445119957908
-8.536822472003
-8.454879699285986
-8.600647047637915
-8.597494531892982
-8.587625130247224
-8.539657528571263
-8.540980053749179
-8.591015172298327
-8.636907883158555
-8.630302224307707
-8.540181324241322
-8.619294940698323
-8.598328495329833
-8.55009338990896
-8.617859906471624
-8.701497970050706
-8.66505091111502
-8.624172509807655
-8.619159888612385
-8.666567864560276
-8.604703052755568
-8.686252889231614
-8.669774059136964
-8.615229217345698
-8.67815345635467
-8.622057985238582
-8.746783426013131
-8.676455407534636
-8.60910653345742
-8.591799411368752
-8.632332301068699
-8.615403942553035
-8.611509613375208
-8.66481865051468
-8.632329776299837
-8.708095313865753
-8.744331500192985
-8.640830952717987
-8.640754161491339
-8.798241156663787
-8.696779006667173
-8.675378774316723
-8.73051516294705
-8.709630662150273
-8.752950543074617
-8.736823591771772
-8.639170341138248
-8.650733836443278
-8.71841634160027
-8.741599512126328
-8.715624029969684
-8.69168376505355
-8.724969118555178
-8.730724395860717
-8.689727708280687
-8.69605623834044
-8.804444159448458
-8.779817527373178
-8.719263005494025
-8.74927846227954
-8.749284946927128
-8.748464818901633
-8.811364883645194
-8.738191408221086
-8.742107384915098
-8.713239593917852
-8.790567196300717
-8.730058625299003
-8.72177564913103
-8.759653743106561
-8.770689909716474
-8.766424968141095
-8.777930670690685
-8.669747144637233
-8.794025467695525
-8.622951964431413
-8.73051769450223
-8.817007412598029
-8.809724818074917
-8.62609710783178
-8.774427229974991
-8.748514178449394
-8.782762039857943
-8.784562322932555
-8.756526236969725
-8.721014998460648
-8.723033795876253
-8.788762698236702
-8.667151293968157
-8.777490310178466
-8.79071140074442
-8.435341040253354
-8.64922726597013
-8.741248566971192
-8.73171963724219
-8.797222639205616
-8.868841213506668
-8.740423128528711
-8.725243157296836
-8.754457284652707
-8.612829359263745
-8.786750147991864
-8.762703023003679
-8.778891675427618
-8.729530582122836
-8.764912577907586
-8.743289568454427
-8.82192815074739
-8.761653946259495
-8.792016438985224
-8.742677874262823
-8.820402041781747
-8.730676658462452
-8.746771726046346
-8.774727655457317
-8.764740172563382
-8.791136403441795
-8.808014573119241
-8.766598992896169
-8.705379783295763
-8.786617096607433
-8.833537587125383
-8.79202819999272
-8.750681888177006
-8.775932480346416
-8.750277977001018
-8.789090699950863
-8.800517232308323
-8.811375962195958
-8.789222041107559
-8.805208353893372
-8.873264693563838
-8.699176470288748
-8.760718153212188
-8.701524034989447
-8.653516605926056
-8.83493303507368
-8.774444209721887
-8.751689511548298
-8.779495023265076
-8.800739358163936
-8.770275401678353
-8.755992082990995
-8.774400512317468
-8.881670544979126
-8.84056374413227
-8.828279296677076
-8.735467443055331
-8.75577193117447
-8.843357679498071
-8.78535458454318
-8.72462982649035
-8.72898521137694
-8.75461611145276
-8.781281295862804
-8.750999444929553
-8.71571912566334
-8.876886143257341
-8.792934434393436
-8.782069466794596
-8.783090139951394
-8.769413241390998
-8.727777182505621
-8.641719087257957
-8.758423992536615
-8.7884983625427
-8.81112183911314
-8.68227133693888
-8.768634414196631
-8.854444310625627
-8.7100723425792
-8.76115714555471
-8.743484174008666
-8.653094195577529
-8.851901404365059
-8.658051639001838
-8.718519718161216
-8.728397548447711
-8.7768775620486
-8.704530621709308
-8.718923252237358
-8.726238851553743
-8.756667735642196
-8.768929153227822
-8.8064024702036
-8.796943295907441
-8.71454318197208
-8.804693791911339
-8.742547622424032
-8.818785111525072
-8.828238568872406
-8.793579850448385
-8.75327366750791
-8.824976695147923
-8.775703612540537
-8.83569475381287
-8.757556914362906
-8.82628109655253
-8.833117152060373
-8.754639048015608
-8.789227550187043
-8.789610147216326
-8.746413352324556
-8.792665477851804
-8.75991415335583
-8.855923828015378
-8.854091527317406
-8.783338300020418
-8.805097879217524
-8.785434314917865
-8.882610757452438
-8.805325328343747
-8.810045226604515
-8.77547746078151
-8.82678620753413
-8.887576046619067
-8.7250455285057
-8.848377795702971
-8.740674199040217
-8.882733875598054
-8.810853313495413
-8.862101425048287
-8.799120516441155
-8.852450951370644
-8.785509976469717
-8.81906083235299
-8.884347244089424
-8.89536630039086
-8.790751336332297
-8.838272755215074
-8.781167254277614
-8.896915676869261
-8.881738202393402
-8.887810583977677
-8.874268242195233
-8.829906156922107
-8.792331941073238
-8.893422358787403
-8.859332127664649
-8.837879628965519
-8.851768182173396
-8.881014285838122
-8.816147184869376
-8.835011214407748
-8.883503631383173
-8.856547872009621
-8.8133204544551
-8.878658554141635
-8.746765511642286
-8.837629188479522
-8.860416380882679
-8.84056148099279
-8.845305930267534
-8.924543672687081
-8.843345091443268
-8.93342691047031
-8.98396027388999
-8.861205540757044
-8.804705855497359
-8.905533032329663
-8.825898446771538
-8.902886710596944
-8.997232556803478
-8.85178124774855
-8.845921928571313
-8.831801973314358
-8.861213760868997
-8.852826116230435
-8.837595372307982
-8.87467214270629
-8.856370727450699
-8.833970881047259
-8.85142918264372
-8.843882810036726
-8.81433402669546
-8.839754138669068
-8.912530562329463
-8.959195243508281
-8.769264048880904
-8.88066714052995
-8.840932952952624
-8.876399137347258
-8.969602500027412
-8.845649902013816
-8.850851252206274
-8.892652013473976
-8.908461702326042
-8.851998281901983
-8.816349741752783
-8.839174381810905
-8.924222764018529
-8.87739733777134
-8.913215651142565
-8.859765829060983
-8.87052309823774
-8.954199436817355
-8.771402004599462
-8.894961313104
-8.857929981343295
-8.887323483839939
-8.873893755798884
-8.915880559860964
-8.929384765906583
-8.898027283098727
-8.92996100088841
-8.861244543807754
-8.915786688156627
-8.909093852427409
-8.92624881286158
-8.939513992750474
-8.867145017305035
-8.921858622437387
-8.906078562711398
-8.940325626089523
-8.920102526995596
-8.795147238239531
-8.866222085723352
-8.93295603178524
-8.861425332759733
-8.921532711742818
-8.868573352664312
-8.92697102284517
-8.798698478283276
-8.872572514614381
-8.857470602728428
-8.904097032193263
-8.946071176781908
-8.916754836338711
-8.912441170157809
-8.958600721528834
-8.940728534832497
-8.950672193221711
-8.878168010162598
-8.955136502749516
-8.888227319473852
-8.884453601037164
-8.861272467117887
-8.844808531283268
-8.930438552959021
-8.863789155475809
-8.96510700077254
-8.931211471189991
-9.009932482083673
-8.910332090248815
-8.952350516455267
-9.001443591853116
-9.009067625280215
-8.993296319580187
-8.953289454480789
-8.794384453190808
-8.931823268544045
-8.961680083413425
-8.85784736319027
-8.821048620395878
-8.754977234615456
-8.668492805469091
-8.529088382575301
-8.381269064839316
-8.273050945379522
-8.183955630466093
-8.233783781144622
-8.203773768907338
-8.08967248863397
-8.091896958235665
-8.044266921209028
-8.031620378775456
-8.040130291679462
-8.148504658274678
-7.988604402705457
-8.145609880254414
-8.077841811922916
-8.180919135950473
-8.258794667955648
-8.279845721946165
-8.302016402248091
-8.379312976653518
-8.391846302859802
-8.383423953304904
-8.420581106758041
-8.448729949580237
-8.566155267237352
-8.593132956425954
-8.554417428829614
-8.589113692203282
-8.608451678981904
-8.587750709514696
-8.703184497382454
-8.742155503934857
-8.654489867781686
-8.713719587389281
-8.803443614527692
-8.759170575004868
-8.720985576516664
-8.771794831165728
-8.760183498910692
-8.872592657754067
-8.786025711857594
-8.909485470327706
-8.871278894692257
-8.909277208302077
-8.90780918224732
-8.93563110258795
-8.89683427931143
-8.762786654042161
-8.89117957241173
-8.886686295821935
-8.895279426707686
-8.905107262942112
-8.935908246400432
-8.876944293329311
-8.894707437817862
-8.958876999172038
-8.994418648678737
-8.899541488802909
-8.854154538210505
-8.964089655787628
-8.867745518748576
-8.923041623274923
-8.932350507831968
-8.837394813583982
-8.899207687658349
-8.952646612438706
-8.80154456194757
-8.965978008965365
-8.94985825262933
-8.976677730481022
-8.974198729514967
-8.94692546894577
-8.973799426467664
-8.953809357791199
-8.945568859979955
-8.960915590693151
-9.004712545467713
-8.965293043228666
-8.993084872949991
-8.853617566679969
-8.94103602175119
-8.877225646377436
-9.061146692062099
-8.926367416960046
-8.95811590773734
-8.907129850626397
-8.926766687165937
-8.874925073942581
-8.911128487111585
-8.909139130593509
-8.916736519951455
-8.939081105959273
-8.840006194977159
-8.941582379058598
-9.007954727631184
-8.945435120772595
-8.952644656742546
-8.981145702619404
-8.915782423241632
-8.952197917156335
-8.953310098050629
-8.873083834781236
-8.89686295942924
-8.945588411120985
-9.01227636727597
-8.971562860990971
-8.975159882621176
-8.947780776573962
-8.967542497971472
-8.9801827180377
-9.01313511795093
-8.892779958253312
-8.902761182154727
-8.913657057980663
-8.995243697239205
-8.975542593435872
-8.984268461336077
-9.087022274361628
-8.965588537446207
-8.94993066097769
-8.968723947013297
-8.988910466462576
-8.945499227286517
-9.028709697389631
-8.95444299805427
-8.294094934423041
-8.751359052598085
-8.958780494801124
-9.059674614614709
-9.058057588558851
-8.948815463073728
-9.031014057610426
-8.928279428205839
-8.911762285011873
-8.916884078813588
-8.953234705556088
-8.856475651849214
-8.864644489155326
-8.851988800022207
-8.83643608003217
-8.786669301440815
-8.884553243327046
-8.769612922117785
-8.762022697697565
-8.812272521737313
-8.777031830269904
-8.824849177676002
-8.868169146905016
-8.831643352841029
-8.833764942789474
-8.729691862839081
-8.831924926820511
-8.76292230829456
-8.827522837712754
-8.897248011416638
-8.783408010849376
-8.84895395903708
-8.85228389995476
-8.724643908253098
-8.878350955496545
-8.894276283738703
-8.923430161187762
-8.927682412489803
-8.975542662124168
-8.897689653536458
-8.907575404563937
-8.986500589138785
-9.005061138136682
-8.926871204434924
-9.022431844511246
-8.945503550608567
-8.97562807699106
-8.959418407138148
-8.91279478029936
-8.917636860335701
-8.959738864050674
-9.017371221104602
-8.98502373245889
-8.973970323928496
-9.047587328698969
-8.917592546547926
-9.015891857985954
-8.95863420741709
-8.966697910193796
-9.112714112280782
-9.026964729204549
-9.038866393615933
-8.975782143755017
-9.04859262891945
-8.973980895158693
-9.070119397371034
-9.09527258573149
-8.718777866514097
-9.077113262653954
-8.896760675537065
-8.97965627497644
-8.999687795446626
-9.06099797872066
-9.12452930368344
-7.949955064506631
-7.550384431060286
-7.906080587480583
-8.986907589750514
-9.085292202331734
-9.10756155889984
-8.989573356145648
-9.128554906833186
-8.881960085199879
-8.994570726772114
-8.876762794079447
-8.965335550928373
-8.796959147001914
-8.760125675383197
-8.649010672041504
-8.687744907786195
-8.695257752051253
-8.693923867271852
-8.550389323498024
-8.642699459094334
-8.600346749515785
-8.502927174690393
-8.572100345363733
-8.590040369557206
-8.560646450340007
-8.626601805969894
-8.551980235558716
-8.589040122606047
-8.537848185673699
-8.594410692974444
-8.595271521502855
-8.587910058236936
-8.539097386925947
-8.575878927646304
-8.754251335892594
-8.627071967474404
-8.724434989786195
-8.731285130314037
-8.741380386028462
-8.728859948068788
-8.769949142474108
-8.680997930633279
-8.763226809677779
-8.793791002427009
-8.807471020895793
-8.757055833524836
-8.867228043298747
-8.830901103340624
-8.853497767561867
-8.824264712021458
-8.84605963709407
-8.90779696033981
-8.863400753475295
-8.874883870818394
-8.947915165665927
-8.90778593863014
-8.957170502348097
-8.928867081262036
-8.787404644692598
-8.89941005901492
-8.955218472618327
-8.885082691975807
-8.901031212883685
-8.952674923420709
-8.987762701085806
-8.888908696676156
-9.013499048661522
-8.971930336866645
-8.896349976042613
-8.944107999886837
-9.004555806124545
-8.908704295582453
-9.054845038717964
-9.006492821819194
-9.04150160212611
-9.03456307452692
-9.025925833825928
-9.013079843757145
-8.979390481609855
-9.004679891600913
-9.026320599895175
-9.063485110236838
-9.063753181059894
-8.971384387561224
-9.019300051534994
-9.07836237860027
-9.00248626410129
-9.125801488105935
-9.034024942083988
-9.020715677336625
-9.031678385153546
-9.031799708252302
-9.062223321293192
-9.026584674461544
-9.085869769668937
-9.04205341895681
-9.144556573771474
-9.128556779240515
-9.184057136852232
-8.965094082822445
-9.067028885031469
-8.964378443104803
-8.805905524485402
-8.515885445127825
-8.25196080837098
-8.087676421930617
-7.776300275586099
-7.302652986835274
-6.824437164501441
-6.305710003899254
-5.890905788930022
-5.364012301281762
-4.933542057470491
-4.617252766928636
-4.443719538314201
-4.174089440960116
-4.060306465497923
-4.20668239637462
-4.2795445453854155
-4.546860218689521
-4.780435977916079
-5.046671100818208
-5.237214819542114
-5.547578447714587
-5.944507225629476
-6.014442485785803
-6.333919666555412
-6.542085821081326
-6.801822488084051
-6.970239051614403
-7.2285884073779805
-7.41117811564711
-7.502759913528284
-7.614934822133944
-7.722155889652256
-7.743666908612119
-7.864363547387123
-7.939264241986642
-8.0100275979564
-8.00872856133376
-8.047480158308232
-8.217258939045617
-8.196856093573187
-8.153978881636158
-8.258479632116329
-8.278270714453077
-8.355926826284437
-8.410949838101734
-8.354520465221183
-8.34677955318716
-8.423932570103515
-8.387462226192104
-8.499818394988377
-8.458263988015508
-8.45572345872607
-8.431002419725253
-8.502188511720474
-8.591457853140112
-8.505709750505899
-8.55420641282182
-8.571409613927601
-8.553493182838261
-8.550506045734657
-8.541687470517644
-8.756401521613578
-8.636294433718065
-8.643472900970059
-8.691155243824879
-8.640158429559014
-8.65977224162162
-8.602918347959458
-8.5808338965145
-8.707587515770213
-8.711774791589077
-8.658418520423247
-8.578195786157146
-8.670291207802032
-8.663098287759484
-8.740047452175094
-8.77523103480332
-8.701186190146187
-8.651282629783697
-8.632701560365675
-8.782737434045014
-8.769307616326254
-8.71127815009417
-8.760965944218077
-8.773525579220907
-8.906990640834419
-8.75439829299288
-8.721347999342312
-8.770804514002245
-8.829214215806843
-8.717433164721385
-8.774801783850483
-8.808828434254481
-8.780285675443364
-8.884138157156878
-8.808290127809537
-8.815660317277542
-8.759520651133531
-8.821638923337554
-8.863346266137972
-8.864499445012205
-8.860138242378527
-8.791407588979434
-8.789247054703067
-8.79912183008955
-8.86153587318561
-8.867157322919176
-8.926842206062863
-8.844218352001437
-8.907293964133268
-8.861652806288829
-8.869486654912711
-8.963912830150242
-8.882672375079848
-8.909826304096692
-8.870965436046674
-8.896109776350967
-8.963110026033712
-8.897732606228324
-8.896187141256245
-8.935246786839874
-8.892660723513396
-8.831285841473763
-8.898129520897303
-8.877939771952263
-8.9006443592019
-8.862334318124903
-8.881711562961572
-8.978054928157984
-8.881927154289711
-8.891180566349593
-8.94132918886403
-8.908485311143155
-9.053597620200955
-8.836951662708442
-8.940592822549897
-8.997472631783875
-8.884363081392769
-8.920663069897119
-8.907806297012526
-9.004360114425646
-8.908004473397257
-8.927664769408379
-8.95185361519616
-9.03313703724272
-8.97086157452466
-8.966812344484493
-9.000188483738283
-8.937128040280513
-8.962464183570095
-9.014376691509431
-9.031025252050785
-8.975866229757496
-8.957056961592247
-8.937660668347373
-8.976520228975392
-8.909703094675224
-9.099302480705527
-9.113646101096236
-9.008217753201242
-9.083198301816187
-9.02062182380689
-9.036606653305538
-8.986552275623245
-8.950609643733555
-8.990336124455311
-9.071080865194828
-8.99702398129908
-8.978237231019664
-8.980897732924939
-8.99747173973201
-9.028349913345844
-8.966905276521407
-8.96957907193721
-8.957393405359111
-9.049514953174175
-8.923431458885402
-8.970471239963025
-8.9454874857643
-9.022839943401392
-9.009802872153998
-8.95088519113412
-9.03815691170807
-9.003661418843592
-8.987161187302984
-9.012936229536844
-8.912462214756445
-9.030885074965838
-9.010325305878961
-9.082517392613337
-8.952587058332993
-8.987100700927838
-9.037111441146362
-9.05780553224756
-8.976706281633609
-8.97709247905261
-8.92202098956841
-9.048622957680406
-8.964846921659628
-9.004663643027703
-9.004837835626516
-9.047335554237623
-9.020009071275023
-8.990089065158015
-8.978883253899841
-9.028963851224887
-9.116151289420774
-9.060650126178071
-9.067289542436603
-9.019594643544016
-8.93263977299644
-9.058335700674045
-8.918581464028536
-9.070606013932467
-9.001261782120066
-8.97140826323075
-9.03091239654998
-9.04958903868263
-9.029644875697546
-9.148341029191917
-9.002724251480732
-9.056584510734197
-9.00435637980186
-9.017674243724803
-8.95887144314494
-9.066493448213283
-9.054590489436862
-8.986430740928709
-8.982428554650134
-8.97998087213847
-9.044846583223094
-9.042493676131716
-8.970325180056888
-9.09043020974733
-9.091511784159534
-9.04037561685156
-9.108570719552857
-8.961338690011148
-8.99600191950245
-9.034857376589299
-9.024598512740829
-9.053442077014166
-9.090203140524968
-9.063738574328047
-8.93826684605484
-9.052553433599051
-9.028915660232297
-9.061259401403525
-9.022236514409764
-9.02498778409808
-9.093683438588283
-9.03883006084507
-9.014132594721454
-9.026047148604068
-9.070333010394469
-9.06713603622204
-9.05272067207505
-9.103223963152425
-9.10364374335146
-9.020464388476729
-9.141043057259328
-9.071849547555164
-8.954123890949665
-8.996681603604305
-9.010630342517823
-9.107208895879111
-9.02499252484659
-9.04631127589758
-9.054853597475129
-9.028875149417289
-9.031274398886046
-8.905650024003092
-9.272011361613751
-9.15221676988661
-8.973710309415315
-8.972454427905452
-8.959393971676272
-8.999480940503013
-8.931268335321455
-8.963193766163053
-8.942640440798213
-8.868543680763887
-8.80057727461966
-8.890832644652528
-8.836760686605123
-8.818134400110763
-8.884294460908775
-8.746265494475983
-8.765730204572776
-8.771254966411053
-8.689599031961384
-8.845666987428519
-8.697939889208959
-8.70587270369047
-8.785499464788806
-8.715833649881816
-8.676092936135353
-8.723790948228984
-8.759763393847587
-8.73329991012616
-8.7640417999316
-8.688682418304282
-8.786187518948553
-8.742116850829897
-8.771211354918755
-8.691572745052987
-8.750184263436486
-8.664478194002792
-8.718195710106807
-8.751039776031453
-8.751054012958539
-8.784627857360702
-8.818562497701825
-8.765926013540884
-8.70462209767199
-8.814028430985639
-8.885396008480809
-8.766374484243183
-8.759679740019022
-8.763890207349991
-8.82464213835083
-8.780290926811432
-8.772130778547165
-8.831969477237502
-8.770264428001452
-8.81802482482789
-8.851101307028056
-8.81979258733811
-8.87579753950177
-8.819193825783557
-8.918459122566295
-8.929163893270973
-8.907656410372873
-8.90763994934101
-8.942825693622835
-8.829759465954469
-8.861253385976598
-8.959770470466589
-8.895049633828622
-8.922964118869873
-8.805908985012113
-8.929828267507986
-8.947276234614764
-8.894244092209599
-8.869230633913352
-8.885307781357794
-8.942730941980788
-8.984571313768274
-8.916985917778778
-8.97926057501334
-8.996697435524826
-8.961512203400506
-8.969069669433004
-8.92776105937419
-8.942324357752886
-8.985046306478042
-8.940023352660981
-8.943279506188409
-8.916546061250491
-8.857040138290387
-9.083897790521176
-8.948913215017562
-9.081870763695457
-9.024368129923449
-8.90704122684584
-9.034132436952286
-9.039257385635924
-9.09067027144704
-9.023606733382113
-8.972828713919192
-9.016778931642529
-9.041040386059526
-8.986008064017378
-9.065202544175545
-9.170660901992111
-8.995448858666993
-9.005559155437203
-8.896689803174255
-8.984481461395001
-9.070470816794142
-9.092447403818467
-8.944866639722877
-9.003751645368459
-9.07861650695561
-9.055145285012237
-9.021408728915532
-9.113172231051186
-9.10108927309601
-9.109619638467171
-8.97708984237027
-9.077354002826905
-9.095793779162692
-9.030675416157804
-9.02873639435921
-9.126424479040057
-8.977661508148918
-8.96696872533941
-9.051826632328494
-9.012532805099863
-8.999712047060504
-9.078188853993609
-8.977829778481489
-9.022932364258015
-9.088637541666293
-9.026311479995341
-8.989043652160362
-8.973613172577329
-8.990961447478547
-9.130875092728415
-9.094353008418134
-9.024461865079386
-9.06764944624248
-9.07073408242286
-9.063283103676238
-9.07078437640519
-9.099407288808562
-9.043349780962743
-9.051712143812754
-9.076688733717713
-8.999732341258676
-9.14004125853682
-9.07211504052644
-9.041059514573519
-9.116066643651257
-9.0676486915518
-9.143351623449837
-9.04895866435243
-8.97531126238972
-9.107311021382822
-9.078790561878613
-9.010248217454494
-9.132932687006146
-9.11513860124224
-9.085370219366354
-9.01652735846461
-9.132702284067696
-9.020758355719122
-9.044705221210291
-9.08075471915407
-9.053860447458487
-8.985473827684867
-9.089205133737684
-9.10835236910031
-9.09410094477681
-9.103369958035335
-9.008015243753526
-9.145271077209111
-9.177057825900519
-9.156827203976494
-9.16016037782279
-8.994359091888509
-9.066433882372307
-9.138057687110473
-9.109049073565801
-9.121919125380105
-9.099468886614261
-9.154874433493935
-9.128311191899153
-9.03103470079008
-9.039539556251961
-9.076504012641951
-9.27763612942499
-9.072271434027886
-9.124682641637245
-9.133572227924581
-9.153320279939543
-9.112941580229995
-9.039533167486308
-9.100935758367575
-9.139769776140634
-9.180388721802148
-9.067583788073593
-9.066332627763817
-9.02264637477748
-9.069946923473024
-9.12662274898132
-9.130935555637503
-9.045334923605202
-9.085428502066817
-9.113022658914053
-9.090340380166603
-9.041283516390282
-9.162757072207231
-9.080538590127793
-9.000982493048335
-9.16759570289304
-9.049100700319725
-9.036734068870322
-9.18207307363037
-9.059434464177931
-9.110323589399876
-9.08864146524723
-9.043367086481702
-9.097422766171938
-9.078734382418952
-9.065190247554748
-9.054478003608008
-9.026327501301864
-9.17183475817815
-9.119105743544758
-9.161789323281994
-9.073233078901694
-9.04885646457707
-8.998718249331898
-9.140676045352228
-9.118959635197632
-9.148016672724834
-9.180236062866966
-9.157849476166609
-9.2375071585646
-9.029920677194943
-9.013127650467792
-9.113473922877937
-9.123477304907494
-9.031708188585455
-9.130870324417234
-9.162806042543252
-9.15114433359766
-9.155990244352216
-9.07353676058968
-9.00980998803805
-9.084121591776801
-9.122847087336593
-9.126857877661886
-8.781933342620055
-9.143649916428727
-8.713191204729394
-9.207744678390773
-9.09219840768191
-9.098673483592437
-8.828747931852144
-9.094803304796768
-8.4416498298642
-9.063567615834199
-9.126669263280238
-9.152953706201828
-9.11668907672569
