0.02103357986493902
0.02840650514165852
0.03517000863378487
0.01683553499593015
0.032196943777253885
0.022784698294210887
0.021246501071141292
0.026803006637225325
0.0263064163123955
0.02878239073203104
0.024385267957410705
0.022905660833404274
0.017745504411764666
0.013437667840362093
0.020705154791047127
0.017863193409293637
0.022835635749469525
0.028786408188156386
0.029511337335095908
0.023127032509595927
0.025646981748530258
0.020961348905425017
0.026405660163524455
0.032566252553369444
0.02804753662202087
0.028540299989793617
0.02041001737508548
0.021259255783298618
0.03408671207526618
0.02568401341037921
0.016790142558455762
0.03346203576409493
0.021237390049072206
0.023903822523723004
0.02698516539838971
0.024639839874585283
0.02715673081309214
0.028218528329423957
0.01178089184637005
0.01933531687844286
0.02815762664485664
0.028235926993498837
0.027730847100729827
0.02583418874137254
0.024020443199801417
0.017594502286886287
0.030138855732140278
0.03527821519282074
0.02096903711996114
0.01730734884327634
0.02050369149221048
0.03317826964969939
0.027785163121867535
0.02535951335415694
0.01780453401305902
0.032119136895564455
0.018642667119083113
0.01963779751519414
0.01907388047873173
0.020948110029713328
0.02117638415080762
0.01963694390588346
0.023852038220228227
0.03053583264979682
0.01976458869698186
0.028454936455458785
0.018243544693872113
0.04609408968748751
0.03181942443470778
0.020055240411139878
0.026749216882081026
0.036152508826357066
0.02132979211239154
0.04644077475629356
0.041409001026843625
0.031422959536420915
0.04770612920586771
0.051108344429957174
0.07869781152539759
0.08315687147122029
0.11967383864765752
0.05009476604412024
0.03156441612370236
0.023332691936162605
0.05187914924146155
0.08809637974878325
0.1394895503514478
0.08260422619824204
0.051439361530162715
0.11873736330507491
0.12195938436972736
0.16566891223033808
0.12182296060453618
0.08091412825127207
0.12022144206806445
0.15591272722788135
0.1807661870079302
0.11856859807694628
0.10158888511942092
0.09017165953317761
0.0996924256628302
0.0778833732448347
0.13759047930879983
0.137955477242108
0.06272699066062298
0.11403296301983219
0.06546924922418755
0.08022206915051881
0.22037206017013947
0.03678551851499882
0.20690587210361852
0.21421588319518026
0.19620490267670052
0.05723096150837565
0.22618389329145308
0.2209220696719579
0.24887035325902485
0.2764318653437444
0.26548231053516047
0.2839332790539306
0.2913617284049836
0.22480109541148854
0.19962939426247536
0.2193518514190029
0.06864841137428888
0.07068847087981803
0.050059843192252235
0.11108728757762405
0.18370703023685017
0.06317427002157912
0.16748304401375816
0.23545420601501854
0.10416034301167855
0.07096536009590396
0.06070861715646463
0.07142620465791569
0.0810439161663056
0.05389867691834972
0.10346998960378959
0.048994370365848895
0.048535315502535266
0.06975667242814891
0.08588226795522023
0.05069861658675182
0.0963502382152077
0.07856495162155318
0.06686538893834029
0.07890638425185591
0.08390877585821324
0.07320854589318454
0.09977815640333926
0.060262556861125305
0.052987266390941735
0.07601061098697229
0.08686907087023568
0.05344237762826931
0.07511545205703797
0.06885123486536882
0.06263295438346782
0.05771608690633035
0.09273169821638486
0.16375764596891842
0.08263335853714557
0.05833974171869894
0.0762116232343518
0.06765311677947491
0.08229545263712439
0.09759366620593073
0.05130697077865754
0.08432326557424963
0.04971462338845887
0.06629426217406857
0.07909635389006028
0.0890549965529844
0.08027009848835132
0.056290448178336054
0.07644664436911033
0.0994558245861481
0.07148693293887345
0.048344097354539824
0.06171220349726472
0.16486537320320446
0.18927880958078336
0.24837909242267459
0.23415056860219746
0.05587083876739994
0.1875769832001687
0.05465693084794093
0.08135642644108773
0.07059755343837094
0.1938881776474601
0.07109733092492604
0.18284985100052922
0.12350837319883744
0.09087847066814086
0.07176370387681144
0.14670110871890765
0.08779148818144707
0.08989673510844179
0.07619794660127127
0.08019618032438801
0.06910036866081382
0.096807349395797
0.07447872818123676
0.06990342151321124
0.08699067801795979
0.08141873521525757
0.07196270393090962
0.08681991197170359
0.04435603815524925
0.0932176072788448
0.11669372218097872
0.08835810789858223
0.11926604985221409
0.05662602423664929
0.08690009360318887
0.08204000785687941
0.10253194092135332
0.06951882766078618
0.08127741044673888
0.09657838049976643
0.11471976330328774
0.050316521638547065
0.06559234386592504
0.0601484179350656
0.07312888417794772
0.07459923623446531
0.04397790433865405
0.10537366627814462
0.12214532344930826
0.09667504974764404
0.09890721256862044
0.07387568957602818
0.09111799989325337
0.06886181652083515
0.057969144866170705
0.09314161837398514
0.07944477081079111
0.05897115891423758
0.05925246205428292
0.08054538043147992
0.05775494221267871
0.02494658431477412
0.08553998180278218
0.0569140020728982
0.060533358133427494
0.09434381659880371
0.06531344512705507
0.06644059736459822
0.060884426712199236
0.07333353629823197
0.062238402326772954
0.09165542328099809
0.0940481801659589
0.09133053892654933
0.08228222453517388
0.07889396750179371
0.07467716976886972
0.0723852499796106
0.08838878902599157
0.10491910306548842
0.09756762057833601
0.06355292789884721
0.0667001502258089
0.06770112652283547
0.0728607685377872
0.05972325661066834
0.0671446349279869
0.09389735719619685
0.09450606040785416
0.08067691775286424
0.05402021798601015
0.07122312956487428
0.13717931000196057
0.06103344806780565
0.049030542893993084
0.09046630372088164
0.08258407290059384
0.0996586469124867
0.08113245837574433
0.08501655666280017
0.07305615509924615
0.06369916935413752
0.07140264955047156
0.048549760041125864
0.06769626403588731
0.09415492548857875
0.05513464026172599
0.09370124868097054
0.08445508075601751
0.08067954934347288
0.0667939115653142
0.0797155626957948
0.1124043799705812
0.05613651858592785
0.05742076600248623
0.0752956125689978
0.06586897875470467
0.07540444059264846
0.10112914338564905
0.07267791274848641
0.0607548898384228
0.05762611786612576
0.06402373654164466
0.08594379271388883
0.05534218856724076
0.07108498559196062
0.056659863236321203
0.06362712125955683
0.08776963894887622
0.05850547381781424
0.05590786954872
0.04166383486541682
0.10701028324602084
0.06358373897680292
0.07716874570106572
0.11645050373934364
0.07246002733232079
0.06037561020778155
0.04768475199719639
0.08947092774874475
0.07442061349836035
0.06614037581412081
0.07266256656267425
0.20401135050440863
0.08479022894100528
0.05783415187099484
0.07993457344421583
0.2208699813738193
0.08027044930446695
0.07337406240538848
0.2519547115802863
0.26117826980117914
0.05698672548589093
0.18856089043753346
0.11491625223219891
0.2233116722586176
0.3259903593040159
0.2814452603498781
0.35490559986325176
0.2396237430861405
0.31959979642725755
0.31267552981185326
0.27994478763597735
0.3894862815952212
0.3644037929531128
0.333201705399957
0.348518097039388
0.31529949434279353
0.31342574559902464
0.36196697513699977
0.3905883786954399
0.29693571629430243
0.205167192725298
0.21226533110404655
0.2647309155896602
0.2160808937869006
0.19632175200494897
0.06738731917204098
0.13059211259844622
0.06488245159761136
0.12607613503007073
0.09859264572357329
0.05488901086673708
0.1045296325375785
0.21838863122843258
0.0837150719401363
0.08615533493315651
0.08563439882075594
0.06929750878968174
0.08523198694056043
0.04605845548487968
0.09386181164258155
0.0712109036990456
0.09184609171991259
0.12226052091561337
0.1020596736305034
0.08608179794160421
0.06953106832506185
0.07017213217364324
0.08499789192439354
0.09038253533111779
0.09711395791053207
0.09863609436186555
0.08562978676336418
0.0663791310452023
0.08102729100776647
0.08102056183015419
0.09206878030619604
0.03803490671675275
0.06414402618716533
0.10550247767709268
0.0717285857872238
0.11062029545873492
0.06883103770006423
0.08780296127574945
0.08969225967858771
0.09750597773340296
0.07422417827150941
0.11683316668938024
0.049083901604786935
0.12489329621931712
0.0602260605837153
0.0684377191903333
0.06266169225231592
0.10102442700381888
0.10308989414689594
0.10666932182225258
0.0706962182461548
0.09447022746136244
0.056928608730397526
0.1042094044538198
0.11868443351862284
0.0803164322708832
0.0942824133041737
0.1323930391937325
0.09093579957627082
0.09512227407565084
0.09423583415905547
0.10772841496580703
0.07452898480078811
0.03819014580402841
0.11450464399087297
0.09634908634761197
0.102750801383422
0.0710607763274601
0.20390583292811915
0.07228856073371102
0.09138884194871469
0.2408222167237625
0.0922532937684165
0.09666778547716108
0.2281250090359791
0.2938086735957647
0.2605328246149874
0.05259592241468925
0.32997316096943985
0.17820115208168857
0.3009708749197225
0.3421815113700193
0.2741671449818013
0.2283210662141235
0.039113599420253
0.21679976245965
0.1238434632707073
0.27207086933645047
0.2543013650399632
0.17501407059564933
0.21407923673936044
0.22982889898811337
0.2286639709232219
0.04045728804762053
0.06482245400741611
0.05004677240247822
0.0699415335052293
0.11538799841278774
0.055277619635930836
0.061406294511358546
0.1280779614809166
0.09645420582780855
0.0958434061734449
0.08787605174044953
0.10032612742779297
0.08132719232313208
0.11391882882471122
0.11544730330936552
0.09820135437190522
0.07243383228725515
0.10484295113445687
0.10628755934890043
0.11927760714410433
0.07106148041330668
0.29014171333806493
0.0830537724913711
0.07600219341935656
0.1178940654395177
0.09102973053280357
0.34283987160744134
0.09119575131600682
0.22080042163527228
0.2177483795138262
0.07689019688924506
0.24241914002511142
0.09653113766167461
0.08578876157006203
0.10394063602559793
0.07927880174194073
0.08190612939883046
0.09633244215308667
0.09776370239931426
0.0857094096780345
0.09883758902844841
0.09412223715327808
0.05889955629877779
0.13835627196255737
0.1041641197021752
0.07843751148842273
0.06676134651591241
0.11227569198229163
0.07488969974305353
0.10586000648324449
0.04864341369930114
0.14450514207253817
0.08868318022330066
0.09183418009255924
0.09323948782563582
0.1191612506405794
0.11104989417514088
0.09869635093190776
0.12815380060387196
0.07650707448659473
0.10337938819579194
0.08675105474845449
0.08836049033871637
0.15001849551027377
0.07037734636181979
0.11250646747660673
0.11790402183923444
0.12123750950125918
0.11708817109491151
0.06860917431490299
0.08176264023092446
0.09926734954289622
0.1302237603888241
0.11047126024275543
0.08816788810487579
0.08804148501879117
0.07588564635612036
0.08559238268343496
0.12917329784134862
0.08152033709079516
0.08877082882302494
0.0737244611892362
0.06990479386364189
0.09999076391861199
0.0907702030079513
0.14112795229536465
0.09501703361255172
0.13714076533307218
0.06866313617164206
0.08504720837407954
0.08783952463359664
0.12119647191169558
0.07228002486495735
0.0830128745135908
0.08737214415180292
0.06604310973885984
0.0910479121284505
0.1053411453837461
0.09619857404452614
0.11375102363952434
0.07238406486146615
0.10983769843396295
0.10702758593858334
0.1397446518734229
0.15187375112552914
0.0952200042004691
0.07793078404429367
0.07955769855049363
0.1428930719676137
0.13883967323233395
0.07892892891219476
0.07067562536562819
0.1254264925227169
0.06407008896532997
0.07383642770533472
0.034312654142171675
0.05105150066434487
0.10342123896173365
0.06236795582188735
0.05403430877908926
0.08734626561363122
0.08826486617713296
0.09915133240666188
0.09564485143915448
0.06172674573308168
0.08313484756887578
0.06410871899756396
0.07647128283961432
0.10596446600891996
0.06952035098442343
0.10954466325691468
0.10565624501646206
0.10601182951125403
0.0688913515773388
0.08797826659639678
0.10266660352863516
0.05599204710123223
0.040186799547030985
0.09250740025688371
0.12077279358650518
0.10223017827191819
0.07010886050775815
0.1072690739990621
0.08972648088138735
0.09658280137817399
0.0791393941452258
0.08725319761169084
0.08030514428040067
0.09546421198747347
0.08965047921531674
0.07930695844313537
0.07188529117092667
0.095001722366785
0.10164186803179359
0.09284955773219536
0.09681207745333778
0.09300970150203174
0.13973108153666391
0.1327923298273524
0.07814151628366522
0.06725120065673583
0.07389615214086222
0.13335676642005637
0.12869767050625028
0.10252419717209474
0.09266411047139485
0.08792034307332819
0.08172840377844244
0.12988038065667337
0.09328217545449353
0.05504207783408108
0.10896632264757693
0.10896423523514187
0.050300069804029734
0.09225923743002142
0.09967079462808329
0.08132490046344616
0.07991001716617845
0.07029607886460731
0.08343652320875519
0.09256936276356184
0.07257384502857517
0.09600934249029953
0.15817760963852628
0.06165182228696436
0.0630325731697561
0.04953388917975942
0.04888992710561288
0.09180716947255164
0.20838894070447583
0.20350358652759548
0.1544460348872348
0.08646289850288418
0.09389656071505541
0.11606065504792892
0.06546819923787851
0.10651035487047651
0.0769487564630872
0.050003715590778125
0.1363030224035306
0.051901475543298894
0.1182875002707035
0.11420175216613977
0.07762198822204452
0.08812731457483745
0.10820819058668342
0.07220056577067302
0.09853954812640633
0.11492846002860806
0.07589211113036873
0.09146598945416239
0.1193224022845872
0.1291242096719331
0.07736041509870537
0.08459810482779848
0.08057415809914052
0.09008404183929893
0.10334645090933428
0.08218666627634176
0.06695377619984377
0.058335435557894735
0.10070047587404696
0.16768628681894196
0.053897120824107414
0.08015157428755698
0.0972804185756797
0.09883273544324299
0.09990230072198554
0.11885464125189105
0.07278390550751075
0.0845064118236282
0.10181822282060325
0.09421853184141481
0.10754803928326061
0.10617286834286366
0.06912635291406384
0.08337487283082319
0.08466309304615319
0.07324920005804526
0.08101765336163294
0.11098238484815719
0.09466481896104526
0.1094877720903051
0.06598771529588239
0.10946556217441143
0.07788758621038272
0.21739947707892485
0.1267874312243886
0.07650126878197003
0.12071387913054908
0.08147932977664525
0.1062096202062957
0.07971001623207283
0.1005848892698751
0.08779880384198509
0.12138951171033954
0.08098470801634118
0.09484121073078261
0.09705864865440551
0.11157832589999346
0.08626968234316282
0.08177173427182646
0.11883740423276717
0.09332973901271056
0.06301093306422022
0.09116042795667299
0.08545108229299729
0.09021839307319973
0.07457404305395471
0.1048594652211704
0.07186222684918435
0.14956410341819262
0.12880732540001444
0.09570804848842569
0.06776455281323386
0.1049989342242926
0.14442075201053325
0.07030722015143596
0.11246569033826055
0.10720205990323727
0.1068748937757078
0.11013891616109872
0.11908927863172673
0.08713351904575085
0.06987086148484963
0.0989811670794445
0.09763165796903707
0.17637563919918917
0.08769137062318627
0.0853231001485859
0.05876258290852853
0.1096567253498534
0.09343211040430385
0.10378485681452003
0.0726131647910885
0.07973251795392042
0.24436783238672222
0.09683963371025289
0.08989271633103077
0.06705182608976905
0.06252929934099591
0.06745380268748918
0.09967520768438344
0.11381613043830426
0.09664656215723934
0.08127198096973642
0.04970933343174702
0.1072032533651203
0.10587702927489018
0.12149415610234393
0.07710315178144518
0.09211372976794463
0.10089430669743805
0.23294252946557642
0.09444587992451262
0.07207953433774104
0.05501672576718374
0.09873372628652213
0.10405744195946161
0.23292417381164993
0.12049200063993544
0.0923400486326182
0.0982247848644655
0.09084957299368804
0.12995949982347718
0.09979572251257388
0.07836164233151692
0.12091546071290477
0.12491235511574625
0.1008327857385533
0.10585103677096552
0.1227678414627786
0.10454950786875886
0.06700709683215483
0.08152938512364487
0.09352337355404748
0.09538363329147412
0.06574222028342705
0.10948505671259179
0.15075756459005582
0.09544032754567915
0.1295634898255468
0.10972128511811023
0.09397488556830039
0.0899169237289798
0.07732591762993521
0.07720276738480462
0.06351216330639443
0.12781070643446105
0.11097429898707711
0.08578145832041197
0.045807347026822966
0.08199362419322474
0.09241073880646833
0.06891718940937021
0.09454992674348735
0.11555414194252783
0.09389023664956213
0.13539288707314365
0.11892867163241193
0.11971283862921991
0.0991442721265458
0.09335376530194045
0.10296643612844843
0.09902370103507711
0.061947181629019736
0.11846930228519732
0.10826964337210403
0.10515195670309305
0.14618236229798998
0.09494919599103407
0.08968866708163269
0.1332996705555536
0.08258089785686566
0.1233211845923317
0.09621081725574206
0.08800208557852622
0.10117093946820022
0.09740862776882962
0.11474439265999309
0.09977889461707586
0.14149742989021888
0.07075723725442902
0.09639276658996196
0.08425018183577858
0.07094817410938262
0.06202784967143917
0.13860554221678398
0.11292357652461449
0.12645918838398418
0.05171607626345986
0.05866413125050445
0.09604023101903246
0.08499163066667005
0.06354625288807667
0.12173970315967474
0.08150629708288727
0.12197116089371547
0.09308821195110102
0.09182938385731261
0.10650977759365438
0.07843712773102125
0.08787450251033224
0.09221211268541657
0.09840942879909147
0.10913799671114141
0.09810339128542091
0.060311225433034556
0.30381112648543274
0.08530919848221775
0.06502517478645357
0.06895502282978097
0.12863662675890153
0.07379749024789467
0.32357115713279094
0.06095104222990014
0.1405955538732078
0.1490181053061655
0.05768238491144313
0.2526620567704649
0.0853602710068601
0.13825674669637789
0.07686508646675258
0.10809147236475304
0.09695895720316584
0.16470290031191898
0.09446822168164173
0.09923502432490537
0.09694161353075158
0.14168095449758542
0.09771676643076453
0.07498945231486805
0.13343971552816813
0.09453615847933661
0.06227711396824085
0.11429273914885449
0.07821339402117762
0.09241852835896279
0.08878988872915416
0.09341548485742371
0.10515679309982004
0.10512364183393523
0.08039487877832177
0.13255999453300954
0.15463396982356292
0.10028814133627129
0.10566707585850067
0.08367156095894941
0.11455808292881442
0.1440598903614146
0.08363357074478207
0.05957812556049409
0.07477755271681866
0.09885705903628796
0.11424922974939328
0.08964714520282198
0.11173356235703166
0.1271136297252363
0.09860831412776476
0.0834098220495255
0.09261658078895947
0.06724578059153304
0.09107462813948838
0.11464258314292482
0.13843419743871271
0.1269529817810222
0.08271800764541481
0.11186017595813873
0.10146749161263495
0.05838640778637023
0.09544897271180088
0.050346842726897045
0.09642253042082212
0.05886160238329645
0.06569205428131294
0.0842433238952328
0.08614771411350437
0.09145849452342095
0.11823688256680458
0.062476951266381406
0.09410303462975295
0.10419668005909709
0.11109939413893978
0.09948463031620199
0.07813913216508099
0.11332156421289315
0.07612639394992603
0.11538428968758785
0.10610806289188703
0.0865715342621984
0.11480213901138658
0.08913324851185414
0.07195091229906539
0.11837400414400731
0.11084372525483753
0.078478780259766
0.04267375004498899
0.08690868405394363
0.07901063513866885
0.08936421335027608
0.08076596382754551
0.09554243853546511
0.09166906599038907
0.10275189180508007
0.11122031443065994
0.11155751100048938
0.07962618159817497
0.09137438460988176
0.13097644168804612
0.09393761975359816
0.10820293032147664
0.14379042179049759
0.06864120274374873
0.11808178421912044
0.06812606139860213
0.07758722292152755
0.08395776546880689
0.07253302713940463
0.0931198599743173
0.09546346076184775
0.07872571115560012
0.08532576830362845
0.05296187308592839
0.14061698548310164
0.080480006562023
0.09443411127590529
0.06615673830786657
0.1059229847400499
0.0878329770480927
0.07691239881272074
0.11052338464426671
0.1430554179858637
0.10115680421990197
0.08917934559698709
0.07883552345848431
0.0978302735513034
0.0789367861046609
0.14886336986372892
0.11016347900949494
0.11674241059055587
0.08679078327768798
0.0654920869196715
0.06198636591160557
0.11140315209972475
0.10915833732303694
0.08258083092542201
0.09102091314027652
0.09996643751457636
0.09964586791244934
0.08011528557173715
0.10931559494907662
0.10227735700247242
0.3689257332150453
0.1071433697175273
0.0931424284252566
0.08890912643554078
0.10312084108913044
0.09930316177152634
0.07685474570745657
0.0786997389584426
0.06957430585651911
0.0820815939527732
0.1295413307632437
0.08249500710012608
0.11110761227929161
0.12266221415790125
0.10420112926341422
0.14341798610055578
0.09269512723907015
0.08753026687845747
0.10987722811878527
0.1760986747333651
0.1068560890790557
0.11226759600954372
0.07236674491488206
0.09333761553728971
0.12148632232489247
0.11734732067351143
0.10234774549058431
0.10294280878662632
0.08632831132470624
0.11161989239027201
0.16337568271219405
0.0893864551221822
0.11116255068945599
0.10709141812025985
0.09486777329773033
0.1144080413774723
0.06388475473943626
0.12603143091205524
0.10170569543901503
0.09353286811623125
0.10982221340337639
0.13061174735686593
0.13958745046609766
0.13325794798809387
0.15859193020675597
0.11751946972547073
0.1106138121846378
0.10099072337762273
0.1054497319637601
0.08036737605786917
0.1292781606277422
0.08363102185780225
0.12750223637948374
0.11605403483314819
0.10770091888271634
0.0540336334237859
0.07593093663477667
0.08444783222186585
0.12958082750702243
0.10261765834086292
0.0979562256356196
0.08622822992376347
0.0932032684622873
0.09476744123447647
0.12470867470087707
0.10823830521023814
0.1317435511685819
0.13698848975620959
0.08415410515562156
0.07722281768190432
0.14169197477131718
0.14106775733114282
0.11755743196216034
0.09749693653931489
0.08581415441772582
0.14721636393412707
0.1388801870127997
0.07439002337241316
0.05858531647934933
0.10704067918666303
0.08345570587948827
0.07208262471664958
0.1412230826535232
0.08009483933899782
0.11506275688533804
0.11582250898399471
0.10132915592568113
0.10719509612630992
0.09969558071472832
0.09041198279751538
0.12550817757145658
0.066116933761211
0.087294436705485
0.09390959853612743
0.11813428698713326
0.10973997230778798
0.12981654302489892
0.06123072104764292
0.11378813468200463
0.12231756159256761
0.1101362154511556
0.12068272995712526
0.12610541902714997
0.11355282858706797
0.10298586501795612
0.08798866483863496
0.08802105937233555
0.09071150166145049
0.07296096086599702
0.39231360504350854
0.08009695347767176
0.0870776416167225
0.0817511592030398
0.10514098637070926
0.11183416874198814
0.10175665424705563
0.09166523610518286
0.20438947143288186
0.0831386682841934
0.11685740200154711
0.09564278365048873
0.11579181022171207
0.05555835595764507
0.11541298192984425
0.12799163395176646
0.07203713953011862
0.12796125797348987
0.09787250475842674
0.11879053262031333
0.16266394959750818
0.1102055727168965
0.05523213982889831
0.1108504772155607
0.14604130248979202
0.07867017448926222
0.10538433993913013
0.13790240415982452
0.10276398932198226
0.05467075429589259
0.10282017076269852
0.06290646919482078
0.07577320859464269
0.14601594772034016
0.08845629680451286
0.08383521123042434
0.10440472085323425
0.12680178226445948
0.12728009148775501
0.10378803635375519
0.09855662819853034
0.06783509362551725
0.10868037513492908
0.09009840097630784
0.13007224139266527
0.11306547356886217
0.09107451051618354
0.08972717827789524
0.09357332849033993
0.08493390737229851
0.09728771315216146
0.08585814350583579
0.1450370785566693
0.11634274060606412
0.13875725143076909
0.10953346578996027
0.08827679115571187
0.08845800795355989
0.1053965835560922
0.09048315061565032
0.10911779844778824
0.10291200104010201
0.15138370149564276
0.11388261503317652
0.049911919316273604
0.12261368446881334
0.09639625204715847
0.10282388365673281
0.09981535108131087
0.09686111340601905
0.09584402637350568
0.10631865621514389
0.0826099054929128
0.09570686121387971
0.07510814365373236
0.11692409540182089
0.06505550341633809
0.07815370516062153
0.05987211303552097
0.0731065218118519
0.11054473212029872
0.09843748194476765
0.08396358264227961
0.10629527902692824
0.37685587371955
0.08083779062553853
0.10999097219780363
0.074342707663411
0.11034129655738248
0.11381361608437826
0.06882940862733619
0.09829912378150499
0.08777806313358107
0.0921603572248321
0.11527202482030656
0.06590046586348787
0.12005410978218438
0.06000650945087756
0.1195071097171988
0.10313796971901958
0.08495772083820291
0.09713179175334577
0.07034559229201336
0.09323486633104713
0.11956645247626643
0.0797443693427832
0.08296819409251087
0.09196775248520102
0.09777681141208901
0.07680327185584852
0.08639436832128024
0.09867977996910025
0.033778596732373045
0.10170570460624331
0.11763301959886481
0.09186380630666446
0.05951095774736286
0.06885683328403072
0.11318836815424414
0.1627468065009555
0.11493078782227772
0.12111430076981881
0.10378800708890684
0.047591294182914155
0.1670040925309463
0.048824608496021195
0.11083325131832603
0.10736703552703956
0.10580278571278916
0.07386348777601304
0.1399608250795895
0.11762210485803853
0.1739910734804292
0.1447881557767601
0.16902508353847787
0.10955360029926482
0.08243863545053827
0.09859482268483279
0.08260626644935012
0.056200779951924594
0.08137102121797553
0.07985699269513863
0.12640703193932523
0.08113367054929152
0.15261924244513358
0.08279379629345651
0.09516165597110865
0.13171660449419947
0.11249510854661868
0.07632121391054676
0.09564337304541894
0.15149900235330008
0.10609630531867102
0.13328349664513378
0.1318884438438827
0.10379070947198224
0.1347789660265879
0.1241428692537863
0.08058736061299392
0.09361708655477548
0.12410477349229282
0.13338172236810336
0.08505056421231788
0.07060643503459786
0.14034645735537774
0.10602288030252584
0.0779645284939267
0.12927700940111597
0.08973084056179043
0.1137956354342528
0.1173656722097813
0.10665075262319128
0.09599682319392193
0.12988661792867973
0.12804280142004298
0.10770708933992953
0.14540889382529656
0.12052317423855986
0.07869064156240883
0.09016697564293241
0.078426795631866
0.1119784816632258
0.10104013376294803
0.1035589707563936
0.09177392490210554
0.14060244937029892
0.10509968750377291
0.0925396920846512
0.05988163715555404
0.07705127652829373
0.13102814694855908
0.09506388926128033
0.10893592905964644
0.08175308355334196
0.1095938412519813
0.06930547938530188
0.111041305303613
0.0419816790933103
0.0739792679350881
0.06407314689459917
0.12792458558506664
0.14214851037171233
0.12294398666424264
0.08816456965108879
0.09710615255537225
0.14322154843488918
0.08514380691101044
0.12089397025685505
0.11236157588735542
0.06981490707087722
0.13556151870669556
0.13333736532856647
0.08995204046760896
0.15288151282534712
0.144612233746328
0.10495059635490692
0.04762183360643459
0.07754666766376468
0.08393652344273524
0.08770685815813853
0.08879546853456792
0.10335442508308032
0.12581655471688624
0.1464750061548652
0.12312640426107102
0.10633825589938539
0.09333906718078024
0.09567856128422601
0.11420435015330808
0.05143818313748757
0.10343851075157583
0.12873716095762916
0.1411735082314804
0.10411073184806559
0.11861678522772509
0.1611165847336895
0.09081263167315737
0.0983080935444287
0.11280167091233027
0.09298575718402824
0.12722711731346958
0.1387028998764752
0.09229939023957928
0.09056061094999948
0.0876138578782261
0.16613623483528292
0.11353344301567002
0.06954460157019328
0.1545349404075793
0.08823734531499088
0.1056970357889539
0.1264305763616956
0.08465610287402076
0.11111816465299344
0.12899245642835644
0.11744106903621873
0.1244932186540083
0.08476028958449039
0.08841117381097208
0.1314723939371667
0.07589828747455202
0.11195170421312103
0.0877157812801641
0.11904344514672491
0.0802234013507197
0.09980187119894739
0.11055057328733028
0.10266826362388712
0.07465283880026606
0.13261727400409268
0.1040467111060685
0.13885222842882736
0.12645958997085824
0.1786712357639145
0.07309813878914737
0.07493309621478277
0.2229550049864724
0.10603595784175424
0.12087806063333956
0.07055275732004607
0.15558369606063902
0.1439010973017561
0.08917364509470199
0.11455040369679369
0.10334439786650647
0.12048078146952487
0.09835404523228641
0.10776712554387406
0.13115147753342263
0.1163514701365411
0.1332266624396932
0.14241603473227224
0.09972443378383174
0.10619072018548399
0.08678326584816397
0.12022957957922407
0.08752276445091862
0.11469123558793537
0.17888223104172332
0.10540932870800272
0.08775412581637361
0.08129307303745457
0.07775950499599181
0.10746398289534081
0.0685704077143584
0.10656767547826643
0.13206984257717397
0.15419521306800152
0.07977076990702489
0.13862883863594713
0.11392693292464046
0.1005288911463491
0.13875420633613986
0.13204538291672785
0.10628221904965407
0.1195569737399475
0.08275416220510037
0.07987982598978106
0.12582584197943544
0.1101439951690434
0.0940525436828312
0.12237593743408542
0.11272056980056186
0.1205167658022218
0.05993529412577113
0.092910291327176
0.06872064305331876
0.09766333400770014
0.11346745298802613
0.14892776511045186
0.11824383159140239
0.12466747265163272
0.10432143859857564
0.14758566683141638
0.09216357345648558
0.07591124323884386
0.09442326744304957
0.0675372307329196
0.143499096059862
0.06022225179608222
0.08878165116778242
0.13349552687517097
0.13239750184680982
0.14104353684319682
0.11614815891605318
0.10015628299611888
0.11517374538080584
0.11722290524596761
0.07363543263066799
0.13274225349784546
0.11484070583836489
0.10861373333216062
0.08795667211187445
0.06951661621638411
0.10410374339185026
0.14752220279846834
0.10545622445634213
0.07853067263280915
0.08841592664671243
0.13086893550866566
0.13518979664140918
0.10809712493413086
0.09225267007073949
0.1112082711261473
0.09506044683659273
0.08079321848189394
0.10099292480087324
0.11585641229346509
0.1344754188265155
0.1683393743496279
0.06840021668076808
0.07175728211378539
0.1004042219897493
0.10512199897011854
0.06564823007359354
0.07041479835745218
0.08285598401255814
0.09494128508643182
0.10103773891148654
0.1028581028588136
0.12593402379543914
0.08141514617654014
0.12161306243093851
0.12094508743843585
0.09810293660973393
0.08534231396171997
0.11990025931255238
0.08383803426504839
0.07702768587397539
0.08838369742887625
0.14535324331560354
0.08030581693956293
0.1046341389469017
0.09044126582702948
0.18306629383640266
0.09572760916189176
0.1031740011081453
0.08930779863865751
0.08530567104034875
0.12312521720565661
0.09907243486238423
0.08575507623459178
0.11282890091519959
0.06651417349830993
0.13154401000487506
0.06500702678939071
0.09372673503280379
0.08580215065479649
0.12261161728064428
0.11054110360677322
0.0942126887951366
0.09483284745746115
0.11016214163589547
0.10925369494514023
0.07978859678215129
0.16349266011748384
0.17474242551614264
0.16477676489306475
0.08607400359674718
0.09447164929667051
0.11120063934276485
0.12678335614673045
0.08347021801195746
0.14659285108849518
0.1086311362926845
0.08614259986847696
0.10198955460854259
0.08587902745752105
0.09567441020731124
0.14993188514747044
0.08837382490893335
0.5855068977837122
0.13303770174534107
0.07223327841296887
0.08828834745368841
0.07012399173962848
0.6267696917043167
0.07050999291533142
0.13613956680209538
0.10887532307350001
0.1610233701187602
0.1504768302306179
0.3613282721434586
0.18317595464990896
0.10406150477284604
0.11548494204335716
0.1038555223487826
0.09164975854070317
0.07850093155703723
0.055372745033945556
0.09594640374848509
0.49941769997950897
0.13041009371633408
0.06808544184609948
0.1440671800301502
0.16641143754515514
0.1153638753261155
0.09357303333488441
0.08532337243102246
0.15378389465876738
0.09147655975177355
0.10871256285397907
0.13941218562972188
0.10690362081581685
0.12521797016714317
0.11452703870903147
0.11567772438961485
0.08265494504426515
0.08708694548890542
0.13032495884267395
0.12540328393700273
0.09261640993279087
0.17628828432361288
0.1033275495515818
0.08592969365075671
0.22240328138300808
0.08793612638953648
0.13918643522576052
0.09410800219017536
0.06450077288972635
0.09583374093464954
0.11314527175276783
0.11301808709351163
0.10302639680342779
0.09034407589594344
0.16504449060885215
0.0993190907386227
0.10276949840939222
0.14531787693427195
0.07490579571444565
0.07465148167716468
0.10829807304816781
0.13809721356636856
0.10712241726799296
0.05605490610989465
0.09770428771090613
0.10538996410806527
0.11056880822507431
0.0943789047045528
0.06149253874910775
0.09239810482116896
0.13109370592301495
0.10525998415903472
0.08021588010262255
0.06849596008691207
0.1259081913807471
0.12816680507950248
0.10535562699555816
0.1372586018628163
0.08518213217166742
0.13976425395193212
0.12498621828290328
0.06375578410493983
0.10648922863962375
0.13144767507721652
0.11472096872995029
0.09391153708703986
0.13231718112824586
0.09654592933505676
0.09006297087559591
0.08699875620426281
0.0911024976987626
0.13602868340186378
0.0874523359446597
0.11108742171358901
0.05711931558169074
0.10234060484034016
0.12086369575121841
0.08899822235091649
0.11972601963264866
0.11958851595034997
0.07766973915745091
0.13248086513883153
0.09960511249616655
0.12561407718078174
0.09839617245195045
0.09939315277911183
0.1468735183108204
0.08209535197014965
0.12726128837707218
0.1057371364819717
0.16698283486151808
0.1499961140513616
0.13627577177551067
0.06598607578322667
0.08533902222860792
0.08441670189415738
0.10261945808721022
0.08512577728862072
0.08548103864446319
0.08514211379788215
0.0893965222404763
0.15089454891487294
0.1383807995894469
0.1472487488747649
0.10186830352494278
0.10870504797098451
0.1171944030038616
0.12098666488109758
0.14861198023359637
0.1109672520950427
0.1585016167426601
0.07515022819794714
0.10719254161215958
0.055880871227517274
0.09415590720048433
0.07900552509506541
0.11890954202007767
0.09872055658228279
0.11559084666623062
0.096170884729479
0.11180241337159742
0.13049926494409397
0.09131228027589874
0.08443026948179747
0.12528279366293243
0.11957076438547685
0.09520883354798475
0.10903786463595519
0.12705302573065133
0.15417715835745582
0.08935140887715198
0.10407900008856157
0.08589268202139852
0.10302588953298411
0.08986668118161004
0.14732917102181847
0.11985219395699075
0.1890275786247589
0.124995736974441
0.12194835249033359
0.06451846397272573
0.12812605638155672
0.07357666958007125
0.11905328386102439
0.11719209095513335
0.1205206319375785
0.12023207405836568
0.08171144653516821
0.12655783988679462
0.09351203476176115
0.12707380703358898
0.07200887937592693
0.11765841704034409
0.0965296095485512
0.1261329034548904
0.1062675088562387
0.11288900910627854
0.11010675352578078
0.07091565822403961
0.1425171379911464
0.08167971904917956
0.14187005236060524
0.06457465248448768
0.14510283253355516
0.09923310335800799
0.0862672756009654
0.14025573331627186
0.11940285570957643
0.14727347896360837
0.12555506352334173
0.06987987944224933
0.12214919804701418
0.09068217586513581
0.08406150281981854
0.08256703166707967
0.10904500524164532
0.09099816041719483
0.12013114829042412
0.10000071461458178
0.15795114343503736
0.0933101225672935
0.08685348132728239
0.11058710521573027
0.12452954722650734
0.15903727448236313
0.09741002616488041
0.1415164300042205
0.11246427387392534
0.13602730427408108
0.10969733832666985
0.11646145000111353
0.10281428495509527
0.12430303342183782
0.12065230892064073
0.15086097928545086
0.10638460499227946
0.08963037985017286
0.15353714329070253
0.09721652531879499
0.10455293858775996
0.10120813092246075
0.1514517004256832
0.1487608549594669
0.14803023936232948
0.07006755035416219
0.14620679679147888
0.1297272774064037
0.1017803321169765
0.12665462981614334
0.05421105473045809
0.12591308625476663
0.11310793690834478
0.11198148072722391
0.14038372860762205
0.08768706486056654
0.41794017764280594
0.07300397733986656
0.14388103693593313
0.39908880107729033
0.08955239730020192
0.06953702855192959
0.07868477308967314
0.06700200992287497
0.051679990127807864
0.1306893181296512
0.11078483558800707
0.0830039482423205
0.10183328372936473
0.14198935703767301
0.147997117926785
0.08305274120150093
0.12481773200374341
0.1084142171937472
0.1580253553197549
0.08479243663860662
0.08773953038780931
0.08327474086294052
0.1747827867692576
0.16079547090321175
0.16278787252742014
0.09219108659364587
0.18659011456260077
0.13906540823095886
0.10438569196477548
0.13052698982382152
0.10493136481345511
0.14642873689492747
0.07453981698332564
0.12634790834389506
0.10257998074883899
0.12403911261761973
0.08180578194927819
0.1246128150885311
0.11720038091571554
0.09978870779190184
0.07774012118661693
0.1269172218590041
0.11604256220978343
0.14374623421099886
0.11897516576250931
0.09309935261143269
0.11082930644125873
0.1297180174238422
0.11909130339235488
0.16550310708568935
0.11272427104249891
0.08815502062040728
0.08489122520437524
0.11342092023592105
0.07592506376557241
0.11639020331204969
0.13781736934997924
0.13126385472207303
0.1158323226959923
0.12392150530518263
0.14621866343090612
0.09183217524859676
0.06446747974112378
0.09481222607844367
0.12414790924565532
0.08226113988684718
0.10993379037797887
0.09581707105379995
0.07203826357822692
0.126188949541451
0.10994748895174675
0.07623760643285407
0.11235725553573704
0.07801083705502156
0.11962196954255212
0.09483381606036421
0.10510492539003032
0.09883204820297084
0.09619344415530542
0.09978957539060741
0.15812286312064355
0.07869887292985164
0.12230390851110667
0.10080069160173627
0.1839887887600621
0.08123308006784678
0.17433094754538825
0.18328413850307113
0.1385439629432474
0.09906354292812346
0.1593237345362232
0.5679724654658109
0.06253052152436245
0.07464855861952754
0.13012206321056263
0.10196460692076749
0.5546882757288691
0.13757202382556216
0.16746502211552522
0.14370304686725807
0.07680048495063116
0.14809140653245534
0.12213887912313018
0.1455303761726883
0.10179320520914692
0.11501763026041859
0.14970233714913136
0.11232562297303357
0.13416672093266416
0.13872031360432946
0.14231765887735603
0.0932166140788322
0.09357399510286801
0.11334800920980513
0.09354266065470537
0.10902866391207722
0.06171489698625102
0.09386687060484344
0.12125071401998239
0.14887943454121344
0.14538017959199379
0.11390737959239021
0.14614290163869284
0.1543786521255827
0.09024028873015026
0.10914232704349759
0.1593333574870313
0.11869481583944733
0.13556821036720879
0.13495373339280042
0.08775796012829572
0.07808045674957124
0.09530194794473093
0.1109175149569548
0.10579683313558909
0.11253770632953272
0.18440967083642135
0.12003588075411072
0.08243372587275452
0.16484704107338669
0.12883913286547266
0.11784955747285876
0.08543583033664431
0.13233261033442772
0.10575611985565977
0.1259660409170456
0.08801707607148722
0.2367476479887949
0.1271836113955249
0.11389479755622439
0.09484593232678248
0.12201510529002714
0.09783241437997917
0.18223986738939982
0.12410511286793856
0.1591356977916322
0.11940977343434236
0.16434968409204062
0.08965645987324555
0.1120455451925766
0.14811563818721457
0.11481425604132338
0.0734908574750526
0.11919416928146444
0.0934643239862073
0.1408791139142764
0.10210722936783179
0.12563627965888496
0.09895812325382344
0.13184545269419906
0.059178742957964096
0.21670070860555923
0.1363282509246908
0.07320515856413701
0.12395189774984076
0.16605293621862907
0.14142207741281657
0.1214968355260789
0.08470410216380395
0.12864276094000418
0.08444576379114203
0.1276887352112811
0.1372735587765387
0.13465513453282482
0.09577051476853908
0.14104602394472915
0.14199072170702892
0.10749752138592437
0.12117502174496023
0.05840045468897687
0.04622375000373529
0.07476664563537258
0.2881073772347605
0.10748807071051081
0.5202820026909067
0.12172569629808944
0.8091937039704625
0.9246737594173714
0.8806282025604331
0.9264697795763455
0.6247055784579637
0.8364348684959373
0.11894383135385253
0.8175914031175423
0.22489521590455686
0.29107791809146866
0.12863305402084566
0.5514678297586858
0.08497474045281947
0.09351751027278252
0.13531415654066734
0.0845034160922146
0.14251465085274617
0.12419190517852152
0.12845483484247877
0.13259647341911407
0.15533572728402278
0.11821385537928417
0.13836349687122682
0.18465806588565672
0.14912937649710784
0.09887292786001323
0.1258108184040051
0.11729584788433604
0.07583320894277615
0.13908265791094881
0.10363942726772618
0.13199175209782132
0.10291783142243155
0.15877973827916547
0.12138281106996156
0.11985568599297504
0.093855886659833
0.0944434984689915
0.11160895861992097
0.10117078398275124
0.16324898545154387
0.06793513624349759
0.17865025696953604
0.11667567809537578
0.12083289406551045
0.09736966229358503
0.10850455739158399
0.11977521401137393
0.09948249932763896
0.114615983595939
0.14468471862091803
0.11398413784101935
0.09398626205932893
0.1461310531559162
0.10183286361713824
0.09765203702062746
0.12562794916534772
0.06400430439557563
0.09603676872264584
0.1787687712345164
0.14699640702532699
0.1309242737854574
0.1053458207399407
0.13739095869650217
0.12851498060111963
0.14373146891760946
0.09629143880249899
0.08199824032700098
0.09552181033186975
0.11304978663316724
0.13838247914109733
0.0862663189042814
0.14857495446797328
0.13047072436448315
0.1374293765610909
0.08187001096576674
0.0967814809474531
0.10656737754479162
0.14469146119368434
0.09853313258300785
0.12752196303520774
0.09807022901611881
0.16293485103100994
0.14142413686145336
0.14907962266358282
0.1187315017921788
0.15123347698239253
0.16866992231829003
0.0805872006885131
0.10857846892278189
0.1528985361583078
0.10517306481305673
0.13576482915768606
0.1537586146388601
0.17634874945743034
0.13586072023545007
0.08485000931673398
0.12223807136037543
0.1345798777538286
0.10525773296195998
0.13445979321139215
0.1272061044276106
0.13631159367884566
0.13005164121860804
0.11839039919297129
0.10640623818559186
0.08137720190910637
0.17723870949291917
0.08799230865007554
0.13839445581459492
0.1403110994389139
0.46832387508705653
0.12379433437552442
0.1547382459558721
0.14391154364871597
0.10967387437075868
0.0819757122853927
0.0829266480761534
0.14780329994354435
0.12366667137478222
0.10737166267327937
0.08954775908752113
0.08695766760028556
0.11863457321342917
0.12899863452304694
0.1110189892125476
0.1544793959205524
0.08775177858971617
0.11632421320755676
0.11079720230231727
0.10332502193851528
0.09380622034791343
0.10720291710883119
0.11436772564058581
0.09123958746334829
0.1207650634838168
0.12382731305632344
0.16503219049911963
0.1041446871274692
0.13035088371714143
0.08594297776511028
0.10016008540984621
0.10633708414527446
0.11473939017438876
0.17106894706383244
0.16721972754319023
0.14858707028088478
0.0932375236746308
0.20210688625624842
0.06631915702036933
0.08809147322793667
0.09819559625649414
0.14189875646225497
0.15167454374322756
0.17466284693047382
0.12027319702553721
0.11462498743037482
0.1374351976830617
0.3750579922875855
0.6726706417848585
0.10778001831336034
0.8755377793565106
0.16100070309523679
0.07449950704952749
0.26909582699878737
0.6703476566214358
0.1255859154853786
0.10452381852092428
0.13339242582511635
0.20583589665411722
0.12302461592836597
0.1513933350744336
0.14204803789000212
0.10474036168483794
0.12120696844093845
0.1725808028584507
0.1358970226232001
0.17246492086943682
0.16433023182350337
0.1440874003764899
0.12968371629307412
0.14200325512945242
0.15615320597052487
0.07374806126428542
0.10602147264807688
0.12040261923408296
0.13859724615376476
0.14966066532155076
0.12376531664123995
0.12065489207094883
0.13545450441048898
0.12222778114954547
0.09044154418453101
0.12214085487396732
0.13631414048218524
0.11303414771696246
0.15866174459575783
0.11748514945862323
0.11236769441302215
0.08302227465611053
0.1571344701961981
0.055139040605427805
0.11231611710276385
0.13374674155104102
0.12189574608644688
0.11018127772790652
0.1309410365989744
0.15283172763784877
0.09695704315499674
0.1282949562546466
0.1176338954626435
0.07797369858060166
0.1060453336244397
0.06757091318313765
0.06707573797624651
0.14071024780943334
0.11832947718724621
0.13968908703961153
0.10346074160473373
0.10116830673654868
0.16132022088761888
0.10003177378889269
0.10552076134826331
0.15797685544453977
0.17120729317758282
0.9557412705040965
0.17339593140210235
0.277779147771231
0.7047300262314422
0.7041079167024268
0.12793079124475656
0.08106538817819016
0.13798806950300485
0.28714550913160325
0.6567380886398662
0.4557935638582765
0.5456018057962426
0.14064645295624198
0.24473365232084
0.12484933193601191
0.08190168980367403
0.08294337249802415
0.07430162698822892
0.11001045085557981
0.10852959614433676
0.10184341636670735
0.14120030165227768
0.11234846950311694
0.16092626392251713
0.08930765419865011
0.14480455846887913
0.12990813270256094
0.11011883521278076
0.12641896452374574
0.12099115811907525
0.09514133850697509
0.07824626781246438
0.07395086790263224
0.141449169563755
0.1474540614443512
0.11909627375901947
0.1778708373778636
0.17584529678681662
0.16585616627344144
0.14000598574145734
0.15081440809172972
0.09181685601455294
0.15285414400079486
0.12551822481060174
0.1316380916502267
0.10988097420728656
0.11855373790046043
0.11518372065738537
0.13223961407007756
0.22017338123344365
0.14300545938903883
0.16775312308495574
0.11451966341373308
0.11206532543622408
0.19673063127629695
0.1477448663891915
0.12301284142717256
0.09488967777180889
0.1413915389205908
0.06724241109675634
0.13733978405967034
0.14590943054840327
0.1484482475680717
0.14524019388761414
0.12269614873344255
0.07513296310782182
0.14154792522485954
0.11299662495687496
0.12194708856878411
0.16214654418700838
0.16199652662637332
0.17219791788846053
0.1723244428433943
0.08928062557034512
0.12528576003002387
0.09015800029950424
0.10470934514038692
0.06422336720632699
0.16124706184631699
0.12169866419219308
0.10681816199383651
0.08646983529965338
0.08918531493598066
0.083808736853421
0.10596982027919107
0.1255357065998269
0.13634709010675203
0.10734745536899122
0.10572918564053807
0.14275533347545133
0.12258463700686809
0.12154120704721075
0.1505290029287205
0.06639017299456026
0.10383703559858945
0.1518549537982383
0.0784217180396903
0.09101440988471414
0.1985522193011694
0.1097514318892647
0.12473552096546812
0.1311921356842047
0.19245333653327037
0.10519241111895834
0.1138118200311415
0.08968886633834292
0.13358845432913408
0.10561781590792806
0.07886100153842719
0.08088077952823525
0.13732892393368884
0.292759606462085
0.19775968593485965
0.06757760581036297
0.12624658452288776
0.078471345294488
0.6873914337378314
0.11687270904265654
0.08325513275731826
0.09829567430966707
0.08756302676284279
0.6991097983809147
0.13975038900628844
0.154834653374127
0.17149058853147314
0.11339968309376408
0.4331860701257941
0.11002647512457814
0.1299563767947134
0.07414364857949758
0.1678968312410076
0.11125934934158939
0.1277027152478333
0.09579591554191774
0.11064353241535727
0.11040073791650253
0.17401216767313457
0.12989114267857677
0.11643642338800896
0.17917517773034142
0.10142361191160311
0.18406145241048286
0.13499054845133535
0.1841678795407405
0.15624945955039832
0.10089856074297424
0.12755309657523572
0.14497084862402082
0.09800242738016944
0.16020087428190502
0.09251782486267697
0.12347562879544378
0.11399175911178107
0.1923042535938047
0.16448732993116605
0.1062983754654967
0.12250537512605968
0.12666906998577213
0.11168893097932588
0.08488555674866223
0.14173195758077003
0.10769894776466327
0.05228513549829601
0.07240816018709355
0.1007275521773193
0.11998544402655723
0.09752675975388343
0.08542604430478844
0.18342690565320194
0.11166444583402736
0.19559394912205
0.07713103346044249
0.12476103763431572
0.08640320894700733
0.12952150418990482
0.07435693621136796
0.08742565222435045
0.15822954107099035
0.1874213760182828
0.12880067504497297
0.09855142627187131
0.11251346220692988
0.14633783038525836
0.10602305984133481
0.13348499267836594
0.13037645643432147
0.16401819859120975
0.12350766493682869
0.14927039096363845
0.16392060014869292
0.15108545633233017
0.13229363675506367
0.10872851976932438
0.09572741814264278
0.45147866214346144
0.2741478675982644
0.7674429805153921
1.1047444313362842
1.1006237586411507
0.07635954828545248
0.6901336844899768
0.15922326218347344
0.18638929170212232
0.12327503943871614
0.11929749681837261
0.16236362197155024
0.12137079299095742
0.14929364586643215
0.08823386490497734
0.13078279058791506
0.15044981357369902
0.1482228003865464
0.10306548469827255
0.07410222684295839
0.682192236103469
0.1181650570491428
0.07997711064374403
0.11806524455476779
0.12245041230236829
0.07697252145100639
0.12160808585465424
0.13537292779826127
0.07735706478897122
0.09168543782479958
0.1388017856386619
0.12346885950816525
0.09573094830275335
0.14855252273824374
0.1200477301430384
0.10993980382308659
0.12395719074227532
0.14515813166878966
0.14193700279854274
0.10839500476871473
0.16318192968494108
0.1912599216074847
0.18855445440407048
0.10701472453190644
0.1284932504345718
0.17358773227085764
0.10454707539123634
0.20816436626880483
0.10826361495737997
0.08210838636092596
0.12800229762800053
0.09062178318225501
0.09016279042158162
0.12469316813002232
0.15693383984449946
0.10522144420694357
0.1568304240505846
0.2022265442618038
0.1496341238406156
0.10603263118957616
0.14173878569279824
0.20058978334618938
0.14238388554720055
0.08058912229754259
0.08861368677622053
0.11581816369247733
0.09414688392515065
0.11867107234228866
0.0941023425619767
0.14776069874512987
0.0760792285832741
0.1287256550652005
0.09898297178935575
0.19174535587291938
0.15516301780832892
0.1071636879941108
0.18724262708536032
0.1849555859267926
0.17289637871194355
0.12041392103587249
0.14862249344065578
0.14443319172452737
0.09678504115649604
0.11281363913689765
0.1431079190419372
0.0878545505248471
0.10372905541142308
0.10131464460933551
0.09890344145930707
0.16643805503958464
0.12534298749970185
0.14567412342030595
0.12511356609232818
0.17993290860563765
0.10677326605854831
0.13959505660422064
0.11416214015042334
0.12351061608814666
0.13497275819199595
0.12728861580963724
0.15921488478419218
0.14056581942036506
0.07714647691120206
0.08959425602076687
0.13806475951397917
0.1146615771775508
0.10515316306261775
0.11719761329677184
0.07587586122169145
0.06373834873036417
0.0938442292442634
0.10122503575318537
0.1196708760135437
0.11157305780804289
0.09200126492747833
0.14373134299131418
0.15361876025542615
0.17599432343457289
0.20258717547036262
0.08248674567907305
0.1361735823762212
0.09683748788954763
0.17469005060949008
0.12062249179672774
0.11133966674946492
0.11830582840690478
0.1256466788936964
0.10691605149147135
0.15883283095867262
0.16347692070926437
0.21054338028187447
0.07037856591072689
0.07553573900746241
0.15035130517243156
0.13072191666811414
0.11790425121748435
0.12938776301799138
0.0893678479825264
0.14034280985956163
0.1112835689976648
0.06913294700021916
0.1567053180288947
0.12208027734954381
0.11922319459291701
0.1252441530285489
0.16215971851470398
0.15751839330805423
0.11691359027402139
0.08303382044845865
0.1385359189347225
0.15004278154679507
0.1764074492626365
0.17722367305030037
0.21880953495305178
0.17095198326839997
0.10063979029106986
0.1296023959599035
0.14271686161307295
0.09991095811749276
0.12587476688066845
0.12671635459224545
0.14582602042046594
0.09193809478065351
0.18233158036333288
0.18375593074800445
0.12684515547829422
0.0848881859982567
0.16072028675010755
0.1504177167711327
0.1547679223613425
0.11070447810558061
0.09811625938007391
0.15539180415342393
0.0843156771775943
0.12807025391761706
0.13329369283704043
0.10098266042330396
0.1378679201149399
0.11449073902415652
0.093890939174998
0.12576821549879613
0.740705783548271
0.11320046605766233
0.11526349132663619
0.13086938307838683
0.13952662001977656
0.13640069241364555
0.13368919658030914
0.09334226198221184
0.16911182396241004
0.10154574283383444
0.09474220802515879
0.19136359825910942
0.08177879845109229
0.07457534810485163
0.1409912094680391
0.08795627937076196
0.07650575697551804
0.09978867015975676
0.134744179285253
0.13589734207205814
0.11769343689102223
0.16936142350719
0.16031761014810997
0.14818012296253646
0.19619692108822046
0.06485071564696733
0.12990095857461278
0.16545136415357095
0.15298401852208018
0.09821765316336367
0.21387567981869465
0.13565715071654022
0.13683363167282736
0.08543602631388492
0.17020207876819593
0.1830739198243499
0.16571743250406892
0.13582679320477042
0.17277051848448988
0.1545072385306492
0.18010003996801524
0.10494326801308423
0.1475608476329328
0.08319954617004874
0.16347991837099357
0.1681116185435538
0.11553599764835652
0.21555712304994873
0.1512509046783977
0.10222682752628864
0.07129507660584081
0.1680012631873898
0.13366789999382014
0.1301049061505604
0.08550693309705724
0.14419048113593053
0.14260301275361514
0.08193830400743257
0.11301255776386443
0.11552829103047361
0.15453634690365092
0.1658498875615902
0.13930621183502173
0.13469828884095217
0.10352461664450803
0.13084355296052075
0.10935753987958635
0.11042258061529528
0.10977818169909188
0.12834460641743434
0.09190354885927007
0.11765581980892183
0.23306094254428691
0.13379307484989797
0.13690858712574464
0.11004984148304223
0.13350159570510106
0.1732115373376145
0.0804646149673294
0.12147598092399733
0.12159470571983871
0.09230963613084689
0.1235522828977097
0.14412815270743756
0.14813440351374882
0.13682171967892817
0.14576554494400945
0.12021984310231126
0.07470978320022464
0.2040818195278001
0.09239605408490383
0.08833601092571544
0.0764291417181089
0.16097618390794294
0.09361204407871644
0.15011839334077196
0.11134745147251057
0.11389173513405293
0.11906180169428898
0.06978309937588188
0.16851089735335328
0.13750259883234622
0.15684464023349748
0.12864667570293659
0.162583539702974
0.1961260787503545
0.2022399887838904
0.15542532173121906
0.16075637556662564
0.15796047351365836
0.12060811271975068
0.15906419749691286
0.16087025406100658
0.12105681436159041
0.12018402647120913
0.17966790130702803
0.1331113043869126
0.1135200067626677
0.1201755556906845
0.13687765131904592
0.10682351905549416
0.1135386689881772
0.10935212097973222
0.21748631416507727
0.16203768433497362
0.12088228124971653
0.059218521443507866
0.1254261371763261
0.09759180187741262
0.11807548875446021
0.16099194507568065
0.07640341879079893
0.18905987162271784
0.10798992877647338
0.1497768540227887
0.1620713324913442
0.1564822989946222
0.3020885012679382
0.11044484368582419
0.16904978726644473
0.14541722513579633
0.19236390261408903
0.7768126295471516
0.16622735517541296
1.0833324705172906
0.157221025072747
0.12229521663846442
0.14429793935106613
0.12727211270324704
0.14660308698348423
0.1297742895991494
0.16905625181703585
0.12151909146292701
0.10725593441975953
0.1829939038926482
0.08035748277091433
0.12483656506729013
0.15154906457267617
0.11918218766304756
0.1917075429862641
0.10278176612091114
0.12183476299880094
0.13800367300620447
0.1352935574136689
0.15842767512794942
0.1255476104709909
0.1373726960058452
0.17542212681847003
0.1315027483713982
0.1371190144160951
0.11487936006731735
0.18166606136822444
0.19282077995021665
0.2145431746329473
0.13531565580489915
0.10140985281965306
0.1543265353884971
0.1299846990578536
0.13925021382847386
0.13341549748166023
0.17754499467447618
0.10792280296423598
0.11097572560678474
0.11029810583488232
0.14047398313061188
0.15691992749431535
0.10518219745991221
0.10115576805305379
0.15386489894599203
0.2442043391636457
0.12250748844819544
0.07460910420399514
0.15048821597426357
0.13746493837500667
0.18006431787624944
0.1171526518616381
0.1822225405619138
0.16099811857455376
0.10941516500087987
0.12853053053727215
0.20543777967028587
0.14406118035617987
0.1144948309771121
0.10879059638307294
0.11853583702595644
0.13319974372812265
0.18233342988405166
0.09368011154152574
0.1527897878370622
0.20098789347405469
0.16661227427580658
0.07674050723342919
0.12063800422545319
0.13861178865834564
0.12123528827265455
0.1148875802062897
0.14575317547033595
0.10307634944712588
0.1272343720483869
0.1391584048420737
0.10105885279897836
0.18084490053843932
0.11497991664339281
0.20881880610944917
0.1965257210020314
0.13626978417869126
0.12014800636624871
0.1334213219284526
0.15211229524204278
0.06998653649366787
0.14594297809559706
0.18291082862502994
0.13756126172546876
0.1098855112314719
0.08870950383410604
0.19836725436769118
0.12071226547786536
0.13535064685408715
0.088693062743468
0.10404088289966949
0.08461672720044378
0.2265614026726672
0.1953006390981611
0.1326841486322616
0.13965784413296606
0.16444698898476165
0.12527897267361915
0.1851665537246714
0.08631034885257635
0.23574529890609852
0.84449970725502
1.250483237279618
1.318531680213126
1.4118496449283615
1.4542217590188586
1.3001439533901287
1.2378731097899993
0.7547199865041245
0.20057261978357696
0.8254955652682333
0.9353597243901365
0.9063402452503789
0.6513469667646403
1.215820360209577
1.2290486521753976
0.7127849628527195
1.3298360692590803
1.2405686197737278
0.8558433223910786
0.12338326917426505
0.14137466414298555
0.1728855190955064
0.1794700744344451
0.1452384020545849
0.15321810531587282
0.1680190996061557
0.11760909211807453
0.14205321776417185
0.20153004823276607
0.09780847562795644
0.20448129993527578
0.1385722916147371
0.14268575489774785
0.13842591209903085
0.2521775235703419
0.13461013317398732
0.11563886229547647
0.11480210243356731
0.17182634371367714
0.16710064352858295
0.1403040641774501
0.12319044785214861
0.14750588386876676
0.18641877044587996
0.17263516352887862
0.13358921462778664
0.16869020671087004
0.08238027987065624
0.10006056195811036
0.1080084483100218
0.11124330452426365
0.23156535188323277
0.18940753138322505
0.15532874429862276
0.10949637693571106
0.146851327949389
0.1449708295370822
0.13673935986234706
0.16241127459527124
0.17857729743128203
0.16334315054473464
0.10429186786699632
0.13359816703630936
0.14556884285395982
0.19046847241498693
0.1196442001855644
0.18149647017709802
0.15098879443252983
0.149887024607836
0.16860151827671588
0.11040043732209236
0.158638468757298
0.17070669887982043
0.19778399811771083
0.15847555534343968
0.091165329642111
0.09192736603639114
0.15627983463767253
0.14192147156422455
0.14693060401287714
0.09235844992254753
0.1411233457150389
0.08224391953015055
0.15874284441303424
0.15177014692073884
0.17588323695339603
0.10143970555733677
0.09705749842720543
0.1288477368421939
0.12985492498110154
0.10058144107764339
0.10249946578768457
0.08326973008470545
0.13796358041468143
0.15383041258878352
0.10767999598266936
0.11234799227537245
0.17858947052230667
0.09473541551973007
0.10773809766180123
0.09249757705711845
0.09408452141553648
0.2181560309893795
0.1920801018666194
0.11164824547455726
0.23007735177233998
0.1008600869335308
0.12952975289634502
0.12449853876783977
0.13531457500720495
0.1198398946516189
0.12304232634805902
0.1453907774016428
0.09662758772153032
0.09697457841462183
0.16461554055600539
0.10161383659637749
0.14243531913546986
0.13075842147295086
0.13368798113121724
0.09329691804032177
0.0944345539736487
0.11257607680905109
0.07997337190916556
0.12240516340182751
0.14975787770465795
0.1753084898140433
0.21129768104664512
0.2575817974143263
0.12619753275685736
0.14901429284806553
0.15673212555625526
0.18063726314424636
0.17737753070178625
0.1497496115070703
0.1500001813310934
0.17666440294905547
0.10907831109027064
0.1392513270821326
0.19248095984426908
0.16328876760076397
0.08781411432605858
0.1555469475417104
0.11103930972456048
0.16621956542808988
0.12222380508252471
0.11891666864519476
0.14640249966760924
0.16657532257223506
0.1341115038426161
0.1418316485243735
0.18406920362500237
0.11555619755127669
0.17090175280885359
0.17909878951288438
0.21347378117126908
0.1455865890890073
0.13130346834528722
0.10367388833064028
0.2160597456781919
0.1466442864747593
0.12911104215452537
0.13175889775018093
0.13553647439718725
0.15046524797002478
0.1872762261216431
0.1608640287780749
0.14049545427694568
0.12220006872509434
0.16213353615786394
0.16385672873132306
0.16484744951510405
0.15072672801966014
0.19082701542864564
0.11791890021048937
0.14028288009215054
0.135366007267712
0.09927600406695011
0.1454607991426625
0.1644513187038476
0.17884193876169013
0.12653898713225564
0.12623938656951336
0.14199794708280247
0.13145238000493586
0.2047933561694471
0.10851034233046117
0.12292559417520425
0.18557625122953586
0.13700097099364605
0.1310981445447681
0.09565787366771772
0.15776487083613044
0.15876749882476732
0.14989405613777643
0.16132665520727385
0.12008406094055304
0.1607490066865335
0.16286817054949268
0.10526867599531023
0.13169170998259216
0.18531665645294645
0.1827166719885349
0.11739208637317408
0.1583502599317083
0.1793729445168108
0.16669387462048527
0.10091855635715247
0.12953601372005683
0.18411753786066962
0.1460548410179669
0.15466850769775056
0.11918284664446308
0.10820260477818398
0.13853549968632342
0.13350830322853588
0.11084005239202122
0.14658357220104862
0.13202510607842577
0.15478478812607846
0.1662011606688916
0.12592753620897967
0.17350358667416152
0.09296445171122159
0.1801741252930974
0.09082944357543876
0.1369717071351731
0.12586084253391552
0.12486327142033134
0.10347224399952824
0.12526006779582374
0.1426054186250908
0.1494941770167325
0.094187728233889
0.06689114068158648
0.14893741969533808
0.8312443094969652
0.16367461971236358
0.09223203276155575
0.09576163070918989
0.14396655497619124
1.0078783646089489
1.3710867935858042
1.1315127033537304
1.3585675488874673
1.1929786680411945
1.328917642693016
1.1604785547595817
1.1797225480552247
1.22391580230509
0.9789329179948875
0.9034414628666566
1.1630338835211045
0.6754326700504348
0.12879238986167038
0.19659001158530137
0.15815301590640574
0.15087736055228673
0.17194447616250172
0.12335824777167173
0.16130846826071835
0.1415036929492199
0.1552732924463281
0.13361340250311893
0.12918197769052386
0.05986364661863021
0.12976085167827234
0.13728828727374304
0.10883521661413109
0.1360823763936145
0.13912832495561986
0.1737642047117361
0.11770164135485126
0.1354817084523253
0.1278879406317549
0.15163770130419363
0.16020476163324157
0.17691077982257475
0.15203394141888613
0.14244916937830898
0.17695485624117882
0.12564954562697017
0.16163834818233697
0.18931816512645197
0.13592650613343887
0.088458586904387
0.13693564600303468
0.12189481062862821
0.1308524355793095
0.1562520299034609
0.11477801594086824
0.10399902404271416
0.15175839261789018
0.08631160291768471
0.13131707080631294
0.16546383432836212
0.16087299662172988
0.1408340465044028
0.10562039993162288
0.1073195464834276
0.14236576206595833
0.133707238418659
0.19756658551350184
0.09419644137167617
0.10224684465002816
0.12869002036547564
0.141103863767236
0.2095007429429293
0.14858567037806944
0.15351274351836308
0.10417320209257258
0.0833293651227982
0.13286658654479283
0.14231140681257565
0.14051003303160964
0.0987615193523657
0.17896815131008703
0.19661431898094253
0.12478155744427803
0.16640442655490328
0.17052353390693356
0.14151900402345868
0.16077197280185454
0.16914633248364394
0.12311058167182867
0.16772594315071315
0.10195356715177083
0.09279185493710908
0.21544835658183015
0.11984463113917992
0.12849310896252675
0.11153255248893516
0.15770576012866694
0.11908790428168817
0.106325241396095
0.11228784516057161
0.1502768205066151
0.051987522258397784
0.19792442343996428
0.1376920443490001
0.09962393934031459
0.1124780671725105
0.19206716691057096
0.17235256646634695
0.09712014515272782
0.10912543545908034
0.08519007329484869
0.12988674164855238
0.13909485996973628
0.14711648002033337
0.14728949205483352
0.1420721639056093
0.20702490052053243
0.10842563965046233
0.11834317284514285
0.12191781364059998
0.1376014368292974
0.10683324526098473
0.1347580808751662
0.13310357279693225
0.13576859703595948
0.09197493600682526
0.13172870948706822
0.18910184738647004
0.1202705111291317
0.07701524140069425
0.06994552746943908
0.6807578185901101
0.14091040797243373
0.6745545685471815
0.6601658455257209
0.09662953114356079
0.0875962417020413
0.20401979369602957
0.9539269065203416
0.12229076373123514
0.10215905272111155
0.13305719223232715
0.15978434000530659
0.10127025777953566
0.1082340160211849
0.09523876259093345
0.07490961851925335
0.12199306886222633
0.13255278551254093
0.1214002115605592
0.15370798378073136
0.12431154308887218
0.1395465053783726
0.1790131244481538
0.15430705979357948
0.15816691106856925
0.1044754428064168
0.1577248318680219
0.1455471951179047
0.12935395684155715
0.12719258302134331
0.20692426591281665
0.09852796506780831
0.1396429642246551
0.11012422387100364
0.12594835165389442
0.13352951960774628
0.1680603020212498
0.16013467068726636
0.10778841078274624
0.10919284335283903
0.12756203268242064
0.20552878685890372
0.15695270022439026
0.14730916652012327
0.1673573500299113
0.12022989138708952
0.10372588190636298
0.09253451199989346
0.07339946060496685
0.12681734322345664
0.11324667530920263
0.12330718672787769
0.1309106324597914
0.13928109169625308
0.1421816855015993
0.13672058267516687
0.12548279873973434
0.1496047241277129
0.14990252653123198
0.12380757797646007
0.15208460453119355
0.18009279497616126
0.09304447435322205
0.1605463768003294
0.1103629306960887
0.16529713913264493
0.10653062652343799
0.2020214638725649
0.10834374666229452
0.13845615973825548
0.1269245080616131
0.12699502235618826
0.14627557259774868
0.2545299842729961
0.10152381194390556
0.15848711124626808
0.12855758592846878
0.1129564029218449
0.11737367913687034
0.08798580898112368
0.07568568740316957
0.19015528101553578
0.2139523080845455
0.13565647908406847
0.11968234809977576
0.10051384633399187
0.16368765597281315
0.2005246420816893
0.18736126036255532
0.10874614461493606
0.09717765377061238
0.15038382141315612
0.12024322334756916
0.09621214870204665
0.13931353217324496
0.10326743870077008
0.10916125628936572
0.09826065665225682
0.15129934284925362
0.10028944214168706
0.12179784722004129
0.13032556830534203
0.18482332276055305
0.11256417452298072
0.13375079483250468
0.16007677425040295
0.10669136444634174
0.09418239347006506
0.13299321755747792
0.1159972895021724
0.16577879452453442
0.14639865704167804
0.1880721242313256
0.08941735105576394
0.12515273612670705
0.13555308302343377
0.11098843098278274
0.0989139284014558
0.12767925025908405
0.12355402024606113
0.10765101089205353
0.1498675732871326
0.16463184603923908
0.1687606310498944
0.09688600651196376
0.12163489088267772
0.1331291618211772
0.13108155097433263
0.08495210400394072
0.14078726126778518
0.1662985619265133
0.12334846346316719
0.0996376525840926
0.09686414935236645
0.11529464834486947
0.1352664415293645
0.11677598129075567
0.11166462009635683
0.13538013905481577
0.12652095643626435
0.09828809677710014
0.1230619076954866
0.9052428641479867
0.1213435234832894
0.10874407980147734
0.13920534620816183
0.11615141495538561
0.1094863630441918
0.10582120711106852
0.1410883529149768
0.1793003327275872
0.4253838273147364
0.12341898910433043
0.1309149823318502
0.1262065752045044
0.14747134415841967
0.09544362512046962
0.10330235255885664
0.14215456755780354
0.16103731452786632
0.1501886847543254
0.09784960095586863
0.14424994352451967
0.08005119941498284
0.13133941148392064
0.1647025872704742
0.11853557439633577
0.19236488857331843
0.10205334075598614
0.2148715542761602
0.08647756512777068
0.0991441812135059
0.13131047185101827
0.13101110932344956
0.1301794719826809
0.08981020868975051
0.1402787860855181
0.1736696338060183
0.10150619766680326
0.14320763349861312
0.09622852123442467
0.13476146064425235
0.12060815438840114
0.3113982520731211
0.1293242677613813
0.2674539925747666
0.5669255126008194
0.14595639331989463
0.10459031412716352
0.07353959247395499
0.16370227584881702
0.1356775939035494
0.1124905432669423
0.12569092795673817
0.11951065505597766
0.09412695851693681
0.12755069566102614
0.2044683229311812
0.17076093906698844
0.17307038629957316
0.09976495259063362
0.1517522395243838
0.1178453379607746
0.16600424198668193
0.1481526048252058
0.15025271792040593
0.1588850218942606
0.08882146570993399
0.10350363690929926
0.15074015852070097
0.15127632230264298
0.14425074795660206
0.1667939213299583
0.14950983130664924
0.05323615058760464
0.1379981186673443
0.15250356782437338
0.15493277918112172
0.13325604297524737
0.12617617122508992
0.1330576751231216
0.16507509328994185
0.14731894322717853
0.12261024885994902
0.12729344242247745
0.11120366361829911
0.208608733588713
0.14052471335819552
0.16175207381139645
0.14001175653277792
0.16340782321758307
0.13723588652014296
0.12600922715965412
0.14978482826173584
0.20460597653585572
0.16940131199208439
0.10268670288535434
0.19119295582439247
0.1979666453914581
0.1491190085242686
0.16032019462920052
0.12862516593142514
0.18079325035814123
0.17741601957600805
0.12673146012672235
0.13805222257266378
0.15128109327058586
0.1465935998955362
0.08325254032493662
0.08878206874613498
0.09327389121794481
0.1835607005435209
0.14625948842760605
0.10882761946307562
0.06688732003120958
0.0742352201684469
0.1672014105016209
0.13620365435226406
0.207025606794902
0.16207085948738978
0.16905689063878598
0.11052056511968207
0.13819142221746464
0.13044644060510588
0.1457077433306854
0.1949171794253957
0.16514177243811212
0.10361549471923982
0.13804477090136963
0.1166818819417153
0.10674194201960946
0.14453398223726463
0.1413267037831307
0.11810399384980043
0.15176560232985972
0.15791248806408215
0.11571624107025472
0.19801980562581234
0.17243718556746593
0.0944249935242109
0.09043978325415748
0.2362027192786184
0.16715076109232213
0.12563893431131543
0.16770225347580178
0.11614176227452438
0.10446803385171989
0.13699833788240745
0.09860622430460599
0.11061139214299721
0.20951496047239807
0.13489203919164167
0.1088177185133784
0.07635369743293424
0.11984813422159465
0.1624278413498124
0.13783324034140115
0.14467719585987482
0.1669463995956377
0.10382453867571209
0.12708435020428555
0.16652808441059946
0.16738437714431847
0.13045993957088417
0.11065255926149585
0.09638095242530205
0.1271656068457109
0.10434532624477817
0.11844998985960055
0.16507136476979153
0.16930019103159577
0.15752708471635685
0.15203620647603552
0.200454768117843
0.10049481542920033
0.164751671937312
0.10430741259153317
0.12350200948553305
0.19981122903276352
0.18909529961196048
0.144694982941814
0.10316084203693635
0.18653300183098923
0.15288404756041565
0.12529280511392638
0.09647051749958203
0.1349335532529444
0.10175643717447728
0.11726498079996556
0.13206961852233037
0.14612951596954146
0.10966268174625782
0.1483112272792888
0.12191293648539388
0.09394233232946504
0.11775251101441965
0.1443981246346016
0.16714676558737074
0.09809683823467501
0.1329706425173345
0.11325718042620296
0.10455011380022686
0.1252214601629523
0.10555360765699247
0.23946759941373894
0.13979801759612168
0.12968277529091832
0.17784246660471606
0.14203430481583962
0.1401579212663645
0.12389417569878727
0.08696322371167939
0.12350422592546995
0.10994294969622617
0.10309383333637649
0.10679793835961643
0.14925835496487252
0.17283517727213257
0.14143507694579088
0.07547918676785027
0.06662336034706799
0.15384994848066724
0.17274369091445896
0.11395211730154198
0.14922662684478277
0.1025442172719097
0.13712237068473654
0.11115726255183904
0.15328249210885556
0.16795836290590757
0.15446516111477032
0.13658456590002602
0.1420982288068047
0.14098347494999017
0.1464429619841947
0.14420949869760408
0.16968941708108282
0.12392157004637887
0.11801573001982095
0.11903268665747221
0.16340627349469836
0.13162119198585934
0.135042501018358
0.11703542772870602
0.12401168264489372
0.1320581112635784
0.09426477301956689
0.1293847253643062
0.15868279409977928
0.162940490950503
0.1921461320844287
0.11765352929642468
0.1278685499222053
0.08095354320530174
0.25232712693247167
0.12604829620292787
0.15808341100965378
0.11044040690439161
0.08590987467184776
0.1824165946252783
0.25610245823651384
0.16102394291760594
0.172617011745348
0.2420416168004737
0.10911166210359564
0.1354461127886247
0.2641387904810566
0.17227775672841406
0.08793686544046023
0.16256885528042095
0.1607671956240179
0.1639667162771743
0.14110340443632152
0.19573094667671093
0.14601297952597872
0.13797088807526878
0.18772332421908403
0.23711400741714173
0.13790187737282533
0.2214473356421864
0.20616467742100736
0.16662767779278534
0.2561117129872762
0.11817186715163551
0.12209215599233912
0.23770347459111715
0.16441325001074622
0.18519942066092157
0.12854994284020824
0.1367195947323739
0.17502161776432257
0.14978142058067562
0.1339915328823664
0.09896157907751948
0.10094754488732621
0.1514238127946484
0.1263321904364433
0.15823515174509703
0.17358497099025424
0.14674997699939113
0.1393883953381299
0.17435275132653483
0.13975081070773843
0.15423947296464438
0.10545852682775911
0.10304379046123355
0.15371135212265807
0.1378005007611785
0.17700154763382714
0.21209765501568267
0.17963125699493127
0.12680189637316902
0.20112677228064244
0.09990517937428066
0.12734498837805752
0.08133077087168832
0.14347966125064873
0.18391829511585148
0.14865216464391265
0.169413173308706
0.11105877419977579
0.09509556920167171
0.10729299245837534
0.144594768786639
0.19224331741267817
0.11823271398399587
0.12255441966727844
0.07406431311644376
0.16666593969202362
0.09607837076709902
0.13726415722668575
0.11054982627419228
0.1549894789234493
0.1308821827339767
0.21094629442661347
0.12464342435316146
0.11464714133925218
0.15028856301437532
0.12701777687779697
0.10599102801884218
0.140124503755212
0.1347104955594293
0.12217570586318932
0.12019286110595491
0.1327226574507302
0.06821313155786876
0.10287893646857602
0.12764309874377328
0.10420860236930107
0.11381684192298464
0.1273735375766621
0.10000912375914744
0.11377740667020607
0.19060535502351827
0.12275647538452258
0.09797936878726066
0.1536654402057358
0.15165752655103767
0.1178003159088412
0.15784360764134966
0.17781716627353386
0.16294021409515927
0.1583756419615364
0.1787704282082148
0.11676273003806391
0.1497753260692541
0.19394936674395244
0.12544913488688508
0.1134341308464487
0.1494655479191806
0.16069242903900532
0.19011313329232168
0.12343701406033207
0.12284658005836506
0.15293129569255506
0.12649040781552523
0.1193247642941158
0.15545137540159595
0.14298624245607475
0.1644463672486956
0.1519684288730831
0.08875816214826213
0.12883403722034414
0.12788044246300267
0.11263960060786433
0.12118591496089061
0.14887829417211837
0.12434417023564441
0.1412292540060076
0.06828208341112502
0.16282518226046816
0.09260893756062501
1.3215098224522774
0.9645539433599569
0.30454854332722064
0.10225414356580363
0.1460477306251279
0.1226470488916008
0.14195424647876065
0.08900620476041955
0.11224435706698144
0.14063986605427742
0.11615999476475983
0.12591350021170056
0.15076186283188206
0.13536673378949426
0.15896899478321064
0.14920851783383482
0.10313275107588994
0.12856694555939324
0.17442285708806277
0.13230618661345328
0.11306509472204161
0.1506312726876405
0.18479741672129318
0.15974196279402186
0.08028194839873508
0.22868377155237019
0.10289336551312787
0.13448582626610572
0.25488325973781356
0.1788706026435466
0.203394322700987
0.1590408290267778
0.18774620370517883
0.14043510901050751
0.1379535326650602
0.1592170768060097
0.1814523400805217
0.09331545082678352
0.10038359287411264
0.11001344207412067
0.14460917439073104
0.14148787651940625
0.1423430592481719
0.15137794305561164
0.1377358432674388
0.19421057848311538
0.14022763470183391
0.15106922219268526
0.19518669469817615
0.114407580807552
0.17425776340997606
0.14853493943238286
0.1394747885392545
0.11351021988174798
0.09672735862154794
0.13178113593216143
0.10593589261333392
0.1141130819067961
0.09331562107673104
0.13934901663260513
0.18719272891714533
0.10326251912072662
0.11997441640512362
0.14643510900699278
0.1471297453316722
0.08496750480500358
0.10325194680804342
0.9299723354746949
0.127486297880892
0.11071924649469468
0.1297714290632504
0.18570045689742073
0.13890927284669974
0.12453432873233379
1.4101465602446246
1.7111609828606367
1.43646818748507
0.20345951931674272
0.09498173731086822
0.09214896571406662
0.10272106592433387
0.09630406026590078
0.13014589097892149
0.07801640286665343
0.21563411038759386
0.186507727371485
0.09013554574727026
0.18461074826267526
0.20611495482300965
0.13418164997848
0.19082974052642354
0.15605273899007513
0.16475763548049333
0.13463550613984968
0.15640697928767733
0.16940289914656476
0.1374593596008183
0.12503868645621727
0.11759243377466924
0.14788124379979747
0.1572970528186587
0.1783697146481741
0.1954177427590234
0.15471830831411595
0.18392451204346863
0.1372119915558088
0.12415506110105637
0.1938262848566028
0.13797634337527678
0.19546258101803785
0.08007906672759997
0.11532318504712133
0.11719418885263477
0.15950220548827615
0.14976377316980308
0.12454129131940171
0.19109288682571698
0.12288493471935129
0.16055975241694392
0.13120979041346306
0.11566163738659144
0.15428265180662437
0.08274216002522165
0.15640350901100433
0.1438813315643773
0.23293994521109915
0.12804570830319104
0.18381527062820824
0.22319699975935647
0.19551630824589375
0.1457063988012308
0.1518544398694432
0.14093053751230025
0.15251105644843013
0.1439701768411839
0.14664090691924137
0.11221090401099199
0.11652223581632787
0.14456621147143817
0.13559867188185548
0.09463296832291458
0.14614724285078098
0.09532761847177024
0.15894351345048616
0.15497261738553975
0.12307737171503386
0.16797109029379725
0.14286555623955663
0.20055514400355995
0.19615690628135493
0.12280854393442736
0.11385554628275375
0.12976148582959085
0.11354973685073545
0.14275546899299313
0.18309247785670227
0.11488441756320274
0.12826776216514707
0.11455545789256356
0.17429800501400375
0.13721923482103485
0.16973453742558223
0.11835357949547447
0.11175835761868548
0.1408634172704012
0.1600536140632485
0.13418827732030295
0.1495602997955284
0.1594991391323285
0.10041324149082864
0.08824285409691908
0.11602323675123981
0.14741389403887353
0.4266592438498665
0.11306008389648067
0.10982145953337819
0.15432736614315434
0.15001169433714662
0.17388524538539188
0.17081758358775656
0.19795995422693555
0.19353729362988628
0.12545014842457763
0.17139233865093526
0.19153234167492791
0.16473996397148183
0.2431473087428581
0.21588526813716533
0.19336044316669254
0.16560544242905992
0.13520818358978487
0.135808252405216
0.12211891088081363
0.23303311837560717
0.13553423919055274
0.14440784355467848
0.07489901027227759
0.1550623561180026
0.25444095538488704
0.2003988562345549
0.16931186608431154
0.15312355026046937
0.1485777626956279
0.207510893206941
0.18434506405771584
0.12425919302671501
0.17638447891848807
0.12016082591318984
0.18684143557855257
0.10370885129599246
0.1636698035413378
0.18598974339606572
0.16695201542518465
0.12005570983117476
0.16627731035594956
0.17271183949422667
0.1486104578553611
0.23820818082368214
0.1520061771024227
0.21879999904640704
0.15511049204414573
0.24073804162979043
0.13697488550057402
0.1745273325569545
0.0988828799265283
0.13627293377661062
0.2066576009791461
0.14916133843928692
0.15700980919322557
0.15366090635074156
0.21268530505777108
0.19475986113221458
0.17502821955310982
0.1352699234566531
0.16263601119975352
0.12996991980331293
0.1776427458910559
0.12495207745088661
0.11971849516049304
0.1309390511387497
0.12078660463804343
0.15135273987408526
0.17959953854158303
0.17599592632068395
0.11584457187739311
0.16067113502583275
0.14835499912569305
0.16751387687470798
0.16506071850612578
0.2588403094251094
0.11987052908392755
0.13648637251715168
0.21656952169919838
0.17904279835639056
0.14042995795465607
0.15127814791674554
0.20691773090268564
0.07775463361291025
0.10948638236178719
0.1962277604882416
0.1526347440963487
0.1320837070440668
0.13493395059557378
0.08933657603210456
0.17293872514833325
0.1849642269004504
0.13398530574002201
0.18240813097610925
0.10236424547986249
0.1737870562118221
0.18139623182946404
0.12366313557609933
0.23026041157732272
0.1985167661994379
0.17495604623479327
0.18567765180587095
0.20982999144653242
0.12130808946301418
0.11721787556690322
0.1423498178287177
0.15801607502733556
0.18141344004555188
0.14845210771035405
0.20349456844686067
0.17074128989102202
0.1811833350822613
0.13844722342385224
0.16699180456644258
0.1579653778365833
0.12379978691171446
0.12125817562707357
0.16868699946074417
0.14767472562802772
0.1842352070850763
0.15928627736276568
0.1213422474072379
0.18039360423580258
0.07534838296966759
0.1446623561780622
0.1016832622279061
0.18423426736576468
0.14834226042092355
0.09241845328262245
0.13820965943572364
0.1818803762960994
0.22201386602431666
0.1568812197407624
0.2084628518196318
0.11463875704388717
0.14218765833130695
0.1626646014497363
0.18648123321813057
0.11039930041270894
0.23639163917534642
0.24925386648453718
0.20221581687509413
0.13594106382504512
0.1705461951305151
0.192899238313214
0.14451009331701167
0.15182831953675419
0.14061412901899734
0.1633297653529127
0.2435369685112739
0.19394590652315735
0.21894932783905258
0.1706010699574238
0.09881870698693562
0.13021771619237124
0.18776266483000592
0.15193733604814527
0.14786064373202495
0.14717817835259595
0.15908995832083214
0.13480347040720123
0.17782407180933993
0.17220037519976925
0.14596302865018812
0.08804236064921636
0.17393893929930881
0.20000992870736556
0.11459081487109216
0.14371851160149832
0.10810928987321507
0.1295481529643249
0.10978122690588504
0.1232200742101088
0.13968207717212472
0.12952173471143494
0.1160167810481815
0.18757775349253558
0.13626568386407628
0.21767677781736855
0.16965984078296958
0.12327014416368952
0.13324138012771086
0.21490147846492091
0.1244182455558879
0.1574766859203427
0.12497815643444211
0.14423883317191022
0.11082172180716192
0.16550796612389948
0.08587121943508802
0.14112258260227012
0.13776257609395748
0.21406700455742997
0.14302517090308173
0.154599871932979
0.17021775441995945
0.07942448673553554
0.07214764568553059
0.1924560496503827
0.12469807979569432
0.10073441453060372
0.09553836423012804
0.1293088013645097
0.19072034770775984
0.2397142776316294
0.10487589589514411
0.2618019809174912
0.13314411888137787
0.1117727321896943
0.1484220182682473
0.12513962680788177
0.15466675831160812
0.14244084723140338
0.12530045506175236
0.11447028730464062
0.1595605586750362
0.19823000755178963
0.15330663190486904
0.1291089240694846
0.08605954997636939
0.1506836087365285
0.21669959870580666
0.15862125919950043
0.11115879139810264
0.18596626695518337
0.1655669929223674
0.14237117841046373
0.11350535201887738
0.17608264923398653
0.05766342455489601
0.1683949904814245
0.15852700923635782
0.15408331132191502
0.07677664548421634
0.1720941922450112
0.11101211088965797
0.1309304118864255
0.15491545983363766
0.23035789197407697
0.22419822008004137
0.11740542093504432
0.12279530678854694
0.14657525763200896
0.17102614025835441
0.14590948669457254
0.13441541067055082
0.16969259608127438
0.10212684785735074
0.18206345393326442
0.11564078471351408
0.17076779460632088
0.15287446344089187
0.13400168995680842
0.12544942149354346
0.1454234335687329
0.15410100664799872
0.18987445886846266
0.10420977391101681
0.1938179720046273
0.14989599902276401
0.09210637790539677
0.10808907128999724
0.14038476085103138
0.1804220447741955
0.11814211357960872
0.07602902248417358
0.10703992514596608
0.1358484585694601
0.12814434676178255
0.11940298856430674
0.18391178533451755
0.17422184761732096
0.17653788858694905
0.21595838046333024
0.2776810997260544
0.14614745774548077
0.1423208742584684
0.2102493466048144
0.1405778611573968
0.09455110693748132
0.12707721166479877
0.18836462352168346
0.156378707057651
0.1223049921560342
0.14068201292251611
0.19387662324214305
0.13060616437209127
0.1384329266951606
0.1633408888819164
0.16864972725914676
0.1045135456270249
0.15849073578511866
0.0721861281679641
0.12138181779773885
0.15986230404899524
0.20402923139328447
0.14294974291118082
0.23471643868639122
0.11366107982217784
0.21210450413422785
0.20171871711313974
0.17697553896042337
0.15826817186782963
0.13850605414458275
0.15072372999756364
0.14107946958577286
0.1584157593349114
0.14358611655645312
0.18800445234637642
0.2521135269555516
0.15514110611392856
0.14337817831654098
0.16746886226446348
0.1286483773835547
0.09713482428533723
0.22627046307167312
0.1416383868569801
0.13134620399578675
0.1702335450832465
0.18399862575983225
0.1535473702724589
0.17125910613439713
0.16063486281718148
0.18608181176159874
0.16562311961114262
0.16975647251756482
0.18647859192689373
0.15883188155157824
0.09685333594341632
0.18047411365528765
0.1403773846975312
0.1760369069586911
0.1250618212930961
0.14441549414012117
0.19209047276584001
0.12463813647136944
0.1446375244033758
0.24743427987867775
0.1531637700442583
0.15608408679883798
0.09374959874517996
0.16107699396914435
0.12975103836336682
0.1731365928420691
0.15747798055326806
0.1866731207716709
0.14672167821401802
0.17268133706113384
0.15401548737524876
0.13877333648902465
0.17182410487185018
0.19190868316847695
0.1790796152045027
0.13876842761734282
0.15233227500871108
0.07425547938311308
0.16871069170233755
0.1931419466784632
0.16984596720043488
0.10373405798719842
0.15154576362675426
0.10763988061563505
0.16487202571885187
0.14970582442642394
0.1375235876327613
0.20094603702786176
0.1407066365167526
0.18299580847517077
0.11753847460702929
0.19366663128414885
0.12374110726770404
0.13193002979444046
0.10799476367463529
0.17155741750580125
0.13423955032480211
0.07647661543606973
0.12066782080713283
0.15029893493134644
0.16806510681346135
0.13107419655632513
0.1538592949684358
0.1608487973650702
0.12844308880158167
0.1397234320110907
0.18429831584982778
0.07123330406418547
0.10494230034668081
0.12611767880744496
0.11979544569054024
0.1443063855316059
0.13150002664793864
0.06783945777048797
0.15579544040094262
0.13621461817576508
0.18235751116047125
0.12898654975203172
0.14930933372110725
0.08532501420769657
0.09457180142477313
0.16226368154373277
0.17836186045132402
0.09781856754252913
0.1497516933105796
0.16064393244040207
0.15618642798675997
0.1268385281252532
0.17841470628839046
0.2115536925754848
0.14366842319493447
0.12182927938938343
0.10957314897670911
0.12401559435932993
0.10728005365319504
0.09597166903910258
0.1052432323031275
0.1568140459494847
0.10714481037846466
0.1210085982769342
0.10345950433798172
0.10604468753507766
0.18141714754686739
0.1564417290604637
0.10078383551588531
0.19519338223325872
0.14501042299332031
0.20427040439696312
0.15710537385084025
0.14923655110019382
0.20923397448790165
0.1371698193969204
0.12477923032143341
0.18939368267903836
0.16413590223895197
0.14801182564360826
0.11042785396900857
0.12781366722506235
0.12636939287052393
0.17653789293810246
0.12870961544271187
0.1472106471137726
0.17238552345604313
0.1431001227656696
0.1041521072118244
0.13118739010615083
0.11744995501366386
0.11417942359967659
0.16908466184628118
0.11900696517157565
0.11839821670949845
0.15501564865566914
0.14549579282327116
0.22341725894040615
0.14773833656675903
0.09110253334243432
0.1093786837895189
0.12509517928741712
0.1992361831579694
0.09161971669272474
0.09330253000300437
0.11488721840143841
0.12113536762315984
0.16679144195800122
0.17983727347455059
0.12216671207058068
0.11073741384904191
0.13552463634289952
0.15137347770499485
0.15200667408252838
0.17787548327719083
0.12605339095303073
0.15127847975046596
0.1688818395093215
0.16676566371075272
0.08174320133131543
0.1354004251431927
0.10125924983241837
0.14152144654606275
0.16313198639301185
0.13618563002136264
0.1403719819097961
0.1454226231365578
0.1428075078956549
0.13579469245077092
0.11169669223951512
0.14890304235731877
0.14292046357373175
0.11025553539208535
0.14255935081757293
0.15511030366475043
0.10093523588180776
0.16114078140766744
0.10214014011533669
0.1032532355278782
0.11179850511088026
0.14305861449249063
0.10307480864494008
0.16261252573620544
0.16263644623088083
0.15964127097245953
0.1392995638990227
0.13260428099396268
0.14661207854559927
0.12392201871981776
0.15497942915721818
0.18360235149902907
0.11908026441807759
0.1217644621858984
0.09183170917406011
0.10035185959775113
0.1319963899968955
0.17177363058486442
0.12593782549089297
0.11427563512562523
0.12568342072687802
0.114766957629123
0.1412143378164579
0.18379821893222614
0.10519002780008359
0.12140618079635872
0.09690575835864805
0.08059688752213053
0.13928895038119896
0.15473825866202728
0.5105841119887728
0.20259276129986262
0.1467698790145388
0.28244161411510194
0.9570154962141443
0.1665578684629369
0.9836821576529677
0.07572442243157429
0.11751650000386364
0.1743436266730278
1.1192881426233214
0.11939253164082303
1.2147540908545342
0.3778796223127328
0.1749535161838974
0.11863206140829752
0.20261079786074201
