-5.48472715831236
-5.490138520350252
-5.4751011698462895
-5.481397731327766
-5.4691468031830315
-5.480348838102795
-5.482160324678868
-5.484040611289051
-5.474037552641014
-5.479708626849545
-5.466447384070266
-5.459244064328687
-5.477422508405549
-5.4798136439481615
-5.488413154806125
-5.483393752389528
-5.475781427957831
-5.470174040972414
-5.472193711934226
-5.480948234125798
-5.488286377746455
-5.4851652220696785
-5.482591716689415
-5.477258368416973
-5.468169499474069
-5.478366866745562
-5.478026385466344
-5.479321077821915
-5.488679680880566
-5.503473908110305
-5.490029101919375
-5.479475502005437
-5.4733757670569965
-5.4742127186286815
-5.47955123501812
-5.482735956256263
-5.4814074005856845
-5.480380165847957
-5.491302183691475
-5.488639527520859
-5.481686238525324
-5.478301103637138
-5.479962740670194
-5.467795789129886
-5.488181502583098
-5.475429707148576
-5.4676131582148955
-5.486964788995633
-5.476936189631058
-5.485888306456175
-5.495514610591407
-5.492739141617287
-5.483976352257229
-5.486988883425845
-5.4722417909474546
-5.506058100327458
-5.484785649292319
-5.492333234527238
-5.4753812827732
-5.479693770036903
-5.475933882970204
-5.504223994514638
-5.477268236641951
-5.487269477942419
-5.486742387796067
-5.48607580817654
-5.4831879842848394
-5.518487967814976
-5.49006015483477
-5.496823920320221
-5.495541537544223
-5.50342651742803
-5.510791817951517
-5.505270258722515
-5.526857809690185
-5.537537138696874
-5.548125328088567
-5.539149484663479
-5.575923878944516
-5.6036352911897085
-5.619141894866591
-5.565508221045378
-5.533081212489837
-5.5676677343674905
-5.600280459336407
-5.562598036247702
-5.657236653999836
-5.649871161472091
-5.677670476656932
-5.707973841897155
-5.653162925321254
-5.780656165650318
-5.626465475752137
-5.6216190676915
-5.698701847396127
-5.710698666009587
-5.772456585551837
-5.899072760698643
-5.875634492371309
-5.7484145567031595
-5.764294580733145
-5.803875134794013
-5.685865583553735
-5.878801470840767
-6.026247691161319
-5.930618180707092
-5.964252397072504
-5.974555825530965
-5.871595068700692
-5.9062113685187185
-5.971743509995983
-5.94638207638992
-5.9078566304594755
-5.858398608087443
-5.924267648457474
-5.887553611091109
-5.908856097496849
-5.921858680784702
-5.878580923699621
-5.871390733041224
-5.908793640006185
-5.87046511021112
-5.880445684727057
-5.907002607993353
-5.945892632130305
-5.911691813020354
-5.905659218110433
-5.922144614355019
-5.929366726740736
-5.896252056146942
-5.928372935429838
-5.951574839268271
-5.956957428177858
-5.906086819884606
-5.9402033745323815
-5.954586918006984
-5.966697589766543
-5.950319448409477
-5.971038931723844
-5.951184685284797
-5.95943968752078
-5.9685274370575545
-5.976587673896079
-5.976739351117782
-5.976180910221393
-6.019010633058001
-5.990707799085919
-5.998390909301413
-6.0286458911902585
-5.999440500853787
-6.001910866256367
-5.977014622559196
-6.01248974967674
-6.021316577003425
-6.025550296509307
-6.057644447053729
-6.04904314261233
-6.0386694393971965
-6.048787205862399
-6.00879689434835
-6.079740467445916
-6.0895110767128395
-6.020139464347883
-6.003311508864027
-6.034866990805897
-6.006114684817583
-6.035182705226856
-5.982461851155044
-5.97018400726114
-5.915510771568622
-6.008855068170185
-5.96456031682154
-5.981997271939445
-6.002262744022272
-6.033850920213476
-6.059771477203858
-6.022706311974759
-6.063668834653878
-6.086506715306091
-5.993106139053121
-6.018624742260826
-6.047914760206326
-6.033806418109921
-6.030703312671704
-6.028860372164064
-6.021009193337648
-6.016391686619989
-5.965346845181947
-6.039151204753804
-5.980030486731014
-6.002621356285186
-6.001866501288641
-5.953955419817063
-5.952728763833239
-5.987640289050161
-5.989804412978802
-5.954178666052897
-6.028711696833365
-6.004870740236954
-5.994962676311676
-6.0011785340065655
-5.971113628024837
-5.954314782464258
-5.98412945338112
-6.002235125455082
-6.018255971659572
-6.002368432795167
-5.939292599203052
-5.930471173284455
-5.97311370084462
-6.035543132219573
-6.031912256343937
-5.955365580190428
-6.03660142219508
-5.967696081389395
-5.99731274235032
-6.043492718749118
-6.060491599012044
-6.044352277241582
-6.0607502971721585
-6.025511558899098
-6.083785550961993
-6.0343950617267
-6.051650119364645
-6.049651455803689
-6.049786751114147
-6.066256891581845
-6.020333809256579
-6.058277878599068
-6.082948165118527
-6.092158420191942
-6.138560544497282
-6.109923023858979
-6.082041584293551
-6.095582664747188
-6.130584964764957
-6.084750074483406
-6.095757592312739
-6.076978259849894
-6.102879789844008
-6.1035230005478205
-6.071022378854129
-6.052407764137909
-6.102101660182211
-6.080976982474612
-6.092585446372521
-6.119669965205985
-6.077307120086971
-6.06400505634693
-6.058251369131091
-6.084372348547496
-6.015656240329246
-6.05500220143542
-5.986574440492265
-6.096354088188435
-6.049338038074723
-6.049359609067956
-6.038527381222745
-6.008654920821483
-6.074361726245614
-6.022116419116471
-6.005359422985089
-5.989925665465526
-6.019819440115753
-5.985511083705685
-6.048554017310778
-6.059962432035203
-6.0164071626640565
-6.033421847984531
-6.051478690386398
-6.051861111292228
-5.994653902498163
-5.9843524475522205
-6.034165586844588
-6.0249954086639645
-5.961747850824309
-5.996037654860061
-5.981318089780101
-6.001658332882027
-5.981142822640788
-6.018907809403256
-5.990416049160045
-5.983567396144514
-5.984837709054576
-5.970043796698711
-5.993810877620895
-5.99896030084263
-6.0065607155396945
-6.005837165024483
-6.025028768016636
-6.0303349941925815
-5.984581252031124
-6.028096575016392
-6.0548405847163425
-6.064630779066775
-6.011106478615947
-6.07219228575143
-6.08317711118142
-6.116146405859824
-6.082758094900531
-6.040838267738106
-6.108760860575029
-6.083880966063099
-6.1362372416597
-6.151510787930004
-6.095323225671983
-6.143590994104095
-6.11451359463951
-6.108138797876197
-6.123337975244461
-6.093957225654606
-6.161983821074618
-6.091638142516223
-6.171289734539925
-6.130242049821288
-6.130030552838562
-6.0204105883340056
-6.018967662971487
-6.151916365455768
-6.072880979250752
-5.994294558690633
-6.206989157710931
-5.995345796717945
-6.104420022021757
-6.145514284505378
-6.074821155323204
-6.116988776397118
-6.051673474268809
-6.070740090958331
-6.140647589758267
-6.122506095622358
-6.182984232772625
-6.099510079158957
-6.114978657295286
-6.138330377028295
-6.174329659669414
-6.147981130348132
-6.187232962059101
-6.154226968637262
-6.168556836749803
-6.128567952273747
-6.113209966159781
-6.187460054004479
-6.1273271654338775
-6.164333413606986
-6.144226948177556
-6.1858744771531855
-6.191950081805555
-6.087419951561857
-6.143233594442292
-6.193616423639536
-6.133137053956698
-6.1246665091770245
-6.118709118784079
-6.195199774213432
-6.1237907873986686
-6.190882852517927
-6.175735351145218
-6.18381523271072
-6.1696947231733255
-6.190452715771738
-6.183847999370584
-6.158742012746222
-6.166100544527298
-6.1300513234008775
-6.14328687689358
-6.127620747139668
-6.174888084035022
-6.136957685246329
-6.183586273902141
-6.11184933577522
-6.176453744061179
-6.141177822726238
-6.1605016403614625
-6.150525252566116
-6.171442138175763
-6.2116429016307295
-6.078822804500335
-6.141668951826925
-6.162578121806416
-6.170965546362725
-6.198290361550227
-6.152133841717891
-6.155866823473943
-6.165581928273922
-6.135858417533753
-6.141887844425681
-6.184529357140735
-6.1780478284666955
-6.165884083076912
-6.181549809598809
-6.14137514758314
-6.208763479312365
-6.184876570854186
-6.189808658896976
-6.2303958159858315
-6.141817709454891
-6.136824301482987
-6.187594014755316
-6.188351887604647
-6.158613528339082
-6.2878361699838345
-6.18778713460253
-6.198457685121683
-6.148680707039176
-6.182811136817745
-6.197512363821993
-6.177354277207993
-6.147865261916045
-6.2333912838320815
-6.202709035915615
-6.150237294260646
-6.180115719468194
-6.178183342860293
-6.194404910545597
-6.131078617632227
-6.162749768525433
-6.197504468878819
-6.209340553383498
-6.197367809066211
-6.187093816906814
-6.1712659940512635
-6.217125814599404
-6.1949988790094865
-6.256924282833312
-6.161695582338808
-6.18774145137039
-6.257358870941012
-6.1174440623696436
-6.10918221079173
-6.234588934289637
-6.21174095831098
-6.152965428990846
-6.144552796237744
-6.287902123599988
-6.2099710025494135
-6.168453891831302
-6.230267459155729
-6.077456371773822
-6.168571428432009
-6.128894392039753
-6.220703345018679
-6.191719377238538
-6.064848226434945
-6.212013356214445
-6.049140142270303
-5.9760760569756
-5.843732291343073
-5.961388341383809
-5.840852924964977
-5.912024064437734
-6.0682992278957
-6.031797802157117
-6.019795005527923
-6.041988772895188
-6.136839218716886
-6.116007036314013
-6.275826386165622
-6.101093595565548
-6.193545641875658
-6.104132866606283
-6.225192005216105
-6.2512761537049775
-6.148046362165605
-6.223101589506701
-6.251978991564469
-6.209543934240178
-6.214285722033711
-6.221752188794332
-6.250676099229074
-6.234041459540592
-6.197492356337612
-6.090144700019015
-6.210530304057034
-6.212888604448807
-6.25785191116326
-6.227968152868008
-6.155378401752287
-6.190349229387222
-6.217363134619071
-6.148214044869736
-6.231222813720515
-6.039618255241436
-6.218848333000379
-6.187576767311426
-6.203695637024198
-6.212679740263667
-6.253767843143324
-6.239004055375973
-6.2826346973094145
-6.228475590060622
-6.263195720726497
-6.2116455264476365
-6.2922798483995575
-6.291704007506651
-6.181642712164588
-6.291087571655991
-6.261299979793666
-6.27249963144725
-6.174035411030022
-6.074386276957316
-6.25021861459108
-6.253512044142513
-6.275435208219184
-6.24700381091857
-6.240400074552809
-6.303409992135922
-6.227413572995503
-6.259589972421151
-6.289395179541566
-6.290578665379857
-6.25630292579225
-6.267356312400057
-6.220257455428577
-6.099832773612863
-6.151702982835282
-5.937853703495923
-5.833166651352902
-6.026764483373799
-5.8808371454202195
-5.8665223992127356
-5.8083281780695195
-5.768160060546151
-5.880228738591543
-5.677599576722535
-5.593447198674097
-5.6552853938251575
-5.711119903122247
-5.9421759733607376
-5.830808467413146
-5.903938943621467
-5.733053626917929
-5.951100128032289
-6.1015279516315815
-5.939086021763025
-5.988159361165137
-5.955342182625365
-6.023650698151442
-6.138564535355536
-5.992664472310222
-6.191119161958947
-6.280805564338773
-6.279507068163903
-6.227389818192221
-6.265104142699764
-6.25865294109753
-6.203638637677525
-6.20351000780742
-6.221424479180735
-6.205355641221877
-6.1841808269191265
-6.111023839473872
-6.2111629238432595
-6.171171234706991
-6.175241224216319
-6.154026340891782
-6.146099592187733
-6.103066355512491
-6.095666382537182
-6.128367708646941
-6.09896535360067
-6.076419214956324
-6.1320078630828085
-6.091320424986556
-6.087484788945998
-6.077873164778373
-6.041548128535012
-6.081515398687365
-6.056637435772556
-6.052865320166247
-6.067912363050424
-6.1000927898068085
-6.058354955377613
-6.103661887848061
-6.0517198596858055
-6.033736931624075
-6.04394451321612
-6.0650395587496435
-6.06675410481008
-6.080631957768354
-6.08675479036764
-6.06266593717758
-6.070719264742625
-6.102601905023923
-6.021622399793882
-6.070627818878048
-6.126406105698728
-6.056764533414276
-6.090354546459199
-6.1011996588591355
-6.137456062688984
-6.1014809497362625
-6.088425029395872
-6.0861090352072935
-6.152310360408953
-6.149083693438996
-6.179607815176693
-6.122816253258353
-6.1325030223124735
-6.139504142985386
-6.139837651553366
-6.151370085671555
-6.220836355233824
-6.14965583593303
-6.064160357500329
-6.051708071271298
-6.044416383637369
-5.963250991798939
-6.010889327411051
-5.9842940917018845
-5.917680533771312
-5.999416738033309
-5.9222738380323
-5.905423440333327
-5.835069643288204
-5.867987727113736
-5.804827442698429
-5.843615701294898
-5.797574759812484
-5.808141717323093
-5.817068921255878
-5.768128942469659
-5.760236485463018
-5.773819971637201
-5.738231420154896
-5.74207398649073
-5.75217150710048
-5.6986909792750495
-5.714414311687609
-5.718518174358495
-5.776903801038414
-5.711432382356719
-5.7355639465224
-5.715426769361635
-5.749274839725091
-5.676660982070783
-5.702841755676494
-5.724643549389672
-5.678970212525752
-5.693998451191973
-5.730615293500246
-5.7483753092007195
-5.707071355196604
-5.711727469062989
-5.732080524103169
-5.735453031337066
-5.705138763686705
-5.6789265522460015
-5.740877337838771
-5.706567006674995
-5.707997728850838
-5.7151540887617465
-5.7436875168601444
-5.720287687752978
-5.743836516167485
-5.723013674348483
-5.737071463705543
-5.74468951077064
-5.7192600142981895
-5.703970366496008
-5.729739112692595
-5.754944848748156
-5.719555412783958
-5.771595303699782
-5.757453726915777
-5.722375759658468
-5.740887648056983
-5.794436986038763
-5.7412776577919455
-5.749831333020327
-5.767388684056563
-5.802958631436621
-5.77188861967227
-5.822235595442247
-5.7368127895989245
-5.765964316103633
-5.791890739570683
-5.7573382974836775
-5.752439615077968
-5.78129519892893
-5.775988442549686
-5.738584425792535
-5.738269153541784
-5.733962320977522
-5.785436770726807
-5.865667386237121
-5.768051019450368
-5.772125419131112
-5.789752653723585
-5.8154910006888665
-5.783693036330144
-5.847853800853104
-5.805539936101648
-5.770235194514304
-5.75786507253594
-5.769956341491601
-5.755134499596188
-5.801353287326984
-5.772676843603813
-5.775043546587227
-5.85290096280091
-5.806487852297523
-5.823891941645429
-5.80484306843693
-5.832855980193976
-5.82800819062046
-5.818916670955049
-5.797525404711319
-5.808454955197732
-5.850881698949135
-5.79550768811389
-5.799074890154024
-5.799884299814195
-5.8181792824113545
-5.779923325635126
-5.860503320780629
-5.823796993762937
-5.829475913553001
-5.8521377027212
-5.841876509840764
-5.818436298249502
-5.829016050907291
-5.801497772388043
-5.869585344012924
-5.829768974617752
-5.8729147033229765
-5.798583551219001
-5.890369878772764
-5.844948632513362
-5.868056762134471
-5.848513577868041
-5.825285286420807
-5.837687939729426
-5.87640777890359
-5.8137594593035296
-5.860935510357173
-5.894214734142677
-5.8566642349458435
-5.863956070103399
-5.8811301461658445
-5.842707108517783
-5.857808113601141
-5.8664768444354936
-5.852629933910606
-5.848991721421505
-5.879054145358364
-5.857880828458926
-5.873459900177509
-5.848667000921441
-5.879962167267912
-5.890283698987017
-5.8606260665089955
-5.920861868558344
-5.922201941294086
-5.871146263325345
-5.900331446332811
-5.919167680137419
-5.861137178684775
-5.877643710100646
-5.906409321350541
-5.912275871250139
-5.882564079122911
-5.901260535943957
-5.890615862842385
-5.8903359406669
-5.905546851908175
-5.911156175193975
-5.896191081499105
-5.9170995979624585
-5.9021647603175875
-5.850380389485909
-5.885247002066852
-5.8967323266976015
-5.905441594591948
-5.910858019086033
-5.934691396951208
-5.941475904086488
-5.8872929740987034
-5.921580932987934
-5.9334703393806105
-5.887782959621191
-5.891396552575458
-5.888600145726002
-5.928671086219086
-5.90000894374784
-5.919680626697964
-5.843336808918786
-5.9709658914727015
-5.8967984020394555
-5.948641982066738
-5.882898648523391
-5.8884879969548996
-5.912484303051504
-5.93450934794697
-5.889222585568291
-5.918462983258028
-5.894144830884111
-5.927305673018267
-5.903242337911692
-5.9114466778916
-5.922371005939519
-5.906389203420109
-5.889764646815673
-5.8772939733512475
-5.9493552308682105
-5.927787035681863
-5.866856254754492
-5.925264451572385
-5.957164380850355
-5.9281969803733325
-5.916424158042229
-5.91773951919869
-5.931902055826399
-5.9148522138075625
-5.925779068203383
-5.932081981921773
-5.872915339007189
-5.936433939568225
-5.907720410072791
-5.895079727678443
-5.965228429870349
-5.9158700773472965
-5.910369538833482
-5.912867083698362
-5.892400655605192
-5.943156689607032
-5.913250507654639
-5.918259730009584
-5.911842499061053
-5.903423908436301
-5.927281987728361
-5.950902712681546
-5.952610374921915
-5.896984495059128
-5.912782196152605
-5.927568289285289
-5.903204544401506
-5.93202173194631
-5.896438106421238
-5.977295076609465
-5.921768189089972
-5.917520008881736
-5.958576268383385
-5.924290658271232
-5.89622952872186
-5.900724584365537
-5.902829008538966
-5.914142691305272
-5.946990331648619
-5.948600394843125
-5.953890533313289
-5.959608579965008
-5.920232575967723
-5.956738371477567
-5.929896067353351
-5.924694350178042
-5.938133283631723
-5.955884586207472
-5.92180884746962
-5.8975548195078655
-5.928793815105081
-5.9363224122533085
-5.973445931947431
-5.935611184365019
-5.969255634684191
-5.9452435368035825
-5.961639687156157
-5.946076501735553
-5.956408922398172
-5.87198217500706
-5.917355381875274
-5.9584849609160555
-5.908378381926429
-5.940404554060158
-5.944462999517002
-5.962475898597872
-5.940142106925322
-5.951919945302373
-5.912492178415292
-5.951001404026773
-5.9262224585555785
-5.926556774130034
-5.9377940515602035
-5.9684842525449096
-5.94909809200098
-5.96823405193134
-5.989268021268916
-5.953562850421214
-5.934910850107402
-5.931657999589685
-5.930940570323163
-5.906226231189236
-5.9667418364851015
-5.940356151179365
-5.940456960594661
-5.963769260027127
-5.892146670466548
-5.894510532665753
-5.909494090679278
-5.90970117411968
-5.899387191677427
-5.913961147568415
-5.9229094019894575
-5.901754552113328
-5.926156487374484
-5.900248857513826
-5.933115437691001
-5.979856316208284
-5.936814579419372
-5.917521251089508
-5.9415496325615615
-5.99831597171516
-5.945900659023243
-5.968043028714172
-5.907513144982154
-5.92215630426131
-5.9480113422435394
-5.918661595352834
-5.945195861255094
-5.9630726143232184
-5.959162265145096
-5.9700409606013976
-5.916422849383407
-5.942788615203716
-5.967915627467399
-5.954889694593676
-5.96106433308984
-5.95404514916025
-5.9417860216492375
-5.963769461456263
-5.983492348359713
-5.962277513228297
-5.974899098839266
-5.966563066096596
-5.977698116834793
-5.936358196082212
-5.972226890184047
-5.965258186322252
-5.946346395386023
-5.97523527753356
-5.95616238838818
-5.992939978547172
-5.942677601147675
-5.948652813163356
-5.998443608676838
-5.985319734084531
-5.975295223006964
-6.000889919799698
-6.006093708389035
-5.996279415434547
-6.0673006584186595
-5.958496753072672
-5.9547539931263955
-5.9321910866482055
-5.9999622496644225
-6.075406912686058
-6.078553354741144
-6.005055530799588
-5.990316640453312
-5.956635210587524
-6.011662128004339
-5.976020985467952
-6.006696439009647
-6.031525435481573
-6.061620025582529
-5.967424309668021
-6.039023352347916
-6.011732039413162
-6.012341793697271
-6.00367278062636
-6.036051553219227
-6.059264761469302
-6.030835607998168
-6.131204704584658
-6.054177361205289
-6.079559442621954
-6.11277139014116
-6.065077431504487
-6.0358307199146815
-6.075484528591883
-6.071274056418961
-6.11262635193604
-6.202148049944051
-6.261767810586287
-6.223197623958028
-6.365954949628478
-6.376674123195201
-6.389764132087483
-6.56613723791362
-6.628226268675951
-6.610687601889165
-6.780616978219786
-6.775209388781595
-6.793517506622407
-6.86218761060234
-6.733883011149188
-6.67578911666721
-6.392225112915002
-6.54754379750121
-6.603262180596001
-7.072065231057187
-6.766540628751189
-6.94460701879596
-6.758493923707097
-6.936947156229614
-7.102809396898163
-6.800026125950021
-6.614985678021364
-6.8644150192677165
-6.598375214186719
-6.674261554425293
-6.867047708418672
-6.466877864068275
-7.117419630806097
-6.638821434418218
-6.372428680130996
-6.4569635318258385
-6.736969545480021
-6.019313134841184
-6.846090288251017
-6.171426863260671
-6.161520399032312
-6.285878971494219
-6.4887241952326535
-6.53255835660993
-6.287181511067836
-6.496786557477441
-6.321311597121223
-6.329161682149066
-6.69380419523811
-6.050522475690874
-6.333306634769342
-6.554691514498327
-6.195408434562011
-6.520941730176182
-6.832991386686482
-6.42839095372916
-6.497141734537237
-6.678988983761068
-6.3301315560535025
-6.918872329858925
-7.081718392859627
-6.87039534191228
-6.687698365892874
-7.020389902861061
-7.2835071698183915
-6.657775827464147
-6.8916197214995565
-6.987878595361718
-6.679341260615693
-6.866195635763718
-6.958795325774176
-7.145732672614995
-7.028982547281716
-7.042558632623413
-6.8435781313056285
-6.994494231864301
-7.160112313375368
-7.01838902070963
-7.165221424063599
-7.248933066424145
-7.121507048894428
-7.128482515399212
-7.127331662821412
-7.212422991781693
-6.925308186219765
-7.268228944229151
-6.882415208318206
-7.204251277889657
-6.991217324430257
-7.220401397782415
-7.113655819114277
-7.181315773053555
-7.216429727935672
-7.219656535664097
-7.252068156846426
-7.2023085172338845
-7.004767617183948
-7.1046809055354405
-6.905087520588829
-6.949122091745018
-7.213808163941666
-7.169733711363489
-6.949285037599687
-6.959982331688799
-7.0187043232710185
-7.288753447438075
-7.076860373918966
-7.2561526897589985
-7.153762997834239
-7.180937428939398
-7.184417145198177
-7.221482707923883
-7.169983074410076
-7.2363172699287235
-7.146827822557765
-7.093094217429879
-7.26719780103027
-7.162724789032629
-7.253328854205705
-7.222879069272429
-7.217661688187016
-7.178582965638246
-7.250204753176418
-7.137866410998574
-7.2329129292948195
-7.2199190253301
-7.146587413414354
-7.192535801503233
-7.235585947787951
-7.111206645060573
-7.171390118235043
-7.19209639090743
-7.233124906890199
-7.163803877099468
-7.153774350318095
-7.236176074123842
-7.219229303541552
-7.27403459333782
-7.1909975081550925
-7.177174831729852
-7.281656140262259
-7.277940226718946
-7.38804911603803
-7.413155483332268
-7.3585734563583545
-7.379891272158277
-7.393139216177791
-7.415775894840246
-7.337796207357058
-7.415071819942966
-7.378204164005587
-7.412385519707378
-7.374491843281972
-7.4163644997505775
-7.391442454289019
-7.458135830269827
-7.453765015140632
-7.503153040632601
-7.649512573101295
-7.600324701790554
-7.645073963539834
-7.643764670377
-7.678855334420193
-7.293187041124266
-7.277298531273762
-7.623267688965747
-7.456889716205399
-7.515533089071629
-7.616081229714059
-7.51885611418407
-7.464236689119952
-7.499950964971115
-7.428198330936697
-7.364928147535811
-7.372719776850575
-7.386680812771046
-7.438228132456942
-7.404805727744931
-7.439474663702079
-7.521151489396651
-7.568883101701194
-7.533247414504108
-7.515406105403722
-7.77264942760892
-7.072585827766009
-6.396828894418335
-5.756757166655458
-5.676669219195552
-5.645600550733261
-5.636721700090212
-5.605964972213246
-5.567079162460744
-5.395425267719548
-5.330647986162294
-5.167910966373122
-5.16385327758168
-4.994831525754118
-5.047899990252093
-4.98745030945606
-4.9806840550808875
-5.0037612517211585
-4.959866527224053
-4.972296719056692
-4.98661321179474
-4.954666887585794
-4.94661105491917
-4.935305466317581
-4.998301005465398
-5.0490431272447625
-4.953412251337049
-5.0204967913834935
-5.0883282421996245
-5.100954511844027
-4.980851730464853
-5.239734437543799
-5.061461364839606
-5.145973917934366
-5.210779777596946
-5.288808509005666
-5.070778807965268
-5.210382747531049
-5.282162122101575
-5.219613942840339
-5.2705133602100345
-5.372009277120368
-5.157049182121028
-5.2735061895447854
-5.358821158780803
-5.396790447619541
-5.298265290514196
-5.342731754529921
-5.310389505109556
-5.504808963421499
-5.343139485842617
-5.448247297249125
-5.441660550768992
-5.30142831936722
-5.231194678034113
-5.476872624108378
-5.391428297674647
-5.268600287757436
-5.381871437367877
-5.473425675193132
-5.38877545485607
-5.352669872487972
-5.5208664082831085
-5.521737924412927
-5.5120090356954865
-5.582747824258451
-5.724889405739628
-5.589509693004587
-5.639359405798626
-5.747083720743817
-5.746417461783171
-5.7984324331301345
-5.706503217885138
-5.643221574428144
-5.6381851163338
-5.687375425089754
-5.728447510913918
-5.697194549079942
-5.667517628466379
-5.558974457830619
-5.538946020717062
-5.604879024364578
-5.598784785880799
-5.648426419936533
-5.623133154992602
-5.511758271386462
-5.65043478144601
-5.580852818038226
-5.579106013565646
-5.539669385080191
-5.522237984778534
-5.597445372286053
-5.563452417728759
-5.533040710707315
-5.559792809629269
-5.494612836349043
-5.514998708550403
-5.512388619283034
-5.515873181951181
-5.542013195184365
-5.567766939744274
-5.594956849941714
-5.559518145656522
-5.612393586309993
-5.649758775826857
-5.62781124867122
-5.640759774405546
-5.602004732736047
-5.672101285057431
-5.690085247921328
-5.613595146828183
-5.642649128107544
-5.626169232259527
-5.727834607888099
-5.708905142995748
-5.62697634452045
-5.647082337500227
-5.721952652951169
-5.688646364603503
-5.7010286506105805
-5.756650733149723
-5.7481826634305095
-5.684763371684248
-5.7421290944213
-5.585409069450068
-5.725438146745202
-5.644034256263474
-5.595395069774078
-5.56167468203008
-5.3784709875579875
-5.3423744811625795
-5.163287585378136
-5.32504621998116
-5.254426177080187
-5.189015115795681
-5.264743696251876
-5.43421132074616
-5.385270617878298
-5.203365840963782
-5.255097592198008
-5.1770276045107755
-5.383487202639262
-5.163649985979198
-5.177439917807245
-5.182582349040086
-5.230487836447562
-5.228376097563027
-5.123818569431279
-5.1542539760614865
-5.223362558513813
-5.021757137031362
-5.261483196587185
-5.219686160190878
-5.14576085040143
-5.191756249573378
-5.105308448101154
-5.061332290761783
-5.2311504238074775
-5.207926157003982
-5.093600000275331
-5.08796122962212
-5.033950944233808
-5.117007695572081
-5.357851239683178
-5.186196787322067
-5.222476402260611
-5.186833612005095
-5.300871453196041
-5.132702860161903
-5.296082486766698
-5.232575618252512
-5.219342966491722
-5.29937114831322
-5.2160498403271065
-5.3067081574916095
-5.15595117830954
-5.2438393550416516
-5.2644113170248925
-5.336534570354548
-5.325119910238422
-5.363193210134056
-5.214498047518409
-5.269015573551762
-5.497227595888321
-5.370816196831886
-5.300120262854204
-5.429440384246139
-5.350044641307096
-5.32806835467495
-5.23876601094259
-5.288670805373635
-5.425549873202923
-5.319775830279827
-5.443537798094551
-5.3760857510495
-5.565211603099332
-5.41639768404548
-5.377454896875129
-5.372675280553982
-5.469848512736435
-5.2779862231102825
-5.433769106015954
-5.437596534879717
-5.448405147992866
-5.3518286442619285
-5.480137843845453
-5.408252508805311
-5.4582121174383005
-5.332194151259644
-5.427442513395857
-5.4080179886207755
-5.286898192284054
-5.378558455667758
-5.407607543517466
-5.504719001341718
-5.294357579220724
-5.335118120557521
-5.439700662118394
-5.403500833205943
-5.293763987686396
-5.389391718502038
-5.4003590151083
-5.477466851561279
-5.244875027852353
-5.472026784493419
-5.457775532207295
-5.404834643582324
-5.412773365910732
-5.456182523520397
-5.294116480791049
-5.289015478275869
-5.39858745927923
-5.280972079869177
-5.443855824513525
-5.408286629315258
-5.296858532000322
-5.358340373437047
-5.309862558110039
-5.283816932215247
-5.376556699911416
-5.299773451877823
-5.19672680253551
-5.184803816578339
-5.351354929520295
-5.223590616951967
-5.207201859363898
-5.30867542815687
-5.398259902082325
-5.238348146738469
-5.241321506974278
-5.185069953822144
-5.277783856782706
-5.294073964105754
-5.298872209616298
-5.178321083791837
-5.235894518926312
-5.148875202913185
-5.232634842800842
-5.3016635965731025
-5.077057481548433
-5.221117064383491
-5.177951675130499
-5.288845633514262
-5.2962049098173996
-5.149840993257431
-5.174838606232832
-5.195425984208496
-5.032351979735307
-5.218054292855533
-5.1939085178241475
-5.226466390951671
-5.083135450447314
-5.227355724276499
-5.141382044204314
-5.242182150293136
-5.100889978496183
-5.296370016994874
-5.208622781331815
-5.276315431980757
-5.0904721531282595
-5.067310297350882
-5.219530734642184
-5.243643973500482
-5.177294627719934
-5.294251773645728
-5.171882706828033
-5.225882592015412
-5.155752983080866
-5.004019250960223
-5.157859117604131
-5.075314743812779
-5.229886467507836
-5.0919607762754975
-5.089559740447396
-5.1884686981385535
-5.178359047906479
-5.087188547448189
-5.247656336238491
-5.066803677660267
-5.14417536913858
-5.172761910141308
-5.1234190892613185
-5.169415475191425
-5.231608260163384
-5.225596373278814
-5.184932914454319
-5.236532521080815
-5.026641125136236
-5.140596962121589
-5.136804574286085
-5.213995841357459
-5.158927093504652
-5.1285458322595625
-5.11286717274996
-5.100703080893386
-5.195004943785706
-5.170618509357347
-5.252679419938683
-5.121465467075545
-5.222481564478328
-5.08264483643275
-5.105235838347478
-5.198897286646613
-5.2102583689323865
-5.401977009501593
-5.076366696075197
-5.178511262437369
-5.128987607362444
-5.105103665411338
-5.266635104963221
-5.235081585181217
-5.262543031468269
-5.09871383887538
-5.201297493643877
-5.248670583643554
-5.171648397978979
-5.232129781493958
-5.175770033727556
-5.196122116123294
-5.181650349533873
-5.181713193688055
-5.1556044752672845
-5.271047817760607
-5.1378736588944
-5.302916876088411
-5.18536545780847
-5.2263605750927224
-5.249641456864175
-5.291905329629653
-5.196092075503056
-5.2102198644938085
-5.297214363698053
-5.218339874476619
-5.222692844570957
-5.159604420512959
-5.220510884733649
-5.213985367393006
-5.231274564135722
-5.316705573822161
-5.340339811666192
-5.184218542887289
-5.31479862390235
-5.327439598202229
-5.407537708243935
-5.349499703690088
-5.384097551487539
-5.204506701973964
-5.39906201832449
-5.40948657343714
-5.3785639200105795
-5.28828045102804
-5.387170148109898
-5.481525881110258
-5.349056594952
-5.497469996541547
-5.582818836097854
-5.4826669432435216
-5.422035490166499
-5.545026388499287
-5.50346618597694
-5.597097660521548
-5.5501155633004835
-5.483033938742627
-5.57283487969727
-5.451583361103964
-5.462514788680992
-5.472061147203469
-5.493524405526154
-5.498155817642402
-5.534772310146663
-5.54794738230953
-5.613080811605226
-5.52165405177956
-5.469026998302396
-5.551199241951557
-5.617551994673955
-5.569328597098998
-5.547010307552654
-5.6181958772559675
-5.569548929915032
-5.376382363532775
-5.602919248870831
-5.647582597839168
-5.632840243527827
-5.631254971486937
-5.653690822862629
-5.659717530759742
-5.510271410983568
-5.723475485506179
-5.671787952490558
-5.70465688881054
-5.705734903043086
-5.6434593524920125
-5.659229651971871
-5.749046595118288
-5.657462691673737
-5.6654823496950115
-5.839483185772491
-5.671834401281099
-5.736279196347789
-5.6554425268552455
-5.646361147156842
-5.854095983580364
-5.665996972619797
-5.655507549965259
-5.634907737820949
-5.658681158479785
-5.659537066380446
-5.6411749749380995
-5.704734813946032
-5.672297873182438
-5.665188285895451
-5.644184694542833
-5.596368874898096
-5.704245399878735
-5.627679111074421
-5.620632035593092
-5.686490940791986
-5.6669711914503855
-5.65054591477622
-5.655564557730594
-5.703702433322012
-5.699468736271602
-5.586323041071768
-5.605434663248206
-5.61560832973295
-5.6393473479028025
-5.674452499126639
-5.675875210362742
-5.698235753676313
-5.641725866341218
-5.664532241257109
-5.562692181235822
-5.647737978041562
-5.620753306982543
-5.679782550409271
-5.609852207061923
-5.596763084847741
-5.715722775002511
-5.686719584360081
-5.679462555978456
-5.61223657142149
-5.6761044409466574
-5.657861219505983
-5.6224958903585165
-5.599527201921355
-5.654074698408619
-5.655649228420367
-5.644250490919679
-5.7204459924424045
-5.669050088538383
-5.649783467353924
-5.627764986805125
-5.572696300701751
-5.5951497107912855
-5.649166142540526
-5.616767181010253
-5.603594960816021
-5.632918642042309
-5.653283145946229
-5.622673282145636
-5.735579306735605
-5.633402730750805
-5.678682489006805
-5.698039409787597
-5.666560471723173
-5.625078667005343
-5.643766839803929
-5.6642587747693085
-5.732329489095928
-5.65095069353104
-5.708989279762064
-5.641599613242822
-5.713396034847056
-5.680774180114388
-5.615836306488209
-5.659925378833793
-5.6756931630180425
-5.670509169377447
-5.628198793811519
-5.631655703429977
-5.67150693667232
-5.681228063026302
-5.681186010258511
-5.668104234490556
-5.736720541424532
-5.6337803557700035
-5.635065885136949
-5.755461738541211
-5.756021399823348
-5.6784499250487634
-5.645187288140506
-5.6294570252853315
-5.600093549230204
-5.610696878548694
-5.648708595211907
-5.622617718132489
-5.578664715256701
-5.740152211216243
-5.636370246726581
-5.677460660683083
-5.609198530704097
-5.577408776659762
-5.605040673111733
-5.586206811932709
-5.64530452250594
-5.677861973886468
-5.626149113540994
-5.677952187748599
-5.7145109657248545
-5.683482048096426
-5.655442149267678
-5.7014078834043
-5.603747458914681
-5.632899865269415
-5.697505309644129
-5.589879150186305
-5.633231901376835
-5.645364330402025
-5.7549213270545625
-5.5720676196245575
-5.642011026956106
-5.727208018814345
-5.6169587066613875
-5.618809547575951
-5.647402261003384
-5.6258705204995145
-5.708224084636506
-5.689341593221349
-5.642957012777839
-5.6259401531054145
-5.653896000366913
-5.686241148366803
-5.608928679884478
-5.704311442716248
-5.632864659414129
-5.653278231263254
-5.705709008799998
-5.695253772565479
-5.633345590844424
-5.613153163349072
-5.564513270671367
-5.685718369661354
-5.6928252285388545
-5.637679399674004
-5.57884830979402
-5.710538211046533
-5.690039636892464
-5.6249016147029325
-5.624975408549186
-5.681274554938304
-5.672134514452329
-5.632099095664907
-5.674931263375134
-5.6138584157269955
-5.616204999249032
-5.597903808091331
-5.667715454520865
-5.714473137729172
-5.713158840137638
-5.7046413928729685
-5.681190586846567
-5.597146832100539
-5.6343816425085755
-5.644783368386628
-5.618367412845357
-5.6687825055480845
-5.578208619916534
-5.685326463240198
-5.738336380537905
-5.632339253125779
-5.618149902659197
-5.655207575035787
-5.61965892336935
-5.590598753632394
-5.641516903455108
-5.564019697287556
-5.715730252223533
-5.555808659061229
-5.6172682140133
-5.67823038685775
-5.564390907588393
-5.610686614915844
-5.665184371522563
-5.675230352802543
-5.592178618916606
-5.639413107036287
-5.589721351815682
-5.647878233134568
-5.609107581071353
-5.624381122672538
-5.621704761684491
-5.632826606335654
-5.636045339435802
-5.627553602154993
-5.573140086613858
-5.573323613848845
-5.584954959711972
-5.725885509183797
-5.6170971816731985
-5.6496570577123295
-5.680686337609892
-5.655719193400262
-5.705799622502481
-5.657451771872275
-5.646992496997646
-5.660159909189302
-5.655867632157894
-5.5394241800895205
-5.669058259867852
-5.700824857667447
-5.6289220236636215
-5.637008207677552
-5.661858115832697
-5.678766377190583
-5.665904264723195
-5.671535323840444
-5.627881800281311
-5.631794482707585
-5.699323661914649
-5.599136444636357
-5.693295867237795
-5.63027770027767
-5.708635304230829
-5.631483764500256
-5.554314705855041
-5.692296034127255
-5.642431835424061
-5.7218821906125825
-5.553808627509073
-5.600175588186394
-5.698988018315437
-5.639826744598267
-5.611233766367877
-5.693295350909143
-5.647351222456724
-5.668040878053258
-5.626024262525846
-5.66184251826695
-5.70615228922183
-5.666368990200301
-5.636500427125261
-5.66444415004171
-5.658275083739883
-5.683396962946876
-5.750048209237954
-5.679039069479755
-5.668051430140387
-5.673822486762905
-5.625089868860293
-5.6735194718102075
-5.633938660973919
-5.709478093234871
-5.680069741793827
-5.6810751380312
-5.793436495627832
-5.64550034880693
-5.758626861542276
-5.671640714813356
-5.68927636855623
-5.61074648553821
-5.660117441171536
-5.609373074277382
-5.653977764432912
-5.592439694902061
-5.665350451966339
-5.620548741902053
-5.564838138109241
-5.679155360594604
-5.674813242877176
-5.629244303449948
-5.645941216802093
-5.712572883677789
-5.685864933805027
-5.665105323929449
-5.637335750315049
-5.698204404920247
-5.62930992907623
-5.788711941277233
-5.621083990222663
-5.668483521414308
-5.635727320613937
-5.6230629633162605
-5.660184121598007
-5.625211059431863
-5.610031034492785
-5.668287267229919
-5.738231211410372
-5.689504651154881
-5.666603832080367
-5.617601489796515
-5.700730139561751
-5.560468930388506
-5.659966562400978
-5.6924014040356345
-5.6089050690905475
-5.682355549517162
-5.638107168920656
-5.657725257816788
-5.685517246742744
-5.659344654122494
-5.634724926619017
-5.721681197752691
-5.577717184344809
-5.672414377202258
-5.610425080567659
-5.660270749186587
-5.694147359703825
-5.611969128579436
-5.565241028218039
-5.645086992230042
-5.669853708023225
-5.592622174835274
-5.6883514218669005
-5.625525485969296
-5.7417485599511435
-5.712327396234446
-5.6410861571779884
-5.689401169989133
-5.615947391010898
-5.6391097437929565
-5.709791378060514
-5.606386657849985
-5.642890878574454
-5.635816355333253
-5.613945699530076
-5.601877916513345
-5.607176434351359
-5.6230942055190845
-5.613806908776028
-5.614550180788091
-5.647575355764952
-5.598597962050176
-5.6254344399558605
-5.637027701309227
-5.633365095746671
-5.648211904576822
-5.621855461052282
-5.647747613994852
-5.618873292307505
-5.6390258708134136
-5.6905142322936335
-5.688305588550742
-5.667621834988891
-5.702687825149022
-5.671054218002381
-5.5861360347469295
-5.618492536127028
-5.6198454635944275
-5.634668730365491
-5.607521554038112
-5.598811727322101
-5.656745087480576
-5.572499891091914
-5.647523928620789
-5.644986414050725
-5.683111801188464
-5.61283900930545
-5.599214803460291
-5.630776306453267
-5.637623195383242
-5.620649189902125
-5.697100224324894
-5.609227963222894
-5.603593208447532
-5.624441736015252
-5.6756438121001125
-5.714397395957242
-5.672345559922512
-5.634106353148167
-5.7248010287950954
-5.655130767874031
-5.608351885556832
-5.641734411699713
-5.704844209259712
-5.717576193660341
-5.676700509984155
-5.7086422509932815
-5.617526502909566
-5.694721135071766
-5.732946651158385
-5.661475795952021
-5.716118214059688
-5.71463414836736
-5.6634420846264
-5.707732556053845
-5.6327142660081195
-5.638181799685685
-5.632433840525159
-5.717937134351875
-5.568526489702939
-5.642490307451993
-5.74481538800881
-5.713444969846022
-5.733901064176462
-5.618794016673079
-5.671754725123981
-5.636753886921085
-5.656790568724882
-5.696204301007443
-5.673863529778597
-5.598537213617082
-5.67275153784103
-5.5672679902535025
-5.668176739480476
-5.512293492469848
-5.619418050840132
-5.689535126999642
-5.39714538852606
-5.567894089159971
-5.503687027008567
-5.53673250670079
-5.643338133807787
-5.427837460501175
-5.47125432668627
-5.531905892320504
-5.4265145883554196
-5.450078601335236
-5.467873133017893
-5.508867043885426
-5.673897521511158
-5.480381745640572
-5.6537209770421555
-5.642481384054864
-5.6228355438146265
-5.599312841862496
-5.635176204422824
-5.68276176945049
-5.725494338986557
-5.702478100453563
-5.6690335581807725
-5.656719515295034
-5.670082227561752
-5.6656318640051975
-5.7224368983430836
-5.636840707599409
-5.713285997476184
-5.6999127333294535
-5.6893031618703755
-5.644993473877744
-5.659864194795528
-5.694068076802372
-5.660999980116005
-5.646052873703614
-5.654744584452617
-5.674860098316593
-5.73274340104544
-5.657445335648375
-5.647991915762375
-5.588679746865937
-5.639836122372376
-5.577847381326805
-5.6148387321622835
-5.571416555969437
-5.57934891700178
-5.5956000829810435
-5.610984166933222
-5.5102432803109735
-5.593685118177439
-5.586896058059139
-5.556782436494295
-5.564255168581282
-5.542442407940008
-5.574458881213054
-5.57990413838056
-5.577270601460207
-5.631545408166906
-5.600626388977523
-5.642700436959071
-5.577936112194861
-5.564737301220322
-5.529060552514093
-5.599482661766693
-5.5569406531496375
-5.546707514843816
-5.531231111028205
-5.580361618122342
-5.562882008614565
-5.55824162707995
-5.533182742273832
-5.568611708578208
-5.548398739895969
-5.59769002293248
-5.552310017138208
-5.575948762501046
-5.519867427721781
-5.529872755145201
-5.52796958093085
-5.557538517968107
-5.531875641652869
-5.514743071492975
-5.5298557097133
-5.5040584863460325
-5.528504529184402
-5.544449884328067
-5.566507236929721
-5.575242976380849
-5.5181171523625006
-5.543473243397898
-5.546368580876012
-5.571859259606765
-5.5534553898688666
-5.537217715284633
-5.566913434261778
-5.548633383078474
-5.531352735516911
-5.577506969598313
-5.524894827470344
-5.594212855723005
-5.579574480244407
-5.571761601257619
-5.566157903830534
-5.623422025700836
-5.5629078579633475
-5.553686867531173
-5.537062830291237
-5.554999584766237
-5.560454970342502
-5.575367727822344
-5.592618032484186
-5.558232804838019
-5.546679660668108
-5.511360065253003
-5.586874046605144
-5.519952932177372
-5.589699803782246
-5.587833365059712
-5.554643717331537
-5.613506911846561
-5.566366112195425
-5.591547657125157
-5.53925646445359
-5.531377927833194
-5.5640256313866905
-5.514762345631291
-5.534337374615801
-5.5070320466914575
-5.537363148556361
-5.523715289807079
-5.521660776612425
-5.5699673614304706
-5.53975525020094
-5.496218646254331
-5.5850411877779935
-5.501218018338943
-5.576955968185306
-5.573720872070353
-5.540010391001105
-5.6204826497952505
-5.547188975815409
-5.508070448014038
-5.5292788122772745
-5.482968260312909
-5.530268794210176
-5.543444879264701
-5.551642110576717
-5.527005527714261
-5.547875383143695
-5.504194862446386
-5.537586795835798
-5.503659950208473
-5.547459443515617
-5.566821259651887
-5.479645341197863
-5.549134403077457
-5.538949039850809
-5.596780385349278
-5.571283955802268
-5.538193175389249
-5.5431949070201085
-5.571211117565926
-5.563613583523093
-5.518391114352821
-5.524178439293498
-5.534947403671541
-5.510835171493564
-5.52986621518707
-5.527409238797059
-5.5478232522677535
-5.5386808456421885
-5.527654019712241
-5.550629981989548
-5.520489211741362
-5.5685236835276735
-5.54379837478431
-5.51801180950045
-5.522220970269016
-5.513228611212338
-5.611040478183182
-5.523582990128261
-5.559586276382616
-5.541813781116005
-5.532036719108045
-5.566601660722431
-5.494193984379241
-5.538330166876441
-5.494881379200051
-5.525298932197131
-5.499871691252077
-5.558406221756944
-5.553853572985503
-5.578074440349894
-5.550554892121259
-5.5646598550605555
-5.490774219006806
-5.5281333990822015
-5.51844045856832
-5.551298689143588
-5.504853157617297
-5.541394698964571
-5.575196191160639
-5.490452133436896
-5.549082075191068
-5.556878494459295
-5.5183917107701905
-5.528681038926313
-5.533259963513686
-5.52487790567696
-5.519715327653794
-5.521742276877428
-5.547101444075838
-5.52870325868748
-5.5087310987454385
-5.561029126399466
-5.527066517987369
-5.5068156437157825
-5.576045188941302
-5.506526139102207
-5.537569180407232
-5.557539053632559
-5.5407798050631385
-5.530815067084387
-5.589354416619754
-5.493600952842569
-5.519242735714365
-5.5291611874616775
-5.510137678062831
-5.51865701175804
-5.528955723058298
-5.488919485326103
-5.571698847478892
-5.5706740326822475
-5.521799264648337
-5.5821416767805285
-5.537829202911517
-5.50818205086279
-5.522455981573845
-5.547247220023465
-5.567122753368047
-5.530309314819257
-5.5656617567190025
-5.512826427127035
-5.5509910858599305
-5.559959734948116
-5.566507369013963
-5.530942891633108
-5.557510000655051
-5.556820048024138
-5.534719409386111
-5.528508850788639
-5.550733652230502
-5.5449823109656755
-5.554464618993447
-5.5943274901607305
-5.521845247822698
-5.542873789398357
-5.5737481047781054
-5.49522448968159
-5.5415543832622784
-5.565905197830292
-5.485584866746064
-5.571243975608713
-5.566848442549
-5.558066844197773
-5.571932874485505
-5.490385220470266
-5.507967964868996
-5.546676005801799
-5.559119829407539
-5.497744320468859
-5.489014794179749
-5.525367761836884
-5.505451755463045
-5.5472982751657725
-5.563638065722945
-5.515963454850319
-5.504464382326468
-5.557626437336907
-5.512809245774189
-5.5485873646736
-5.550143400908377
-5.554792452274611
-5.586081187558362
-5.546724485015007
-5.514611935341213
-5.506701700275296
-5.531407496180414
-5.49494953048558
-5.540079008670888
-5.5538765183510845
-5.542494485935156
-5.544870960957396
-5.542459340588415
-5.516493842343104
-5.482182194718952
-5.594898397679987
-5.539120110194678
-5.558920063209844
-5.517440135921351
-5.59000645585014
-5.538733761902748
-5.576537365063181
-5.614011383236752
-5.603663246364828
-5.542541902128317
-5.555078322510549
-5.589366670482303
-5.538415205499342
-5.56311671258214
-5.559631298812279
-5.593480630938094
-5.5581205580522
-5.600263321884526
-5.546197779667193
-5.571680503859694
-5.554729065961666
-5.5384601152829305
-5.577676268440892
-5.599093854620993
-5.596679211170946
-5.5605107222561365
-5.570013962726458
-5.5960284049594
-5.606341213127413
-5.595445419809458
-5.591061603366011
-5.605005798972211
-5.547887888155919
-5.6156950952109455
-5.556447572269455
-5.565303484996095
-5.618057336143973
-5.588852899794655
-5.622717414163457
-5.6330086199699965
-5.558040746426657
-5.592162531837147
-5.571828350257462
-5.511579645751843
-5.618079840010246
-5.558452239456972
-5.565432540009308
-5.547165610022759
-5.586109954304195
-5.621712835980829
-5.6356720393761055
-5.5122608629662055
-5.539848717147785
-5.594782844960317
-5.559107091382495
-5.567576518808393
-5.5691570650899385
-5.588339160263207
-5.685205323066877
-5.597564705340528
-5.585312500229724
-5.586419167027163
-5.602661085415252
-5.61058459231218
-5.597846442114825
-5.5793664595698225
-5.619466762421829
-5.591976514975568
-5.597024902380345
-5.590191800364793
-5.582028723373881
-5.5704333513297595
-5.647096265489267
-5.582030064083362
-5.583881236944819
-5.672631053879886
-5.638331687547819
-5.649892676336715
-5.593008303552948
-5.538637139388497
-5.590555166148322
-5.588535624918776
-5.607382287010526
-5.623561185262372
-5.626570064821387
-5.551925673095358
-5.627132101269368
-5.615049891824149
-5.593458828958852
-5.606364657766731
-5.5735053056436294
-5.592442932221019
-5.615711205512867
-5.590297974424638
-5.569369537367917
-5.612115979801828
-5.576293136551603
-5.580285323546647
-5.627166039240709
-5.57836155469531
-5.5806389766784505
-5.5920898591447195
-5.60291789049458
-5.564249556637555
-5.564862873268133
-5.562691299315139
-5.585821971389312
-5.593179693318663
-5.632710240670029
-5.585626059461693
-5.63061036287525
-5.624852109180194
-5.593287990286741
-5.558618763664559
-5.614713049210382
-5.596072285494252
-5.578621453043034
-5.6006868298921395
-5.563472503683032
-5.517581714084704
-5.533195235021236
-5.58846551903131
-5.621726256940965
-5.578476577104102
-5.549750176459432
-5.573427688978979
-5.533533524763718
-5.561653388696033
-5.629895012134
-5.620364626891582
-5.584163315250343
-5.581934934261117
-5.573227812136887
-5.659432910341251
-5.558334127777851
-5.605908531998037
-5.564733093628793
-5.5371101618135485
-5.56697064270544
-5.61799195741562
-5.588792412340715
-5.5858776223248405
-5.588465293814682
-5.6178545956074295
-5.621559537153849
-5.637173191467834
-5.595777547623801
-5.560244166903839
-5.649179723142453
-5.606644674081682
-5.598189718435491
-5.537879945446676
-5.586172311267579
-5.545946978817764
-5.627241687287178
-5.541438012401114
-5.567346064352771
-5.592347500264524
-5.6107303274607965
-5.551404970728299
-5.657901019362318
-5.664632999045019
-5.634393043706215
-5.707953633418822
-5.585130144954363
-5.574565849268197
-5.617104237681816
-5.659635878877836
-5.654009259635896
-5.617688035613838
-5.593895422403844
-5.627981336917802
-5.596332791551937
-5.664885737845982
-5.608014586458612
-5.616913564558256
-5.624661022961256
-5.611252711992925
-5.556240794238199
-5.580247700109123
-5.561639422766063
-5.590795689781544
-5.561629620943198
-5.610268323943541
-5.560407626800042
-5.57678652258287
-5.535602402507117
-5.572249545521376
-5.584158553365378
-5.549053970675359
-5.603613976902998
-5.608056866666217
-5.615306608815793
-5.566462818020382
-5.565026414421972
-5.56897459502382
-5.599865867457919
-5.5665187582192095
-5.55835394182154
-5.59482142929613
-5.580900368353557
-5.638520362913917
-5.575457899012893
-5.621485845001847
-5.509876093729751
-5.618283979803952
-5.5489375475263785
-5.525147324925566
-5.5890541391923865
-5.547684428961468
-5.588676795457544
-5.517811070245127
-5.628479234921344
-5.595748659615101
-5.6270147074432275
-5.599058600997228
-5.5659015486787995
-5.596761742400416
-5.620681998563672
-5.575522362046763
-5.591625834589621
-5.583345076522724
-5.502979279048789
-5.616741313508848
-5.509725089884264
-5.595761455482518
-5.568101203585432
-5.5879301261932
-5.60416370111483
-5.613405844092555
-5.605600828551578
-5.595997078126955
-5.615443580355115
-5.629191087508964
-5.527348691705133
-5.575606220022434
-5.573716233372729
-5.591252226795481
-5.612464586877716
-5.535403071629896
-5.597170067920068
-5.616212952864916
-5.6266387040413015
-5.583171045595521
-5.575731646414593
-5.548372498103954
-5.578729026812372
-5.606249908191196
-5.596982413381298
-5.581963141728702
-5.567425473864486
-5.544223805249351
-5.548961110051661
-5.579650916442837
-5.556363241592255
-5.63513072377166
-5.676408798181383
-5.610340764361372
-5.594777678998394
-5.567306957945985
-5.605845131029142
-5.627452638317638
-5.593640888339188
-5.655801061842758
-5.565543931883283
-5.564083208106059
-5.578278177546389
-5.558088430125668
-5.603405232979019
-5.576384079029845
-5.5584390143728974
-5.603288162256989
-5.583312037015453
-5.6155955813991305
-5.618645397646257
-5.628651132323952
-5.589896284361217
-5.594462071234212
-5.572020293471383
-5.583232322200176
-5.606365850530352
-5.618094300352272
-5.622821017909605
-5.61230806271502
-5.642335537648869
-5.611666571953119
-5.567712573136108
-5.607549739880516
-5.623985648417243
-5.530563555601411
-5.616291756433489
-5.540601683968671
-5.54321075792033
-5.5817555561934125
-5.5465362544006656
-5.5788764909301705
-5.632526930571277
-5.60161908943526
-5.597860089733098
-5.670293014739399
-5.62694582485449
-5.616377239767104
-5.581214656263781
-5.594541481920837
-5.576000794157382
-5.636283882400701
-5.568429017384012
-5.591133979535312
-5.566915627908172
-5.578618310160991
-5.579600853681488
-5.63480195692325
-5.561933696328527
-5.57158412720278
-5.575352486381188
-5.566516308719723
-5.588616653376064
-5.525723123476544
-5.622925544480186
-5.6868597826056195
-5.607294774883159
-5.6034858174739375
-5.601911120000655
-5.600885014276695
-5.576749060942904
-5.575259539760023
-5.659351468981767
-5.570570758402628
-5.564688208956028
-5.614618536682151
-5.629149253874648
-5.573066769000302
-5.594536932383632
-5.53316735400303
-5.60757007425998
-5.575970564081018
-5.5388212435418644
-5.6442628573389975
-5.601208428172576
-5.606434030575156
-5.63164984764276
-5.616591058954152
-5.6334214741596425
-5.599248172899513
-5.561269386493432
-5.576944918931613
-5.6465629087927125
-5.566683762509005
-5.647207514467745
-5.53783848074713
-5.582199470676645
-5.58331849135218
-5.571784602597429
-5.558701528218759
-5.554087759102213
-5.527770501843774
-5.604237411567
-5.527435828426407
-5.5520118111324
-5.621236922190466
-5.536028713921043
-5.593983503356656
-5.5583439392664395
-5.613628870581325
-5.598265202121836
-5.563460188318711
-5.54240710981351
-5.5525961072183305
-5.612095791642248
-5.555433945457012
-5.541299724960369
-5.542449469876324
-5.524342292285626
-5.643945897114175
-5.557737554367648
-5.56333846294913
-5.556630854286649
-5.657513150425719
-5.55252628872747
-5.562840035632796
-5.5639975048014945
-5.590359127489965
-5.544460135623645
-5.5567783878955055
-5.542849076454443
-5.610921945449591
-5.612817943375795
-5.579706306352861
-5.610937205354233
-5.583438412086935
-5.616262710844078
-5.625728784111536
-5.56098026245625
-5.5515369415313796
-5.605795103019384
-5.553481592290406
-5.630662956100906
-5.496293229752432
-5.540518509623033
-5.571556903597964
-5.5850452600823175
-5.6462987121395996
-5.599350821417298
-5.576729140800852
-5.6147648694129515
-5.600643127802568
-5.572240766338845
-5.605320911312278
-5.577508726126375
-5.663090494148026
-5.5658319210451985
-5.555271285508736
-5.656631324777901
-5.58633102854953
-5.576083969541793
-5.566284236627818
-5.567066016586919
-5.580593941882645
-5.585532748331413
-5.597048904264058
-5.5951440626352005
-5.556889142699482
-5.701315009684515
-5.631676828171604
-5.562913938610275
-5.5967600795074155
-5.575881576277289
-5.607849138906346
-5.636758876344994
-5.604228256389053
-5.658775581294587
-5.62390546689413
-5.676769731637058
-5.574364399026769
-5.577468884886619
-5.644979060819523
-5.5981364251323384
-5.612983584221479
-5.599384069367217
-5.655244309312175
-5.58883022237265
-5.5846756187869415
-5.655790026771781
-5.69536335315151
-5.58140050163054
-5.663448248214944
-5.56333521593085
-5.611817945759774
-5.618101934539325
-5.620237200015054
-5.607133784520681
-5.636604115425299
-5.623867233352861
-5.628736737823133
-5.6162250266185545
-5.628569721454392
-5.633586401178885
-5.630076545719389
-5.536378025072726
-5.558267972364932
-5.645783507233013
-5.56578690301993
-5.594311582117753
-5.561785468707742
-5.588085239834533
-5.554638276795243
-5.549868267954112
-5.68301915408561
-5.559158360155637
-5.57755422733186
-5.571262447447844
-5.555566622863792
-5.58839685681744
-5.618465336617625
-5.562080442918038
-5.525438973712119
-5.541864067959433
-5.544554422203613
-5.55690081669475
-5.560681408445664
-5.598237473374319
-5.528442517045672
-5.536582120574027
-5.5746491461368715
-5.559670166532634
-5.550407723988735
-5.590317104357819
-5.564871283361761
-5.589267361445974
-5.538228836064123
-5.530658107046587
-5.530851126747648
-5.51714581154835
-5.496730662963492
-5.513426448672889
-5.535692433041817
-5.532187414112515
-5.574803367435635
-5.51562101098613
-5.589582888648556
-5.590650316473547
-5.517242053112801
-5.539306942559494
-5.53732823124452
-5.554283855986743
-5.550554117872832
-5.5321288221583025
-5.537265210615288
-5.544786389141963
-5.498918317790343
-5.582797504195515
-5.590568669541776
-5.601795303773776
-5.584714898154402
-5.545091673720282
-5.521486868735429
-5.52695702531015
-5.588776223215341
-5.541173001327999
-5.514058964647811
-5.589177512494526
-5.576252096239514
-5.565326461940028
-5.629004866281931
-5.614558139764732
-5.557297103378023
-5.520225709358627
-5.614330157371491
-5.625629263127739
-5.628871184335845
-5.605794649593955
-5.580009250113083
-5.534769214404378
-5.61651103758866
-5.533610071682027
-5.5857047286786425
-5.5037303465056855
-5.489805713118215
-5.547830946938676
-5.5527021448093015
-5.494010610225159
-5.561931802208844
-5.507929923388741
-5.49305467115797
-5.548088106700625
-5.516120838457189
-5.487815600405317
-5.489764794201747
-5.57870746664489
-5.550885028788327
-5.49207296113056
-5.492786974395212
-5.487302189382891
-5.47271735448241
-5.5252018625376635
-5.524033569363011
-5.535971854046991
-5.476550558926835
-5.499061048642592
-5.498805093361608
-5.538399645246507
-5.487302655553911
-5.497452773100199
-5.504858364727598
-5.498751633152908
-5.470053929167434
-5.527960026793554
-5.47764599007272
-5.497336417310834
-5.525236582407256
-5.497830362906964
-5.4802895278087
-5.499789749659628
-5.528792855780077
-5.514332384386471
-5.515997420935964
-5.493997114601608
-5.4907466207592215
-5.501255724311374
-5.501324225952809
-5.505118922829848
-5.494863979827131
-5.493131451930903
-5.497102397323655
-5.504296785801515
-5.506593683408419
-5.5078035195671475
-5.513041005981632
-5.493624414355896
-5.501221486292556
-5.492132424623899
-5.502554509781757
-5.50696725490274
-5.521593352075765
-5.50740256042912
-5.525569016857358
-5.481832518631517
-5.517251356586063
-5.472679369557058
-5.510667068690068
-5.5063449607160635
-5.502069489241228
-5.494363804088259
-5.496487362862013
-5.520060369368345
-5.501352780909457
-5.5395265900395
-5.482092152549322
-5.499661823194245
-5.491008554664403
-5.505708555349561
-5.496330422171923
-5.47109362931042
-5.499270444257533
-5.521429623324427
-5.515450149410714
-5.495092923042088
-5.493336154520957
-5.490339914263091
-5.499377018686967
-5.49894616877992
-5.487954108796155
-5.485660714517097
-5.487216262229218
-5.498913210120418
-5.492911703810939
-5.533512340459243
-5.505911299626674
-5.495331063583795
-5.48456237806282
-5.483218465550373
-5.499535682012772
-5.4952463720500635
-5.537941112990023
-5.493187827987201
-5.522537026223757
-5.497386178959626
-5.517929405020283
-5.4861695641983355
-5.519984956248763
-5.49649700861057
-5.498994818013081
-5.494877480055009
-5.504823588227192
-5.485903457464097
-5.490222537711919
-5.521538068605024
-5.501859220717819
-5.521794366333484
-5.473845293390003
-5.48843167679362
-5.483305517000211
-5.494332133386223
-5.485779399913083
-5.497458113813615
-5.490377846706622
-5.542615117397517
-5.510607982122574
-5.496166920753694
-5.485912247403391
-5.489162183405138
-5.491807220194172
-5.486453288943014
-5.5044949106187575
-5.531546627570364
-5.520704309172771
-5.494551032244805
-5.50339901176708
-5.479631342592967
-5.477802549599654
-5.503614593916593
-5.4864751416862205
-5.467364061919803
-5.491343449535895
-5.527370727411393
-5.491853671397078
-5.494737508565745
-5.469668897686525
-5.5173735196363145
-5.516598481611874
-5.48949092795282
-5.5003612564757
-5.511001520024906
-5.506241550562059
-5.468945355711041
-5.498594941702363
-5.507441127182797
-5.494621628411785
-5.4924997312797545
-5.4813524277221415
-5.479299499590731
-5.511623393523216
-5.496334374829538
-5.497374618670573
-5.486401549794749
-5.48887311953823
-5.505738214596488
-5.5173852419983485
-5.486841479695964
-5.4793419287249625
-5.481695512169402
-5.49774844854612
-5.4950455555992725
-5.50088381346135
-5.476106875055333
-5.511852719484841
-5.486024472167521
-5.513999938161824
-5.4845225691795765
-5.500520915059329
-5.4870311203649855
-5.50065719988576
-5.4900181100659005
-5.496035246743143
-5.494668048720978
-5.490054270469582
-5.50893155445235
-5.47715341975183
-5.480599725459554
-5.495161421834498
-5.492534972013247
-5.4878697181486515
-5.578158814437531
-5.489579908940377
-5.4896045314007145
-5.506152018896252
-5.498806814509458
-5.4920161917257175
-5.512295953263486
-5.550111613839211
-5.49450845187441
-5.482037258338718
-5.489419446684325
-5.484393247515535
-5.540445178497894
-5.497801627395859
-5.51805131935545
-5.487889606212035
-5.495182843415229
-5.507312944169032
-5.500872146787007
-5.479612944673097
-5.493465234310287
-5.4805825073481
-5.483522254064119
-5.483346532015152
-5.526185164697532
-5.492041518447851
-5.488901502150265
-5.536195195402759
-5.499217649253069
-5.500720153393246
-5.482718447019934
-5.48422200710763
-5.499541390275279
-5.501739968038713
-5.501061168760406
-5.526636375390499
-5.4837944592544146
-5.464256855696691
-5.494514437269974
-5.4964169529385725
-5.511135172525838
-5.49927080503899
-5.5159595296947685
-5.495076858302208
-5.486256388039002
-5.502743058532818
-5.491924471041166
-5.545217406441149
-5.4897695738680445
-5.518149331524183
-5.524927821208852
-5.512113425916699
-5.489395013529531
-5.481537517106746
-5.502326471236103
-5.481759388323929
-5.5136316201344995
-5.49878632334675
-5.501972811036222
-5.504865581080535
-5.481518944946698
-5.507499047737977
-5.472897277233031
-5.492079050784363
-5.491192234559766
-5.500623040610844
-5.491263454025118
-5.501367069056064
-5.4843780314487915
-5.519855755214947
-5.489560054260677
-5.501827436289598
-5.489576278423089
-5.494605188824701
-5.489915640672109
-5.526647558193985
-5.480057553532504
-5.492281469044345
-5.504269282424912
-5.50624843138247
-5.48815858405905
-5.52016300727859
-5.505785802563667
-5.51478841377769
-5.48957355816084
-5.484021746408036
-5.512770528813093
-5.491002623983962
-5.493308279722736
-5.490622142695953
-5.4930765672545565
-5.519287388973709
-5.497354053450239
-5.506233370771284
-5.485055756986194
-5.491220971466944
-5.493034593817804
-5.48260944886446
-5.484496282746359
-5.511873373336601
-5.499269168195077
-5.5099598537718135
-5.508551979661103
-5.484526858792009
-5.503628409657138
-5.501928943912905
-5.4972397520554175
-5.4902351416754565
-5.498047747870078
-5.494437053494022
-5.511179433339467
-5.497353144428594
-5.47819221927347
-5.530715597376616
-5.4906586188511595
-5.4892167729708214
-5.497548674108911
-5.483274275187482
-5.49774019944925
-5.479237053974886
-5.490133863934667
-5.508100363564412
-5.497202437649698
-5.499654104789438
-5.486468017145894
-5.507247085582879
-5.502641912000754
-5.526753947755125
-5.519333420000802
-5.496134263292654
-5.530894958275276
-5.486420810050872
-5.502017449131046
-5.499684461833717
-5.484295473670221
-5.500680909512358
-5.493813604723181
-5.511909991025039
-5.514506400375989
-5.481090458052434
-5.483251550404952
-5.488670914121148
-5.488971401428352
-5.4827726884406225
-5.489981747052816
-5.521491620354942
-5.496784897920904
-5.481578786789367
-5.47544142076813
-5.513063782448845
-5.543635703404686
-5.478747170012028
-5.5345809845807
-5.490525591116726
-5.483644197117885
-5.490673240466339
-5.511465765224375
-5.512912468348821
-5.526788506103178
-5.477785276712511
-5.497930409397423
-5.488892089403502
-5.49130649231011
-5.462268879204026
-5.547019988533787
-5.5073454834547135
-5.4770125210723455
-5.470411456776978
-5.511230858686972
-5.496716632967146
-5.513843744230512
-5.524239763702642
-5.482502807576502
-5.483699318698554
-5.544532218839997
-5.47979715178116
-5.4845748134280505
-5.505634127659626
-5.498065204912286
-5.49450082528279
-5.480697942020051
-5.4824028998785534
-5.494085411778286
-5.493668984405307
-5.485124618808392
-5.461092098803561
-5.47706347772754
-5.481141988891517
-5.492160466727864
-5.481581725246045
-5.492909474458141
-5.4806573259809275
-5.496054601852864
-5.472185044751709
-5.5272510702629125
-5.480623082213686
-5.492003151208808
-5.481280077024333
-5.489764819812543
-5.478768841392649
-5.465644828791699
-5.477162763460037
-5.5006621635234385
-5.477971740472064
-5.498272839719538
-5.493967496871914
-5.491060520730673
-5.482889735869027
-5.494908490851171
-5.498502594410313
-5.482483496051595
-5.486335249025378
-5.483322337037026
-5.48677755038893
-5.491225934284889
-5.540413926271022
-5.5101248835590955
-5.4999148780156055
-5.49569830992916
-5.4848052838234445
-5.481097372611424
-5.54037247683523
-5.489248224223184
-5.513493794391799
-5.488619939727442
-5.469712964376516
-5.5073540383127755
-5.480721713700581
-5.487075005787069
-5.46877617014875
-5.489009416561112
-5.473691504495068
-5.489788110975759
-5.489123407302047
-5.48676447618075
-5.493795015525781
-5.502904225525619
-5.51303788860702
-5.482977030516804
-5.477120454800286
-5.544335497975628
-5.503762354351332
-5.496490952096703
-5.478634538646007
-5.497845733013077
-5.488588794241676
-5.501046160197016
-5.491523070043828
-5.487264752352832
-5.502133281636481
-5.502333885952019
-5.503481537042875
-5.487862946294161
-5.511354313005011
-5.50950025786183
-5.485727446472296
-5.470846546508287
-5.491470400398441
-5.492527340187681
-5.476734826671931
-5.494082290270544
-5.535460001995766
-5.526191704963637
-5.517726071039587
-5.512346343587183
-5.521768381212583
-5.484925046921451
-5.529943734823019
-5.508172089720682
-5.502586637752664
-5.5075150567870885
-5.512982784627601
-5.533424521571586
-5.488050600115895
-5.530531554961795
-5.523344005506266
-5.489671389622301
-5.47464838083654
-5.5348251191292785
-5.504782029702992
-5.511878237781984
-5.531350852961188
-5.517926161304716
-5.514631515168539
-5.5378056571230765
-5.499066054582096
-5.497390159832018
-5.502988339413493
-5.514521188770358
-5.5829818315106525
-5.519369467549833
-5.507742594076023
-5.50450488317281
-5.519502285816879
-5.49005139459366
-5.508060753616781
-5.548015355803782
-5.550241959509709
-5.556376536405346
-5.567933501750423
-5.540287355742908
-5.521956998529027
-5.4977406858803795
-5.505665252792051
-5.516030395599727
-5.5216025099171215
-5.55067492923193
-5.480104223650394
-5.500438300701836
-5.50801153050449
-5.490315154513166
-5.525662800584719
-5.518248591376789
-5.515225827891704
-5.548271134489756
-5.530583533770716
-5.493251284635692
-5.587405592797047
-5.486111942661722
-5.4916512353417914
-5.51827605221291
-5.5059941746882854
-5.493822895489749
-5.497027435056475
-5.49953347198751
-5.534247710338057
-5.489121662747986
-5.533683735542983
-5.500627536570986
-5.524581976047551
-5.527024145568203
-5.514699194767523
-5.557117689893341
-5.512999286004424
-5.50057276434522
-5.545801958887032
-5.549829208633798
-5.503015083649562
-5.573083251666626
-5.546200183843587
-5.516349358556663
-5.521643436201602
-5.503955563046871
-5.510976025000834
-5.497936255850902
-5.517283540503342
-5.527942636654611
-5.5348738117159515
-5.509083150719658
-5.54281216385199
-5.539767738572472
-5.550464998250049
-5.528537393838728
-5.541224749149681
-5.49360238221349
-5.518251924277749
-5.506900720693133
-5.5228897054727515
-5.51610053593799
-5.565674163762539
-5.512454653778869
-5.527342456929819
-5.574538174003382
-5.529964424548869
-5.566456989261537
-5.517181293836372
-5.516927354626268
-5.534769450847501
-5.519008930854875
-5.510211394624445
-5.526427766256708
-5.537451818925824
-5.565725216290662
-5.490863360699986
-5.5417272246675084
-5.530051467929026
-5.5621942111306595
-5.6027440838999105
-5.595593113160335
-5.5702993340587605
-5.575958180518924
-5.618157886461653
-5.581035994641946
-5.539898034554255
-5.580062328884592
-5.559124115406913
-5.486615016548811
-5.579993846906975
-5.543487526113492
-5.544460180659847
-5.560237658123146
-5.5575379500608175
-5.592730155956622
-5.5915194964676935
-5.564878523752218
-5.566972325207523
-5.595558231159171
-5.5920170558016675
-5.541214898849475
-5.57016620801419
-5.58118801879398
-5.613339918211404
-5.538037857822884
-5.56961282775643
-5.579289801472969
-5.538018233490308
-5.529487708338285
-5.576518347514608
-5.565187895937751
-5.545019312796229
-5.5712341931337495
-5.614926426921674
-5.507587133153347
-5.577541089474848
-5.670940004689628
-5.53828773631111
-5.5675883119276115
-5.6074706330493544
-5.539198833675731
-5.588668702828411
-5.604883586063676
-5.524076473574856
-5.602636915479576
-5.5461841494959865
-5.53631064486488
-5.5909287169201525
-5.51613666313955
-5.57629766538221
-5.569869866156426
-5.55149136000837
-5.537131197457519
-5.524797151183565
-5.540678040773815
-5.531822848408189
-5.549647488521457
-5.50451978800898
-5.5284976855862675
-5.582553084313395
-5.521786528438075
-5.57333802523695
-5.549894926593766
-5.534909876201935
-5.532615928229041
-5.5237451187874615
-5.503651345523045
-5.516143681655709
-5.543018876131089
-5.502923483093854
-5.525797993418006
-5.487246766646744
-5.5237923379409555
-5.519043653448768
-5.512859363000227
-5.485406270594474
-5.519964659501156
-5.531878493355425
-5.501269652861026
-5.485607563241593
-5.500926243216959
-5.509568958674334
-5.5054379183584
-5.493874838833436
-5.489963029442228
-5.487071450681577
-5.501255698896762
-5.496038732197727
-5.507450255539848
-5.507115905269329
-5.482296831004338
-5.500383055222955
-5.537842230285499
-5.52548413503597
-5.474174151375999
-5.534967806988919
-5.488529902276582
-5.4742243425027945
-5.507006661555888
-5.537331071074913
-5.514630135278118
-5.503930966628077
-5.510905104359729
-5.510162868412916
-5.474952600482185
-5.493260282966993
-5.487867705825551
-5.5042121162017486
-5.49652688993292
-5.504547248213243
-5.488975094041047
-5.511561915064769
-5.498397354533442
-5.512001074525888
-5.541859574764838
-5.5036955247002926
-5.512012285465446
-5.493357744196111
-5.495338210735453
-5.504501225587379
-5.51007651436014
-5.493393203855148
-5.53377593397947
-5.4994776929450735
-5.516177976560761
-5.509129705255235
-5.479099948561432
-5.549635709671557
-5.537394288696996
-5.501141521404945
-5.511222606212285
-5.49533376368547
-5.506230200623909
-5.505154452679673
-5.508826089283425
-5.502467303839126
-5.516687674669308
-5.491941953988007
-5.501721019299886
-5.471299673382684
-5.4799285667940065
-5.500943796779207
-5.5221469705644495
-5.48628602559978
-5.519795788833813
-5.498363600073971
-5.484239755501935
-5.495918629916795
-5.49469184915323
-5.523092872807705
-5.4901991497182685
-5.473503200398195
-5.471802449013808
-5.4954717608160335
-5.485452919556167
-5.506757644506883
-5.488154930710486
-5.4844563199639325
-5.5172475209247835
-5.478304561939797
-5.483644757559656
-5.485679488733521
-5.493329887581354
-5.4817884959239
-5.483411464560632
-5.4850018136364405
-5.494280602989966
-5.487707028269833
-5.493398401665381
-5.490169815784788
-5.507675664146799
-5.500536694836748
-5.488572545015458
-5.508348877130955
-5.496350268743946
-5.487890253070113
-5.482373431846211
-5.492608950670032
-5.4777121007247365
-5.509213286469404
-5.481754218647257
-5.523448591672678
-5.47960708750789
-5.525639347997853
-5.504816916260144
-5.481996245334936
-5.523515436955543
-5.491914690375478
-5.506102102455836
-5.547706132503476
-5.499644035505259
-5.486804951683678
-5.5667239186036275
-5.523478893964199
-5.4886314532644
-5.527233664639362
-5.540114910649277
-5.52042802228114
-5.551575594625588
-5.52625938074134
-5.530169788306399
-5.526018100493783
-5.559370838751555
-5.514445687421137
-5.547571547038276
-5.5258951029605745
-5.524099862591535
-5.508590102132761
-5.5602802035571255
-5.50232981647371
-5.523127425008056
-5.50201251404247
-5.535142545253948
-5.526224336814983
-5.526530921752446
-5.517697726648764
-5.566476759150901
-5.563636560795715
-5.5573859492873945
-5.551010109968055
-5.50835212157431
-5.498791408694993
-5.50091034070666
-5.569691623409508
-5.488502802557569
-5.523533484741279
-5.544973136423909
-5.548264984685759
-5.539136654649706
-5.523423676816861
-5.518815087467014
-5.510003782541773
-5.516764685366289
-5.529898528212424
-5.556405841120625
-5.503735553821394
-5.5383451321603445
-5.5177288350124165
-5.591893150349894
-5.589788723311109
-5.564028678647595
-5.582396873142208
-5.531950943705291
-5.517315455259719
-5.552184332559437
-5.543880834493734
-5.54099814954617
-5.522474723176284
-5.533699124094766
-5.5336821765662485
-5.517942941075468
-5.517943039883776
-5.500355381958517
-5.54039539549811
-5.500517788172344
-5.498884995349088
-5.491730830080352
-5.479973554208907
-5.518889079512261
-5.4876686880534065
-5.512027510755791
-5.523642315267235
-5.475771769751264
-5.482827473768058
-5.4818751455882175
-5.487965641061113
-5.515496037315216
-5.491179563893445
-5.49335637914265
-5.481467202525533
-5.490683753242518
-5.497334968086545
-5.482651032969918
-5.476770235180092
-5.485604163143611
-5.47963477975428
-5.4769352131658415
-5.5249085499027455
-5.487954792893127
-5.48247585109339
-5.502158888151469
-5.482358821421468
-5.469581398922369
-5.522037732594338
-5.505700855070312
-5.501826436096689
-5.4816524216802955
-5.483273938871281
-5.472756419328068
-5.4897398552115
-5.479358640816042
-5.497045189584059
-5.495668604758155
-5.490086501696905
-5.489337330346398
-5.489055189259314
-5.489704023027159
-5.478119242882787
-5.486070016379596
-5.481838045448476
-5.48208536916399
-5.486782774817401
-5.477640495492181
-5.509326421523496
-5.505042031604533
-5.4846375097333295
-5.475828787315159
-5.479952761969816
-5.4842358216065845
-5.489555626504291
-5.501326424508571
-5.498502948875246
-5.492895435248896
-5.493498441083886
-5.537051642094974
-5.519370845870609
-5.483093234597985
-5.521242233675659
-5.485725976117767
-5.491057742836139
-5.510911040662136
-5.487143703869304
-5.490267083331573
-5.555259457326166
-5.483879109007871
-5.509989816146997
-5.493420436072826
-5.46400475948535
-5.49827970068816
-5.481255856163297
-5.480203253041779
-5.505602159576668
-5.4801912630846275
-5.5054561975893375
-5.524021770635525
-5.482098542069797
-5.4938437354486345
-5.515434736650385
-5.472678659941566
-5.526366580090312
-5.495710335489665
-5.499144752849016
-5.4922582276511385
-5.478562858598483
-5.4845032439456105
-5.487459831696789
-5.492389766148349
-5.502786746933957
-5.508867103945507
-5.496685055601802
-5.51102699629748
-5.507153831213841
-5.477885083488677
-5.51094786609188
-5.488201591005566
-5.494362653488025
-5.511856425549556
-5.540463834748127
-5.501742886933692
-5.496107060652931
-5.510769100925301
-5.478860410448705
-5.493829972526704
-5.5062926877669005
-5.497925033238179
-5.495336401140232
-5.500140684820977
-5.52281011298303
-5.516237928619465
-5.493858677670545
-5.491248519226124
-5.475107789732867
-5.497497424679603
-5.507687551560793
-5.466699358722868
-5.51131590666694
-5.524881031622114
-5.483599755772116
-5.501802103275285
-5.507754092714079
-5.4898126908211395
-5.48197314257617
-5.527955608732919
-5.4874361316594715
-5.477422738738816
-5.501274628682338
-5.475710087949324
-5.528220889204611
-5.506294847035832
-5.5034705587424
-5.53710560971422
-5.488448908166907
-5.502244255688808
-5.536885903782551
-5.4885212041803335
-5.509742130237411
-5.5050802718520835
-5.516293442754277
-5.552821246402162
-5.5080950666369635
-5.489473014299055
-5.483441546746837
-5.486400662478923
-5.464742439161984
-5.523834863167088
-5.538567337253924
-5.514173977182697
-5.5026943936910495
-5.5606291150347715
-5.516487654843664
-5.54024294635094
-5.545868335972892
-5.518455154664814
-5.496802612931871
-5.529236783410432
-5.49429235188754
-5.507924471901585
-5.482198987576032
-5.526733231977481
-5.486069687666475
-5.4914359436263975
-5.505390283044207
-5.616463466780986
-5.496075976690979
-5.495042921592122
-5.494257344919844
-5.511226946488214
-5.516167896533293
-5.5080112617695995
-5.531849831439407
-5.521497598537734
-5.500984856155075
-5.515793037347031
-5.5108760929322145
-5.53416378720059
-5.5163878764363306
-5.500238365293774
-5.529332604529465
-5.522449719942089
-5.502883715943366
-5.523910806531411
-5.491759394519191
-5.554409152033616
-5.511152018478973
-5.5047139638868305
-5.540321317902659
-5.560845497290455
-5.563225339433885
-5.497941434397007
-5.588072614788872
-5.563204920631863
-5.549273594827987
-5.54001188488494
-5.532937835028278
-5.584016447655957
-5.56998843738462
-5.600216426139337
-5.515533828608762
-5.575692992207251
-5.5601020576292965
-5.5146186722860255
-5.574841712062303
-5.571031132699037
-5.567295082481483
-5.58233453349208
-5.600591652512535
-5.542086432988347
-5.530692140928725
-5.557992018270432
-5.613531395653435
-5.526163574037004
-5.564850274240037
-5.523756447861636
-5.567919745779003
-5.5652214122757755
-5.526770947853617
-5.523565502186763
-5.534178306933363
-5.589434600828117
-5.522402156004986
-5.512540483745011
-5.566645793582554
-5.514401343053997
-5.532517177783401
-5.536490575934383
-5.525845820068019
-5.52137235869492
-5.54911052319779
-5.527594424922152
-5.535802479062266
-5.532292028252707
-5.556073873566778
-5.523207022871327
-5.520622909808356
-5.574307500324818
-5.606360765370562
-5.570931351264709
-5.589171703813857
-5.541539137857615
-5.585780649739954
-5.561015837780072
-5.549782497714287
-5.578020009120253
-5.57494264299224
-5.5376229316198184
-5.5557392683622995
-5.518033870932773
-5.547894072392679
-5.533194022669018
-5.586967234311554
-5.517835459596777
-5.51410844791647
-5.601362378443034
-5.571535476179356
-5.550399871621131
-5.554259885082473
-5.556848714118319
-5.553671744767799
-5.526235649990099
-5.531041449205177
-5.526054267871206
-5.526726617037941
-5.562926558665259
-5.536002124592134
-5.527490898826907
-5.500752618727749
-5.55415567176603
-5.504916844961095
-5.5013045155783775
-5.51550602281438
-5.534490840823686
-5.538636144491629
-5.544207907129243
-5.49744459690762
-5.481739621284413
-5.495471060581728
-5.535599712545866
-5.514151921910351
-5.50095365137064
-5.463444365432025
-5.523591315149271
-5.501526284655126
-5.510818327862935
-5.524450191045969
-5.542130252638482
-5.543963342712017
-5.513965102522686
-5.557044560985237
-5.511931887266796
-5.498660132838317
-5.515424669611195
-5.514990556833411
-5.520208316373861
-5.534251054858039
-5.563602884556464
-5.515977544051593
-5.5024610502954525
-5.486780112934413
-5.488203138076362
-5.510833028161436
-5.506665492397579
-5.487144868638552
-5.530465148309171
-5.52158036250556
-5.4985083681302225
-5.505639461229752
-5.497571535804533
-5.495151815014182
-5.559117589812221
-5.49535860904965
-5.499773031366583
-5.501733867256068
-5.537346774459648
-5.5209126532349915
-5.48907348413217
-5.485009430300625
-5.501149608652839
-5.500372781980765
-5.5089742748572315
-5.479781617484998
-5.507792838041247
-5.488879189350998
-5.513246113286361
-5.500893706406085
-5.502990857612622
-5.516650196463992
-5.5213495716932695
-5.496930935183051
-5.482097513100615
-5.495442636779664
-5.483627461265411
-5.493941431438365
-5.510587091131763
-5.503512123029696
-5.500695107680278
-5.481458919872951
-5.502467262412568
-5.505932443931893
-5.4952136801814575
-5.512475412699654
-5.4872167554307865
-5.506075519224839
-5.523611249848124
-5.534299560829404
-5.488341477939969
-5.506440051812126
-5.533055312726393
-5.504856481036307
-5.503002349908923
-5.480903028486695
-5.475627174166725
-5.495317236528248
-5.500265846919377
-5.494131326462987
-5.515185457004049
-5.486453530081285
-5.483863943525008
-5.486426267437484
-5.519455764678249
-5.489896280351477
-5.490032059002193
-5.505451451932132
-5.523122181851361
-5.5689711212372535
-5.47633939812211
-5.504886834928773
-5.527941882924241
-5.524824732570543
-5.504746351418248
-5.515786033143855
-5.498993694310984
-5.488310783316485
-5.472193628432588
-5.489230809433252
-5.499382008699115
-5.488926803276439
-5.481208649339288
-5.506820394962894
-5.515967541518379
-5.516733577677115
-5.499609721611332
-5.484867750256367
-5.485141740347238
-5.477132027682798
-5.546402706129841
-5.495604330330817
-5.4953487725783825
-5.484995460796049
-5.496564675020895
-5.514957129444023
-5.495683982744094
-5.488756998551362
-5.490757816702288
-5.483911904424089
-5.51322404651443
-5.517715707942912
-5.465894652894965
-5.4995286440991675
-5.510685709583616
-5.5061063835694455
-5.5033857487094675
-5.5393172320429915
-5.536308076322904
-5.511139354398005
-5.4753077034206985
-5.497761999570893
-5.475366051176862
-5.497043597162829
-5.515666568834376
-5.49101105891535
-5.491298896960806
-5.480803200102268
-5.516770622698672
-5.502510294027008
-5.541891269369962
-5.543444670804793
-5.525285091509377
-5.504673637122361
-5.518133011640107
-5.5064894048727275
-5.500359162366944
-5.491614268638134
-5.499462337472922
-5.478222596555987
-5.497017050078717
-5.517380811601399
-5.495636237196294
-5.4997178439640635
-5.4932898036252995
-5.499432545595984
-5.498412024014073
-5.487003353087345
-5.517694633500113
-5.490275381433524
-5.466450180499251
-5.5104827674786385
-5.485288676551785
-5.528822399843218
-5.508702288279257
-5.476660447044001
-5.524899253435407
-5.476331560134063
-5.487298971723475
-5.509300770058903
-5.496329763588871
-5.490394013307714
-5.497781522620816
-5.513086564968014
-5.474653903609235
-5.553333055051126
-5.487305617575008
-5.506548004717978
-5.5087559840943605
-5.495579177197941
-5.530031975426927
-5.4847055409130325
-5.516118442387413
-5.523528738923255
-5.494857159908277
-5.507661553737385
-5.522766647915017
-5.506545172287715
-5.505424355863941
-5.51616834182143
-5.507483235788703
-5.505739945130136
-5.485998283895635
-5.4905112086450245
-5.537615974479648
-5.507455337913594
-5.485046041521999
-5.474730161541468
-5.47629988911169
-5.519835765954894
-5.510765748350832
-5.504342772703478
-5.5028553893849335
-5.520417056398431
-5.489154422486065
-5.516831252671759
-5.5063054909188605
-5.510352948183943
-5.500527463693058
-5.511878708059208
-5.495833559152867
-5.528576893545878
-5.482798461179347
-5.485275538614035
-5.502201729074555
-5.501637874995261
-5.479543851624081
-5.496873596417334
-5.479029933654697
-5.497397989994369
-5.507417979163155
-5.500704203033055
-5.484945093504738
-5.5194709891012455
-5.5021430470260855
-5.486905031111265
-5.492419592546806
-5.498899475037544
-5.555650160745352
-5.523338685715901
-5.509285391853855
-5.4957813090215035
-5.509555379166902
-5.507722444978801
-5.517778514882662
-5.472673586802973
-5.523230210238335
-5.504569021306022
-5.4888646460656
-5.4937091717431885
-5.48925650713082
-5.515844865603406
-5.491845158911265
-5.498364564276634
-5.493798342886794
-5.509774169370602
-5.490980791002844
-5.494437607437266
-5.475175555634236
-5.4920310605227565
-5.497366079347638
-5.514837556673029
-5.4882735625245305
-5.467974893230949
-5.51314173577178
-5.522197380988427
-5.513546791000355
-5.498796471402932
-5.496668544562395
-5.489071779850714
-5.501462295964418
-5.494575768113257
-5.518129975459841
-5.494123474331948
-5.483208819637418
-5.516742823306064
-5.481282477009733
-5.493624708897076
-5.512617784495643
-5.517331055179547
-5.500087159686587
-5.499840307895379
-5.522596082411156
-5.4858812176317535
-5.522402998771533
-5.509098647961719
-5.4736516482101285
-5.488152146361498
-5.515012092607999
-5.545439691603843
-5.4823160638830055
-5.502049599735014
-5.507776947408242
-5.500293148038124
-5.503582342433665
-5.530391376294375
-5.467371882857577
-5.49742415324393
-5.48729901541922
-5.482883935835773
-5.495676350389157
-5.4974230180521095
-5.491464415885194
-5.479098768408685
-5.481359104444696
-5.481340934066047
-5.48851039468887
-5.489053749312593
-5.509566101024063
-5.488549420060032
-5.496432997752962
-5.522635067065812
-5.49829804942833
-5.514935994051874
-5.522316741030167
-5.516969150298532
-5.486208225568686
-5.515947533581432
-5.5007766340859
-5.466576369112335
-5.496084732633604
-5.512393364467323
-5.48263206509726
-5.536818668622897
-5.467454827942359
-5.497125712354607
-5.49536884853196
-5.53944893779161
-5.516412593786207
-5.513466644429194
-5.48891015167273
-5.479401873084182
-5.476791830344375
-5.512301691853202
-5.500916904001626
-5.504541939647463
-5.489372132712138
-5.503049645018534
-5.514340416955818
-5.497468450750471
-5.520948288964093
-5.501525625022005
-5.482949114332085
-5.515235542837207
-5.499779135768779
-5.491412158405772
-5.495865605062157
-5.484274807899048
-5.510436972160582
-5.507660349616067
-5.4942597802270745
-5.47808620141516
-5.526385150570416
-5.506921107555129
-5.519118899983581
-5.512494291196472
-5.48033605113231
-5.487517903893209
-5.494887711444016
-5.4862119166882275
-5.516280360292665
-5.4809697759036915
-5.507937389941753
-5.509559189434015
-5.517223037512071
-5.485300624621669
-5.4850124419137485
-5.4878667000556325
-5.5327834250156664
-5.493896105265627
-5.501803547869062
-5.501236083418758
-5.537506957271931
-5.518382217366047
-5.491501961477926
-5.541018462568544
-5.507607615544013
-5.465214127369194
-5.482485950992267
-5.5011497989778535
-5.504382205892532
-5.487787867325175
-5.514667633192168
-5.483805241397119
-5.480248866270406
-5.488812172097837
-5.52555334158112
-5.493292114385797
-5.519263130733572
-5.516283072150216
-5.488031548198851
-5.495624432391558
-5.524158621657322
-5.488607964098771
-5.533189871599015
-5.5144268903318014
-5.480644809056109
-5.488687010774973
-5.494729901666766
-5.502710772310122
-5.48503718912217
-5.5051145650401425
-5.494404901933864
-5.500012440178916
-5.4888108022873325
-5.5071859366168825
-5.495695398203676
-5.489997813966241
-5.486376242965861
-5.551179117987593
-5.501755890229512
-5.53008616979324
-5.4866789094636905
-5.486500820523237
-5.517387356539725
-5.490127127393372
-5.485354961047967
-5.50927942338703
-5.5007968843456885
-5.485924726372937
-5.473676701055537
-5.489393026635835
-5.494669862111156
-5.51436531884255
-5.489419103706603
-5.494165699604473
-5.5347735685271005
-5.502916483329849
-5.518194534610668
-5.525309311451873
-5.495383128366264
-5.509729535161092
-5.508756941639254
-5.519969418070058
-5.5443463074661175
-5.502325521959388
-5.507002486646438
-5.510852698463477
-5.495230848480939
-5.516462499773442
-5.530356244964384
-5.498490173748276
-5.506020214968515
-5.509003413935996
-5.51047176784768
-5.488409082048607
-5.491523458794873
-5.528141418649479
-5.521645450402399
-5.503171244766529
-5.5074490630729995
-5.487614850443969
-5.509676404408101
-5.515446150976415
-5.485566792107312
-5.49286286595295
-5.485544046721164
-5.498320068285061
-5.552190786129806
-5.517528841382773
-5.535108871195071
-5.494508275222052
-5.495439077872941
-5.517937877189179
-5.509208765469996
-5.489560274503191
-5.50192990867896
-5.496420160936354
-5.499829513106335
-5.529747010519603
-5.5349448689351695
-5.492714779303215
-5.484400269063782
-5.504872973007717
-5.487724135698187
-5.507214387051782
-5.492542543542463
-5.486771001279092
-5.522878376968228
-5.494168143336728
-5.494446960742934
-5.493848102653561
-5.502588677462401
-5.487416577942775
-5.529592661835545
-5.512458179083591
-5.5287663117032455
-5.5075757628849615
-5.4792409800839526
-5.487801601194061
-5.508195959658557
-5.501577086209024
-5.544925688830595
-5.48532094649963
-5.507098687764303
-5.482727889627535
-5.488450867787936
-5.51573538023311
-5.493010869210693
-5.481450522610455
-5.5059662765217325
-5.522820919280638
-5.4988300150788705
-5.499985465227937
-5.514326632767336
-5.5403660584864145
-5.558841884874443
-5.503252781523563
-5.48672521865468
-5.514721792557298
-5.496579803190999
-5.501531200326142
-5.526925256609619
-5.475699339367248
-5.516706290473733
-5.526433146685515
-5.497939521998033
-5.534456977720726
-5.54028896731163
-5.540094083559677
-5.534333799074359
-5.502612914324277
-5.486925478976737
-5.535414566121438
-5.492260476379983
-5.52576148316984
-5.525749282001718
-5.502845479931626
-5.50407994388754
-5.486165487870571
-5.487132426036682
-5.538020265038232
-5.507974749688883
-5.514665446416932
-5.509630877114366
-5.501182419111933
-5.472574494497497
-5.541770917714292
-5.523074855414065
-5.514175171826852
-5.53786526455233
-5.518455788297825
-5.490927327714585
-5.545610699609537
