0.021003195784224982
0.028485973124389156
0.03512381707335274
0.016841170627509287
0.0323085874745689
0.022768220228386604
0.021290905929403706
0.026818787776588533
0.02634216489233718
0.0287165037126127
0.024239505334876822
0.02298323463361637
0.017754214662776508
0.01341194591618842
0.02076970134967631
0.01790168966571556
0.022851758845045634
0.028846496783176044
0.029586615178312483
0.023084609729588375
0.025651501834423975
0.020917899535519646
0.02644602248212778
0.0325521207240249
0.02810081006948451
0.028269404860907513
0.020509028283901505
0.021102096120830263
0.0341094999402639
0.02560906401922814
0.016812543499516136
0.033430691488678645
0.02134192221677934
0.024232233564961264
0.026974887141910976
0.02464722004483621
0.02730615924614693
0.02813820280239778
0.011693705254175537
0.019371047385233882
0.028128019996788975
0.02847318879108862
0.027735612536176988
0.025752086051173562
0.024013171985524866
0.017388665060978123
0.029471186238567326
0.0352923286761379
0.020948782654832993
0.01729283326438303
0.020544161480672042
0.033242860003207926
0.027763002671038595
0.0253409211067054
0.017828816843068508
0.03200843383363932
0.018566034817957964
0.019640128017904157
0.01902567448717965
0.020928385232021535
0.021156269224422524
0.019669357895229764
0.023881193311492757
0.030555905120253957
0.019778567026467665
0.02838110464977699
0.018256595467162476
0.04595473737505458
0.03233656477597738
0.020125236339085733
0.026776299776861558
0.03642279246801796
0.021739853691913495
0.04691283087879345
0.042824605867565105
0.03330558664343879
0.055575251200845714
0.06406547600595669
0.09933658745649446
0.13446887394432613
0.13437071451202198
0.07190626195582484
0.034552115714438975
0.08288378920565634
0.06953477501836644
0.07839239725624568
0.15034224863334947
0.13801315874244233
0.13850176506763098
0.1474681942986258
0.15212077994160333
0.21793087084364254
0.14532241370744475
0.13611491428701622
0.1744163385895909
0.2036173232221732
0.2613684318906692
0.16030569845610693
0.17475236484357964
0.22550818277552406
0.20721865300757472
0.23045593520232568
0.19307094266735955
0.17693185647583726
0.051421613736807405
0.10572554506934295
0.062183774644529566
0.07749291292683545
0.16050360292666574
0.040764305121063556
0.07483311354427374
0.07457120657471396
0.09442389402836536
0.06287806530292482
0.04834744266998375
0.09733522978347137
0.07611373987674074
0.07499720733966986
0.07373686336692552
0.08666127566596082
0.07552521439759476
0.08962149156118103
0.06732297185520945
0.08128536445335113
0.06263668165535077
0.09632250258248753
0.08443220618763755
0.1152562783039944
0.07946781263915523
0.05256291807754467
0.06508871849085499
0.07469074524677367
0.1318515398394201
0.0639062021945881
0.049155573611841745
0.08210295540006382
0.08915436099463121
0.050718227888417726
0.12269474231621108
0.04808646561166096
0.06725817914699701
0.053110022141109305
0.08497364651698312
0.04867280935465487
0.09715949700443838
0.07542204336373261
0.06950081528507261
0.08930374177048864
0.059233402182851655
0.08864781717745575
0.08524551706572887
0.07088637972014723
0.052719680752291616
0.08894173114361247
0.07560338029873878
0.09380493808023245
0.07551662693585534
0.0759252078134878
0.07025314848696078
0.040861560247639796
0.10610378451040918
0.1522609034055746
0.16969858741706412
0.14426936623850872
0.17883969539008632
0.16811357360362061
0.14178304163979497
0.21715674956017736
0.22154053089682338
0.1927528481149651
0.1504643945179846
0.16839966814766832
0.21560415447796946
0.1599588407151056
0.09058880522765443
0.08825607569842538
0.1364450996411646
0.11410415207817122
0.0702995149647094
0.03230871419181637
0.08150535943856663
0.08179977204558167
0.11097753330341083
0.07744409406504836
0.07553834347213056
0.057783894681977074
0.05666809884187599
0.07523791977079032
0.09221464307540275
0.06576410789822089
0.08946389466491
0.0726771869392634
0.0940969574244733
0.04142816050170504
0.07352139095239787
0.0641591242794098
0.057866349593241724
0.09835618831095849
0.08681265817935471
0.07099378795049413
0.07136594473330847
0.09715367799895826
0.08794436914718042
0.08922512248884436
0.09243869324231402
0.08228512540273566
0.053681991599326934
0.06868179192271073
0.08251658808340558
0.07027198581949516
0.07758392816697847
0.10161443358879352
0.08067514907534108
0.11873926639078068
0.05664000745611623
0.08101182920121269
0.07934527089917
0.08564963190936825
0.07966330017982057
0.0665646968820559
0.10080720573644285
0.09392088971171948
0.07594874223824086
0.030286363624746595
0.07730942209735027
0.07615056320899691
0.09325971350326992
0.06387633808923862
0.07435425402724803
0.08135940995019247
0.07823132279860502
0.10919579812289591
0.06233450344960695
0.08035049386331802
0.05095016594661599
0.055676455706689845
0.08049215740902686
0.10114074649141877
0.0711453826000134
0.07414162257183421
0.06906155011754332
0.05910955575635524
0.04361822756866989
0.1017722459184706
0.08491308681757463
0.08085912159785977
0.0934774714494495
0.051204212303802246
0.06456189209160415
0.0766395003295504
0.06854521415232406
0.07555796995621859
0.10331462009429777
0.04659303264122237
0.08609310506498152
0.061647168833392704
0.06973189489227866
0.06454284542839206
0.07638823115916026
0.06611818851377499
0.0997984833653562
0.08502533249288319
0.0597752147287362
0.0830729239802529
0.051803672197730855
0.11040215592622117
0.0960970822785903
0.07914602326816828
0.07633951198184709
0.08117739622139628
0.11404318329265127
0.08016051150028809
0.07576702022268925
0.11192993533723064
0.07733894674404831
0.06251961675327304
0.1092749207398818
0.06026541997254236
0.11640089170921368
0.07050447588510834
0.08759116668788401
0.08590353932876293
0.07134673268106241
0.06881422558960842
0.0689333758475842
0.06319695329361036
0.08524581573872823
0.05901088165440927
0.08463357336194573
0.08665256593435704
0.06320302047050437
0.05512768139076545
0.09694833449780368
0.11207917591278958
0.0785308212383963
0.05752999325716555
0.07771267470022074
0.08161030436406469
0.09288895471011106
0.08603359943243534
0.07245897087550601
0.06242275425438911
0.081366424244361
0.09151181065234697
0.07647971755668717
0.07676447282523888
0.07411479294940881
0.033209509843456074
0.06292995508138442
0.05410013039018168
0.06749570620880216
0.07702602886540634
0.04844443366547755
0.08178711519129804
0.06491774528544782
0.0573222921811885
0.2238299755254661
0.2543586812908497
0.12163767095125956
0.17371869537861306
0.2521411480330366
0.1432898525456491
0.2678434506728236
0.2044031886373778
0.2144696533567854
0.18637130647653333
0.14221426418055358
0.19302926931259126
0.25699473443757104
0.056792434108466766
0.07523139859052712
0.09874032965460461
0.17954261027583568
0.061266938371525644
0.04446010695577046
0.07952419328789279
0.04867396755825105
0.07681204580985981
0.053425198209169286
0.09296467782504907
0.06440733344946323
0.09090389166293118
0.16276711814155204
0.06866629985177071
0.08915972136113096
0.1225745481414054
0.06130215041998075
0.061217832204339566
0.14151320774238804
0.09253683008298828
0.11584555504939506
0.208779638300363
0.08064473517017327
0.05210613898884642
0.047509240659762114
0.16940200880875528
0.09174000357184944
0.08330050746884228
0.08938662995386211
0.07230870553408177
0.07429919857519145
0.09580166457571854
0.10775957910429591
0.07671418437720441
0.06181959155965299
0.21188217262875458
0.06425380443353886
0.05187361357192563
0.07584671928246711
0.05899650230508258
0.0479466164416091
0.05111376305939437
0.06851091210786299
0.0966954067039228
0.07794391224735436
0.08186906074324306
0.0564049684281909
0.17539713952086836
0.0804611079188399
0.04927495920870533
0.06786544908283187
0.0681469902724907
0.04303098080981531
0.04490225872204582
0.061632619914739666
0.1808802870735522
0.0757293717061
0.06078048358436114
0.1285467932461603
0.05124599636337604
0.09175983181574462
0.054345682908564064
0.05677092181189237
0.09792961749266242
0.07769008650828726
0.08141577985651004
0.17027335427240517
0.04877975481643147
0.08003791525476764
0.07646756200354211
0.07044487164441629
0.12101830973118546
0.07455971498332258
0.05110918614926547
0.07762876423539274
0.0602811429970303
0.08266586319678446
0.1242350548235078
0.06391465256670656
0.07601327104177631
0.06455305399515242
0.06173334818464169
0.08568017639443477
0.07826494453376703
0.08261192843733893
0.2177599805817902
0.08794451555328164
0.08851521488246106
0.07235534999166315
0.14862322343542922
0.06752159325177229
0.09000601019278452
0.10220350892555284
0.09194122093560135
0.08099249868530135
0.06911412719679182
0.15615611127509388
0.05206131585431836
0.2037642797620182
0.23779747979417354
0.07924542441666788
0.0878066174345514
0.2106369422300808
0.1685259347729506
0.052063382721082484
0.05201431318477507
0.17216451251255374
0.14085716438394466
0.25989278201304566
0.17921554986827767
0.23123035855359264
0.09028376659593426
0.04767202328286203
0.3377166760726223
0.26645749653772477
0.2572498608716865
0.37569055179412264
0.3472149303598252
0.3390627777755231
0.33973699248413564
0.33556233113731265
0.27016382160190555
0.29101373027970107
0.3201531989027929
0.2730250148559824
0.19026950743049711
0.2404864677854737
0.08578150172482338
0.19743374604122219
0.12436204045563362
0.25432623047488634
0.06600260313237252
0.06755752047060291
0.15602179823644885
0.10474578508995232
0.09246880488306669
0.1050619242721656
0.07543375891134382
0.096338799850826
0.0734460913829739
0.08365927797472443
0.06484822698836251
0.2033190888683057
0.10385188162804107
0.0676827560920685
0.09078998922979473
0.08450955804898434
0.23597194350154763
0.10301055386492794
0.056610568492719275
0.16592169604243306
0.06671018756323842
0.25368695736861974
0.09633886817269675
0.06353792110154981
0.08663768624310558
0.06624808101662524
0.07451923976065575
0.07677405683557195
0.1156181942548338
0.08773155170625228
0.07520308396734061
0.07524563215254484
0.056184124249544144
0.10534231444729386
0.14907489812662097
0.0730767876090897
0.08625171522141796
0.07544985131728665
0.19967984691186055
0.3335655840208568
0.07186722359524561
0.11786186494664089
0.09690278635759395
0.07420321214787876
0.0692359110569311
0.1268303180691557
0.07065126124653079
0.08584530378174876
0.11739369804048057
0.08403728584736891
0.09219887029330531
0.08781401468743115
0.11436207915359702
0.33252038372897685
0.25466230632498815
0.34011284810344133
0.32968962586083345
0.35171882493660406
0.31591915782939484
0.36199643105244966
0.3520354670016353
0.2858078825974571
0.34487794132026894
0.2154932246749761
0.10754155932214508
0.20113060743286387
0.3059343637435796
0.3831071577204958
0.32222720472325594
0.29849530622126796
0.2714863783086476
0.3647595481350136
0.29952111134511594
0.32048922863433066
0.29045704016836826
0.4013319825491421
0.2868304793248735
0.29372018266110195
0.30788431109981446
0.24812481758248983
0.062462881624268274
0.12187327183445607
0.12610444793480474
0.045759340170860474
0.06633796751194738
0.040355756384602356
0.10244332611879271
0.09232385036203314
0.08351781088556155
0.12521688119186875
0.07489201636081719
0.11392278813307691
0.06898792597694149
0.10475332319951759
0.16071764493681628
0.12126158734824176
0.08649579563209658
0.06844627100658374
0.12664723595691454
0.059436517118788196
0.11762668613514464
0.09521663669877098
0.13121116855113898
0.08578400496027218
0.08559998222412084
0.03471108859587205
0.055642049203513
0.10692492504102129
0.05442153951148095
0.0551747336327754
0.09262221402095788
0.07447134827093649
0.07870087052722766
0.0949312174167711
0.06679153193493921
0.07621922065000264
0.062019098661740435
0.09544847363939792
0.08953487344569175
0.07390200790601446
0.09529662839369936
0.09422493044140953
0.07632689301324538
0.058054167840782975
0.08583640793033218
0.11031561657789886
0.04505849254967456
0.07430112643149557
0.0755000189127135
0.09401403578562716
0.06012362505924162
0.0524837658603585
0.06154298653662441
0.07739178352416182
0.10016552609314049
0.0980626178037537
0.06574208914469686
0.08439576388653557
0.029539110841967888
0.06460163477056882
0.0646197986492184
0.08728458680179424
0.11064654073607241
0.10749137967144624
0.06342924965964117
0.11325447139209162
0.053591558902491634
0.07365793995228094
0.09918843193137702
0.07781451560250185
0.13622225737477464
0.06623059058426387
0.10698172273020691
0.09638843552401583
0.0833880344897424
0.0476780523724173
0.058684064016851716
0.10503912045743839
0.06332366137633774
0.0787838831677183
0.06728120724918665
0.06062312411504673
0.07807012715807171
0.049322692231057
0.09944793120707832
0.07371552585193128
0.05369072534093286
0.07969817471388409
0.045106774356089806
0.09552244453588973
0.08609857149897408
0.05228255295603427
0.10248439219018801
0.08385443789161116
0.046313419621045446
0.053912015683266264
0.10308492723844775
0.07619314025508456
0.06126353487038614
0.10346871413117557
0.0872319281933652
0.12985318476303367
0.07780393604237855
0.09607283231163041
0.1123248339448565
0.09607493864971393
0.08325032209596947
0.1206797916066249
0.05053336753544824
0.08438246278876273
0.06741450335088672
0.06603537816060633
0.08250925832726856
0.11349544808974085
0.07789668170500419
0.0844335439213535
0.06128343642774801
0.0663691120461562
0.08638042224532969
0.06757654273652376
0.051059341399651285
0.08013701325474679
0.1058003608887224
0.04694354596315693
0.08597740737948938
0.11507486348581185
0.0606506424764243
0.06337850805966196
0.05923409377294633
0.054356973981159754
0.08582643142859335
0.06834775217665323
0.14673209445754928
0.07116966646016909
0.046174559906646
0.06532907385505961
0.09899978424811494
0.06717110651511325
0.06965873614467566
0.08346228459085768
0.019982660671825712
0.06655848900594558
0.07344308398637701
0.07350365686854923
0.11671985746820254
0.08078629544273863
0.08876017852536679
0.05818147201479419
0.08197850413131057
0.06553676965348607
0.07638630529981869
0.07267758007120466
0.07854261814790857
0.08539837304539417
0.06400178943468583
0.06312787500277463
0.052257597344145514
0.07864752521127324
0.06132810928199306
0.09809245192486825
0.05947013452574734
0.0968509591953267
0.06244724572141898
0.0961010897226005
0.07942315562922829
0.05305789476018511
0.07494609241832695
0.050752062124999116
0.08283563964038644
0.08446138377638977
0.0672972193330182
0.07043265460857744
0.09213776495541176
0.07385656188814989
0.09658741321212999
0.06349588085658144
0.06687506484529028
0.06850385904818154
0.0684914853207365
0.08074755552575917
0.0777821825165576
0.08949249838157648
0.08106800889096395
0.09215640313880338
0.09399655838121729
0.05695153145879411
0.07707158380829943
0.074158396455428
0.07531668773688453
0.10320818747483737
0.08240144417420915
0.06921301985348927
0.0649730309628929
0.053894838677810426
0.07331253376133108
0.052199869314514924
0.05991346494015642
0.08372422463384371
0.08868172902351659
0.07237213992738499
0.0649930510263189
0.1299571755848716
0.08987750184663647
0.06102436531912435
0.07808929241920379
0.06999986778267905
0.0501889719783139
0.0590023820185671
0.06318482895530726
0.07798109695887398
0.0538854014042438
0.0701415168661017
0.08011130132433868
0.11492505732816222
0.04794838083760698
0.08229859014044488
0.06925540193184349
0.045611154637927004
0.07054848301747398
0.0680527450273414
0.05662349226395477
0.10064350349079261
0.06785354821079034
0.07258394605443168
0.06279453715649021
0.06790045256939159
0.06550481032686432
0.0637057653095673
0.07326868230581857
0.05593723127777979
0.090598857982185
0.08999599851169551
0.07433173934139455
0.09651466494023907
0.09688245530067027
0.10535275177753256
0.06426252109401182
0.07998248914298309
0.06338460172003302
0.0635973340727856
0.08879144858904232
0.07318415725559561
0.05922102418124119
0.07789813856477847
0.07196088877888308
0.04804628092756517
0.13482733031868632
0.08312097366429687
0.11860387273170363
0.07268136845496666
0.056583739308485474
0.06616252372081907
0.06923921180979829
0.07555302936008085
0.07918980955095453
0.06228289143873383
0.0761252597337309
0.03755146937660947
0.12856328100830744
0.07376003873326506
0.04607894491957413
0.04772502171514886
0.06443573442513925
0.0387029123106041
0.061979710522225756
0.06413768115592693
0.09841872111530219
0.06525125079504819
0.09236345401094653
0.08958982188374343
0.07665779897836923
0.05028114541197866
0.07901923960213053
0.060705694486345295
0.06825682936980064
0.04099091068010006
0.10748238806266609
0.0701542049394637
0.07653213917604121
0.08221972765159435
0.07014285045493715
0.045376955771045384
0.06508479360931445
0.06308673261061191
0.07796532303736156
0.06045252601703681
0.05416808431880049
0.07458022487850466
0.05250727288123823
0.08061402140299667
0.05394587578001309
0.08920006148915095
0.06395864437070718
0.07504447538805321
0.05068831877463093
0.05545351878773847
0.07225050514899209
0.05275483331344133
0.11417813987537313
0.07623176442569851
0.059678717956838316
0.06515160587760668
0.07553833486704183
0.08539454757378545
0.05327421930059391
0.06286673655570274
0.0999740872392561
0.1095850840563572
0.08785161311457358
0.07089950449112252
0.1060215393479087
0.05922239500326828
0.10209481015246999
0.0742304115925957
0.06955168260447862
0.06922836816892931
0.051053033498579425
0.07290338403250504
0.07598349427976189
0.060025235422920986
0.08128725193346095
0.09959914423906988
0.07628779530170368
0.0528494861660876
0.09717929952833752
0.07838275007127399
0.09993058666805181
0.11482919501310969
0.03071024024883537
0.06585658339976962
0.06656730292734665
0.0832403045005552
0.08440724931189655
0.10655663645701102
0.07747060539636189
0.10673792787395109
0.09657710568821964
0.06585686360322972
0.09744897695917655
0.08599331436282476
0.06315508616840675
0.06922550971628783
0.11866827987688201
0.10165230043823946
0.028756929465548555
0.13083254946654188
0.08536301006074519
0.07308957651343732
0.09134020073024232
0.08550768159241066
0.07222034392228946
0.08084152941772989
0.06927284385003088
0.0692758499655782
0.03603640606497978
0.07125370131243713
0.08455205883628149
0.06661582944192636
0.07547029450845244
0.06298758397725979
0.07152280121891885
0.04792450657855593
0.06582672762249743
0.08426958464509245
0.057478738727345
0.06829398689258136
0.07798784847813466
0.08385704941494067
0.07188945520804849
0.06687706278559276
0.08795996639294221
0.04897056526561951
0.06174923598937713
0.07808446219386159
0.07943253318573097
0.11101902754087832
0.05238883608901703
0.08185011627493013
0.10149598247327485
0.07286608430623599
0.04610734452279602
0.07258905950496061
0.06467078475654706
0.05596809226812843
0.06311941306917596
0.07942064287567756
0.05063472565336286
0.08469042948186528
0.10592657353049985
0.06547347390159479
0.05811017874391983
0.07805338371393492
0.07731796504746047
0.07647442972983609
0.05802765820886179
0.07516303513456878
0.04709146497956391
0.055317826874849554
0.08930386793248885
0.08122970956062969
0.05863841959475614
0.062066534216441295
0.045783816522983474
0.06478265286661587
0.06301048434273873
0.061427264120031536
0.06654395565704954
0.05936810790793006
0.0757819111221406
0.13821410775983703
0.05532692540873894
0.03841137876553879
0.07354373840865698
0.07040701811490527
0.10620782604819684
0.0880287696793907
0.0558700559608191
0.050306107590990676
0.06891985001915674
0.055186876043200016
0.045820750711190655
0.06703449603510887
0.09290398399383266
0.05271289601457475
0.05440643881850118
0.07165314148548958
0.05512312105310207
0.0804938055546728
0.06170883850567367
0.04978144817442094
0.08295967456458729
0.07500130026365119
0.10712531289957763
0.07787602332270001
0.05184897111745068
0.10362638594089611
0.11627132363865907
0.06431500078253612
0.07074929522587478
0.06954379689693171
0.1263162961815984
0.17017037864287593
0.14998904479842537
0.0859728455216563
0.15653475927844399
0.12851502804369896
0.12570642646267954
0.12087874422308913
0.1455286066982537
0.16558564632666511
0.09279452702734979
0.10913564949543733
0.10518112306118566
0.1437362143249178
0.43400682390882245
0.6018492966844387
0.7373092574416165
0.6983305295727638
0.7510351370057677
0.10666511193594679
0.641609889041372
0.5061547237482669
0.6444698753929061
0.48977104401296395
0.11810881296952873
0.6584559070850282
0.7361007614511039
0.7092052071306406
0.7710162182272007
0.7803125298014559
0.7105230041575218
0.8193791821457773
0.13081575729116912
0.7757517077978544
0.8986425818683649
0.8258502435359448
0.7534753492451364
0.824073181055756
0.6910140886138328
0.846813997039529
0.8253448902296125
0.8293262753701203
0.8375774243730961
0.8513934290133207
0.8312844315795105
0.844674591868981
0.8269773293851643
0.8349881246531118
0.7796367170560333
0.8092735865067446
0.7780326244620646
0.8748882019531241
0.8943573014760091
0.8566875775392248
0.7670197736607852
0.824193581965373
0.8417558370345071
0.7788687140020379
0.8398666248702259
0.7042124091926261
0.5505273405433447
0.6991743126312263
0.8067874370302194
0.5183852145909553
0.1690310851876731
0.7913406693368598
0.7160936872857077
0.5300165242533236
0.7759928858028216
0.7100269920543317
0.5006401061730065
0.10560590882634852
0.5206867800695941
0.5268657807481028
0.6856518086944059
0.5027701540382556
0.1375457059258076
0.5226483564467932
0.08983236735226124
0.06238075437789848
0.14152982289013788
0.11929725149441878
0.173964517261143
0.0835337130665939
0.49911110026306404
0.1430873172817981
0.740045748060807
0.11997711639817064
0.5265029273119806
0.10546767613530682
0.5609738440704952
0.1062707852873059
0.12529815512226697
0.18315767190165147
0.15388741880660176
0.08885031018496074
0.5244607302374397
0.4098756102497629
0.7219215461183944
0.6332367563191731
0.0882588184870672
0.13081010906170804
0.5134858116825667
0.5112016120238766
0.5189861926230023
0.134256885379609
0.143495912716165
0.13153851310662312
0.1108641252705318
0.15410441236732478
0.10175880558497039
0.1511796181981174
0.10662276699192261
0.08948241094750004
0.1592793016493529
0.1208222632809798
0.14475873727072794
0.13948537701241834
0.141005160966353
0.09843409842413586
0.1328363221167463
0.1317581964753685
0.14529108881985775
0.14229545789085926
0.2019844986134429
0.13869519100733446
0.13972717450698383
0.07052747085908968
0.12281976408078393
0.14383040933666655
0.10568358844153909
0.1675591162416773
0.12630929930060608
0.11739521993743154
0.08558326918613116
0.1123459385515819
0.16403663076902725
0.11769159665778883
0.12216642861660149
0.13962139207304014
0.13526754032870555
0.1352728988051349
0.10376364068778123
0.19293761527905745
0.059969946316946604
0.14658288088194013
0.12870992991690425
0.1903754855785629
0.14093660531926785
0.13632843695744276
0.2002597881545161
0.156718748648429
0.16932255588232567
0.11774533386555602
0.17661275989710606
0.21028041506045975
0.1424788569322545
0.1715298817316076
0.23820215743315573
0.17725707946725927
0.11374196114966816
0.19111027055806065
0.1441486371700982
0.7584855285710366
0.6632166846839539
0.15883260408360395
0.359362765538578
0.16585096977275596
0.1913561000474983
0.13433605333637402
0.09537324684342789
0.19470533634716047
0.10154535826483203
0.2019459636509225
0.11385287248772617
0.11828585606564232
0.12437757844351717
0.0976155265049296
0.1395424122308038
0.1602812535730236
0.14909696197282202
0.10734874207419015
0.09193278085165968
0.2511888884085841
0.8263987459190468
0.39444717467279067
0.33057678091592174
0.19984591851593064
0.12479048525700738
0.15239389439508738
0.1715869804376436
0.18701813120751257
0.22780321518374783
0.22853926305429972
0.2428567671662218
0.13182320467287514
0.1472261824481744
0.17700746596372485
0.1189652597079664
0.2896086123855098
0.24472534050690664
0.15964393014060715
0.17403744253113063
0.2067922167990738
0.06086234027733396
0.1461696111034804
0.18691960199146884
0.16456165571872666
0.2511342096166495
0.1240369012257659
0.19599204973159012
0.16698297412383079
0.16872780411763125
0.2552966854249393
0.24206574235157824
0.17190386752398093
0.21702760684058198
0.23706240332708317
0.15653850566982633
0.10203580185011142
0.2323203981552914
0.21681920501188112
0.17062385055687584
0.22444473549114774
0.25596889323037064
0.23409323484579608
0.21335633654613487
0.1969039473872501
0.26633843554314546
0.15157591186857866
0.2216477781688692
0.34594890181973204
0.14797036379916975
0.25564594785768247
0.18422213924562678
0.24431108705982343
0.24287737303906262
0.20425629985923982
0.1956891630742303
0.24058025332341296
0.28501888578729273
0.13876885874485817
0.18410356761462038
0.2122223510700569
0.1482246601918667
0.24082538190619066
0.1948888732333082
0.21145447208613005
0.14158793551432158
0.21807287376510204
0.2696164069403461
0.25372122397317387
0.14924189023748055
0.10724566274355861
0.15980916091554323
0.17231424785495986
0.09976505970450394
0.11016507803518225
0.11498681099240948
0.15699331228733168
0.07325148954243733
0.12308934170182316
0.09520892666181806
0.03369263574665995
0.09300460429094139
0.13702182842454988
0.14560066417066844
0.1267455971061737
0.05521481256815175
0.15804080305985538
0.10567861898965598
0.1377047999161287
0.10786332619097712
0.11151749677311186
0.10895462853916744
0.10700594272807852
0.074975445619233
0.08331204257984148
0.05505289967248755
0.07609895085824164
0.05939200163910995
0.049995051162441274
0.05529074823238223
0.08831904156242677
0.09318336819060605
0.07922675802434799
0.09364665096174281
0.10800103329263513
0.12277575120162794
0.12416360931915274
0.09718236752684319
0.13364544476061668
0.09118663308591111
0.11366611218741406
0.11817632323200361
0.09439327882203798
0.12847435906179108
0.13313876408565456
0.11626051099981015
0.06438674923845385
0.13429159186437772
0.13422926054793038
0.12612263225101394
0.1926200732194131
0.16411139881343345
0.1293969045586997
0.16325109294850915
0.1966531936682802
0.1657539802636626
0.17204161483945288
0.2234340388978165
0.2462683888383691
0.26060038975578437
0.24756707540920483
0.17282920032437205
0.19662872373848497
0.27122292739118375
0.20825019829164362
0.14513088670885396
0.23285601414492554
0.19469894190737197
0.211937885315417
0.2534720475262157
0.18080225665775496
0.18196792657280508
0.2099580169193108
0.317827417331136
0.09484021836595796
0.1983220244506949
0.22985859418561586
0.17942218686149417
0.2397725479416713
0.13586026438314353
0.19226563629379864
0.21296557426431056
0.225912647492121
0.1360244317753285
0.15978895827170383
0.166874534834156
0.26652005733231243
0.2030708709805366
0.1395705231218645
0.24751943114027664
0.27385084658809933
0.20643927981045995
0.22461283389669845
0.16470873352808083
0.26331935272844864
0.37025308384014644
0.2172146195924159
0.19032135759447255
0.1675082225221991
0.1911643968169252
0.3343698688060265
0.23170086998024425
0.2236517187020979
0.3508774667992858
0.22040777049935087
0.17631030238722498
0.2547205951114773
0.16578511759537407
0.24119124595636265
0.2480264611293088
0.23760752919915107
0.16373190434532178
0.1841595262162485
0.2366805213576911
0.15158915663907982
0.19083868881769048
0.23185101151372967
0.22180015408796347
0.204055086877001
0.23345972284939648
0.23954274293328157
0.13801424572054244
0.2217359462804645
0.2590947023954438
0.17417016071002056
0.2859512920391141
0.18103271576598443
0.14762806437314285
0.19841000955228572
0.1751267404973948
0.2589848502235344
0.22442190379287213
0.18714540555262976
0.24253070219745818
0.2739099356797016
0.18890517474677204
0.29052223733008875
0.2322150307816496
0.19680045763344473
0.1603824464552537
0.26689127109930355
0.2511452996023084
0.32592914375931425
0.22950762665209215
0.2243445768204811
0.1853434403455273
0.3318774178855098
0.2827503351852148
0.2807138327552487
0.20946552978888985
0.3453495816140063
0.2727229759493915
0.18099914702050512
0.2131758070210688
0.35102498872930693
0.24475930578782853
0.28827023617973324
0.19341076120335676
0.2397749382604826
0.16226709020793595
0.23818502859446672
0.18364995704965936
0.23155003401975602
0.2840745702636959
0.17928701646960438
0.22511312953531193
0.2914073460439191
0.18146062776563177
0.17398027195497612
0.24350443553452691
0.2408489970222859
0.2554802867865137
0.21712043382773535
0.24338021152247247
0.11593433908226893
0.2361585541178798
0.2199319362472553
0.31765473793962495
0.2562945987689556
0.19765199164447297
0.2048774410654358
0.14503304492088448
0.19643294275543077
0.24275771582327563
0.17041672224990176
0.221508053970664
0.238024652287096
0.22149767081898036
0.12673256244557016
0.21839888244998623
0.2838951309610228
0.243410027628196
0.2605892658812839
0.18976368673307475
0.3289397501414699
0.18953525947079444
0.12625431028441478
0.1980730686888495
0.1929643554492643
0.25096091046752333
0.24466964442007225
0.25934448802203103
0.26469864488030004
0.20579102623240159
0.234588367495124
0.27226736588318134
0.14527390596486242
0.2662647577745892
0.13325339298523664
0.16943274461279087
0.11597552260534834
0.16455791046808801
0.2239053223311819
0.15457655625130653
0.15891795026448075
0.13060085429105686
0.29839762464489156
0.16464990979688593
0.16251929059279957
0.19427314029044293
0.13975727955488404
0.14170443111833742
0.16207393340418855
0.18322181374509294
0.1310858092911559
0.22727296635899852
0.19173049539533485
0.22445213601147257
0.19472903351940093
0.2369616971706022
0.13079872518105756
0.2082082427144932
0.32036526329229337
0.1927364672328258
0.19617192346576137
0.17379613486430678
0.16604391335313776
0.1533402149251595
0.16094641887970362
0.19279136645331482
0.1558799241461688
0.2686853269315141
0.14105437611032934
0.14028117405549012
0.25754860144747166
0.24385513429470543
0.2169120402383583
0.18305068109476855
0.217227084206414
0.21433036927823818
0.13928471209928886
0.2744067921725482
0.2320072486852385
0.20147999935553648
0.2236254595105087
0.1746661026720161
0.2841254729319905
0.22405090624976448
0.13752019488015094
0.18716098185089727
0.19818734572874983
0.2399036246413441
0.2400509760020275
0.276590670548159
0.18543381005220338
0.20362113336610518
0.25321974865055086
0.16703932342091352
0.12866701700642297
0.2483063890010823
0.2184182767375854
0.1742282368470642
0.24439452416696875
0.19717222522658953
0.18655491049964176
0.23068567393107614
0.2005881391317662
0.2528628507749896
0.25549509875589915
0.216001375769054
0.22185795390277394
0.2391871753284272
0.23546654103845638
0.19864035125704083
0.22881523453198171
0.21635109170895706
0.19442351590177853
0.22387985709783154
0.17233767143778733
0.22142843665842937
0.14090931265948106
0.18138049504883086
0.12688013197769363
0.16487510076391965
0.1742437569898002
0.2069851617503595
0.2766095583258566
0.22188097832675677
0.22238213604162835
0.21241335438309417
0.19927402535623148
0.1562276033365303
0.30369309499315333
0.23841454928272096
0.17234998622128145
0.11771075295152918
0.1788682264134634
0.1917671673792261
0.15674945184187622
0.2013897894393296
0.14570922875804065
0.20415746514129327
0.17234282128398995
0.14552962260362254
0.13390918840663424
0.33852116971502383
0.23798074883595668
0.23394928115628463
0.1505245390160871
0.26363361873997715
0.1614695762044787
0.18738275336202348
0.20796620190705947
0.18845001556807417
0.16907340535954338
0.1361243369086609
0.18187416713640883
0.25029984303990893
0.14582180841893141
0.3021294987631149
0.1394300031695577
0.0926184483287683
0.1377125412290374
0.15436779605931433
0.13334334977575227
0.11986014438110383
0.1517789681594364
0.21802441827983424
0.1118310684132569
0.13130613420861184
0.17648376936527121
0.11737961330413577
0.1938620466605034
0.16433449521467072
0.16394390453064275
0.1058419377287507
0.13379853854849064
0.19055808131341556
0.11167892888603426
0.18730561508554508
0.12789438654868926
0.10733971227198952
0.12808764126357802
0.1940838967194055
0.09586382053663144
0.09077236604600902
0.15537562218062503
0.12030610680525305
0.15224102356640898
0.16113906494066638
0.13797270294447198
0.09565394621320561
0.08687373464297429
0.10579412040391266
0.1340468702451693
0.09781447432817357
0.09312075590013534
0.12372594539478288
0.11060885546319382
0.10349222144885542
0.11442013074059074
0.13114424932795232
0.12323227655009464
0.10975174062040971
0.10686487148429562
0.10813634170325245
0.12276419119602283
0.1829471525600342
0.13660732304061315
0.12793386146431032
0.09667729812859671
0.11653495429473064
0.0740052812567908
0.12332687965071751
0.10568123219681096
0.1216885140835307
0.08729764764037909
0.09271248525968767
0.13450971485605884
0.1792340630561574
0.09129219854341385
0.1233867799109257
0.14874611261258638
0.13068720138057804
0.08138340016173297
0.11630842753103063
0.10251632303996869
0.08306926505947645
0.1252683036288548
0.1302632524392029
0.13263709647625405
0.11331672211237846
0.10500698804224952
0.07297711844303666
0.13768545587364478
0.10695465764181554
0.07808552268675639
0.08327326997205088
0.16145325543497063
0.1442342130977279
0.058766352862264136
0.12308650748036538
0.08978189218297607
0.11839843905250341
0.08549398606861525
0.08470115424025122
0.14543954590744498
0.11631082926591584
0.14830376570418682
0.17438307033393186
0.0963913426720222
0.16038796540152248
0.10627665597219438
0.12315552922786223
0.11098755182389376
0.08927759662824093
0.054068029743212155
0.10782848091965284
0.09260576346638695
0.1614019799974208
0.10916029474020589
0.15426894200028618
0.17154413635745583
0.15060765979456148
0.14281122405145819
0.14750337468881528
0.14211776352717442
0.09249830875944394
0.1639872076707092
0.13514124166029973
0.08785552299938688
0.12270480953763997
0.11162488821536554
0.11497875353465238
0.07014964871034408
0.12222139842695962
0.11799029257368816
0.10199883008064566
0.12849558881644438
0.10645127368454618
0.15595679221616093
0.09831357696534963
0.11670074324442029
0.1298032558297129
0.11297133456975338
0.14758141851904616
0.1084106565739067
0.13277973835793694
0.17095714602987444
0.12759243079020344
0.08392960458789665
0.1325341844756225
0.12915524358365182
0.07999613089406354
0.13981551189599836
0.1288864081292184
0.0993552631818491
0.1953489638950195
0.12723529038078257
0.1452858715777887
0.13270803117394933
0.12696074516657643
0.16053817822512714
0.11411737883474798
0.1193124921245115
0.09573198186204712
0.09550820450523075
0.09247175271848092
0.14189380941627483
0.10412954365138663
0.12598697454254612
0.1191331216292321
0.09020801302398758
0.18811065874278549
0.10954213810759535
0.09126211611089995
0.0720292859095136
0.12101595567059115
0.16470770229464207
0.08944077346498044
0.20686501014345499
0.12880970191752078
0.11452697301826759
0.1282473021263124
0.22759721604147184
0.1729729251997015
0.1988140715071105
0.14324607490678185
0.17547224579772502
0.10408238640124311
0.1772133068639597
0.12843162319480703
0.15164625970272766
0.14840422566102443
0.1344815848235358
0.1074312576725052
0.11547698204485683
0.07140932411839576
0.1276223205278226
0.16162112115770122
0.16027654159665986
0.19148706270412388
0.08824065083781621
0.11399560074656262
0.10960705894507733
0.10945001025803462
0.13085943426035626
0.10521196876227654
0.09173921252841284
0.12643756569478776
0.11714766255120003
0.09524990499978467
0.1301290159396262
0.13147817928979347
0.09300960006885127
0.15821094655360313
0.07056735731033902
0.1372597408800011
0.06597162396694503
0.11835203904156809
0.11938768428876276
0.08921980445149177
0.16914386050344746
0.1451635792695878
0.16025862191459728
0.11400396223611757
0.13072718952536252
0.12357193167757205
0.1944779487030905
0.1289885734698412
0.09869104505366763
0.09754768111772216
0.18128920785504762
0.1467866024993469
0.09872322564101878
0.07476738993097927
0.09614305281942812
0.09301478183343025
0.16066048821335963
0.10409847004109182
0.15676584256627166
0.08617336462944054
0.12406819879005691
0.18357905093904
0.12799256938902068
0.15071528099139805
0.14144668331458074
0.12208475606503645
0.11024473264809495
0.10555353789573867
0.12153969419695565
0.07900363345848777
0.15167742301865483
0.14468519401076751
0.12142636694746037
0.0633438965396718
0.12989377817847106
0.11917628826187099
0.08953539019570869
0.0946773919719538
0.05899945549134723
0.09158169457617474
0.0801333547279426
0.15114239972478363
0.128435993996653
0.06420783197770327
0.08863207597090982
0.16109536561026847
0.15436362295169676
0.13809996305655142
0.12839159035285527
0.12516583595028138
0.12500049316630782
0.10506414119599791
0.1273869469027284
0.11316818224292688
0.07439466373683228
0.1396702811122284
0.06794780802577167
0.22285527795656937
0.13977025600731496
0.11999066783826558
0.17616573276780617
0.17077740709259157
0.21005591447852312
0.2245379284673056
0.14419606802134863
0.07831570977494659
0.1463498189098806
0.08399854710675886
0.12666032245499576
0.09468571765991496
0.1635689944927725
0.14880394104465236
0.14871756449638815
0.22784160995642228
0.13453408855537105
0.08507524806232919
0.1254937815059477
0.1736588818961802
0.15799092096065184
0.1468820483434913
0.11842388931901186
0.15025331841473835
0.1341273806282897
0.09567190424209766
0.0997739164214622
0.1441073725858326
0.14441468212507003
0.1027861771137627
0.12596064687858027
0.10439348320698871
0.1744199443288853
0.10893363988271754
0.15048018378962544
0.10762095291899176
0.1936915289415347
0.10198274898404865
0.2314042295921645
0.09610761362031683
0.11987146861835729
0.09817498610086443
0.11069945781635424
0.11785396658566595
0.1310794456209238
0.1546797275498871
0.1362511216871315
0.15653190055505428
0.11068028466318922
0.0808070672969556
0.09996028108750725
0.12390991252347935
0.1063321031769781
0.13855050101867436
0.1391144213153284
0.07492463239845122
0.16250531574803426
0.08784065826547631
0.11784452649313092
0.13189989757100806
0.0983177576670619
0.11161799599420204
0.14684226105818435
0.16032929513064634
0.15987507610207335
0.10672541823684405
0.10733029929020955
0.1259027590175811
0.09469322374066723
0.11244592371851833
0.10577753487722193
0.13244028613640232
0.08366216890999142
0.08180881137662774
0.1572966631310086
0.14690051379514785
0.11367302819874338
0.10228750849209749
0.15793144683407073
0.08779106483316153
0.12222497127055529
0.14703898004775834
0.07163290769080663
0.1083463897468471
0.09286616219105966
0.09392891351157992
0.0910316643457192
0.0845204414383568
0.08954413487337945
0.12505485063528538
0.08047315574172585
0.1443840840369453
0.11354523307007613
0.09403492480572681
0.11989650329281924
0.15205531192013577
0.07123141799927474
0.0962930592197889
0.1384530978887831
0.10704391166994903
0.07854909663436004
0.12867710655568815
0.12225978120365688
0.1212192939047921
0.16875247786908523
0.1103567877066821
0.12189064025070513
0.07469065734208385
0.05027463621304921
0.09710208362379526
0.09987673345077129
0.13206610282819986
0.12399991787122847
0.10817795127253875
0.13663104382253083
0.12130804185566312
0.11457290752886844
0.08303258436961858
0.07741670682205688
0.09309485694967065
0.1038280094814129
0.09627757279319653
0.11466779390795374
0.07999405523349014
0.09122458161538172
0.1783288981050194
0.11202897004355114
0.09770912437038588
0.10285244866996003
0.10780043689184315
0.14029717592215532
0.13737586306790608
0.06745728661988587
0.07778722857852911
0.18455794025553096
0.18922314140322033
0.13701440371659787
0.13065281706177584
0.1232118831435999
0.14524784594675563
0.15154302497364144
0.11105278019090083
0.10220299797367219
0.1315531595458042
0.0827416239431195
0.14872963809344367
0.1103282682231083
0.11505760447675971
0.17577002462235738
0.07901951240967052
0.10321988601194083
0.18209971375220396
0.15253426703391695
0.14104322476825176
0.07716718665477516
0.1434749225026833
0.10601434778324832
0.2430007325118801
0.11513685312365236
0.15417356724492637
0.23136056816800163
0.11825480024681191
0.12809173336920393
0.1220546796155319
0.1290382891136756
0.14311751227319647
0.15826425990479873
0.15720795713122834
0.14940122967139868
0.20759020602328696
0.11863863626333425
0.15766777117108136
0.18774819222602443
0.22107434849701993
0.1327424846237037
0.13353518036480425
0.20284414574778145
0.15891246774185275
0.1562354376488142
0.19047441386873346
0.11488564802753778
0.18561567871785273
0.20650609218700827
0.12662257264406104
0.11570715924432665
0.17772530201464962
0.15290612041238671
0.22185889288117652
0.10338571937397964
0.07463108039385634
0.1283973666881805
0.11705087488382093
0.15112772387423215
0.15619587305806906
0.12296219325555992
0.0746456436694076
0.18624501823536993
0.13978592458565214
0.14130534360760408
0.0989565330563707
0.12485282808883348
0.11791614506829158
0.12275138296315727
0.15443870669688098
0.08809630488265117
0.1094672882074228
0.139144785597969
0.10361192787062971
0.08885517736645476
0.13836245035821038
0.14085307605159475
0.11654386499263765
0.14019462242320616
0.08837693250512178
0.09261258218951293
0.08197993093596066
0.1497399238320966
0.05862012768408182
0.08829862941067841
0.11728812791730055
0.07532387557097016
0.07408536076504398
0.08138826764261162
0.12758107857519152
0.14136888451771668
0.07195892103253893
0.13744401895386885
0.11463716353901575
0.13157061922266147
0.10007673893252324
0.10399097799279315
0.06507607088998542
0.11847412855328705
0.07374308970383377
0.08151604270469631
0.07321339119279752
0.11511842584110196
0.10201366178434462
0.12997012753420537
0.08818652721921895
0.09352579837522366
0.08706350992739029
0.10434190927043939
0.08640671704404704
0.11096386385508009
0.03230529328393253
0.06523800041304355
0.08203089564281152
0.11040271905868221
0.05552615369137284
0.06839397240492458
0.06534615034416166
0.055184548127491295
0.08673303753220611
0.06307128880362546
0.08827400386209962
0.1005432218971578
0.071883440512485
0.08241260624881917
0.07095375542595946
0.08457392791988806
0.08019017993315858
0.11019755869424143
0.08513293139004847
0.09413046945161717
0.04777044092592474
0.10301090163591696
0.05676587039211399
0.10215786036378975
0.15398196694067384
0.14558805906838118
0.08101728856362778
0.08686633243306324
0.09652354926147375
0.08544194543689258
0.08727628012956146
0.06516798903755108
0.09845909993191078
0.09402578715803643
0.10748748383901695
0.13756890202839503
0.09213388658465277
0.06150369143499842
0.11696108767724421
0.07721721891095142
0.13417898304680673
0.07997841947316357
0.08663481595961091
0.05352737125158635
0.1337532326336861
0.09480751493049164
0.046910122343741645
0.07620390834296839
0.10705388511147747
0.04269542919639372
0.06964289079157626
0.035484795220069136
0.03957625399246646
0.06627667908461078
0.04485680706469074
0.12242602367431299
0.07610788298807009
0.015443855648580147
0.06885604295284949
0.06817835198251866
0.12850286879820744
0.13738404918987807
0.06053151998575477
0.10121674077939591
0.09574174030190583
0.05390852935211318
0.06936495481955236
0.025155438942645287
0.07457062361983723
0.10764351135299052
0.08714278541912028
0.06901643001971287
0.06742184745093584
0.046265071340600074
0.0642514545954172
0.05735514854301375
0.07576189828426305
0.09555135468172737
0.034043211829909326
0.09162910867214438
0.052281053408301525
0.09967309339484037
0.08736590414907563
0.09369479851635445
0.1089264378998652
0.09203351319481248
0.06779427388206134
0.0582627484990637
0.059890783040566234
0.07080995689281402
0.05799965193256916
0.0528443521446696
0.06586098075650747
0.07737226077092837
0.057212602161828656
0.08945839260594261
0.08995496799930215
0.06441034445541985
0.09273328022971201
0.08019593128337914
0.04601755718982686
0.04935363485894134
0.05197673570976749
0.12420730458695022
0.06794671245714082
0.07925896340122482
0.07777240002590757
0.06733319783248912
0.08326698734242004
0.050460715572664745
0.08548499141329317
0.04714750173674238
0.04674361095550171
0.05739630627542676
0.10659621627213088
0.08016629440578733
0.12520866792574192
0.05835578172460013
0.09325307967695667
0.049276546917096015
0.03939309403285188
0.03899123392683604
0.09624252527581525
0.03273775535558575
0.12542033916203743
0.07684775708151467
0.023388963263213443
0.06942748085141713
0.08870093955971212
0.06506871118207748
0.06458544142377586
0.09467318508123955
0.09765084280021835
0.08398251148652264
0.08802520999856939
0.09303801275106786
0.09573468957320264
0.05613841129979938
0.09868631778108065
0.07079470911707172
0.05064732761157107
0.11625507146565552
0.062260522228423876
0.08986822762217321
0.12166378110101303
0.08866839505992757
0.05709963101312081
0.09918952039594717
0.04910033686099756
0.07782539546052651
0.11237032528177877
0.05621985258485383
0.06928804682462339
0.09406634632215503
0.052190061832173104
0.13056602649196813
0.12932962871081705
0.06887072266418869
0.179673795978945
0.05774352413032965
0.07902953837544156
0.05418770059235791
0.09732526466588733
0.09948780516507391
0.1046597666133022
0.060069408939722305
0.027309570836480786
0.11937350330871338
0.09856931598696479
0.06901896104069162
0.06765678691194776
0.06903299344739566
0.1502956648334346
0.03770697909394187
0.0768853116194785
0.06721796189635046
0.09685701059879254
0.07028284548816588
0.09560684262990768
0.03825987752196499
0.1394988145698887
0.11144114655062408
0.0554854251340484
0.1002847347374717
0.08429220443582996
0.020144756186745022
0.1503639647322506
0.09145765771618275
0.12712175368537448
0.11956984643254782
0.06058875720251627
0.05487134726186818
0.07423163472626597
0.11357201125985333
0.0449223331985542
0.03693129370176107
0.07959342363081384
0.03209289874538054
0.061376325680385715
0.07445486740964297
0.05695459495765762
0.042758690272402686
0.09405932018903784
0.0442184492959424
0.08046013173025206
0.07334527386748849
0.07505281828124838
0.0977401985746785
0.09970694471898345
0.07511231282380629
0.05718035168513606
0.08632544745481985
0.028511437248258248
0.0963978672300818
0.08677047131232156
0.10349635212209987
0.08066505466604014
0.08616919725211515
0.07008156532768872
0.03925978230801486
0.09758763993729745
0.05232665234611321
0.08289774483154698
0.05519910535144413
0.09668259726832908
0.09762908472952703
0.10748805213277624
0.12929237771632776
0.09512875407379676
0.05496494521976799
0.08483593623150341
0.12624828723600895
0.083342919011162
0.07823651301870728
0.08797819101793185
0.11631832668103027
0.1206369062908224
0.13761824747574455
0.06314636080390798
0.11624439043184208
0.10630229294088914
0.06248255746325563
0.11736511849360415
0.10588897538292182
0.06964468037393576
0.05905983627647836
0.0947999539758217
0.07098962836336545
0.13777344688280896
0.1123930054439799
0.08178103845604948
0.15903190618709057
0.0735281729764809
0.09609267641870847
0.09915126145987599
0.09625443209868445
0.11231842638028826
0.10431740434954039
0.09534454913445334
0.11656162909044647
0.06794682642518228
0.15538940535602216
0.10133865837593926
0.05355447691799471
0.1005873122422227
0.09551298771632989
0.11846676803633951
0.06144255924477487
0.12964598869120172
0.10267140563997632
0.17302631407755903
0.03567014496577913
0.10425240301629764
0.14104106358238142
0.05679971989835834
0.13544613387986373
0.06891975411104623
0.09679906554246842
0.1346999970785405
0.09393721166414312
0.09682204062512732
0.1251934104877381
0.10709335663598378
0.14801294688771802
0.1304260609734299
0.06783059726054352
0.10293276881100498
0.10329212016085361
0.12187644954958414
0.10743759617649705
0.12231974067940735
0.11889891738139828
0.13117619399211236
0.10976658139310685
0.10583006950723935
0.10690250065547388
0.1354507429428509
0.1291621729953611
0.11152958719955794
0.06733713082191983
0.08080545068357202
0.0941859475354208
0.12203148793538593
0.14888942465577104
0.14628770030446012
0.09355178788400122
0.17092124954508334
0.14763867593205668
0.10063806182225526
0.1269353050086026
0.1276072899966908
0.09442222096048627
0.12459733489105142
0.08182610386514283
0.12656585434736842
0.07472855370016346
0.06391068599555288
0.06668440391114527
0.10665223126666463
0.10015267312011471
0.11060344896890012
0.07293766467069973
0.1318788131033467
0.10148050362549876
0.07570772553577286
0.05487452092997482
0.09577907227290075
0.10284260149017495
0.14812653984233295
0.06538892553809704
0.12668262963630642
0.08990359001922704
0.09688817565130829
0.04099692101284205
0.17734110597353986
0.12731546960981308
0.07357509570454607
0.08301749240784315
0.06989840228720336
0.06569591853275854
0.08920881669461814
0.0526581088962131
0.14254113727057785
0.07286226557825315
0.08970055718222612
0.1032114918503391
0.06373036775101125
0.06967114851341567
0.08629709922557749
0.10411344162649956
0.09584556399018715
0.09217392821492781
0.09967640572772686
0.10919389421031665
0.08207699740264597
0.08919516162864617
0.09205850517203737
0.05990970596174937
0.11322120361119165
0.08899224537051423
0.07231162995675164
0.06030115630723615
0.08245887120242652
0.09214737128060539
0.11657877641362926
0.13815800355678623
0.08487615471898796
0.0604615503960965
0.1139040163763033
0.11273753183380564
0.09333453456714715
0.08676627425008485
0.1130510262432889
0.08967053690348935
0.11497211598333563
0.08093773080918215
0.11532038282550446
0.09300471291428884
0.14183548067864132
0.09727642115010074
0.14468226339291199
0.19500455568010722
0.13886300651622413
0.12232518483546702
0.11363609092521192
0.09153539032569534
0.16196103466102396
0.0964352033950541
0.13770185718710132
0.1305621252877616
0.126932705386204
0.11249112589876377
0.16732678386675448
0.19671760607346836
0.12379251376461604
0.15424257512443335
0.1503517913737855
0.11049878317464862
0.114456257910784
0.09920653041927562
0.11692282867973089
0.12096873692125945
0.07151399332175759
0.06881360761375145
0.07635078820549922
0.08372878182235513
0.0716900126065921
0.06223728435733804
0.10860384520674916
0.07170765754823588
0.09322420251132865
0.1187938042030309
0.125899092138182
0.10103404518461442
0.09522580928293979
0.08387507227093796
0.15372096096140778
0.10762242635886711
0.0866287551330798
0.10508363197003835
0.07319702016247971
0.10488433302269957
0.06239298454557102
0.0779501567813537
0.059065605794017026
0.09830783264792427
0.07432216715782566
0.05310821534219871
0.09844880179950956
0.08550210682490648
0.08966530347346295
0.09281479066989526
0.14556663811467505
0.09944697539343775
0.09738295289101229
0.08144351467229166
0.07292071877640362
0.1052022674667287
0.14798754189302354
0.09538812558355123
0.10503697681582212
0.07837574886712591
0.051137663053010145
0.15149210927502693
0.04854580679968535
0.12274756364405978
0.06683838962248961
0.10032089914737546
0.1552068464420493
0.11671511489792166
0.13650417266256795
0.09367640640909076
0.1560901889831505
0.14803083049148366
0.0710775639379543
0.09564325707003819
0.07386067652701994
0.11084535108797867
0.12741242449621035
0.06571256060529913
0.08539011918315365
0.09642806192618898
0.1049711059216717
0.05236133892473398
0.1203288186312235
0.08812395054974062
0.07332324755355767
0.09830183482798888
0.10733840275646168
0.10223000248594917
0.11414349808372823
0.05757137439741079
0.04152425479091877
0.08536802426763859
0.06353083788297108
0.11423506703785176
0.17093945968498264
0.08875943321656428
0.1540478282453227
0.10053805700839089
0.09577658650908477
0.16212044611891127
0.11116666796372572
0.13821837414177776
0.10795430831318219
0.10523305372721188
0.09112968742489695
0.09634302983307517
0.16616617266657768
0.09562560047704388
0.1095677580069239
0.11039503834774782
0.12043021810698062
0.14604341139528984
0.05464570746258087
0.1308858918365802
0.11374210495886206
0.12171240122541241
0.09344314785536646
0.09239677585657287
0.17529978832072315
0.13324183748283683
0.1057551244355632
0.11050587176438291
0.14768309185092282
0.1325852393837215
0.09542626855554931
0.08203039114711866
0.13259678068406225
0.07191435514342523
0.12164296037519608
0.08699300003711181
0.07263558894331762
0.08136208546940703
0.12113676899326742
0.05398550523800745
0.0937480703441017
0.1279610045720292
0.1361523497446436
0.13307919695768863
0.08809146453912284
0.11237737931702445
0.04807383427551149
0.07436646237975927
0.0826601254152894
0.15095848163441652
0.11251746582264568
0.11521107726275791
0.1273562317782855
0.07183816612429732
0.12983859298821485
0.11964952783416431
0.09599646192320506
0.07372767333249994
0.09026692604674853
0.08641187956481906
0.11209848220623415
0.07814512766029205
0.13300010465283585
0.11983054983734504
0.14431860657981338
0.10340830193232124
0.14532812510143003
0.10550282157640636
0.09478298805224233
0.11565577618345364
0.11661741686904899
0.11957881759948771
0.09266561071813877
0.14417757214405713
0.10833666420948518
0.07453235007888383
0.11645669983821662
0.03303572585886971
0.10199326873276167
0.10231262998233219
0.07686737713840086
0.13976058796698332
0.10574753753060892
0.11050255753189743
0.0916466958231515
0.12265088304991018
0.098204571062873
0.1193031234862683
0.09919708463819986
0.10148015312440135
0.10760246624216696
0.07452936309935239
0.1414325072677176
0.06395776605562559
0.1406956911626209
0.10765139213185133
0.09767297129126927
0.10042208076050543
0.08030882785213801
0.08622917143359381
0.13357339255469794
0.07332596705568614
0.07417681061966683
0.11947307961433744
0.07527871829808469
0.10831584542511054
0.0735091644899525
0.12111032182603149
0.11013612845231668
0.09424305137461321
0.10420624561207781
0.08257388649019654
0.1399688037159546
0.06671558796459902
0.05975696503435363
0.10582860068258919
0.05929891428714851
0.19209991237239157
0.0967081586429531
0.0784978806430047
0.06939912947024006
0.11534803039956702
0.07355593384285553
0.14094881868569178
0.06610016411908388
0.0996145575419347
0.08415919012170825
0.09506223521330188
0.0746391469207967
0.09927114542880933
0.1105626007699779
0.09042372158102921
0.07745528490158235
0.13153567064426297
0.09819053109160489
0.11656570118912819
0.05933047300443718
0.09618610815464261
0.12420833120174465
0.07151963601466119
0.12101847486291888
0.06897441547515656
0.05814555156208576
0.10495041239871153
0.08648916963835092
0.07884297675406997
0.06663935677761293
0.051894331555067064
0.10044925727631143
0.11236066940840969
0.09755807046010112
0.1042316419558948
0.09322846062569833
0.11602250403488483
0.08379985042696697
0.11719912361804184
0.1608757526868326
0.10413469991203816
0.11401718970081225
0.06333566029437311
0.0956970514445936
0.11123077152584325
0.11061370278837687
0.0961705563518147
0.09115572034312339
0.07926745147664964
0.18065998788546056
0.10632850030226115
0.09581907234423682
0.1300387998728845
0.07627185388349825
0.07199463981759392
0.10541010624050545
0.10948878480437142
0.14265002450799197
0.10675047884965409
0.11574479636314493
0.11807695791345342
0.09796018701598644
0.10150350275284582
0.13920269192120863
0.11921634618113686
0.11410673841168105
0.16156708554567323
0.09523279673123566
0.0605206545296221
0.10762168248344273
0.12813674674995473
0.1363034262129063
0.08508880933469198
0.07198364899691813
0.07247674030603683
0.12329973907069779
0.08481210841310842
0.09811236980611843
0.11494600747101044
0.12111957741254843
0.1348239504683848
0.08602344945221878
0.07234076988190806
0.09415775109413482
0.08249072792249833
0.0719917697680335
0.06895829599294509
0.06285158430232253
0.07105808654797126
0.10937203463353509
0.10703813563635468
0.1024478465758132
0.09035105758470514
0.09215756134249752
0.14903391703476515
0.08225650220991149
0.09237371084076278
0.1025680644952117
0.05790911132513858
0.1732708155058174
0.15478381609963993
0.09654963719378654
0.04310406260730473
0.09886646480282155
0.06673400512867934
0.07467392195514465
0.12967135836438096
0.11414282710594854
0.06799619499920873
0.09467005078731659
0.119190285743357
0.09063391788712598
0.07308142205196111
0.10537539324842697
0.08311186711207114
0.08476647973137202
0.07606867629764577
0.12725124259602613
0.06594282000982131
0.05231971604572669
0.0541669777328226
0.09138613285622646
0.05575659887951291
0.06440772579421747
0.14361885766104385
0.07249811116687156
0.09900854716899743
0.09175691061274069
0.09371362655350411
0.07181769430397643
0.08705930325330898
0.10004034847338711
0.07271517333957885
0.07970711829532127
0.08594061610799174
0.15519738472117495
0.0455114730516148
0.11047603008363703
0.12546434236399048
0.07074070113852393
0.14033975030995208
0.07620628829867664
0.13156354001925843
0.09212402330992842
0.07137754073260022
0.07756377006240443
0.04938242311990006
0.054100692159562126
0.10613953090088821
0.05986263904123266
0.09456114716716467
0.15376510770866447
0.09128058878123199
0.0566234641694996
0.1292059672749691
0.15558655074687405
0.12418998652566797
0.09266540696662359
0.10339720684174021
0.05056846206349731
0.1250003377057901
0.08051399158868437
0.11251212701112284
0.05272380510839934
0.034483725188073716
0.08035203217110878
0.0848050517432324
0.04766971527328096
0.11497835994737723
0.04650837921510707
0.036985035021916454
0.09410766695208242
0.03778107397599345
0.030475828036705357
0.05055621675518017
0.15906718350148794
0.11913644260629423
0.031240743405499094
0.053744630713277605
0.02769240370809456
0.030740011306924168
0.08367915019096626
0.059099421479951876
0.0696224995196571
0.024948133055507176
0.04041769464001395
0.03197594209234388
0.10865677124391608
0.029542724686829055
0.02903511787839556
0.053461147390865923
0.05786904767238638
0.013174804799311664
0.1060609194984614
0.02605308059544756
0.04384208507069476
0.06078931590552172
0.036587704666040666
0.026071060889880635
0.0520148443932293
0.0628334048700616
0.08661667286686431
0.03935634122929603
0.03495206795800628
0.037805470115668566
0.03876977666343248
0.03069183641997764
0.042992826757021055
0.023261447969709106
0.04711394632590366
0.030408676248413355
0.04737121142037289
0.10035266339656741
0.04371575478014734
0.06499223470565067
0.03842650781437591
0.039739581669296996
0.06956318339625948
0.05071381462101689
0.06059237069873268
0.058324776866513675
0.07943557307398008
0.10226485674998652
0.03488766374787245
0.06590373855546934
0.022234701837613047
0.057242773411503994
0.04677071674987746
0.03074190577262961
0.03230388879163357
0.03920787188855986
0.042375626830111424
0.0566284711844175
0.08468224061985573
0.03771359810974329
0.027277791759112394
0.02592483891863652
0.04064887765789329
0.05361222724771069
0.04230443722010117
0.02591357880843612
0.05113506460529663
0.05913768627029196
0.04266596700038963
0.031116996896061417
0.04061383331640169
0.050769209264909666
0.0354781306223546
0.04990565512126397
0.01886904337306068
0.034128173646954266
0.0609513071636176
0.02920904023052446
0.04625895443893983
0.04953314483339481
0.04259666623120172
0.03390418763135931
0.029226822228759216
0.04416549296450672
0.050864678834336076
0.05868260256281559
0.02192362743437168
0.10022445612424198
0.03257954426655414
0.0330859484402293
0.03855709674547249
0.05990831396152594
0.05904878632270512
0.053054337970383066
0.03788040475124151
0.055283809931957646
0.029149161608569178
0.023139799880580625
0.05223096150848847
0.04520719777201806
0.06065210099994405
0.03966411063034573
0.042037899911521355
0.01883352382741842
0.04093093258155153
0.03738051593184504
0.05087793002788387
0.03179904840462078
0.08853246352071195
0.07026060104388512
0.046109235556087744
0.023037660732714058
0.03613643197872185
0.03795889546494034
0.029221994384433778
0.04543132795627266
0.0734003538404874
0.09029159113580718
0.04764334690352774
0.05863888259133411
0.024383199895884253
0.025550153190374795
0.05044888791365694
0.022474694286955768
0.025361133687050643
0.044471174183140214
0.08184400690483065
0.021811850427135265
0.02731988040277047
0.018150056244215555
0.05266558827363765
0.07422404976725207
0.05232352784240991
0.05860368396655013
0.04360985491741992
0.047450840740144856
0.020393526701751867
0.03392528648531299
0.06986907263792781
0.030773190797845545
0.01814681393004172
0.028931130964145145
0.032692566730706946
0.04604045149178925
0.05561806709533608
0.03589991862451598
0.03950997295905326
0.03570293857839289
0.03229816341075385
0.06550519353141665
0.0171889143468989
0.04658921887661175
0.022303829599724063
0.01647331641229718
0.0462947620358383
0.02571759344463425
0.015971069522438763
0.05286176533750967
0.027573812135579356
0.05160118851160605
0.026769697058391287
0.026231828174777868
0.033007355325273185
0.03293294229779508
0.03683656511668375
0.03607077337546604
0.04955979040767152
0.03433011715610771
0.06162715591014908
0.014731583096326845
0.03700624926334795
0.037369795423785816
0.0436631330849433
0.024471393682347586
0.24839797668805053
0.05074517192674336
0.025738077542547762
0.0504423615266493
0.03426842242663912
0.03494614482035976
0.05693230479709637
0.11047601647201738
0.031111694537593496
0.01596695797478367
0.034466833121048
0.027419587531283252
0.08642092104342307
0.03896876344141058
0.05508390073010189
0.04239620398573011
0.03811424361426584
0.04179683043881392
0.041254754838429344
0.023169195868542467
0.038229271462023866
0.04474361380360614
0.021403379810834292
0.03275279067244696
0.05354969298914375
0.017180979776375394
0.03854084316354342
0.070459024818549
0.03991143830656368
0.03788314776876334
0.030335046575095267
0.02960437749556027
0.04616234952316197
0.06105351634507097
0.05598307653962141
0.07985852731668681
0.046539066718649116
0.02699330144871612
0.03327988843026532
0.051802601832703986
0.07165579766679284
0.046755740091870494
0.06533675792407406
0.021629848887215728
0.040374131476620057
0.05736940533518839
0.04469480237831236
0.07581612168238049
0.026175093992414154
0.11375919066753634
0.07193990493576763
0.07526726990788198
0.0400357189232791
0.027925443856696666
0.0811816661492062
0.04047592525279802
0.0732200648452744
0.0428705980795658
0.05334668128109889
0.07313416161460082
0.01687486143039905
0.04630439327780265
0.050955689751302755
0.03512007863801594
0.036361195325975836
0.038054028681916305
0.050679101685883694
0.06633632463508071
0.02808367186765393
0.06815995344258585
0.03591399002035851
0.02938062745947017
0.0650575556393445
0.04746411823250008
0.028928527139573692
0.10727979993421645
0.03331693664806025
0.029087035266232113
0.03273078103493658
0.0474696617034986
0.019456854719581237
0.0478692612871876
0.0591922804835918
0.024829136546179072
0.02823800999892318
0.027657090855963348
0.09326442081513296
0.040368608864541564
0.0447952787027516
0.027993209283283894
0.04509861083253368
0.042334199673726106
0.029035873980930115
0.03716159215925052
0.019882953108165628
0.06776868426845267
0.034914898582663216
0.034125400281091164
0.02543460925021594
0.08854284921072299
0.056499456170627474
0.0644913513191318
0.058674287663779495
0.027730206802801447
0.05669165711762223
0.04781852108929657
0.06359372456032107
0.041151027157076296
0.020044422387719914
0.032955161547049666
0.040258414253246125
0.030783866130219644
0.01976325243782236
0.0711023151683125
0.020446910676176353
0.06116468161040387
0.0175078999185411
0.0377018481646253
0.03090719554468586
0.03118306740190097
0.03725684758336943
0.0734992077953633
0.04096657910159842
0.03929893440742088
0.04532177410432306
0.06268901926051945
0.079932066011874
0.0770156290482181
0.03013581389841553
0.05117700449778032
0.07227748356320497
0.027760160662816006
0.039840674491140086
0.046731045721120176
0.01609878633100036
0.02368603008218903
0.03499216174750567
0.0415606165904177
0.07458692911674619
0.02619583311805876
0.027335504358077453
0.02233147510296256
0.024512000815551164
0.03741065840449453
0.04483026825523628
0.07287629919232017
0.04201626280296356
0.025472419159816257
0.016772584090553593
0.05150961765564909
0.07053888366724201
0.025777361516197236
0.05414527643008143
0.047816378699290174
0.02616954354812825
0.042212807093574896
0.05324515772086967
0.07082328747111642
0.10124919359809925
0.020166099821168258
0.031736691004166956
0.03702452417927037
0.024724423125313266
0.023570834992548386
0.10619939766299102
0.0590606729042886
0.022825393833872536
0.029336889754894062
0.056664318996809244
0.04226217183648334
0.04658160845444818
0.08909719772812243
0.07842465377703425
0.040979337580342064
0.09786985598390763
0.017220421126970562
0.03490836929208601
0.04481020015280882
0.04606697001563383
0.03612125906437187
0.036125491612610854
0.03078722210616754
0.04187338110236887
0.05406858233684538
0.02855715315608696
0.027658555715019652
0.0373454161730988
0.03642285374057187
0.04841483963568722
0.031203924434126805
0.02813144248410597
0.03127482306749898
0.03892429285095413
0.032064078762375346
0.07248640558588533
0.033929875418236284
0.024796817300688327
0.018512333214911757
0.03419666368860879
0.028826461892010696
0.03170989085815261
0.028166997508221072
0.03914757406909929
0.014239633977393258
0.055168124099378275
0.028347151506168178
0.03245041945113949
0.024854555572356583
0.034874024678601394
0.04166045622060291
0.021787665621835168
0.026346044196045384
0.02025375298678072
0.030944704981475574
0.036747892980216745
0.1292786603398849
0.08368416892753494
0.022464390143863245
0.08913346802798608
0.03197628636945942
0.02872548090418252
0.07261065249772182
0.029710784040814
0.05976570189446695
0.0330505274111693
0.028649141318603497
0.05458167238515958
0.014723310395500072
0.03950484031429037
0.022387443158212793
0.027389568304706766
0.029247506709334348
0.05350295926020897
0.028287470071678783
0.033816274581446905
0.035323574594595265
0.039446544417117126
0.0713537036548147
0.03441280705803525
0.02049616370845068
0.07223827752528164
0.055320680692607004
0.03071699275091031
0.02573644174827147
0.04215668128817265
0.030648696040498934
0.02602373610384817
0.033965433706233214
0.031067882138141902
0.05460153158460286
0.027248326456265178
0.05722153242384959
0.03502687446336347
0.03345179643410323
0.06646974408140013
0.030273108345950546
0.029648606271209535
0.03500570411108784
0.04899682417792566
0.029478889926247188
0.03441984898251728
0.08938459594477066
0.05959679448299567
0.04825362210935406
0.07640964306034187
0.05564576054885275
0.04875600339154992
0.07291441477607126
0.06267518551456659
0.04258557567191877
0.041236953555231604
0.04049534301241724
0.07537964160099765
0.04511221996018383
0.08319644107854855
0.0674216489990488
0.037146920634203134
0.03177264109758469
0.07153947162426803
0.06146218448062051
0.06634200648119777
0.06164086399766679
0.09127669345129678
0.058759309830515215
0.051831561807462345
0.029462083365089684
0.0412457886865303
0.04606550492457958
0.04625464190171501
0.0848091022798517
0.04766242438923402
0.053470212370955075
0.050452857190369266
0.1045731878950894
0.03862965841651145
0.05959368603566499
0.1047529210946622
0.1432265708253182
0.08869672264106378
0.14515177906457247
0.05283913395899548
0.03557796846650486
0.02621386516906523
0.06873662249673329
0.0755268976051596
0.05911011481644362
0.08805715857969715
0.019133587130332818
0.029639883295513005
0.044194940112914846
0.04499713840684106
0.06125805494182455
0.05845642034335239
0.0499424407523112
0.06634052460137156
0.09587138187112772
0.046061308385328084
0.10730143748644863
0.033911706950843244
0.032487786793020536
0.03242284282108771
0.06996701183806463
0.058440909459664694
0.05902812683643468
0.05021579752491415
0.07395744309663267
0.04241823592371006
0.06699032898448554
0.04008373366128783
0.04562638412241045
0.0714733441965713
0.047664211223953624
0.08493958364016954
0.04284269015062687
0.0456621939814627
0.09358839309194181
0.07498037554139343
0.08099720430174724
0.10676114786401081
0.09058832282052155
0.06572944509309807
0.10686220377333988
0.04671887080770907
0.060715293347887646
0.0496878498489062
0.06442012993923282
0.04132583542997929
0.07051273920923068
0.06578715747426418
0.07093231428713981
0.08583787050265665
0.06759965690143738
0.0789908033464273
0.09677554357611129
0.042057339981245494
0.03910181045235289
0.043342409577020374
0.05876402902670584
0.05630131445189632
0.13012873164309302
0.0538721368211103
0.10147548915812302
0.0690140424981755
0.06972875631752941
0.0954220774470966
0.04448986368425289
0.11365049424912747
0.09085866588771199
0.04675845297004034
0.029208737332676316
0.06541587532325951
0.07189217981997262
0.06648518432719407
0.03508450337978154
0.07883087639192228
0.10343431381660664
0.08780120727837813
0.07928308921936017
0.12269359161079005
0.11160094949723884
0.08282712509292812
0.10612352733898812
0.11857687748174991
0.09023800226207239
0.1276857613398553
0.11631671065545661
0.043787883067693475
0.10395667309413524
0.08354679210682264
0.07052644598166581
0.10045841636825747
0.061851053381091634
0.09487438088728457
0.14447090443821792
0.0902174615126252
0.11276324864121928
0.15600954426471098
0.11894756460199989
0.07028786831692527
0.08713402207483366
0.09200359570806677
0.15321940547911747
0.07192519111526706
0.08757951386124888
0.06641902650260992
0.09678383001030572
0.08116000947724457
0.10709434956246025
0.11251385824989417
0.09974911050767947
0.07797488806936369
0.13473670433823015
0.048563577114616445
0.08635995801537588
0.21031213121121975
0.05430729496283444
0.07028272763931222
0.11872074934293163
0.08458532225712367
0.07935872824672038
0.13985062422164482
0.06012245334887716
0.12461981939502785
0.06315909355801237
0.08438779935134938
0.10337119730675579
0.04678018532264735
0.10334507497511475
0.14997194351431842
0.12339517237761798
0.06406938101242772
0.04544991679616386
0.0991406262972574
0.07115620953189075
0.09648795937686687
0.04012828167790698
0.0829904611562282
0.10871577519131466
0.08395237949308967
0.0982553127231606
0.05444911480240464
0.09454428061139565
0.06921131637006375
0.08522153697533702
0.044965372299853854
0.07742424223851643
0.09354566347307916
0.06553456265762443
0.06619541640101208
0.038014304175076785
0.05027262064107011
0.07372452799277517
0.04305975250625963
0.027345110529698884
0.08125036217323214
0.06526068510784283
0.08117760175788384
0.029639155151239546
0.07538420786510114
0.09276065008142115
0.0458240495275766
0.03714785069346139
0.06318801953322131
0.032464612900241704
0.04562908099403157
0.03615840691663821
0.041555090161498776
0.04591254380548707
0.019963843267090928
0.026458890301290873
0.07055475512092363
0.05498153078606668
0.03235054515847624
0.050353938171014224
0.03543006948105053
0.024854916246114904
0.04519202820924611
0.11222977473791516
0.054606486650972216
0.05347034183054877
0.05505637605799623
0.049729716515003304
0.03488029135096725
0.026820772892099463
0.037000882806703106
0.03472873224035431
0.025956280168479017
0.083208771981874
0.03752418967811401
0.12292051214270681
0.024309475584750995
0.05262386665574707
0.07603255007970593
0.03851723875343364
0.025812461038549617
0.05557662059130345
0.02862553593208813
0.0501984585294303
0.045753792451361554
0.025855892231690054
0.11351429511869295
0.03677741147952229
0.04240066677947853
0.07336466067409492
0.027140109700259672
0.09805705930185972
0.06535657277879656
0.0686913804660954
0.040771864748193845
0.045189493874437145
0.07228171232104255
0.059541152580256905
0.049468813617427235
0.06431977200411702
0.04213070195645292
0.018901782172059258
0.05681393585326516
0.031500722729843
0.031763877529086396
0.0531778358988493
0.04951896665316192
0.02102918438029155
0.07373392762438742
0.031801281221967174
0.04178902531531383
0.028911651435310916
0.045296289701280135
0.07292985250565354
0.0292807593279556
0.028638340675649833
0.028937557588508543
0.0368214805473776
0.03680054542758189
0.055220201787033345
0.045101307178533
0.018618539595032547
0.04035239093914164
0.016344861397086123
0.03335030877384858
0.016619713587071518
0.04103646227405069
0.02121240567218348
0.035709097425171143
0.038403626380568705
0.021361899161390814
0.027866294648215877
0.02077759884496558
0.03247970940629031
0.026718407956862505
0.043467778117965074
0.0310030726771103
0.04025755708654477
0.06434881799306381
0.025991069056628423
0.034757409505632775
0.02679208111541808
0.018756209840031218
0.046796830353772544
0.024465711671164465
0.09746539358553842
0.010021866318602942
0.06517272574223607
0.04312561405184128
0.032739425097462936
0.046756281391277035
0.03519752659997253
0.04009566555598493
0.09321056558080497
0.037125034340813635
0.04529975837826906
0.08514298996620853
0.08087708059513064
0.02190958510872923
0.061852905560445516
0.07386979085764983
0.0667641663782018
0.051355881271967226
0.07442693806581008
0.05936846932784771
0.11063320929066964
0.10398386478283987
0.042819685690746324
0.07201003646105873
0.09976119532804589
0.054927262118155816
0.051856282773863505
0.06314125203871715
0.043609192704252474
0.048621590572013054
0.04535615439750269
0.06487567868274431
0.056716521280709385
0.07570304257328615
0.08304367616794464
0.10733454479879424
0.09973981045435626
0.06138250916748848
0.0802235328562893
0.05784982093132015
0.07530628511246114
0.04087845579605091
0.08797125112745052
0.07190414022024702
0.06153478219922426
0.08099765133390087
0.08855080250253988
0.08821343172747971
0.06747582997731744
0.08057800472211339
0.039480069156398415
0.048131968285819206
0.07096457896447765
0.07463125180483655
0.07361476002585877
0.07665525636030256
0.04702613454253649
0.11125925964665989
0.12734220347863257
0.09978747074313168
0.13707874837157275
0.07689254087943866
0.08392703807109127
0.07987328620280919
0.1016837852005802
0.0689725761604306
0.06786824202481836
0.06770513381755547
0.06414740045299276
0.06918569249899667
0.030929920662106137
0.06947629725625598
0.08116385226768849
0.0348593268744865
0.05312068777829151
0.03129512036309442
0.03140646246490852
0.06170830769447821
0.025584337721878105
0.057996026493751164
0.06293236673949221
0.027421865440171285
0.032324591603819466
0.042232107050825585
0.050737559793191125
0.05715658521709237
0.03266546974912197
0.027394296481422102
0.02282950808376128
0.020893743562288226
0.06506984031943933
0.026886593740081097
0.03055903686475476
0.03043945886430492
0.025530279102121238
0.04495816076724596
0.08080539809650783
0.043602248798952074
0.02485338173259561
0.06374259829218888
0.021398362487724865
0.023234612475107167
0.04773058789893585
0.03184380642465544
0.03277223477359772
0.01791034620454316
0.021874189294418065
0.028885964474126186
0.04193060230461626
0.022706523655541027
0.054270672534448165
0.036306956046484984
0.04615705433165202
0.029996581474443628
0.03595963550939832
0.04047249357117789
0.03090213663482171
0.022449894140391936
0.030396600141869748
0.04704779515434561
0.027883014855166647
0.031910020309930974
0.0536068869585833
0.04241550218198493
0.03784934444050105
0.02462843088312991
0.03020246762836326
0.029268574613429278
0.027230862093225068
0.04012324478876765
0.049383787603778935
0.03115927596591152
0.05916511456277133
0.07468952257050035
0.04946589917525527
0.03054341611820121
0.05982464263477995
0.022379231566102272
0.029384908181302183
0.059863170439793466
0.02768772138900519
0.03503682425966877
0.09679407597457049
0.02742423964729156
0.05771762323321885
0.039963834268557936
0.024375324624569067
0.03827113966569847
0.01825631166839343
0.036521372741380786
0.03692903051070207
0.03470297128705448
0.04672533122475846
0.09469488322993642
0.03785724596959614
0.030375722659267888
0.11712258750916424
0.02119689189270233
0.07957721234988824
0.04439341813134335
0.04285767975870102
0.04115496830211755
0.020406853994525714
0.02162992289490942
0.040946266984206434
0.040080647874625855
0.039887451150917665
0.0604747309681156
0.04949814690221315
0.04793647716827862
0.05642769801785263
0.0296331397684922
0.06283258133326872
0.051603361660388626
0.061507554445385595
0.06405128416146817
0.09942928188775918
0.07245802718721318
0.03198428525573465
0.05317834243540709
0.05165861398081271
0.03701369793842374
0.08545460188170777
0.05014778513892847
0.045996947647003676
0.09558173807861453
0.04062609950408253
0.03771005356305421
0.04254350050548615
0.0359162691678717
0.03017904345675434
0.04806141139776494
0.05789403682358303
0.021877028750265225
0.04118711946305025
0.10426999647263205
0.043949597188794716
0.04964894889244815
0.04666470103266482
0.04181213697925988
0.028419398717439197
0.10026388863586892
0.044074277365927464
0.028672516152438317
0.04271578290831498
0.026047700886026422
0.09279642591596841
0.038822601654202864
0.023493308573572517
0.07676010821362127
0.027548134731701673
0.0634330088611154
0.08634599807001168
0.04174175354680936
0.06684970295906069
0.05258962880177509
0.08794570574590717
0.09874287163664011
0.07512917976927208
0.04266705952395475
0.03743710430780158
0.023540196073223205
0.02431811537196207
0.05437144376100532
0.033704250598152
0.0356786128292566
0.04020471536005005
0.09639499029917428
0.0420295733646043
0.07860616739760114
0.13682852698957143
0.07580571138483229
0.04214284097322738
0.07358312857852047
0.0710849605946913
0.042363850027273976
0.03552964940816966
0.1087547444776449
0.027771583454742035
0.0566761222988502
0.040770594269590954
0.11014817865668304
0.06087280984340139
0.049290545236089695
0.04710418014236399
0.04944094823639658
0.060709240161159125
0.038237805975359446
0.07049756193617662
0.04354885066465149
0.033827022672376264
0.09439599841779057
0.0544184824641424
0.0887211494872973
0.04978452562474498
0.05091564018176358
0.06364538616341292
0.05003010655581802
0.0687579465559766
0.04015128413648395
0.03796841838592037
0.0903770900349117
0.05646696306090646
0.04461799207050765
0.08840538973429281
0.14410588604960362
0.08015249058536579
0.028100544030994618
0.1171377218661423
0.11214129169413438
0.0724459583229182
0.05879367538551092
0.10200093958540239
0.09070546076821089
0.09933421844520171
0.13390995820205365
0.06840397448132081
0.12710335934372455
0.09136188950314272
0.04225883403000885
0.12531581040292913
0.1621366713704563
0.09789012184547674
0.11078162411483482
0.11317564719918381
0.11837148011243376
0.06723101217325686
0.08731883373328932
0.08384579644810221
0.09529460160225786
0.08618890399218704
0.09026520127168194
0.14691192356686894
0.11798960444503949
0.04961938750927996
0.050342914845396276
0.07928077339451167
0.09225239703118043
0.07016762971585067
0.0710517310645784
0.11642168198866315
0.04352985929106994
0.044974989086637725
0.06269863808509557
0.05052286218444468
0.04797459053683787
0.0668657219370891
0.05228203799276705
0.06345416832938383
0.09252003502626324
0.08386031726066578
0.04876682342559347
0.05368528599770177
0.07732593596485698
0.1172481053249613
0.05237463178542971
0.09820803685547715
0.09160250601739922
0.08468112874346097
0.08143329167325815
0.08883916897479203
0.12039710053039158
0.10908367020218074
0.061556193747132504
0.08183144452053252
0.04449456109166225
0.0891108346502455
0.08840281528016741
0.08340566812394969
0.0681961475670629
0.06686698932049748
0.0952606173040844
0.11118036624694204
0.08198543784835728
0.09004457605814772
0.06958903558368236
0.09017754640980538
0.04440545805314602
0.0729546289982083
0.0988574605851838
0.06745849635560404
0.15053552120073574
0.07959302128967712
0.04754264149818304
0.04439314453064242
0.09994931898731484
0.054626152608525075
0.08973505114927764
0.05699887342944033
0.07822960857267652
0.07304983760272582
0.08178773790569012
0.023203336557195784
0.04519373649830832
0.03132125178493396
0.06765497632132947
0.04342124094698067
0.05323812148772231
0.03947565372766
0.06070047762570397
0.03103530588577663
0.04831991442387646
0.08123439305340362
0.09141933191979376
0.07786105192544582
0.06226703382146746
0.05843610761431191
0.049662198744278616
0.022294632663681226
0.04977293898771346
0.06250700040166046
0.058266787487010675
0.09819321673487526
0.10492347135906663
0.05899894513234895
0.02950537965357504
0.053276845609140325
0.049241577971284
0.06056147894482363
0.058655651437724686
0.04131174948295616
0.08257178209268276
0.08869469500526049
0.051035380613070586
0.06357524010556373
0.042676130358724494
0.03957056303406467
0.08186586235722466
0.03834016906077501
0.03332652646559779
0.043355909706232786
0.09221791344223951
0.06990218546753094
0.05084155232142346
0.05075906712277242
0.04393941546706411
0.060552678437062135
0.0460869059895336
0.023459847128941325
0.03620400365407834
0.02257178620025389
0.04562656284356232
0.07423412248058048
0.055801366009012386
0.06415686618712223
0.09696001709232792
0.027972575332913828
0.022545570676549706
0.022653864790975194
0.030233005358081145
0.04446968677504878
0.032606544563114584
0.042682498056209404
0.040052418564322345
0.04272729935055833
0.02406184159749066
0.049396578919548635
0.04149096583602954
0.05401468136819848
0.030536107524022894
0.06562780617846799
0.05534541443038173
0.06664784692936065
0.05652519430127994
0.07578751646304659
0.07809047787268013
0.02966194350073149
0.04773473117041337
0.020362963467482537
0.028803279232674422
0.03070995146560624
0.04859135557756919
0.026929235131534793
0.0590811388422886
0.0225777831608305
0.04692411328645167
0.060146006172812544
0.0726697475791298
0.02712766698884981
0.03724645012371575
0.052953458795443616
0.078076201796782
0.09222831991324124
0.034287533533530645
0.05459482159505351
0.05634040727124052
0.058350804992847005
0.03249472950564355
0.10260776779239038
0.0549460989242808
0.0414670935223835
0.04053696668402334
0.030220860517789144
0.03070647332012607
0.032292062100451435
0.03248765308072489
0.07665021598733508
0.07552581043706826
0.07191550367773983
0.05837719626896412
0.02271428325759698
0.038435009670011115
0.017865179295327657
0.09237062928198295
0.0402552699811768
0.04073826349678752
0.043787483977814366
0.03403793260023299
0.0686085840804592
0.03885825574206515
0.026237727585062497
0.04398757782781813
0.03304722628815666
0.0460548275703093
0.06315486951823937
0.02309775601340335
0.05014872496901833
0.0523271058626478
0.03403555678776074
0.045702774688884076
0.08183923087813604
0.1134461893969973
0.07092352061675603
0.06318352993712777
0.037755277309763496
0.02352399124490866
0.058510794759493556
0.06843910732024237
0.04993957137230013
0.028218305670322515
0.0336536879720794
0.05782159213807876
0.03105790280710592
0.05026227820008796
0.058293731202039505
0.0614562278603737
0.06485538694231953
0.05429509962749678
0.04946441918609498
0.033574309280998374
0.0527128751126085
0.031458660303744626
0.02575152280147867
0.06388877038110753
0.05916640099408957
0.05534291625436391
0.03467714934233613
0.03359824588047665
0.06799423561766395
0.029109600908414242
0.02757060607002481
0.049288351502386175
0.03260830656709534
0.019308641490625326
0.04821834024585183
0.04033837340657997
0.07549144927676331
0.03778726995157071
0.025638453469503716
0.04309756970278386
0.03424756558903414
0.03293186210006102
0.06769324435130193
0.05471139178225824
0.05051385416627694
0.04186426466588464
0.04091804909136038
0.03773995637432241
0.08686354764759441
0.05505684634568082
0.04638159835022373
0.058699944839477866
0.03620742179195692
0.050890878449085734
0.014455008019354617
0.03367700635313145
0.06652207400789804
0.03334215622888906
0.0391084648326871
0.041837330750389215
0.052481999996024424
0.05493861238150097
0.04548687658618638
0.05214224055729409
0.025906506769452258
0.020463756217185
0.04718105519530363
0.06791558276366008
0.058860277914253266
0.024225233757380813
0.039120646909805414
0.037053372655114866
0.06156588766139885
0.06082123965091065
0.08163392637442585
0.022012817662627183
0.13405585563334502
0.02418718721530943
0.06443686397013731
0.03794571840413186
0.05081176011847146
0.045789024207330296
0.06437094416622413
0.08388460475667261
0.07411242881160096
0.0308318784762212
0.030976377498663145
0.0643549854914235
0.060160916039509266
0.04023542978175297
0.044324553796497794
0.02750061276397801
0.060561457155458825
0.030660542070098544
0.03917830526312926
0.022806949239834066
0.09679154015730423
0.06185440706301356
0.02826600888097656
0.042652866312950836
0.03477193001253841
0.10328875490435156
0.05862776929951249
0.07078646424149522
0.06259099942858984
0.06162253100309185
0.04221756271138709
0.04612672246448173
0.03089990813607364
0.03705113953253711
0.024885210581839942
0.02561235012998436
0.03667123995824776
0.042270440820978604
0.04515066582723456
0.024379102558237747
0.04212923126495569
0.03486882368016401
0.05098808819451382
0.04610543077005728
0.039457723943420224
0.03974371944891145
0.032970041561375375
0.04661414664144063
0.04061691608667474
0.029601295830412704
0.03535810323161073
0.06652622428428155
0.06794595544454299
0.08105231702172945
0.06412692798243168
0.030284485141322752
0.03703478509099598
0.02647914917179612
0.05855449602859749
0.06445218955033773
0.05090960862273567
0.031423091196734344
0.08785661131424259
0.027921024456959903
0.029195416098871246
0.06720596660188571
0.06333400624659098
0.02318040580786911
0.03373800830612915
0.06668153481983134
0.03022875567577591
0.06936024637470517
0.036004063148356816
0.023877277296042235
0.029847321582590316
0.05985865901553785
0.0632743809917697
0.04997539986545366
0.04758423816184592
0.05062423548481687
0.03709380309737511
0.05601942238381124
0.06924870040851254
0.03148305198583091
0.025165484167561043
0.038064312433661325
0.042424591697516875
0.031879371337138786
0.033519411614205824
0.05877593455231882
0.018842461423892586
0.03283047181811325
0.0328767262458856
0.04681097854008991
0.028740002512284497
0.08322638577541029
0.029927661697047764
0.05218938221379327
0.05839851407479299
0.04575012420429942
0.057641690093304825
0.04840206150037996
0.06344243013712494
0.037824559094959805
0.03806507316419084
0.036578699434620554
0.03388135424725298
0.04701635430536539
0.029600915239845087
0.02921583442252937
0.06859871083171153
0.02455655192258235
0.06366432782779038
0.058214819751919736
0.12180054839220665
0.0628770734782863
0.05923921384333486
0.04024399730478618
0.02713128647811983
0.021581325215055586
0.08411906291652749
0.04658248730490185
0.08169472441411364
0.025615511031024808
0.04052766277657428
0.052171166560371275
0.02252524221531311
0.045404627000716805
0.015505351355377317
0.028307007774675194
0.05015914567603109
0.03207652820825778
0.041504390437459605
0.037387670322495736
0.04898675285088721
0.05794856596233028
0.057646456302338896
0.019649512455482278
0.023845910163595163
0.07730975762574237
0.037325361512587904
0.06250530883817197
0.07131147052946434
0.04952161530006545
0.03355704472318358
0.02349342954230054
0.01758063558935112
0.06966797334224602
0.036465685368701026
0.03302097816864685
0.0520562773876876
0.06463672242301088
0.017571235644819945
0.019927050561702204
0.02142958403615181
0.059622906427664976
0.0598947627553851
0.03219071549242327
0.034336261791843854
0.062395891511039706
0.07682350572904999
0.034342914107986615
0.07422413485545759
0.04244673565631907
0.014716777803124567
0.04026506106650908
0.050374830326514415
0.06283807285282049
0.03696118755036608
0.057124413414203414
0.03857365925830119
0.030834944793123563
0.03616711849683689
0.08573984190087995
0.04013901056615537
0.04806436260378221
0.05583240241054776
0.059280729318727785
0.03263156285190829
0.0667647676446657
0.030448412711790027
0.07795909528882769
0.055953749606094116
0.025323897672611104
0.028638086379130994
0.07727826889598864
0.03955234993129105
0.037234812455682685
0.038552378939885584
0.03176833198585106
0.022865332206599746
0.01700234378031124
0.04888176971442096
0.020920026156580215
0.039822469560063495
0.029969200901039793
0.10639577218143234
0.0322397390260376
0.08893246307241398
0.05042628668525979
0.02496693559031839
0.05426198271676555
0.05005153721477558
0.02391021598217527
0.046934672757400896
0.05705076361975012
0.03172150002268104
0.033992466790395776
0.04091884317177178
0.026566863434394274
0.05295406135274378
0.02546763860685598
0.02937744652755231
0.06945941474565975
0.045435284225841616
0.04107092973961612
0.044381146175020474
0.05304462944895796
0.06894063537485758
0.04160979824861106
0.06550526374719112
0.09238396728681882
0.05095852778366722
0.06327134011166281
0.04681201669966525
0.051764292629051946
0.08533825880118823
0.08686763423919547
0.06789048398867507
0.05804687939926015
0.04553382462591861
0.08136640096295475
0.0532534682068384
0.059069084524201676
0.07719838501291314
0.06041557228116247
0.05865186238308565
0.06455963774554001
0.0461145884902916
0.05832199078234956
0.06173723446934383
0.023095142838387143
0.0342653346632737
0.030517273996664575
0.04328421548706835
0.11223831642790066
0.0629675825193354
0.09275771361715705
0.05426872783300864
0.03947660843172854
0.03980125949789731
0.06579771945709967
0.024775201392691182
0.06114508550503769
0.039581210251380824
0.05071159426548263
0.08050605011673685
0.0701329254416404
0.058581203984310486
0.024388019136046022
0.04146227324044362
0.026025498839012687
0.05875867761508127
0.0403097353131528
0.024761808253837198
0.06350938346968452
0.03919464220769558
0.05479335502434678
0.04508119211613136
0.04983276943060862
0.053085084975960296
0.06060725670325971
0.06601644574395972
0.07682284701539283
0.06105436478147085
0.027793573223377856
0.02950635206744663
0.06482014035038157
0.06839561006800295
0.1285992853683188
0.024117598168852648
0.04084663130792664
0.03934148272781801
0.04294953581272756
0.06393089223386623
0.02667513485423772
0.025556716544217102
0.05818856100074008
0.09385264718150042
0.04576801825831989
0.043126744162649375
0.0531886655647576
0.06638347153495769
0.09546933135007578
0.0564513774442808
0.026675292950845645
0.058430919071458996
0.06546948188593112
0.04674830495864765
0.05671915239352471
0.026146438095202316
0.05414791180184064
0.08214295879915204
0.03811760840694172
0.07335265740707125
0.0904754331030483
0.14838911135111393
0.11342028176071381
0.0361481999055711
0.04321183793971221
0.05686436726009396
0.0406695459451066
0.07771541226870211
0.08473657231898586
0.050740377568530635
0.052804849813097306
0.042486887887677856
0.004955659392798528
0.043241243920391595
0.07036153034107961
0.04814523725948092
0.04645151058220349
0.08144625485660661
0.01892044325872419
0.10742594720260314
0.05033340216239802
0.08527328233542161
0.05662162659506279
0.062934594600797
0.03006177222058807
0.08088358748014395
