-5.484770634014828
-5.490133195467993
-5.47510253997052
-5.4813905593011905
-5.469152841988887
-5.480319670381182
-5.482158912266051
-5.484047396258
-5.474036930279066
-5.479723690720275
-5.466449156243261
-5.4592677932579186
-5.477444035459605
-5.479827966144496
-5.488422410829644
-5.483412471759928
-5.475792495803954
-5.470180063968704
-5.472183289012836
-5.480946788612356
-5.488278320242607
-5.485174584185952
-5.482602753012232
-5.477262962404961
-5.4681800207575195
-5.478375611452472
-5.478024539840295
-5.479288187360886
-5.488676718094305
-5.503486561545463
-5.490050542301494
-5.479473607677479
-5.473350006478068
-5.47421221998667
-5.479595502683508
-5.482731220813389
-5.48144003268631
-5.4803398651791895
-5.491351085828237
-5.488617682276727
-5.481700019371441
-5.4782829900402525
-5.479958295078128
-5.4677627166557095
-5.488136987042514
-5.475353329009179
-5.467613044600316
-5.48691476439613
-5.476899235905752
-5.485868130297741
-5.495457094521668
-5.492682850118695
-5.483862104095533
-5.4869210714446
-5.47222305508826
-5.505977917678475
-5.484739586517485
-5.492329493642938
-5.475306456204144
-5.479650989024947
-5.475812785261712
-5.504110839352252
-5.47712603059048
-5.48721041575305
-5.486577369713138
-5.48590930436042
-5.483015179902865
-5.518363780761377
-5.489943895258996
-5.496541830857737
-5.494840787879903
-5.502806731448975
-5.509707945498808
-5.50488714688619
-5.525653989402077
-5.536177452307811
-5.55070245246862
-5.539877020060068
-5.578516913011494
-5.602428537089136
-5.61649636285838
-5.544456801188754
-5.555243728076542
-5.553743536682778
-5.580872349965547
-5.562690967112548
-5.620211115043463
-5.601830329785714
-5.610868541623127
-5.653718377683057
-5.642827470035904
-5.7535496448211
-5.6818483062567005
-5.630966813304355
-5.714519775153359
-5.763410308575661
-5.790361919023291
-5.877419733552993
-5.91317111021761
-5.900776850462972
-5.844992546096968
-5.913948483378148
-5.896367616693947
-5.941037301992954
-5.999747850224192
-5.948682606414927
-5.944952534968122
-5.938891885205472
-5.916388010610251
-5.9352737327644505
-6.007087731341539
-6.024690035061214
-6.002328411949612
-5.96643958967836
-5.987119962364951
-6.037548681408174
-5.99481200316978
-5.946406350495257
-5.907874746483375
-5.8527263438646315
-5.837354725565437
-5.80590338891507
-5.97995299208943
-5.74625157237217
-5.8999446350176425
-5.685748727096275
-5.894153078467372
-5.932923063981331
-5.864401914669613
-6.029817580665818
-5.988814319581927
-5.907615659933282
-6.099107490181158
-5.953774961776043
-6.072630412298755
-6.107408874013252
-6.041600505953426
-6.034590594075431
-6.026144196339892
-6.0276307831173055
-6.005259645246497
-5.9828747734281835
-6.012157060531083
-6.03530362458776
-5.996645694661419
-6.0695119388923535
-6.029817223532609
-6.0405890118120364
-6.069221807730003
-6.047622391258981
-6.057559640835165
-6.042154408427596
-6.075353521552369
-6.080105203045605
-6.0911815510604255
-6.113945080666763
-6.11181572435844
-6.093627138402368
-6.119174761550098
-6.0847392726193394
-6.160782433538293
-6.112324541075611
-6.020319276195726
-6.000385022813894
-6.052998357634375
-6.05171401111231
-6.126037080041594
-6.080096160041585
-6.027319436229808
-6.101164593252095
-6.1247705930292415
-6.081828108823203
-6.172856453083167
-6.0617170657130774
-6.09096187109206
-6.098009601885177
-6.054947165333402
-6.072899336589913
-6.09471270224131
-6.032142122775612
-6.061950875985103
-6.09246059244779
-6.0640330498848325
-6.067986275378167
-6.048641517404621
-6.063611762061339
-6.040892169361089
-5.993675440415111
-6.039499208308433
-6.041375646722461
-6.079949430374098
-6.054445272122408
-6.058052202456902
-6.054614337821872
-6.135781661058701
-6.143303636360404
-6.096681078282015
-6.137608375616864
-6.126898652271436
-6.069487174854204
-6.15098618841367
-6.153229687410846
-6.191683713200585
-5.987044363839764
-5.95843138735785
-6.073498490446182
-6.155467629484343
-6.136923685898941
-6.1194806655171226
-6.142118760118253
-6.138803621475548
-6.13243581138569
-6.068406093945612
-6.14741596282058
-6.03038538817685
-6.05015237177786
-6.077396518991037
-6.085235292673769
-6.057947896776393
-6.037552372312046
-5.999699341681732
-6.028703173879771
-5.987058585111683
-6.015489083175038
-5.981611007731967
-5.978583483934556
-5.990229724359104
-5.968792951209277
-5.9872749109597185
-6.021639184376098
-6.003156518673477
-6.012077800634805
-5.977615738762545
-5.964842638168159
-5.976555110951387
-5.976674424261811
-5.967955133892545
-6.013125441635738
-5.959150338427597
-5.969759277245114
-6.021805964623819
-5.959981155202034
-5.922458808072415
-5.9426077759390346
-5.9469243887433105
-5.940220487659889
-5.954983868529114
-5.915660944143469
-5.9118759081306385
-5.944704325641232
-5.9555419503942995
-5.928523150773307
-5.966039809907477
-5.924881465083929
-6.002241474419185
-5.989569546439291
-5.964206372478934
-5.961879767764749
-5.925992596853626
-5.985877818625339
-5.99614643223511
-5.958860017955822
-5.9579059506809315
-5.967442375081139
-5.920753878342618
-5.9919068797992505
-5.977857880449134
-5.978714623340084
-5.965003763971107
-5.987764176284178
-5.988708133067743
-5.962231121659718
-5.973079876041098
-6.038161651501367
-6.063565908467319
-6.001078635066472
-6.00723194066692
-6.032773137821799
-6.04854642638455
-6.0353274826086265
-6.058131535985095
-6.054021452107199
-6.054747132197916
-6.063114434139095
-6.056273575636643
-6.07550905207981
-6.108000331653321
-6.053850989909024
-6.045862738699751
-6.083744084547477
-6.083362103222152
-6.02808742070714
-6.065306087138694
-6.085806580414637
-6.048802122814284
-6.01663933703197
-6.045647171881067
-6.057798906192128
-6.061817666879497
-6.069166323130902
-5.998171599548618
-6.02605044693893
-6.019583405339502
-6.024747012602165
-6.0527198907181825
-6.0301354113906065
-6.04378345122743
-6.020083133480428
-6.0418732694229345
-6.0742415780995325
-5.999411974813107
-6.03283432438265
-5.991641145583678
-6.036169367986383
-6.02434230285043
-5.992431520890566
-6.073071592091556
-6.02255617586732
-6.095156903003519
-6.028947988318322
-6.0359080910475305
-6.0954083924505555
-6.084239061878734
-6.08226374654593
-6.087684707373846
-6.020001272542345
-6.0493141262928125
-6.10556457740851
-6.089092655260718
-6.109973970676842
-6.0895344977347285
-6.1627064433535494
-6.110077127083682
-6.103712957683792
-6.065977386304495
-6.133430647581974
-6.1180384121064115
-6.159668854632625
-6.101584243620262
-6.196245870609541
-6.108443815537587
-6.138281764604118
-6.159521455240296
-6.154966047834409
-6.1431772136020975
-6.180314249260292
-6.184272920938452
-6.199742371964201
-6.156175029239202
-6.163395112916567
-6.196636456422852
-6.167030024117716
-6.110829690989359
-6.118090206169878
-6.166479419689027
-6.155483409843104
-6.1926176548710465
-6.176227191511998
-6.210878733505584
-6.1554950532866135
-6.183118110965513
-6.159458693238965
-6.153566707622497
-6.1774890509542395
-6.1624878835457215
-6.169089580125
-6.149107580253321
-6.210590231761145
-6.167026356386491
-6.208953776777495
-6.1443866952244015
-6.2173581092482895
-6.159387149564894
-6.141897747165972
-6.135580333889546
-6.185861204943212
-6.241780426357352
-6.111758074345854
-6.150370900233894
-6.178661264518553
-6.101633956547285
-6.1885656267761
-6.145688517788797
-6.166378079120429
-6.1822304541265956
-6.163705311644865
-6.113527689763262
-6.133984866195291
-6.195968124247064
-6.16180069296265
-6.101114660243275
-6.175860134932822
-6.213937532856605
-6.180209276549714
-6.191039179746085
-6.235257327948076
-6.164901862519852
-6.078796460500305
-6.227328159128401
-6.210781444298268
-6.148600423862231
-6.280911474655574
-6.219539954342636
-6.131345287435188
-6.170571397059851
-6.188724915705883
-6.190482796042652
-6.194017668061663
-6.201607932373897
-6.243026594097149
-6.236532280036464
-6.155505643610695
-6.2054601285410556
-6.11555117622051
-6.215821022372918
-6.13613557086779
-6.174961617082419
-6.1860807183537725
-6.176711768121302
-6.179222399843315
-6.187902349478323
-6.178015048209918
-6.2002130912311015
-6.185195480733403
-6.265346921759637
-6.154623291859053
-6.201075375318582
-6.241270541846278
-6.19009902751952
-6.15286877690621
-6.232144211077362
-6.232768532995265
-6.179801668952219
-6.21348767106239
-6.21336675930009
-6.197713827793819
-6.222111697711327
-6.217569768565568
-6.2053574333267605
-6.205077856229059
-6.209248482217304
-6.157681898188633
-6.149580304013675
-6.187703550600833
-6.234644335803499
-6.210433855240783
-6.222948733166825
-6.1957755041797
-6.1625465284114975
-6.231151073289215
-6.15256257095416
-6.212830013757166
-6.237062965489479
-6.163353851162679
-6.18086731275442
-6.216079800378462
-6.179263386440327
-6.24888408663666
-6.181001451001929
-6.2205103755866356
-6.182266766534501
-6.229822656407248
-6.257329579323045
-6.172740833946663
-6.195077775964677
-6.282115505005663
-6.210724990555562
-6.206395984023622
-6.230320221807857
-6.2620814963894125
-6.245828167119858
-6.203457199177503
-6.105818121229965
-6.223320341739103
-6.183862867204213
-6.258473115535639
-6.218530368847009
-6.134483008626223
-6.178200676562447
-6.204554242373207
-6.17554153899734
-6.238901483832087
-6.188416103936073
-6.211384588415936
-6.151800773997929
-6.1996424964840635
-6.143304889070111
-6.227310843808016
-6.204718873447681
-6.258507558709102
-6.199259743160926
-6.253408322346025
-6.199534892623962
-6.251048417055111
-6.268288948775532
-6.219166732958037
-6.236911059043318
-6.2552431997446325
-6.218569784095506
-6.21568616078489
-6.213304184285162
-6.213163396918068
-6.208705209839832
-6.196103743089742
-6.212575508824519
-6.181874030318577
-6.233677487930272
-6.200807639657978
-6.226154347355482
-6.287906624723508
-6.273683948129672
-6.239854322585689
-6.244461550833214
-6.1983987585441795
-6.2406730161064194
-6.192454408474962
-6.228874207860107
-6.179694524444725
-6.226185424717873
-6.214236486238538
-6.180233927955144
-6.169090932687
-6.1571274802470715
-6.240695303936384
-6.176659358368099
-6.183431252452395
-6.198301145949098
-6.180328775087002
-6.211200972726104
-6.198182964630649
-6.177763885459089
-6.221143482122883
-6.1653868521740165
-6.16509911115654
-6.157348349769977
-6.222211830647906
-6.255297961940686
-6.168747550342565
-6.238198820495951
-6.16842745691119
-6.2089669317116325
-6.180742926673523
-6.207126789187562
-6.179635486420565
-6.215186636505895
-6.161083041797966
-6.1766607870892045
-6.166176023119866
-6.18881047939435
-6.154122175772036
-6.1585657505570595
-6.116942002228715
-6.216343731484982
-6.150654629887522
-6.193839275759877
-6.144285506336779
-6.1627448511353045
-6.155556084321802
-6.146175161101929
-6.203136887258246
-6.180132739657714
-6.186401483031495
-6.2177225524695885
-6.186224491337283
-6.193517346160679
-6.222231526994673
-6.184042994102201
-6.200961258405365
-6.163697719133001
-6.199990489077122
-6.194556137171101
-6.220715759891984
-6.167813567885096
-6.200267108602227
-6.173447527233659
-6.154114035317917
-6.172950142982193
-6.191365681214194
-6.1967606023138595
-6.213019107828561
-6.213394667585705
-6.170705290227448
-6.187525203272475
-6.236255155408485
-6.148801403290161
-6.185511518674062
-6.256949398936246
-6.17450942838954
-6.1725857270946705
-6.182311769703379
-6.201407542589519
-6.1936524371126325
-6.190238910281161
-6.192604592999775
-6.195354011510661
-6.194627327712289
-6.222946041666084
-6.185330410888892
-6.1968321552555405
-6.192583090697703
-6.173592525165251
-6.187104700728901
-6.264826409488273
-6.21663044083707
-6.18501759030119
-6.218548519185749
-6.222584408498011
-6.147711193107657
-6.246525015505002
-6.212359893853638
-6.196030506846608
-6.235637330116734
-6.255390089072338
-6.229262257960539
-6.225214478777393
-6.177151101849468
-6.196475400598327
-6.2384849719923485
-6.206502469124825
-6.276476937954506
-6.241365317021752
-6.2092753170757895
-6.22345260354421
-6.2594028165731554
-6.25300254883313
-6.220842825556236
-6.286844646775844
-6.227585315784709
-6.274574493043181
-6.2385803150613235
-6.306242887308733
-6.239251415390417
-6.30671158136312
-6.232233742082041
-6.2767222632587485
-6.278937164820169
-6.227812743620567
-6.3037649956734185
-6.208501227347984
-6.222223491610291
-6.314703628900053
-6.252730919061368
-6.2726722142249205
-6.237807821971913
-6.293636114654641
-6.229010549084279
-6.241747962108502
-6.214936014141594
-6.224237149917149
-6.208501293254876
-6.2220632753233245
-6.2179515329826405
-6.248295633560963
-6.241757289339105
-6.204768667287403
-6.203724065678531
-6.181712434033384
-6.221119302987407
-6.174603457840192
-6.201661704603195
-6.151216136837781
-6.1874120562205945
-6.182896526724145
-6.20105815801427
-6.184281432143542
-6.1412107723743095
-6.16598020768912
-6.171312096208489
-6.119060880639939
-6.1092969062190186
-6.145279985088002
-6.128690994753617
-6.160017695174702
-6.17416807726114
-6.089491351601991
-6.124495455037942
-6.128525851962677
-6.15543051831586
-6.133236620748088
-6.141178574587845
-6.1180880698937194
-6.158753673984004
-6.138416675537051
-6.091667809255059
-6.147978795581582
-6.216146231054175
-6.133390085555205
-6.1428942800282424
-6.1383720819176215
-6.191503098538342
-6.105220028439558
-6.232218691092151
-6.16091562648581
-6.1617736514784625
-6.117014466926968
-6.113295556372709
-6.1386698801286235
-6.169867081080579
-6.161299225821259
-6.121995231932428
-6.206320508511747
-6.1833243173761705
-6.198846436133618
-6.173777729508441
-6.199488944215349
-6.175960423701314
-6.178723625509459
-6.207946664953244
-6.140116708982442
-6.2163781016205375
-6.1529476517851736
-6.238721193187646
-6.187040596191281
-6.220430970642667
-6.216192878770247
-6.300427768715236
-6.2713662806357435
-6.268155120448455
-6.231769527284342
-6.258109698063116
-6.222065252524078
-6.257458504363008
-6.242299888619993
-6.274797232397114
-6.254519714016737
-6.254398178277396
-6.255872689147323
-6.27281851237205
-6.2712380391037685
-6.293902062750426
-6.290499805136893
-6.2640124571319795
-6.300211213145584
-6.3031324927893655
-6.246002408238886
-6.273117644161852
-6.335492359798751
-6.2864665337971
-6.239867715104905
-6.320734435055846
-6.267307537863818
-6.307094818815222
-6.300955288757994
-6.2982547083053015
-6.288721405056883
-6.281065975690159
-6.298541017746664
-6.293058466334724
-6.290777195552511
-6.15576283524225
-6.279736450795593
-6.237219352973755
-6.368606607381674
-6.202223950124631
-6.299415555942073
-6.288817631320783
-6.302217758059397
-6.198318728439052
-6.234938788538541
-6.380047158705857
-6.266560088380568
-6.332340869281077
-6.311610829380682
-6.325612736089411
-6.215946089439122
-6.365497150737371
-6.2682543722679345
-6.245979791680959
-6.381515919969795
-6.26254140467794
-6.253774716889252
-6.376063425302255
-6.344219689588793
-6.33686801819924
-6.273435968084673
-6.3244129524677355
-6.337670144947849
-6.140475311020258
-6.240738768921565
-6.386171148474567
-6.192695743926995
-6.268699054595604
-6.295718789412536
-6.2921923662129124
-6.340051263297814
-6.3286578954699815
-6.240869667801192
-6.222942957806403
-6.299952698727477
-6.335927523338591
-6.354888875027732
-6.1619162665307465
-6.2792371155365405
-6.249019452141312
-6.300441763714936
-6.256232885672403
-6.085337235989382
-6.106095709911259
-6.2691720255056325
-6.306087696872074
-6.057016552103416
-6.278229650603688
-6.312264759622428
-6.186220201056813
-6.364675506428893
-6.190993110216828
-6.2593342264423475
-6.198325122227671
-6.341312769339468
-6.322983520037963
-6.361537746769778
-6.323159864954325
-6.308176320475324
-6.286689690463249
-6.281767747436346
-6.347392956700752
-6.28860745202934
-6.370032474077337
-6.29944959214032
-6.303214964848663
-6.398738782523618
-6.29940724861016
-6.3491081015973325
-6.35348409815622
-6.307634698522426
-6.35119393266027
-6.28254988139788
-6.3010972323262635
-6.325345559728634
-6.336317923505958
-6.37818606831655
-6.372210442787645
-6.3245663208558005
-6.284092461320725
-6.279030795213676
-6.357906309069505
-6.290841425833604
-6.311851578488604
-6.327577274495812
-6.3446673125357895
-6.258427517988807
-6.3061124385589125
-6.357156169231911
-6.309829144693289
-6.291189699172532
-6.262610567840149
-6.238239011421527
-6.276157601567538
-6.361875641248237
-6.310640223270063
-6.318931234524723
-6.364347769777003
-6.3133544413289915
-6.340664338266025
-6.336757622093015
-6.314922885351355
-6.322008957390823
-6.302999823422984
-6.349301981052898
-6.337984264676599
-6.3170347335896215
-6.301323288981301
-6.359038688674175
-6.308372948076
-6.309554849952388
-6.31783426664325
-6.317028545849594
-6.329187479941955
-6.3338978029345006
-6.248924333422177
-6.281278446733103
-6.358644869828694
-6.286094533924253
-6.3249983178333835
-6.305654523743023
-6.289265898976557
-6.306044600272674
-6.320349829796452
-6.316718275116708
-6.3224784861267285
-6.256735045505613
-6.266955978006328
-6.257915004237513
-6.3084561864726005
-6.259069682107764
-6.311359249455906
-6.291563022019651
-6.298420765892285
-6.2499424560769254
-6.244784347976085
-6.3076030299815065
-6.274785611268618
-6.310249578295441
-6.28997926536164
-6.224693784961063
-6.2839147340874675
-6.2377025532841905
-6.242675084784233
-6.221219401034379
-6.22914862971544
-6.291301069054528
-6.279129399848021
-6.269728600461016
-6.252334852014123
-6.3032604353854715
-6.267425794454439
-6.248944045522295
-6.331267356460219
-6.273131804118773
-6.293495145907214
-6.339298781298185
-6.351894556841128
-6.338198263538955
-6.3428775620627
-6.243091805848389
-6.256246708830236
-6.35033009004929
-6.301353978010432
-6.330556527037963
-6.288346097125104
-6.347133648851209
-6.312356008634173
-6.298732440513124
-6.305508077337759
-6.286126938440621
-6.310880731711346
-6.298618820190691
-6.2435331393316735
-6.312970821896261
-6.2961963655158355
-6.369799101575889
-6.330992077362993
-6.297935921582228
-6.349270688434774
-6.343201837708094
-6.301029203325725
-6.319582638646271
-6.333411003416526
-6.287670644167219
-6.365243234952768
-6.321885980514856
-6.372488774352257
-6.295538253066285
-6.298966428898234
-6.350669230470707
-6.355082945722718
-6.301547804760053
-6.350171866093212
-6.38713214690295
-6.342039284276213
-6.419695795806047
-6.29123874636166
-6.351417658650298
-6.304592043794988
-6.351749075488106
-6.320628625526728
-6.361961887243033
-6.345857518033682
-6.325435122049336
-6.311844007830669
-6.3096684545721615
-6.296341253281368
-6.35897419424451
-6.365836810565078
-6.379913231297309
-6.2975601812929325
-6.338980459074465
-6.288413755627389
-6.3106449329315915
-6.314327497193627
-6.305816033993182
-6.312279224049879
-6.295782070502334
-6.331830476479835
-6.339040657054685
-6.330936868877352
-6.347853431162955
-6.316173645907355
-6.35962767658082
-6.302106051227444
-6.338613387475725
-6.335314612826238
-6.368301598780942
-6.359475631144009
-6.291498990072678
-6.366128850774204
-6.323034128005764
-6.2929837364746035
-6.399719969125309
-6.359954933487224
-6.342415547250055
-6.447491307235507
-6.394095533499225
-6.310321521513035
-6.32988420835067
-6.357246945796984
-6.339321393410987
-6.370564847246206
-6.3270743197016515
-6.344512718336902
-6.408635359998039
-6.376092240431883
-6.412293517065527
-6.328592869904421
-6.389185696078561
-6.401379549146508
-6.357173036432372
-6.324621890599347
-6.398583471726202
-6.360224597517844
-6.354550798243071
-6.3698405789657855
-6.33085887402152
-6.2897283130618655
-6.308419982354941
-6.3543232081013885
-6.353819279083372
-6.34180491886114
-6.33711674286194
-6.2953350708343905
-6.321953611689508
-6.311740304038387
-6.291930797896747
-6.284740113725172
-6.310840613408028
-6.326673846525127
-6.307387087300162
-6.305712657336579
-6.2903271002835375
-6.282307591184843
-6.33404812127745
-6.239184141522747
-6.312520221517465
-6.324817385388015
-6.308697077744439
-6.368165158903775
-6.313106944938666
-6.290548444928285
-6.2719849213041945
-6.288532798381448
-6.374230013240229
-6.3545008961197365
-6.291917000357813
-6.3267902689464135
-6.30717972852869
-6.370127751753294
-6.331315191351529
-6.352816682842125
-6.348987136116403
-6.299385773116196
-6.363335688806875
-6.290178577449853
-6.358850858494864
-6.332769849525295
-6.398501819060393
-6.321756041049783
-6.338323481103949
-6.325665138129758
-6.356365653208531
-6.334697738428999
-6.3845876308052585
-6.32379965151468
-6.347433923725778
-6.329918260137253
-6.405645781931359
-6.3379721915816125
-6.420948636779801
-6.424034711078551
-6.358669667149865
-6.365368689543545
-6.377482920553384
-6.4209924874759725
-6.334123623369746
-6.388435832096663
-6.3585451750561335
-6.399448848903056
-6.346937703274751
-6.321944645890659
-6.370576348393908
-6.390609716250047
-6.406712603550549
-6.399826666110778
-6.359310381030846
-6.331974879716458
-6.360192921568515
-6.365517938524642
-6.411428481194751
-6.32180071189532
-6.411293537894744
-6.31998071180069
-6.328021954004477
-6.345053995463189
-6.383401383973797
-6.347788161260809
-6.416931589289051
-6.354984707190396
-6.3231887115517065
-6.40438406938077
-6.346145123235742
-6.370332764594483
-6.361175071753448
-6.397755856534415
-6.333833507970233
-6.407098021424907
-6.358194840357285
-6.387859230541061
-6.405695637881514
-6.356444911961251
-6.382824073120334
-6.382703542961951
-6.309511776854702
-6.359814922045134
-6.36807294937408
-6.372625581347584
-6.3374979074623985
-6.364002453268232
-6.418403556857884
-6.3496609681551535
-6.460000516371172
-6.382064470169402
-6.402539918448804
-6.400264186493629
-6.3697309573689
-6.462072145518892
-6.421173132796977
-6.36167695589943
-6.45593918408686
-6.414634476300595
-6.439503345541303
-6.349934585456443
-6.42218302959764
-6.385652216069837
-6.404589543489706
-6.374737628375961
-6.397370872443954
-6.367230376025796
-6.4502450572487
-6.3924760396841265
-6.394435719546685
-6.42486212982524
-6.370313119496025
-6.386428254889832
-6.434541400563646
-6.449209646251305
-6.422451130001132
-6.401309681130055
-6.3986375636704445
-6.364243879749555
-6.408539642355301
-6.40596898348005
-6.396267370758464
-6.38770081002746
-6.415767979043501
-6.388831310774226
-6.41413796761605
-6.4005032171732354
-6.486405536572909
-6.47574340650354
-6.412539543795565
-6.389644275267883
-6.4281169184679
-6.449019794181358
-6.411998197791963
-6.343684978129215
-6.447367622586933
-6.401468571415402
-6.4322931151631755
-6.467364471818255
-6.406538183382127
-6.459452852822925
-6.42462694840867
-6.3892475354427525
-6.4224403676233734
-6.397511647158185
-6.479530128292362
-6.480772042663514
-6.44882613100825
-6.4229643609673195
-6.4360166151649985
-6.399433360423021
-6.426730883123665
-6.422963175173653
-6.445660684822943
-6.480184204949445
-6.463929316315834
-6.432422338550272
-6.417317289506418
-6.456128850539098
-6.464903932513136
-6.5115915245632285
-6.415923275149004
-6.444585549033793
-6.374418853675915
-6.394832886074495
-6.462916921536966
-6.512300714004012
-6.469246450196785
-6.4469069120210465
-6.380032142087186
-6.441975048649623
-6.383124240904667
-6.444733737939282
-6.487398926753752
-6.421272645826687
-6.4541465350706835
-6.461549437359641
-6.390686548015619
-6.450107776205049
-6.438382345502635
-6.40225306464912
-6.441769812784692
-6.4228079646783005
-6.453479591819818
-6.4653624803581735
-6.490187643214469
-6.452833509372136
-6.450432482495538
-6.424245812637861
-6.387716784001685
-6.493042699750049
-6.395772696953087
-6.378016750840804
-6.408250722059143
-6.45078918951389
-6.428232766431622
-6.447444008468537
-6.4456222092745055
-6.416372596767791
-6.426153782819293
-6.445612991286565
-6.5166364193477495
-6.4924487204251395
-6.47208052797335
-6.474728892227489
-6.445491934967412
-6.543583321593843
-6.537286162577516
-6.465055582828644
-6.510234923813684
-6.513135670102429
-6.522972153279212
-6.493778899766188
-6.525949395749404
-6.460365252704659
-6.537621663728874
-6.489569403944109
-6.482767708808258
-6.464300867518016
-6.48423591410277
-6.482132436858284
-6.465822573721224
-6.441383478428742
-6.507780552996093
-6.45399898870144
-6.4664920517671085
-6.443715626758703
-6.480527385528609
-6.510392093959486
-6.430197008677834
-6.486683600032588
-6.44680839022939
-6.50157430895296
-6.483390791460656
-6.497238104533335
-6.484728733819312
-6.5209640441514285
-6.476233979036292
-6.521212202258515
-6.490436120591871
-6.5284812190897545
-6.499767111746277
-6.453231239279015
-6.468494273671793
-6.498765672444401
-6.535778372728072
-6.491069056196726
-6.5070054467479075
-6.527695355542268
-6.473705026673452
-6.47990898601174
-6.4577202293044795
-6.47845339567845
-6.499985784007329
-6.463269587206341
-6.532570710457492
-6.489233684732463
-6.508472105320935
-6.506119295588881
-6.477599811196801
-6.500697386335391
-6.462409466772863
-6.506563186241791
-6.506366491736161
-6.482342488666642
-6.460239585146789
-6.460713509976351
-6.505806115993963
-6.466903666231055
-6.473825100416907
-6.489764668963983
-6.518525922369219
-6.458690486075653
-6.515711768844432
-6.533545673088573
-6.489720196830636
-6.4839906229514455
-6.525479499940649
-6.4311946542652425
-6.502838264099525
-6.490464087514778
-6.520761517851324
-6.540276841492123
-6.574722294885145
-6.581517633345692
-6.505640053866299
-6.489042132156047
-6.53062061437343
-6.517139895094913
-6.473439432279993
-6.524219739585246
-6.535574907125801
-6.553297029710716
-6.484970126865145
-6.481472465983413
-6.500890190742975
-6.523346282140498
-6.501699411334082
-6.542738831654202
-6.4276735615262055
-6.484174750047855
-6.504830667003812
-6.496398703066085
-6.475174886305272
-6.547393646695056
-6.502228659538021
-6.528893318346281
-6.523757881189436
-6.512376304415658
-6.4778711239266435
-6.50988253356077
-6.546214406805378
-6.488762320802362
-6.483421344675993
-6.546133290413484
-6.474257997731441
-6.526636622894401
-6.52078520773525
-6.554880888050047
-6.556672297627782
-6.535378973308916
-6.530588507364086
-6.487226605225217
-6.522745649131007
-6.5250111984974355
-6.549529584638292
-6.570953644734235
-6.519120754182726
-6.583082320211045
-6.489995316527521
-6.483699124672665
-6.536492110568251
-6.494935612778839
-6.484892426897321
-6.48337506024423
-6.503604903969386
-6.549847755536324
-6.47238115823175
-6.550749088189493
-6.548429910509293
-6.534958443330243
-6.535048502230869
-6.534323964743584
-6.531172192993356
-6.497424008801879
-6.512288359162842
-6.506004357741055
-6.5113459222381955
-6.521005156644563
-6.537135054832042
-6.540995424575367
-6.481390408492897
-6.571407463792979
-6.531625011645694
-6.554003745903453
-6.590042694904651
-6.5647263504793685
-6.533985420593677
-6.534704346915638
-6.527176101331406
-6.537072114171875
-6.5227848510485735
-6.509270854128707
-6.604248187170113
-6.5252866469355695
-6.501729498351153
-6.493112779076978
-6.463185893547312
-6.571956150355641
-6.546120675418937
-6.5311846292609665
-6.580822783258668
-6.544985453454103
-6.5693667218976195
-6.5396698768358466
-6.522196169584138
-6.5033926950684675
-6.504440756887807
-6.527298997487702
-6.510622412131676
-6.540141968977649
-6.507427772169969
-6.577790997612439
-6.552386293225877
-6.526642383658093
-6.524941246552825
-6.518830154073619
-6.547572142622932
-6.564032536261805
-6.551926555151036
-6.550570227424244
-6.5147308159512605
-6.5582526598805195
-6.544926433374311
-6.564037078920794
-6.530322679791379
-6.555004553233293
-6.524670522846574
-6.524529888873096
-6.57076489824991
-6.518942201662874
-6.512007190202619
-6.504594536213123
-6.565081931064224
-6.499758302033817
-6.573976483906744
-6.613714492901157
-6.50749482206205
-6.544109087967602
-6.558953129603504
-6.46769591764432
-6.54721670315664
-6.570340774411676
-6.5189983102270475
-6.516862781360473
-6.532612772646559
-6.551321511337474
-6.495025287466579
-6.535503877999644
-6.601062341851651
-6.570952669966104
-6.536658711409915
-6.510568785499366
-6.5354691877179265
-6.595508237857998
-6.562693845557241
-6.5555977601367665
-6.606025342064026
-6.563828620020145
-6.51750051086794
-6.581964315748279
-6.502710827909947
-6.574370746299369
-6.582641196467503
-6.623992149547492
-6.586788209942771
-6.590732984096795
-6.586705298337184
-6.577876839215588
-6.5905867578283805
-6.555549174714637
-6.620578549335928
-6.655040691987267
-6.610079233127007
-6.537534049101808
-6.636126014684639
-6.55062596520482
-6.596060678530822
-6.557432742718358
-6.5076494468485855
-6.597643833870407
-6.570791139059245
-6.5733787933198675
-6.55380348075621
-6.582433246511723
-6.508063305844634
-6.524550984794397
-6.527074641324751
-6.545556808509954
-6.620322153967706
-6.488607096826922
-6.600011654846909
-6.552196028934912
-6.593076754940346
-6.536065371585815
-6.586403873716113
-6.556330099117443
-6.453512884641301
-6.570872662224133
-6.590273592222679
-6.572665596050239
-6.5894154734811226
-6.577044258827702
-6.574887773964015
-6.568210660535506
-6.531823622347758
-6.5462070659976845
-6.62317702112284
-6.539163747458819
-6.614987683792087
-6.644132114344726
-6.5639282289468275
-6.607329518703988
-6.620135568463913
-6.538881780873696
-6.650685871724621
-6.57669737550735
-6.620968660766653
-6.599690039382039
-6.562198300181439
-6.611252609836268
-6.600505381882897
-6.583580468087051
-6.621043959182993
-6.598166137554042
-6.584214917107357
-6.615261649809227
-6.576386297004318
-6.633954486544555
-6.645673077460696
-6.622134780802579
-6.604957818329698
-6.604600132210995
-6.657426078245674
-6.550083095508225
-6.567904700067665
-6.64400868232098
-6.664833246547144
-6.593250797731582
-6.592148314166413
-6.5873207298995
-6.5916222968507885
-6.647994184310527
-6.566828642628737
-6.590395903654791
-6.613216657780102
-6.615195393385602
-6.537183530144332
-6.613473072008222
-6.569408091724345
-6.619766463735925
-6.587106395373616
-6.640603147125201
-6.645235781518074
-6.605719472455795
-6.542821207301131
-6.615060202370865
-6.619757269545854
-6.607639450586686
-6.676932240695766
-6.579225742451086
-6.614408447473426
-6.610946201039248
-6.626179704278662
-6.5866776240295355
-6.612441462929294
-6.6271123479120435
-6.658879594568034
-6.5707999043794985
-6.564314855306705
-6.686703775069656
-6.618036854367659
-6.555666401167688
-6.532854708899207
-6.662527054221134
-6.6156081703500185
-6.64911496324652
-6.5876726519464
-6.602121131856492
-6.596926957333213
-6.633540658737587
-6.628126124530002
-6.576759430426195
-6.582987105088624
-6.571655637030581
-6.59712341673196
-6.593951600423066
-6.656086519124431
-6.58529138727361
-6.6328854410715685
-6.612960853392838
-6.576806813780644
-6.585910317427672
-6.644258739156538
-6.661564414572959
-6.631346804782071
-6.684179526967814
-6.623295785265547
-6.642537966036567
-6.638476873294749
-6.7036030143546625
-6.608264715526868
-6.637440989847595
-6.618699301283532
-6.637043499216171
-6.626547477356752
-6.628757417608281
-6.619971755315458
-6.6324400402844095
-6.595759592101043
-6.615633038315517
-6.673745862370453
-6.610674470020825
-6.6637121447333785
-6.705441798104793
-6.60636153569132
-6.637019528164571
-6.612315413485556
-6.6667396829000225
-6.644369400543394
-6.640879953825096
-6.617783571822165
-6.625625882464185
-6.684439248126606
-6.624726787334848
-6.690552603952675
-6.631778809342379
-6.650609533590679
-6.6470840341383495
-6.680226062825454
-6.598244941083829
-6.633053224211435
-6.626855738667037
-6.668640785371531
-6.620058332992558
-6.618102606999642
-6.695030233691677
-6.652018409151321
-6.6486160421618585
-6.695583122099548
-6.674778253988838
-6.641037403023667
-6.628223374902513
-6.6659709362344435
-6.6729902238148275
-6.493234492939756
-6.63215267379603
-6.689745518394986
-6.664669230508394
-6.59638830445872
-6.691288340136021
-6.553085273128139
-6.661220327485683
-6.705302913699156
-6.694035405563973
-6.695976307214647
-6.582178627988987
-6.653160641690682
-6.643865627254868
-6.663416270014171
-6.713443589465263
-6.5934397420268995
-6.643740303127074
-6.609525391372684
-6.69049817950976
-6.6479156492355
-6.736419257784352
-6.6769610755127164
-6.658040272820985
-6.663143396745983
-6.714226754904249
-6.6169983613107055
-6.652766221527975
-6.70295911295755
-6.712660591087779
-6.626344554525328
-6.680343945593987
-6.550486945112709
-6.622939222145978
-6.647953391771338
-6.6562301807813755
-6.62076200249997
-6.684900761758401
-6.6709818243642065
-6.664384951236663
-6.707638260915124
-6.671225186172091
-6.685661458244417
-6.684622115244074
-6.647088946699007
-6.548273850960822
-6.704561361527071
-6.703080758299456
-6.644152605157243
-6.597064123178706
-6.674159204226331
-6.6940391423094106
-6.673231295637061
-6.671319173294487
-6.660297980779639
-6.701253700355562
-6.700486341609707
-6.538369440470105
-6.69005446108266
-6.717715497187253
-6.587865888862449
-6.594732641979042
-6.697627073137844
-6.583571320280102
-6.666963632354217
-6.669909714851085
-6.494127930585603
-6.5424948428291
-6.598967763812256
-6.592844725008792
-6.546149624670791
-6.669625234601179
-6.643616536521318
-6.597360680192179
-6.574457678105692
-6.7409748136976795
-6.6464938348522
-6.699541355536754
-6.716656986998514
-6.5929724996662165
-6.669165950365249
-6.713363686796235
-6.735570923046968
-6.736724640701663
-6.694803627727985
-6.572921185576854
-6.675234108354599
-6.702659687665346
-6.677779326500839
-6.685355738738844
-6.693847903794932
-6.7172397001649715
-6.700267989053518
-6.706185018906649
-6.6771253723736725
-6.587584700346413
-6.588710618152952
-6.715581199591305
-6.646188566721893
-6.718302643775928
-6.6375588978219655
-6.668053721503054
-6.7474002801345465
-6.682258239899321
-6.673098888355146
-6.615995518689172
-6.7043380554456355
-6.750351230881742
-6.662334549854157
-6.72552331487201
-6.700110723208903
-6.715762216717839
-6.752504032059145
-6.66187132706251
-6.626692148040849
-6.705419912493055
-6.717257514611418
-6.6967948702353475
-6.726676447546332
-6.670928801622736
-6.746026418466179
-6.658261513288988
-6.69638253809291
-6.684988582962983
-6.608366456927323
-6.6213323758305656
-6.721653756864672
-6.611904088524568
-6.669406738786347
-6.665800176527206
-6.631543482004712
-6.7104675660102515
-6.70243227344717
-6.627588705743877
-6.706340016605219
-6.6774640203204045
-6.757445458209083
-6.714278344255367
-6.7760090534940565
-6.666948574978503
-6.635581264449394
-6.687119065599174
-6.712775827127621
-6.675075225556508
-6.6797536083497056
-6.668889212697318
-6.7510948494486875
-6.683968044501826
-6.696735519578578
-6.689003458113728
-6.686665186968565
-6.698303416981156
-6.705333320467293
-6.750705474777472
-6.708858864024563
-6.722115912332353
-6.754914615289035
-6.723106278749383
-6.773257269094876
-6.713990662732726
-6.719514000294803
-6.764479416382115
-6.679409538532264
-6.7468265678876636
-6.7459206937162195
-6.709228400547719
-6.688335098093834
-6.770018008897502
-6.678553012761125
-6.741301204220209
-6.713949839461913
-6.731779697816991
-6.747038869921351
-6.714023176234128
-6.770109147590356
-6.6927502831050605
-6.75197670665764
-6.752942045034548
-6.761038808979348
-6.782772910663134
-6.747406684895914
-6.720852424285529
-6.742366958733368
-6.730611820721733
-6.756619334855317
-6.744692306003408
-6.72043027937893
-6.757776448696304
-6.745439525661624
-6.7574591877112615
-6.816044931994722
-6.7311663018997265
-6.759260035429648
-6.746607894714611
-6.679130745095742
-6.723307982988903
-6.6809551072661195
-6.7641841115502
-6.7420084142874845
-6.782557422121172
-6.746466629465271
-6.795630325385426
-6.765702140047577
-6.7274353621312635
-6.753987050416814
-6.767575006816656
-6.724957488708167
-6.662708127483824
-6.7672051033459555
-6.769571998905558
-6.757983688632016
-6.7945877826568
-6.82507541934712
-6.7507183414357925
-6.747274053950749
-6.74412964278282
-6.683145123047253
-6.778210501573034
-6.763438786944852
-6.738134539534085
-6.747121106014418
-6.686523997043584
-6.731288602637711
-6.7363495285571275
-6.755500423691799
-6.624579910357979
-6.781883641492708
-6.84836899173763
-6.7826746353030005
-6.780156441249386
-6.726274566492464
-6.734308033801759
-6.789226072747261
-6.779059075101618
-6.686516004578801
-6.811693572129336
-6.780879146748639
-6.794761217127562
-6.800038796197237
-6.735964090778616
-6.808812701732522
-6.782771547199035
-6.770854370046315
-6.788694673533449
-6.763610186293985
-6.783968296617418
-6.780397639383022
-6.859804638533712
-6.765288171638369
-6.765749353102653
-6.78488800270454
-6.7469351235519035
-6.748548389871664
-6.846489292356293
-6.8049811978336905
-6.784961298259758
-6.83436977200277
-6.860167925393258
-6.768109376960625
-6.7572619718930715
-6.8115342659415745
-6.840045810808697
-6.668798723543039
-6.801611745956972
-6.78406809977315
-6.76817812909392
-6.8067201894585185
-6.783160823526959
-6.787646307242714
-6.778429176862165
-6.823172825572867
-6.752620646309115
-6.783042729178028
-6.807362315488574
-6.7922431181258505
-6.815675395953765
-6.830429536298007
-6.756035161390414
-6.822416651223432
-6.790500561488146
-6.759306573176065
-6.816386343381307
-6.814220405908613
-6.800870338113687
-6.8002895556562635
-6.771837283405784
-6.663779302520594
-6.787689745054033
-6.8133214239225595
-6.812311837435047
-6.775503141715705
-6.780979259460981
-6.829971892427178
-6.810623471769813
-6.8215460196583795
-6.7818624174283775
-6.802852973917073
-6.760810936754675
-6.648646364025737
-6.798075578663485
-6.793536292371055
-6.821842700546499
-6.810490149931794
-6.808911393931183
-6.8018657010825905
-6.836173978558264
-6.78841754173011
-6.821564886557788
-6.792400745094362
-6.78254461315962
-6.815574997590845
-6.794765981743466
-6.851129941409461
-6.800187534512624
-6.83916002442537
-6.812120187074754
-6.805045455593478
-6.769908123767287
-6.782136413209601
-6.825666748901378
-6.840571340305657
-6.788272691999225
-6.853645122697107
-6.790059418056902
-6.784747534227463
-6.792319816447616
-6.7963563152036075
-6.790034736422453
-6.818837051486681
-6.784417134465837
-6.778284277465534
-6.822147840022028
-6.803751438935766
-6.861629500299876
-6.779696096115368
-6.787679014100992
-6.849787294535476
-6.828231993521837
-6.860005699138437
-6.8750237906338505
-6.823389266942505
-6.807189291415097
-6.809333858127141
-6.823462613980739
-6.79628857804612
-6.788941559476115
-6.8159190347512535
-6.830743815304359
-6.815288064805585
-6.865569565540911
-6.8456081535675715
-6.848776184700369
-6.870481017785479
-6.788899707114401
-6.862431164742887
-6.812833715842551
-6.831913374623581
-6.814500658344793
-6.831005162189183
-6.837924653656042
-6.90176732611841
-6.809848975905125
-6.8292162144761095
-6.8677148800177665
-6.821643456869239
-6.83983464175417
-6.675197773861598
-6.865566591714014
-6.815710991599281
-6.876495701801566
-6.857194738373732
-6.872435696086551
-6.711412082677317
-6.819845438593699
-6.875999450424219
-6.825846496688789
-6.804566647419191
-6.88220453351603
-6.854708048160553
-6.720597282794313
-6.758958773324157
-6.882386282569939
-6.808727084849638
-6.715653087214645
-6.885499811988727
-6.794265680403503
-6.81788284820787
-6.816470346271984
-6.830042678949846
-6.852860381112158
-6.875104686955391
-6.873297623259261
-6.78835606377922
-6.898481275004537
-6.901506918495237
-6.75282297705909
-6.7570634529042195
-6.860553194477288
-6.877140986252428
-6.8137024566586595
-6.830348982875711
-6.854272197100426
-6.875519122144685
-6.897447009405653
-6.8595710824347975
-6.866764805655852
-6.918564905482083
-6.905778888168282
-6.849061024202614
-6.864252810489649
-6.874996304242723
-6.887781540526113
-6.8585957178336985
-6.84854533734726
-6.809889287399772
-6.887538768803818
-6.88106266724944
-6.865524070724603
-6.887412637287572
-6.8494174855783045
-6.872429786693101
-6.905136225283456
-6.965199249352037
-6.874420243484204
-6.880091130695792
-6.921138436152036
-6.912392712882746
-6.804819300671756
-6.910041766033449
-6.845294746508067
-6.905621570324023
-6.826607036150634
-6.814606866047211
-6.902947911112962
-6.821935432299243
-6.860139626577788
-6.883842234376182
-6.938815982267795
-6.919800884493205
-6.930166305596669
-6.869730519671258
-6.814856027792486
-6.909385043571127
-6.922017497077629
-6.9220206354443325
-6.889373014559297
-6.905157802307548
-6.897370616849731
-6.903679041838354
-6.897019520341259
-6.868862286765545
-6.8765494188461425
-6.847176098443869
-6.881947133825775
-6.902431722684939
-6.910026499319219
-6.9084871646615005
-6.83439086801949
-6.879124689925314
-6.929029028037782
-6.847208558467466
-6.866080359334622
-6.852017536941879
-6.921207528631982
-6.85884607521394
-6.872178663047713
-6.944241923791259
-6.876811557251708
-6.853827712210886
-6.969147898919949
-6.887036997856247
-6.846625869509305
-6.890850474724238
-6.892898670748264
-6.901417084719997
-6.932791613633049
-6.8785078921898135
-6.95700685295367
-6.981710753656356
-6.875243195237707
-6.929003512541228
-6.878413650139311
-6.928610506022541
-6.868709175235407
-6.873814053421578
-6.934763113165545
-6.898169253525656
-6.936628522594893
-6.949497149404832
-6.861286644671741
-6.930370105779804
-6.821272737566344
-6.940249703221198
-6.901495165717508
-6.901909466396808
-6.864637497206956
-6.948043279092715
-6.89785217306931
-6.936361205969321
-6.928734604675269
-6.922568431703756
-6.902497339208586
-6.909936489069607
-6.890357210637179
-6.922000741741056
-6.877990815924786
-6.877683789176446
-6.866534875649203
-6.890583583455954
-6.886991630531921
-6.854450869190058
-6.964209476744924
-6.906328391617802
-6.8999374060570435
-6.922304204288008
-6.908572015290824
-6.915928735933931
-6.895103980655633
-6.894300608912501
-6.950020300844469
-6.894257087967964
-6.843459919378427
-6.89612658754341
-6.9556984505031325
-6.9144918362786205
-6.862214027962586
-6.893358852898977
-6.95636604043877
-6.8853330064188185
-6.944286655331786
-6.934611157066633
-6.945880076660217
-6.929444001939071
-6.898326112684365
-6.93003384876963
-6.946535592407876
-6.907504318069261
-6.990808636533186
-6.9028624414193915
-6.945733091764628
-6.90217819570244
-6.951829630296827
-6.889533735847646
-6.919699935806545
-6.98344622981304
-6.974429096377225
-6.933617360703966
-6.976136047111486
-6.977212590860763
-6.954313691319261
-7.028910705986023
-6.918921524585682
-6.967197253917854
-6.954067236465139
-6.929291688302304
-6.958208415487478
-7.010002595175489
-6.9137138394508035
-6.93957179670031
-6.992770238331694
-6.992573434440904
-6.9864481306926525
-7.014556380477862
-6.971314603397186
-6.953660564253854
-6.905439215526093
-6.975465163652547
-6.980160888511534
-6.952038139146251
-6.947980473369815
-6.921317007313305
-6.9568813705103985
-6.976339105434325
-6.968773102779746
-7.022126367079604
-6.906056013245598
-6.944970063778877
-6.916943481283119
-6.953441673496823
-6.928023297812344
-6.942810107577438
-7.019507884005819
-6.946824392283151
-6.926959932073068
-7.044337707946906
-6.97426719437
-6.938421180453844
-6.951716843903291
-6.956160763822921
-6.98193615175892
-6.984833002358444
-6.919375388163992
-6.9565995931110045
-6.961512292789681
-7.01343111094268
-6.990929385280713
-6.965745854999837
-6.996882519824975
-6.974904765075293
-6.9730295401162925
-6.947847059784653
-6.9583284513576515
-6.958083780785675
-7.054735746490123
-6.9733594022293435
-6.997397607306069
-7.025633132986766
-6.953946090408323
-6.978335233785408
-7.013770338459699
-6.935189819361074
-6.946736350708621
-6.989738278212781
-6.9835712508578105
-6.937878199776005
-6.937288630336609
-6.980863099619107
-6.971736212695105
-6.945438761129761
-7.01461603360897
-7.001602795682453
-6.939003945539378
-6.910118201810231
-6.9305054888816775
-6.949521450905465
-6.947099132875948
-6.927088109291318
-7.017997699636297
-6.93576892106503
-6.892883039468289
-6.997283430348343
-6.991104365497254
-6.99401242627273
-6.985345956025296
-6.93999489245733
-6.972251721470261
-6.953627990669014
-7.011774274448823
-7.034269719576709
-6.976811805296286
-7.014703595567852
-6.984862199577778
-6.942909901490168
-6.984177469724958
-6.966729706595626
-6.992730403035768
-7.053520173896087
-6.970704790636356
-6.966454638016654
-6.975467822252373
-6.957857075466666
-6.991702398760568
-7.0499840400224905
-7.028000064716058
-6.963138327405388
-7.026188846071841
-7.044015046450724
-7.031014308997635
-7.009010906109558
-7.061184337790779
-6.986654685249363
-6.978952215046291
-7.027526244005422
-6.905129733268426
-7.014453259562443
-7.040061237816801
-7.014004840941536
-7.063918637351707
-7.004406216911173
-7.041180646898109
-6.977414418634457
-6.992208498324314
-7.043534921797373
-7.057919477400533
-6.954600268992927
-7.025749685887056
-7.047353861367478
-7.055402981458336
-7.023649059676394
-7.061582883519631
-7.047513183256122
-7.016910354870537
-7.0266104691185705
-7.048950544787089
-7.019622587418927
-7.048948448750718
-7.047113726664496
-7.0324118942743015
-7.0213267560041395
-7.005136675523288
-7.10068749441774
-7.052513467714111
-7.10428352504523
-7.042089733057548
-7.055095384831464
-7.000225175404992
-7.003790232575906
-7.0918804529097335
-7.052848320608681
-7.022199210533147
-7.0537184525608145
-7.064423608845033
-7.065695611032419
-7.080358129194758
-7.03217707259269
-7.00431911535144
-7.047100104379773
-7.062913136900453
-7.05596338326255
-7.044524130274919
-6.9820795684723596
-7.051439476410855
-7.008231718264113
-7.083944969644685
-6.999254655611307
-6.998196669168974
-7.008160157516641
-6.981068504253033
-7.061507087204906
-6.953512877099188
-7.079304733604655
-7.089085991177827
-7.087547890857749
-7.0129979727720455
-7.018628020385451
-7.068541607789718
-7.055397483853151
-7.03332081081626
-7.01396460793208
-7.065177991017035
-7.091323540343474
-7.030979965342134
-7.1323033624367405
-7.0693232434775055
-7.042324566749724
-7.065967264369212
-7.070378379650304
-7.041702489383457
-7.076702261568375
-7.078175094945569
-7.107168734076294
-7.085390184159462
-7.097897977379873
-7.073238927317113
-7.071275341902916
-7.135053946639708
-7.065218590938122
-7.090977393012803
-7.045648801777017
-7.080733315885498
-7.011645355814254
-7.016241125157315
-7.127314592132909
-7.087475179245508
-7.151753122236208
-7.1451947630114
-7.02040941325215
-7.076931811113804
-7.084253592447595
-7.050117061970619
-7.13753926056799
-6.964575480105402
-7.053974436678228
-7.035111497783527
-6.949894045539795
-6.954601798315962
-6.894035728232035
-7.104925800668011
-7.035297779849761
-6.744451411027291
-7.099757173613812
-7.09007273282531
-7.130650258621296
-7.110485547876957
-7.051845090948584
-7.098044924797886
-7.068691077162772
-7.065329992124148
-7.094913550426728
-7.111775982817159
-7.0235076587740055
-7.028311377602572
-7.107951905814814
-7.116030649527501
-7.100337904746431
-7.05431202362434
-7.062981172475995
-7.145047940092055
-7.040179912648409
-7.036375241753214
-7.112917231892789
-7.020367969489397
-7.045935399171227
-7.066106379317039
-7.101302584692684
-7.035462728618237
-7.050305090754032
-7.072368892468403
-7.093011325568807
-7.0471228142744735
-7.0329923774822065
-7.079319615786627
-7.142785908512652
-7.068724761797113
-7.070034331032334
-7.099407642993976
-7.20664395891652
-7.149038386175977
-7.147868612321834
-7.121361423111606
-7.120231045912225
-7.0755244631606615
-7.082759487796101
-7.065159073986223
-7.0527283103635
-7.05299104154297
-7.048691661602622
-7.102666083047831
-7.1253629291073315
-7.120969237950267
-7.115823306766483
-7.065320546209865
-7.13871936132715
-7.204066916333495
-7.115350964220735
-7.1335981688284456
-7.0985918061956115
-7.124663953054344
-7.167984625356069
-7.194498834782259
-7.1182776735524245
-7.147487497419741
-7.037857229777372
-7.126100096014216
-7.096440697217332
-7.1167628219724115
-7.180879705399175
-7.116007183992652
-7.146301940813143
-7.104809481614186
-7.101601047576153
-7.1979943115640825
-7.117017935874815
-7.1929562079936495
-7.123189810536324
-7.188191141206268
-7.190571808280939
-7.176750990286877
-7.0836141367872445
-7.141572850878456
-7.115994672868715
-7.114435074691889
-7.119041960065925
-7.14881902509528
-7.115323984766878
-7.140138418559622
-7.175028501230429
-7.146674022269885
-6.958488527274513
-7.162221534731701
-7.161154273855536
-7.177360961693767
-7.183020791549907
-7.15573495136559
-7.152073100340878
-7.17733900571136
-7.110224446845604
-6.99577084843769
-7.166554072266585
-7.181761787477469
-7.085599725199284
-7.176502610683848
-7.1064815461293325
-7.118455155898836
-7.109609804617922
-7.198926616869883
-7.198522433532661
-7.13853825039781
-7.16050878789769
-7.115009491461807
-7.1519416370739215
-7.10669997964167
-7.17316096795973
-7.190898545887797
-7.1474115967488645
-7.16684013238077
-7.187258441806586
-7.1786107333715705
-7.201035629238405
-7.181425042734649
-7.2338463535229485
-7.180711345606962
-7.1920948053424585
-7.142312545476695
-7.119726202696386
-7.199317912618127
-7.137889275714501
-7.126011474235543
-7.1946541041885625
-7.133054652191586
-7.217600564542458
-7.18321316831743
-7.20254601606338
-7.17682424247675
-7.150533807695549
-7.2325671474855815
-7.191258794879926
-7.160138199589655
-7.192153037511151
-7.144572145459079
-7.205016672757259
-7.206832570113889
-7.137591419733751
-7.148742243790071
-7.161565676169452
-7.135257805942415
-7.199014887517326
-7.254589393958233
-7.220626561809637
-7.147317292707505
-7.1582560072168295
-7.137943370920022
-7.226272621066058
-7.201367618763972
-7.206633314219211
-7.226629787451064
-7.196311256929983
-7.221622202992148
-7.180273725557966
-7.1897656835327375
-7.0727327689311625
-7.220843043326148
-7.163046319747571
-7.185009251003573
-7.256328430372941
-7.1576230916648305
-7.179576870186543
-7.249249055597367
-7.196350906288082
-7.249572739680929
-7.197628522394766
-7.185415159536042
-7.125495195074809
-7.2006453682293
-7.245048265183481
-7.1823925091335346
-7.213189999346433
-7.184824862324773
-7.235976386267516
-7.1723189053283924
-7.301612554063458
-7.292594160343302
-7.231135814279996
-7.2221162140288975
-7.272090434173119
-7.229590550936834
-7.18943566935823
-7.230088635296433
-7.259078113145897
-7.220529603222698
-7.174387504374569
-7.255297583181933
-7.176175240580587
-7.227219579155349
-7.235939094474205
-7.138559403705461
-7.208968605583403
-7.182333818413309
-7.017585296730788
-7.069972213283484
-7.221414678881423
-6.915058574285067
-7.2855060632295014
-7.250734834601424
-7.288880981644308
-7.183914915183675
-7.185080478399262
-7.27416820580935
-7.152205282498899
-7.188896567226234
-7.142591800748339
-7.186902048895575
-7.224027079842411
-7.13382056676479
-7.070842662094757
-7.1366985831725405
-7.174264563483142
-7.120766805029027
-7.206929620838557
-7.099126418353092
-7.125771506439172
-7.12464147876188
-7.106154633249796
-7.1258721981976
-7.122577706280696
-7.176272202062414
-7.1320010868274055
-7.095147361471551
-7.164497837059717
-7.155793671846118
-7.141250497643968
-7.067349881012277
-7.221880773959867
-7.154459141416267
-7.188829850940095
-7.142931184665129
-7.204816358498582
-7.129359381634121
-7.189790728569367
-7.198436712771944
-7.163389800060402
-7.2307106997698956
-7.261003544502803
-7.203930352829126
-7.274630925166767
-7.2277859056965275
-7.203082471085998
-7.184038974367872
-7.277591465866647
-7.286298304232083
-7.244214379185158
-7.291844785123875
-7.238008266733906
-7.285221110869313
-7.271663301996414
-7.241878716673162
-7.245846955149152
-7.230983640752538
-7.259355334094071
-7.259887774045857
-7.196370446350082
-7.2242594174587556
-7.231578023968492
-7.329509631207064
-7.240032092674432
-7.254677562849394
-7.225984125928348
-7.283052356058893
-7.299554015869368
-7.2835552942037625
-7.233641971953135
-7.278792784167234
-7.226519854298633
-7.217790336297175
-7.257926129697423
-7.2111071739072745
-7.318291842601794
-7.271138049508192
-7.264799109834524
-7.30981890768502
-7.316244929824227
-7.237102504926831
-7.289435925834198
-7.352301226299963
-7.278156065948121
-7.276427122441453
-7.19589826235943
-7.280367237220874
-7.308243979805603
-7.295313688366301
-7.287567171093191
-7.250375722997636
-7.294755050988684
-7.2571438784681055
-7.304529673407339
-7.283885360462214
-7.295331605936781
-7.261799304508506
-7.282991442401467
-7.221540950843295
-7.245813202780001
-7.276026695995594
-7.209062274076658
-7.213575273631894
-7.32424588054212
-7.259756991748373
-7.310558769347683
-7.297696175210418
-7.233240203989493
-7.314672681331254
-7.221473221911622
-7.274525607807512
-7.328910415299098
-7.270703215684915
-7.374173754031876
-7.26885019496692
-7.292319712681426
-7.313672799842677
-7.258739423295943
-7.286315497352643
-7.292972503307289
-7.3110632256545545
-7.314342610137405
-7.276298199673859
-7.3446918853341785
-7.311143623667246
-7.318060382801398
-7.314861704144476
-7.2487880356872925
-7.243301239201795
-7.24503438362508
-7.322965208190503
-7.336098214979123
-7.2831814724074775
-7.324205870953624
-7.3388682828033955
-7.287626629313384
-7.368047629761567
-7.2794233921686855
-7.333707123473291
-7.310650204474931
-7.2719017870565885
-7.287859872792907
-7.285610729386324
-7.284937795507613
-7.293984105830353
-7.312239796983957
-7.30655545777709
-7.2814505194954116
-7.342032766429925
-7.255440102461318
-7.288266106419428
-7.318860458329105
-7.292084896412324
-7.306943748189983
-7.2926669256140855
-7.360148237157503
-7.33893589835308
-7.295830302681582
-7.323445876888099
-7.3222219690442
-7.320234955618206
-7.316819130533819
-7.323960190064802
-7.353026124415492
-7.283480296889632
-7.33835802801131
-7.3076367657892805
-7.329165681198858
-7.307208329864209
-7.333648906540425
-7.3270975290397615
-7.332471711102929
-7.347345547957253
-7.27311422775544
-7.323508031638181
-7.318525242765789
-7.379718351870341
-7.287166095745332
-7.34865902693546
-7.342714968624003
-7.292966721193091
-7.276887579896513
-7.361025024741444
-7.326749677414878
-7.35246984827674
-7.340680890196801
-7.379397116724123
-7.366567848795334
-7.294205481250753
-7.372160192309167
-7.3319015365067814
-7.383435593907858
-7.326288420026458
-7.405756133770595
-7.298584193273612
-7.316482645660641
-7.38456443237114
-7.352471844774844
-7.344639632995147
-7.346077023992954
-7.362363719853781
-7.355918451025353
-7.4021538029306555
-7.343567589300456
-7.43166308025678
-7.326223448893079
-7.341806886684818
-7.400289329265312
-7.337055233127505
-7.378184152413117
-7.288132579489025
-7.306743372273704
-7.392332145160502
-7.3612607681401885
-7.372717694518851
-7.416765050062736
-7.420640256820903
-7.368511705916243
-7.351030627814618
-7.302130636840147
-7.378733869472829
-7.3285826085224715
-7.404323756225515
-7.390709070909825
-7.357242031814081
-7.363252770291682
-7.37786056883791
-7.385591933349833
-7.428668506438697
-7.416393574139924
-7.3986754294487085
-7.431428091954046
-7.340660989859933
-7.3856822755701295
-7.343490427001405
-7.395250399434339
-7.228289081855218
-7.305885382643304
-7.392185755482984
-7.321451354167495
-7.414278898358565
-7.427261134467873
-7.272332901536851
-7.269275797490008
-7.348657296469238
-7.254661195765768
-7.2953221827414145
-6.847880066200219
-6.8202787478064995
-6.658943870133817
-6.33353981844045
-6.336127298494439
-5.846303986384745
-6.12393728769291
-6.004859978574008
-6.449981680815639
-6.085163403525087
-5.524814671819048
-5.564796160021335
-5.506004627067924
-5.510087136467945
-5.5049715499137735
-5.4957856339952285
-5.504707648327759
-5.486346855418373
-5.494993098216534
-5.492670788012209
-5.491049614150587
-5.488014080173702
-5.487868447857087
-5.497856645620242
-5.490130507485562
-5.483506243564989
-5.4810770784356935
-5.498938442684374
-5.483928235915916
-5.5022604403777535
-5.49494342163516
-5.497465205992549
-5.480243468310083
-5.49247760948614
-5.474542407310607
-5.5037389895703015
-5.4953499462966535
-5.498667679923793
-5.483261023966505
-5.474661400649276
-5.499507608621084
-5.501588791267798
-5.491876723470265
-5.497830017941858
-5.506648361376239
-5.489723324973119
-5.497682516613832
-5.483567243951362
-5.489198951096278
-5.488952764291057
-5.495733581638267
-5.489288760063178
-5.493705803199052
-5.520630786312209
-5.485392913907706
-5.488794930795489
-5.486304690769565
-5.494972359927996
-5.510316126111753
-5.481013089279109
-5.500974530971213
-5.497920650904712
-5.4799607547409
-5.4946521369557395
-5.506712376946108
-5.493171439436119
-5.49169646331713
-5.491451236956864
-5.489431410765907
-5.488939592778852
-5.492557696863443
-5.487308144215359
-5.4993970476762835
-5.496492060562326
-5.4900937983203395
-5.483572043407108
-5.473778380264669
-5.488009310914368
-5.491067654825238
-5.486874412959901
-5.4822719431876035
-5.491640529831713
-5.4898468218450915
-5.501846062376017
-5.486981454636393
-5.49572971254771
-5.4940420883357
-5.487290975861571
-5.4920197418803145
-5.482244746622301
-5.4892703015005315
-5.504308468894331
-5.480706713603524
-5.482353881658636
-5.4978431714012785
-5.483507335735311
-5.4840610356471355
-5.495785684930972
-5.487398342448368
-5.477287853597802
-5.488930716703596
-5.505976019610082
-5.48876110117636
-5.495697252212114
-5.4752925145594284
-5.496001953284895
-5.510283771325067
-5.4784274926397165
-5.483022808922598
-5.492445306484171
-5.499670345251644
-5.473292523941088
-5.489166442522929
-5.496389643850604
-5.50113012544936
-5.491504351757201
-5.4908755699841345
-5.491254226625256
-5.488232739907466
-5.485974688957646
-5.486098895889387
-5.485516910177281
-5.494226623619749
-5.4980191182923095
-5.4892529485831485
-5.494044845044317
-5.484554699722521
-5.498803725361828
-5.510182245463762
-5.486068247275712
-5.501688926701952
-5.4935475807381735
-5.501038053480357
-5.485789524004924
-5.506377646649536
-5.48658825412709
-5.496132867888918
-5.4777916074924455
-5.492400874634803
-5.4907975416827
-5.4968381023145
-5.489422918168645
-5.502047459249098
-5.4944918552196915
-5.472880910835032
-5.48416405222808
-5.486803196182572
-5.480017404517601
-5.494879566771623
-5.494002739606916
-5.476415995480707
-5.485343100731346
-5.493599357582276
-5.499151112662839
-5.497317230353167
-5.5020068513649845
-5.493090020266117
-5.508300816007036
-5.502548150392164
-5.484186854776704
-5.49450155548015
-5.484171477113886
-5.491851325809454
-5.508591026253757
-5.475945862242028
-5.490693018579616
-5.498768456967708
-5.499709228050428
-5.491418055938941
-5.491111328171883
-5.482576221162292
-5.489604876088673
-5.471001579620257
-5.504787378101495
-5.491502770933225
-5.49026711862438
-5.525087372270998
-5.487710366772166
-5.491000748801567
-5.492027113578324
-5.4884401935929805
-5.491795507426902
-5.485386597879435
-5.49383490959319
-5.487273356864751
-5.486387559782617
-5.478128478366868
-5.503234594748989
-5.506659394009286
-5.495157878163744
-5.501932213757385
-5.4867602513328295
-5.50236845683778
-5.487708855730405
-5.491542135129916
-5.484579981364675
-5.489383598519734
-5.499184191585137
-5.478605772416711
-5.48462184492131
-5.48264609986663
-5.483328532127179
-5.484703962310544
-5.486495540017106
-5.48424845976586
-5.493912013867922
-5.4901936299022065
-5.493161677653495
-5.481849774672463
-5.488627801530631
-5.512422680447177
-5.47735555594425
-5.4979812255016505
-5.492295208147385
-5.4994294700197495
-5.492595749946766
-5.476554779575
-5.500139003666857
-5.502916918316853
-5.484958018773155
-5.511455879939774
-5.482359116638314
-5.488217297054239
-5.491347785758826
-5.482923051377424
-5.481792926620951
-5.496037620497046
-5.503017170428385
-5.496372053682754
-5.491690996468808
-5.5119648146649665
-5.490214303989962
-5.514048921861655
-5.493046197044943
-5.504577780068091
-5.490814806312363
-5.48282803226515
-5.48101355244768
-5.4895620181050635
-5.486231880744988
-5.489385102631491
-5.500405693862206
-5.5098480558717515
-5.500838634356128
-5.46984901911503
-5.494968603087745
-5.479060307190058
-5.481616073651449
-5.4990809705819395
-5.496081903145108
-5.489949699422091
-5.5014894342795735
-5.4871694562917845
-5.494063576246782
-5.495140751958857
-5.477206895190292
-5.488038446734462
-5.506260067478332
-5.496226974568475
-5.503030772915064
-5.501674451698215
-5.484173157135382
-5.497460420482634
-5.4956060753517475
-5.483705388940113
-5.503477818121535
-5.49298666475822
-5.495904066346169
-5.489156108233357
-5.496314983458407
-5.496462091307105
-5.492673866665548
-5.503350422277433
-5.482404296911518
-5.500102365162505
-5.491725104468397
-5.488495920782958
-5.50242509942263
-5.497979948066799
-5.5127279043883375
-5.489870262266291
-5.508844905687429
-5.500974660547105
-5.502247558600828
-5.51512196701005
-5.495618326128092
-5.5160385984521705
-5.489298782593512
-5.484588695613365
-5.484604806660661
-5.503532701411335
-5.494347558469396
-5.504858501758835
-5.481192364708741
-5.491620273650623
-5.487738499332608
-5.494640210883544
-5.491380966765668
-5.500353342382468
-5.484165844529642
-5.486388408678092
-5.505479673549782
-5.490826208130702
-5.4878599088629
-5.503897040996998
-5.497260846499249
-5.488181303936495
-5.490322888551422
-5.491134286620838
-5.49949314914345
-5.498450381224399
-5.502117067112272
-5.474480285141147
-5.508781143642845
-5.494969077759659
-5.483958685885108
-5.488001121520396
-5.506165791119886
-5.4984387826195835
-5.497093298770887
-5.494501340428936
-5.476870112912344
-5.489085999398618
-5.4929174890397725
-5.490361021775061
-5.480662938720432
-5.497867594890063
-5.50141759397567
-5.497374527358168
-5.482335879508887
-5.49058526359748
-5.490430024283957
-5.4976398090859435
-5.50041213317229
-5.477001117141974
-5.490410488391359
-5.484283603681142
-5.4933226468974
-5.497744421095648
-5.489694280814454
-5.493196914509316
-5.4991126724194785
-5.4909039009276945
-5.493443954113101
-5.492471044119334
-5.500401011089892
-5.492451555088348
-5.491643040370884
-5.491668153763907
-5.482442005026397
-5.488959698477952
-5.494838166636282
-5.491826666570141
-5.492724054369514
-5.504505830613093
-5.49512618442118
-5.494009689664111
-5.511019129534176
-5.520912867955605
-5.491587203805303
-5.49948470218928
-5.496129718035672
-5.486937177960494
-5.486047666493125
-5.510465978061557
-5.482782595441156
-5.503620398695697
-5.492651807391394
-5.491360572257953
-5.489551537818745
-5.510665743086459
-5.499048499373707
-5.488990518844592
-5.494692372517775
-5.482899333351013
-5.497232936046311
-5.499733343448796
-5.504448035993292
-5.478247820012002
-5.490404319132178
-5.487741398252872
-5.494487811093762
-5.489847245275733
-5.5000629273801245
-5.487034924902641
-5.52339270633154
-5.4830163581071485
-5.4906911125497615
-5.483800130291887
-5.528453708889079
-5.505367070044376
-5.5024365655027445
-5.494635213442031
-5.49988446152952
-5.49237992411063
-5.508083611238491
-5.502010176860931
-5.493182832002742
-5.506058317965996
-5.508269046873622
-5.509041854780163
-5.496706926024959
-5.52343116583414
-5.506593079112932
-5.50919134364937
-5.478937126264338
-5.4895424996789295
-5.511699766049747
-5.481550726554759
-5.499342908635126
-5.491402958618846
-5.50982128049081
-5.507812718208793
-5.497239018521141
-5.498509592534509
-5.485380483350173
-5.488170680221725
-5.488828617129965
-5.491213148420078
-5.505413748863739
-5.507342224119583
-5.501142981454322
-5.499452657034498
-5.499598929765824
-5.503819307384168
-5.501398015774241
-5.4698970261247215
-5.498345142219236
-5.487499701467527
-5.494910136190323
-5.511620467105439
-5.4912262685174404
-5.66090767664064
-5.525310601959867
-5.510423462118059
-5.498247760286176
-5.505871655768677
-5.512892253335227
-5.489489161252855
-5.505587850553451
-5.506765637770114
-5.505697245418833
-5.501207709094679
-5.508931655349484
-5.491640899847252
-5.497244018788898
-5.494193380156733
-5.516855040539032
-5.508958814642252
-5.519469148868969
-5.521466619222019
-5.513722693337164
-5.491672058534098
-5.504991113691945
-5.49557067290819
-5.5074682470341605
-5.510629946846613
-5.4970803210295935
-5.502990326964989
-5.498821196113786
-5.501554117725408
-5.504987226389779
-5.501259759310887
-5.492575605805872
-5.509065435793302
-5.501484633127688
-5.5101764180732395
-5.49200504780213
-5.502862425791281
-5.5069273800813825
-5.493598972919667
-5.5029247517066056
-5.508011031130953
-5.526111072249275
-5.496770737160998
-5.499178733960696
-5.551115437701693
-5.5006993054345905
-5.501889373689444
-5.503275541246055
-5.518011993574946
-5.514275771741571
-5.523878573147115
-5.499067049734195
-5.5199084104810465
-5.513219125559253
-5.5037839150029315
-5.5126745381265225
-5.513026730740524
-5.513915577724343
-5.507457407949843
-5.50369450655727
-5.583847101059089
-5.498602679815543
-5.514733219975358
-5.5289273347173005
-5.523594096721808
-5.514757709543673
-5.5359408047321015
-5.71922924694004
-5.7292722677435854
-5.724621976124074
-6.069129147724477
-5.592503342681611
-5.539680901753336
-6.2559363396480885
-6.323643015975562
-6.134771063582783
-6.999697365008034
-6.975512407462573
-7.405283935427438
-7.423923064892731
-7.232762315738042
-7.36983268388522
-7.355176756734581
-7.388964844538902
-7.451983949464822
-7.407560747239997
-7.3435119620528715
-7.38595208957299
-7.427894517194031
-7.374761837497201
-7.331722382230398
-7.378806598786664
-7.490875969200122
-7.427468301592819
-7.433500122114414
-7.3718884139217185
-7.382801171455511
-7.434846328534812
-7.368155104705796
-7.350487091861222
-7.35978136678959
-7.370456084640383
-7.4101421160204755
-7.412580285285363
-7.403346419822687
-7.49357580234578
-7.397616805728591
-7.32202064192792
-7.407873832502194
-7.418540248354849
-7.385589142982171
-7.351964311949185
-7.412761343132928
-7.427136931880367
-7.428982862866381
-7.364322200909425
-7.427152443150348
-7.4996197868958605
-7.407218898674308
-7.467489294008722
-7.389385489380735
-7.392195483838312
-7.4618359029730605
-7.397485142454541
-7.404607009702804
-7.406693267719503
-7.433572836860488
-7.4086180656448235
-7.385145131569415
-7.41834192561757
-7.442034039148389
-7.408625592137533
-7.4738553758407456
-7.461956806044035
-7.38772862945822
-7.461988182838349
-7.453591432028317
-7.475290793983479
-7.4692196797863435
-7.4758458917708275
-7.411684085375295
-7.426178678426457
-7.410366679422804
-7.4770307822495585
-7.428973836231229
-7.4752911791907515
-7.4817162607973575
-7.425381679164835
-7.416363897393673
-7.4238407978707315
-7.413487445747292
-7.409834791619905
-7.434646588792413
-7.454309707930516
-7.445831346474188
-7.406300924148851
-7.448272609083066
-7.3943340856551165
-7.479119178513755
-7.483090961371845
-7.420686890991594
-7.407694266730416
-7.436642481612352
-7.503877885366136
-7.346395240540665
-7.4563232301492794
-7.362174118321737
-7.4609016886076525
-7.449395903841346
-7.479589263437726
-7.4158119807431
-7.499054442270628
-7.427005137011995
-7.39815195211672
-7.511620324829561
-7.514075024545345
-7.367480103164009
-7.505950014086631
-7.433519018871035
-7.466009821177079
-7.472680867350473
-7.468357319581546
-7.435306499157196
-7.415990061349387
-7.451398465617577
-7.493621090098327
-7.464032487283447
-7.496571610830656
-7.445312630178231
-7.479346284983238
-7.460033044524764
-7.435878162786406
-7.465731378565026
-7.467990395446447
-7.460143134252576
-7.498932581920475
-7.382696663573428
-7.4545498235266265
-7.4571901855880895
-7.475157558321256
-7.449155358899276
-7.5588284128005885
-7.46889951192449
-7.511264877211
-7.555110426651684
-7.478188346202654
-7.453746659825201
-7.533903457228465
-7.426452096584767
-7.523370977819461
-7.59035367843556
-7.504781544189415
-7.485361248293414
-7.436392395016579
-7.473651287959523
-7.521707128009962
-7.493692577632004
-7.494882084844157
-7.533706297757679
-7.484355979530135
-7.516369216255234
-7.44110215075405
-7.471715798433673
-7.481866637160789
-7.55554481496569
-7.576080705178042
-7.467767944802346
-7.5220641319427175
-7.4763768557407975
-7.502067135364645
-7.580924251955672
-7.539863056393212
-7.495835171766202
-7.561759003401111
-7.58500986456254
-7.509533318765903
-7.546590382745869
-7.511344696589349
-7.559970933155919
-7.5315538761172975
-7.548942729439489
-7.51756711970544
-7.540296391415066
-7.575557390405489
-7.461857085369295
-7.512616714786309
-7.498282094163963
-7.531952080554847
-7.49545009742597
-7.557558693605923
-7.564509954282146
-7.546826256746913
-7.513503063372733
-7.513917573008108
-7.592596799978397
-7.5489987904455695
-7.562805197063589
-7.5893764318970085
-7.5214560981205825
-7.579230913116004
-7.550000246543632
-7.578292695057667
-7.583633370181471
-7.456496926380095
-7.5255611087128775
-7.576148159555513
-7.562145147512348
-7.6134904675300366
-7.535502062183901
-7.596095306473105
-7.481659461764952
-7.50448211427138
-7.5217756588876
-7.552875533756417
-7.609076252437172
-7.553746392798077
-7.572743305112984
-7.632482704529813
-7.5977189950146595
-7.611573906480885
-7.531518954710063
-7.604106729155058
-7.565675283304643
-7.545899141421959
-7.494714909663791
-7.52512323872206
-7.565103255539689
-7.529517228343579
-7.598250920858703
-7.567079404521097
-7.626667805380887
-7.597244666510239
-7.605029198343029
-7.541464112446363
-7.615661210765044
-7.647865127220675
-7.580389601123307
-7.540264751296831
-7.590138183662447
-7.588208051636393
-7.578884923082208
-7.61260395408943
-7.619168766909901
-7.650431942867354
-7.55329852287926
-7.543457446910999
-7.580785383827885
-7.561846059532406
-7.655825153644106
-7.650973303594721
-7.664946143748414
-7.589629986747879
-7.598330502367472
-7.624231434102295
-7.599332085831055
-7.666688786346215
-7.597815409297512
-7.499794264383131
-7.632619689880419
-7.630291947096797
-7.4987866088724875
-7.3350564037074
-7.597747451842778
-7.679908846208888
-7.576790758756012
-7.619734205909072
-7.644345204769469
-7.642944656737727
-7.599009060381054
-7.686621264616332
-7.605321847900246
-7.672582004176398
-7.602487378379888
-7.552918395807954
-7.6531960258420115
-7.660865984008253
-7.603199781999689
-7.569128808843458
-7.665247725821864
-7.605131841035531
-7.596438231822572
-7.639906166133564
-7.641528255115897
-7.650934464373804
-7.553641211618384
-7.694323577552919
-7.591777532524819
-7.676233469656755
-7.620179181829652
-7.669041318001859
-7.638910907587601
-7.617859864456475
-7.6726499588642785
-7.646755693801677
-7.642608551598113
-7.612810429358991
-7.687503517904377
-7.67092342246268
-7.685261498828687
-7.6611569929223124
-7.688311965179695
-7.6537477824706714
-7.596484348918605
-7.640689440063982
-7.613002153212263
-7.710408786625823
-7.624557625682279
-7.408520105101802
-7.485814484597213
-7.227942612056047
-7.279453338816008
-7.76982078206872
-7.670986153296742
-7.701181846396293
-7.747327443201778
-7.7064058695523885
-7.690585512516847
-7.66349237676819
-7.452894539346445
-7.661635694591306
-7.727531897682971
-7.478177583631461
-7.706904962796457
-7.633832001155753
-7.66503711526541
-7.656915345908844
-7.727074441161719
-7.642783765124509
-7.642353517391084
-7.612139067604393
-7.660584502955324
-7.5602058437435025
-7.59678178766448
-7.624245289061297
-7.627029571863408
-7.609996258112895
-7.537016171032973
-7.622877615088022
-7.6213479115206
-7.681856086884597
-7.6518705539249146
-7.661157488883643
-7.618395425321001
-7.629734790285742
-7.635785731559387
-7.582457431029197
-7.607235479225796
-7.602587479237229
-7.689992934572891
-7.674417223013032
-7.672702479132861
-7.675230137886138
-7.652361637571426
-7.6626051341657915
-7.711632071468479
-7.613500579195321
-7.639638825824349
-7.621811849773701
-7.686147598423282
-7.726227244792682
-7.677809720596283
-7.787360384359956
-7.674100354044878
-7.633064228389265
-7.694092273868588
-7.718355769920052
-7.630083186546475
-7.694525065402461
-7.639633843281334
-7.704832233788924
-7.692550138597241
-7.705944910215457
-7.773775279450887
-7.7948914632650546
-7.628665518543497
-7.752170325728514
-7.654917676403793
-7.642530395022876
-7.698146153565286
-7.742673649033825
-7.6999920128034525
-7.708072450233068
-7.64959004998095
-7.67042438712395
-7.650034183766356
-7.719773696615032
-7.6679344262923514
-7.747404495368835
-7.738663851855427
-7.721331797439771
-7.76291037902102
-7.749269022590939
-7.7493946848822945
-7.788997046836383
-7.6775299791033635
-7.738613758862638
-7.670929970224873
-7.7566466686105136
-7.749973636627137
-7.723617775397966
-7.814274120946294
-7.724744779999459
-7.6622814416410225
-7.786919167310287
-7.734446992998632
-7.794399934938529
-7.733887800411544
-7.795362622087149
-7.761071376395896
-7.7032721606903465
-7.741384937148705
-7.810348106258506
-7.754635314139531
-7.800692983659359
-7.795682849529709
-7.803307292316479
-7.772851219654038
-7.770520028967488
-7.744102244422223
-7.788655509749339
-7.836513466445459
-7.7368271873824135
-7.75827394638352
-7.794514812164159
-7.7336561305225935
-7.81326672901211
-7.763930925444415
-7.715828065183668
-7.798931464328405
-7.748489550002401
-7.755531393872381
-7.8049986560289115
-7.55187550550252
-6.882649357072904
-6.10980019448477
-5.521003773438691
-5.50849818556096
-5.505586144446251
-5.490635985955982
-5.506120889229465
-5.504222310663884
-5.503983996705674
-5.494137781902161
-5.502732242161533
-5.493459223336971
-5.485403299733976
-5.486488190712125
-5.4831118573611075
-5.483580618305824
-5.508786648757564
-5.483081436314855
-5.4853154801348145
-5.488478211698257
-5.479504017032069
-5.475980196657766
-5.468365814582182
-5.479958039847296
-5.5014769387130995
-5.473648832383757
-5.4736320216378616
-5.477687810242512
-5.488331565956985
-5.472291492126683
-5.483907266456412
-5.482350012499673
-5.484969468254696
-5.488280046193993
-5.47235423934021
-5.48193815985621
-5.481225135087989
-5.461008228340155
-5.47942054984583
-5.479785755690215
-5.490879543565157
-5.470039477888828
-5.481825182311123
-5.479360922219256
-5.499806690458395
-5.485638834541916
-5.4744221572124125
-5.48033126244922
-5.488634554679862
-5.494290774179834
-5.491106732562983
-5.497866468171015
-5.504912981756017
-5.486868344884181
-5.480688978444883
-5.469345905762696
-5.490199820245287
-5.479543953270239
-5.481752535236486
-5.483080507792114
-5.49201703420281
-5.489072146989469
-5.479560707549609
-5.475765032922085
-5.478452933395598
-5.487159004110008
-5.483054706940811
-5.498561283576655
-5.489897628242237
-5.482305608948351
-5.478066693450433
-5.499198696222361
-5.488909573131159
-5.483683872949889
-5.468679629970772
-5.484709622293907
-5.493138122796321
-5.475623554547518
-5.482149733980075
-5.49165511568376
-5.491482183588118
-5.482128975251966
-5.478950081667435
-5.4894689116326765
-5.485745123591098
-5.497674560485503
-5.490228633850709
-5.482898555139169
-5.492458911028537
-5.492439788189831
-5.490623578452144
-5.4870505494424
-5.480390303811355
-5.492214455330215
-5.482820881036891
-5.472685606644583
-5.49550480332372
-5.498286418038934
-5.481784425886979
-5.480847752596385
-5.4865712756615626
-5.493837711342553
-5.4864036004128085
-5.484368408890523
-5.484686770257494
-5.47903017069816
-5.4974695234466955
-5.490266817423308
-5.475719695105946
-5.471149835134215
-5.486368289721267
-5.4766590962846315
-5.4888607197737675
-5.483584536920461
-5.49411765126295
-5.4920422957800845
-5.481758592017162
-5.486253681000383
-5.496601302510911
-5.474129894338604
-5.501599354866416
-5.50123458849294
-5.493889892674849
-5.4831334313393585
-5.485664720959529
-5.482808696571033
-5.487019719654696
-5.488464170167233
-5.500946222004103
-5.481270840815977
-5.472230411552864
-5.478981931881605
-5.490142765226434
-5.476422598603692
-5.484314501857686
-5.490874017266901
-5.466439761763805
-5.466539828158274
-5.494747452647772
-5.4921430321211675
-5.475641751966932
-5.467960916814983
-5.490174422277235
-5.480795606175014
-5.47683256476929
-5.468149477816919
-5.499504256880207
-5.493436045884115
-5.48703473381857
-5.4770027768169
-5.496621413031658
-5.486445115572386
-5.495574801425251
-5.485003446857576
-5.49299645018916
-5.4839370020531035
-5.490973126000814
-5.493011756300281
-5.500817106873066
-5.474305769175206
-5.481513655730949
-5.4810190638128935
-5.481144059819364
-5.4844585955856875
-5.496084492280382
-5.487172250691665
-5.490318568394936
-5.4743510928427845
-5.481740023965184
-5.485690967910534
-5.488186062033942
-5.494164771491625
-5.4835112119929335
-5.4813900457401425
-5.484471400853501
-5.493397522714468
-5.483843074889521
-5.473502831764532
-5.484087333380721
-5.476365868423093
-5.487756521779208
-5.480995401365066
-5.486968186736124
-5.486848868210188
-5.49626376189864
-5.48620591772043
-5.473875066048035
-5.482832449585285
-5.4834662599813635
-5.495716234697218
-5.474823050345684
-5.4986931401674
-5.476857952278732
-5.478122837502571
-5.4998731724208945
-5.491416221073351
-5.48389602231649
-5.468894187783924
-5.493087777778352
-5.494049287817304
-5.482627218333989
-5.493739454519178
-5.482091186292669
-5.475379373752444
-5.493148170231405
-5.4984562004453075
-5.4793956360434635
-5.476844943725023
-5.475094858558539
-5.501019239746139
-5.488813063271553
-5.490027432755125
-5.478845061423189
-5.486543813331189
-5.493791526478382
-5.494607476843077
-5.488212314920911
-5.493754542534906
-5.480659822884974
-5.47325496854477
-5.4929341270629966
-5.4757277925060075
-5.491380926378756
-5.485589868067865
-5.489272610607142
-5.506277604903932
-5.473558717984794
-5.486241937790035
-5.498989576620907
-5.485043073275951
-5.487821507614946
-5.486310051866759
-5.475527028667164
-5.48372128212682
-5.479112681524996
-5.493873016581415
-5.4938310858095925
-5.495472632156456
-5.489710899644473
-5.487791727810632
-5.4816461475402125
-5.479535474785365
-5.472217378803766
-5.4877239385173615
-5.488694552903677
-5.479144570546123
-5.503014907778199
-5.485301615777452
-5.491552203972902
-5.480524099417997
-5.49044183568702
-5.479150357870955
-5.487847548352761
-5.496826179110439
-5.479940510745083
-5.48002818583938
-5.492135217428447
-5.491595078417835
-5.479595256113761
-5.483009713106732
-5.490577479290833
-5.493728508009584
-5.49192882599727
-5.474033055596775
-5.496117137457404
-5.488710192291332
-5.487537627817266
-5.488437686984352
-5.475908609749203
-5.485516138295894
-5.501404694682505
-5.48445311932522
-5.489076347482355
-5.474430002155716
-5.486965903805825
-5.4793944831064305
-5.495252309857344
-5.4915667695306105
-5.494978676714704
-5.491246106104576
-5.488120771204222
-5.482932252837211
-5.484781841547143
-5.477449714102523
-5.486587383447071
-5.473823804085878
-5.4752821056950545
-5.482370373417138
-5.483374854885634
-5.490037308644653
-5.480382457290386
-5.483819053013915
-5.499647470616072
-5.489715664305846
-5.5093195372515575
-5.475184862801042
-5.46713232716656
-5.484637287889069
-5.482795906964739
-5.490713119862999
-5.493743308237391
-5.479606792145159
-5.48930713223017
-5.477951709330858
-5.493258085463551
-5.4897593181563415
-5.488932186714351
-5.482869247957768
-5.496165065476732
-5.493124039175971
-5.4658168938479905
-5.503264614921978
-5.478205754809878
-5.486720369829556
-5.49285417136643
-5.483558941654064
-5.49700295554975
-5.487284316798547
-5.498714326016447
-5.487580473328332
-5.4798657552304935
-5.500479978060561
-5.486345351246292
-5.49143434196146
-5.491494929101659
-5.488515097911816
-5.497838990827626
-5.5080512529282295
-5.48547869985772
-5.487463689515386
-5.495056131879055
-5.504181272035826
-5.479558714986769
-5.4878889047067005
-5.463089558487508
-5.486312211778984
-5.489499737539117
-5.490218446532733
-5.506881667016115
-5.478821265944433
-5.486335485254653
-5.4941763733951525
-5.498533784496402
-5.485471786539818
-5.491625964184506
-5.490204582652713
-5.467654242488144
-5.481983448850194
-5.485295633912492
-5.484115006149833
-5.491610658039175
-5.491258734157318
-5.482058154213831
-5.47572929966093
-5.481733428892771
-5.49076064675548
-5.509354879242907
-5.4928141281793454
-5.492359651745085
-5.486100373554208
-5.482606973317231
-5.488648447396959
-5.493094435924959
-5.493608232395612
-5.495829218782312
-5.491754250100319
-5.478006199508901
-5.481397270861245
-5.485421906061628
-5.494990774679524
-5.510730248307751
-5.479524141521747
-5.498805913591252
-5.49529767772051
-5.487152913941809
-5.476054192913396
-5.482517132743337
-5.481244775213728
-5.495328919553933
-5.486632732833364
-5.491163074651707
-5.496811894586074
-5.475884419441738
-5.477685019190876
-5.473137013744839
-5.483264360071186
-5.476385332785143
-5.497446312979856
-5.4938550082177695
-5.475931697844154
-5.491177092220828
-5.483827903217725
-5.483558313336474
-5.482110167723839
-5.4837208902849
-5.484421855238632
-5.479490756142191
-5.47303141489469
-5.4970930759891745
-5.485718483549427
-5.484520901131987
-5.486353872299738
-5.4650828762227075
-5.47546870424792
-5.481910610717376
-5.500855589292787
-5.486070702775139
-5.49420268559453
-5.495795513327615
-5.491210391007851
-5.490780840126615
-5.506121572260293
-5.478420547761572
-5.4959667406893455
-5.496701012473409
-5.493363529289286
-5.475699810059126
-5.478022357074672
-5.500905665588974
-5.496517192954936
-5.482781520771972
-5.486625087837824
-5.477067514425308
-5.503936308184078
-5.473032026717265
-5.478886178348693
-5.494279234484743
-5.502529022712246
-5.476674372704905
-5.482948973121731
-5.473648163819043
-5.471681720562108
-5.490570481947823
-5.491868952547756
-5.48280128933319
-5.49833593018197
-5.488565981481508
-5.486923640182884
-5.487306613822053
-5.49449291547587
-5.485603795769449
-5.493556213099143
-5.480538849318727
-5.501671434132359
-5.481489433827142
-5.469977064030317
-5.483437162828231
-5.499058931767942
-5.479005481429567
-5.487259173592059
-5.476743296779673
-5.481367467912475
-5.477383817462972
-5.4941822113693215
-5.492891809588902
-5.4961154717422005
-5.491911158028462
-5.481554786594787
-5.479831335847365
-5.481188864847034
-5.489750019726751
-5.4737603582806535
-5.481455632033431
-5.4922657832172
-5.495004704439776
-5.503271454700166
-5.497718788117024
-5.501561428220827
-5.485534278561523
-5.488940793071189
-5.481032084195516
-5.4932962986517815
-5.494747967913034
-5.4752363012135765
-5.477393928179536
-5.480333725130278
-5.496509678029882
-5.491243439504611
-5.500337426233377
-5.498309771675756
-5.502658277476084
-5.493006998757347
-5.479260288233487
-5.475727162947265
-5.481905335641481
-5.486417695617192
-5.478389916356603
-5.475039203648224
-5.5083643795014785
-5.479982930235849
-5.494132589418367
-5.487151458465841
-5.485345298899857
-5.499129640012927
-5.504651500756445
-5.482804988880286
-5.489935057980798
-5.500080316679671
-5.515173740210778
-5.486568353110567
-5.47670475740067
-5.4937982614346375
-5.48313478588463
-5.470677306676774
-5.480891994320109
-5.478677064743589
-5.491162567106248
-5.480096377788825
-5.4963449828649695
-5.4715723249742325
-5.485960375908388
-5.486859684346028
-5.494468770062873
-5.475386438433596
-5.4978592330003835
-5.4837382784017015
-5.482086950742264
-5.497047249372617
-5.494592652387427
-5.4910044325161635
-5.4946532902296905
-5.484402479001944
-5.4851624917576665
-5.484731106534294
-5.478615416759698
-5.499805784010814
-5.479436180891302
-5.493401881105063
-5.48882624269698
-5.501109863900215
-5.496643363145589
-5.4901507105244445
-5.486121355487306
-5.494986360510175
-5.486474931340966
-5.497788501470873
-5.499799199320244
-5.486678020240765
-5.487396532384491
-5.499848104346291
-5.494357942725021
-5.477643115658588
-5.486156034384809
-5.482620374517643
-5.486505775308507
-5.493906491194749
-5.480469745613732
-5.491029591322007
-5.504294232363122
-5.495131421962171
-5.498940593979973
-5.491216085717986
-5.50571795862757
-5.485197840200767
-5.485292718068398
-5.482969444281543
-5.4822570837570685
-5.484222296754528
-5.482316604327448
-5.488017541970326
-5.483836163932914
-5.4852858872774615
-5.493157148226285
-5.500928353923629
-5.477399615122368
-5.498338772092236
-5.475784942644079
-5.496447154653887
-5.4895081976618725
-5.48407067944434
-5.475721358904632
-5.488848604277492
-5.480578494733308
-5.504400006010037
-5.493186294714054
-5.488306229270506
-5.482151551119957
-5.487043567885516
-5.498086509273491
-5.489170327354358
-5.483315997425925
-5.495524788921944
-5.501128100780705
-5.4836806979436155
-5.504478947726146
-5.485243245210359
-5.493657198179695
-5.498479052967951
-5.488150250539201
-5.514981880263891
-5.495011455287154
-5.496202855941745
-5.481116078374811
-5.4879399907499815
-5.482916360675367
-5.4889201848529
-5.501207830437803
-5.495246662900758
-5.492527955079023
-5.498941601718729
-5.492350593528762
-5.475111613831864
-5.493039572472937
-5.490359609258959
-5.501990800157603
-5.480006808757092
-5.481652602072487
-5.484635158257099
-5.478108074334418
-5.48177617751573
-5.487248692760211
-5.496453625071988
-5.489201238828152
-5.496125501087886
-5.483857948723702
-5.48128737375604
-5.48893429252421
-5.48090161948534
-5.506876441633295
-5.4828574079166135
-5.489952101466424
-5.486041415918113
-5.4820392469436925
-5.493637913230222
-5.50024367983887
-5.4869090578815
-5.479072692650167
-5.488480665268666
-5.484544521974115
-5.479728175896515
-5.495862574851895
-5.495680382637595
-5.487639631090247
-5.473130958869226
-5.478149017980025
-5.492608392030644
-5.479820296830656
-5.5005012440835515
-5.4929566807671675
-5.481263734792013
-5.491821840254333
-5.498913205661513
-5.494204115115995
-5.494226493612599
-5.49360243973468
-5.4846913318349895
-5.4865960484487575
-5.481600141992603
-5.483243618767411
-5.49305278904475
-5.476513466643052
-5.479032082911753
-5.484824319634147
-5.489458773339416
-5.4951208382893
-5.484431318084065
-5.491096459790536
