0.0209904669492405
0.028511865664864765
0.0351088089601582
0.016843549384771596
0.032336610939821875
0.02276696307129809
0.021310377010123185
0.02682885665152306
0.026352865817690578
0.02869612052077663
0.02419585841887791
0.023051012060400493
0.017754967202874002
0.013405766109104983
0.020760152077099837
0.01789622968438681
0.022883123205956025
0.02884364818358144
0.029589036705011805
0.023082829079045457
0.02564320918793191
0.020920079184665295
0.02645414684295299
0.032549184082298205
0.028107188715016836
0.02828763662374356
0.020526791301268846
0.02107778168074501
0.034112580809360867
0.025587719584123956
0.016823047884560665
0.033426854865974666
0.021364373751565996
0.02425542636612329
0.02693983833532934
0.024657558964098106
0.027324334026843276
0.02813986717099401
0.011665840609075204
0.01937380592738032
0.028083707858439545
0.028534471941435786
0.027714432223031136
0.025716286739019288
0.024023745490826535
0.01748071357998878
0.029395335577765618
0.03529821439559851
0.02093201155164842
0.01728975104788395
0.020560098132399594
0.033285359754683996
0.027742663763673663
0.025344689669794293
0.017864917616475427
0.031989748279297014
0.01855864578771788
0.019639883699173823
0.018983076721245832
0.020936353046605655
0.021165451670464415
0.019592215143972733
0.023865359588509008
0.0305359674249384
0.019791220383350582
0.028455762786613055
0.01828098759708194
0.04611240361775164
0.03239414998707667
0.019998929996189095
0.02632884591690335
0.03598324088121809
0.02152648524340166
0.04634309004390994
0.0427879638593082
0.03303778926932272
0.06001864426522736
0.0632511683582871
0.10724579513904961
0.13291679876623272
0.12709175449180435
0.052436150293410616
0.08287257493316359
0.03839897276717729
0.051237601697077716
0.07480499642831609
0.11545630851610529
0.10112101551624147
0.10523862837683208
0.12339089155102417
0.14705617899333967
0.1840899343031605
0.1950303003049274
0.15084184885157564
0.17127158887836963
0.16937218397860831
0.21981120634880225
0.11292450423585147
0.12618761743081738
0.1217393898397274
0.1265573077154247
0.07848974730489149
0.1499538541568988
0.08976926538693143
0.06413007280353102
0.053395587292151894
0.08134362833403383
0.08202367384709863
0.14956418545391986
0.052625820225998605
0.07644572486732558
0.09293362222443938
0.08099500302295153
0.03585761808190124
0.14282284899278674
0.0645894020544272
0.15605263645659861
0.19460257809509748
0.22306086150378485
0.26473094471721725
0.2879968683346849
0.2502628254323849
0.22389345572316074
0.26596665536144526
0.21939326002180076
0.20922405275131536
0.20534326183441412
0.237767851732149
0.25232909420528815
0.054934257098366905
0.21788186657303027
0.250952417358728
0.09971498942521466
0.1702369733254852
0.06713396494269332
0.08635274094907344
0.09866939490498416
0.03192574235849681
0.09202541525257098
0.03744210347265516
0.04674355090343093
0.0782642171006077
0.06800924120385805
0.044568906518579476
0.09368374780686112
0.072899117860648
0.05359457402150709
0.061864460624325934
0.047417002594433766
0.07317551228296226
0.07566977579755745
0.055933004422437524
0.07142673095695562
0.08958213836814971
0.09779692848161267
0.09049943886716771
0.09148302589858652
0.06032748766042847
0.0730827680937232
0.0442887521239148
0.09340790134228445
0.21225559527533996
0.21547801883901394
0.20979241324090125
0.19780915211769393
0.15699292025485534
0.09885029633552225
0.11124229507899788
0.15853623663800226
0.07759499343257796
0.048271000838268754
0.05546305040276187
0.1062420924850575
0.07294300186899592
0.09417930040139479
0.06180112564453201
0.055839032478352445
0.08810708479470825
0.05629734064898009
0.0448124859800991
0.09553104510006219
0.09480403000247133
0.09788332875194541
0.09460250293614791
0.07446267604684256
0.052387050012150604
0.04932966118155116
0.06097093733336383
0.07778085815712037
0.08717747327668393
0.08253381070495161
0.0918135833751696
0.09359106241287492
0.05824267324531287
0.08737645824602512
0.07040117921945366
0.11030369271953183
0.09773119905428335
0.05859548977663762
0.18535996257030668
0.04418358482968239
0.12165205411769466
0.08329276029336442
0.2689735707253915
0.26699963481288636
0.22584029451847065
0.06447186447998235
0.053230833460111315
0.08867335717826808
0.05315672214095847
0.058687732678038354
0.11941012417869377
0.07418662009607044
0.12680243989615492
0.058279226743873834
0.07321484393073789
0.09003497158301825
0.09895060265219775
0.06120966160898636
0.09708996641143489
0.06351311247313494
0.0898492761222873
0.0698450744608101
0.06077014467458051
0.04761641023521654
0.08456636401664848
0.05368107628429973
0.057457015978338265
0.11148730941837803
0.1116112336619462
0.09398653092606382
0.12825893328405377
0.07928369818986236
0.09520590005309022
0.062176277065748034
0.04902543606592516
0.0840439075762018
0.07770756726026384
0.05467459781921806
0.05793620166748013
0.09637838823063093
0.050247893336847496
0.0359167929160122
0.08576825271353174
0.049449504691689926
0.05300705297511389
0.09426062725796192
0.045858329425516535
0.07017991645114006
0.05671962711481706
0.05677216131104283
0.05690378711821269
0.08717626094402292
0.08537363776655453
0.07232557392704875
0.0844403643138197
0.07688062301448335
0.07144371830021831
0.057660307737868316
0.06624794745682672
0.10442603950455337
0.09723658006256915
0.053478159107010766
0.07460447827116276
0.04955817356943622
0.09914318182316402
0.05892838909843141
0.07108696148357732
0.08103044899180419
0.09464319706045893
0.0851868045964505
0.07256337449736465
0.06655343601476628
0.11170056393804763
0.08278617889317251
0.06553635831533727
0.08819447882261014
0.06154331581089684
0.10243340565576285
0.07220872580314512
0.08479404674289909
0.07506946968717028
0.060612002907683864
0.05294237053213441
0.06469870834613464
0.048822643130174564
0.09589555838140815
0.07396695549203042
0.05638022386938659
0.09398067256763996
0.08173079952265098
0.06395558581763336
0.10194186966834043
0.1197632028718867
0.06281353432125783
0.047767056480697574
0.07671460527651942
0.08035964657851873
0.08227753440303127
0.07070229179486397
0.0809066670681827
0.03458464761240818
0.025373634475840894
0.06599570414963661
0.09249603949160136
0.07949540028238247
0.07921614194584384
0.066032476386592
0.059387373631287724
0.08968412602333818
0.05801012163488069
0.05556242404897776
0.03884048380372902
0.09915844535323975
0.07665421835523245
0.04571353824984022
0.08864076840609349
0.05521172400722881
0.07217771278489407
0.04632502072009678
0.04551512650235533
0.10242836570042996
0.0889652750998182
0.07760462822065325
0.051883289157316194
0.08061484186285264
0.06205441140438856
0.08504376481556192
0.09772727141987067
0.061111394348453925
0.10670416190790255
0.12726123544680298
0.07393166577499825
0.0882059650345296
0.06584784241047652
0.08498931552941434
0.058936230659423085
0.0834186727438419
0.07006828687022056
0.07925244711818438
0.08474936335439848
0.09859894651861703
0.11340806720133843
0.0732338523453224
0.07840971663697963
0.1364788577953322
0.07287371155641255
0.07589523217133673
0.06160419009335857
0.07626811189075716
0.10823550992069138
0.075278173799161
0.06027159519330522
0.06347977772739238
0.057084449040206264
0.1008091961001567
0.10495010355832608
0.06373166516615117
0.10538073097465096
0.07816833165318465
0.04977390503173699
0.10105034718417766
0.10284291659955602
0.07453883532907193
0.07231548533170573
0.20285854517146107
0.04160103607492139
0.07839627909950796
0.0646777210561688
0.06689743340935403
0.05411559073798172
0.06486687706881372
0.08841192477205767
0.14550621308137493
0.08026534306123044
0.16570155609607426
0.059802726836814084
0.19704622952233652
0.2285167037355538
0.0687485379284031
0.23267770107062857
0.06972266473786148
0.14545275503571925
0.062425485299752045
0.0692483261517222
0.22656588118949836
0.15354364692462333
0.20995463503513662
0.1255453231738292
0.16639938889491324
0.17241002551661042
0.07568623162936275
0.04403161797236851
0.10210748779036713
0.04845157185549303
0.08578601233456401
0.20831722056110935
0.20385333017294113
0.08230610885098068
0.09014107147553972
0.07537078397444255
0.08955695917367651
0.06892217716793962
0.16968701221076157
0.0941402000564042
0.22386084169733833
0.05221676178319814
0.10410812508783435
0.042876977271461954
0.05774668013817194
0.07813367937396781
0.18096753356092238
0.07780081074603072
0.21405627070037095
0.12241499041440022
0.21488776408369106
0.08568403032475588
0.09412805753673871
0.12958048867766317
0.17338388984423253
0.04888009783867408
0.09415506114227243
0.10561975417010104
0.09374482203433773
0.07382231670735732
0.05929006152846743
0.1259964214320463
0.05823332775854568
0.09826014773823553
0.12098371957495564
0.07103175747071201
0.03574043132548379
0.09552930134388046
0.051598117954540286
0.045762831936754615
0.07290166059124858
0.09114426462760852
0.11511070648339718
0.0862831861638113
0.1301019836870569
0.09513437155650992
0.07592196365218282
0.0509163413375728
0.07422028939049284
0.09267114536886785
0.11385339876220885
0.06952243353152061
0.06703377593704932
0.06689613491391096
0.07372636405974928
0.07804985659883314
0.04291852668574336
0.08791292454142333
0.06560523723141111
0.0660672036963312
0.11873237065441197
0.06049770824504936
0.07832849124759216
0.11692424506703954
0.07062372581592366
0.0836400104679574
0.07745563241427716
0.08255737372628767
0.07192510878555931
0.10944245916122529
0.06780965567118659
0.08013978753832574
0.07229199484807862
0.09532500086686027
0.08994016471901124
0.1201497101635007
0.05135497338720346
0.20406919811873928
0.11043645411328776
0.06971418559410733
0.09156287811864879
0.0843797649208254
0.20694286403316792
0.09025031494389954
0.04449724097295346
0.05819484494139401
0.06337524321653465
0.06354963716743996
0.06928046538487226
0.07857293553563884
0.0885074282585749
0.055993365719061106
0.07512953067137115
0.07708533625702502
0.08523927983965701
0.08976313344181884
0.10803305435167465
0.07326882076525258
0.0529852866728448
0.12796656733935952
0.0877115629451358
0.081061246156921
0.059911325980296345
0.11905519199847338
0.08342370307444191
0.09662441404900717
0.04863654314563662
0.13473807583268063
0.07673725755111184
0.0898131089909254
0.09594471944948428
0.11585920313560273
0.08221778805557885
0.09514989618702616
0.12295109992036207
0.1015340002798386
0.0772831784695491
0.06695910896430969
0.10854343729355347
0.16514842660525703
0.0818470927166034
0.1287455761306551
0.09171112033308818
0.13532389565547032
0.10181193105878214
0.055597122072313175
0.05681618912315479
0.08943784665290001
0.11280051480695615
0.08371764113226667
0.07139331835866022
0.07927008756450477
0.054685700387430806
0.08182730752039084
0.12124228917692179
0.07250249987977915
0.06767806921273352
0.0660129966791316
0.06587550758351612
0.07459933762374622
0.07565895766785104
0.15129848075949404
0.08832245364089868
0.11877231132819603
0.08925831643471856
0.07990921495346885
0.06383862840169975
0.12283512912383268
0.06240681395262702
0.10781271241815282
0.04977575017772658
0.08312162980692671
0.08504141138351473
0.1297744997306544
0.08548925248258007
0.12451762056295618
0.058421846827616856
0.12381504739189393
0.08483184912636972
0.10456457547974304
0.12056424406661807
0.11676819861382845
0.1001923317242643
0.049543945541973576
0.1478356187998
0.08256774291365415
0.10129939042504005
0.10175180097801788
0.1086690877679363
0.05518259663345479
0.10081417769800907
0.061126175843823696
0.06828517645821765
0.09809099672465174
0.06751213129842344
0.08527867195236351
0.09576855859381464
0.08071926113835959
0.08826055885119095
0.07644000656887759
0.060410372869253916
0.08202611036090689
0.06285378985007747
0.0870161339912782
0.07223651644288143
0.10322243488397301
0.07426902089932015
0.07423284931349745
0.07553965918729504
0.08506755095456552
0.11508994809246999
0.10468994033457239
0.060187725147148735
0.06380928112507007
0.06717508213895176
0.13396910283452917
0.10216930747032721
0.08570684077644203
0.09965744493687802
0.07760770097919721
0.09098311241378905
0.10188837698941063
0.07739920006893346
0.08901296818134112
0.04431561093429323
0.0835942238287884
0.07864372357489348
0.09070175286808867
0.08572443080632679
0.11785112353660233
0.0529094376432185
0.10707239042740997
0.10323026676072979
0.1508421398308774
0.07324900333298218
0.09137765148695348
0.07225211589858099
0.08260690823275726
0.16122884874674803
0.13935140281210653
0.08224770281162953
0.09943085941242231
0.08159052521029392
0.07513206149361824
0.13366551546936442
0.12945414256714394
0.08796958573232116
0.07515492481463149
0.08840884596098436
0.05765685038578921
0.09381187819527198
0.07877315293951284
0.0748131465984851
0.09210655192126722
0.09063996165460568
0.10004634995638022
0.09461736238475281
0.09043700467832853
0.09205850610983374
0.11758189954331094
0.06202253865182467
0.04845584538869595
0.055617689848953364
0.08463803322485815
0.0700739752020081
0.10558326861110147
0.10041588696988979
0.17914404912348686
0.06632432407757256
0.07807307979016306
0.08751964502137762
0.12386033664083113
0.097378727235715
0.09475604371398806
0.061310926431091116
0.09138799697150518
0.04207045314917684
0.08755521511953233
0.1121321501052575
0.09339463830904464
0.07198307822070298
0.07559912607755144
0.07072942563943183
0.07327606537930534
0.11381257318244763
0.07101938039403313
0.05785368665058943
0.10610538981585019
0.13922355836056066
0.08060421288173836
0.08764285522518664
0.12097751262103763
0.09005541162444947
0.06072226255725845
0.05770221204992556
0.06379166567715013
0.0922076877759891
0.09318800959768517
0.1377087921604732
0.05466553458053225
0.05829152251918828
0.05330467435390728
0.08332391378808326
0.08650008618370646
0.06103604148117759
0.11281152162005943
0.07100511559006788
0.09385731020152756
0.06522002951410674
0.04083734472129136
0.11761950475261256
0.05768840486428863
0.09814987136591515
0.08432772990542582
0.08947709818588805
0.07337034009407367
0.11072307116469589
0.09056089871948826
0.12732025335532682
0.07732149978461651
0.07420572756087339
0.08126367910823694
0.07970971590283542
0.11243598369967607
0.047471748941817354
0.142246906105025
0.06939599736033714
0.11665915598155044
0.08220919433110054
0.10393571427933035
0.09608282589369034
0.08531565341273238
0.09637897383122694
0.04823578023173293
0.12404381171866084
0.08782166669371255
0.08232574917332516
0.07162922997377437
0.09071160643976321
0.09921924306431552
0.0851210791311164
0.08620819156965623
0.08695879908456672
0.08308573052156187
0.059728670498259
0.1030825579635699
0.08910710746041266
0.1328595025221837
0.11033384869860491
0.05539750153994891
0.09710941051858454
0.09305663060575425
0.1190952267161793
0.053103474268890935
0.11702365456203248
0.0931945097606589
0.10812227336099614
0.09441065498550967
0.09085264530742417
0.0648445773018622
0.04282010442626403
0.09093169519342487
0.0811047329402666
0.18288280108010896
0.10465789453855413
0.08834975018086225
0.06650418169007256
0.09219706857089036
0.11281107219868892
0.10412058509084511
0.0470405969250144
0.058334643041053444
0.06976023785713704
0.043829919100771886
0.30907739722199234
0.18377512840668841
0.11366117028107456
0.0725290218057823
0.3110172397751764
0.17323571532464438
0.076845661529501
0.07139574898459304
0.2168526827177489
0.22504828214040454
0.09183971854976535
0.24107950192804228
0.07325573773091952
0.09872526673499085
0.07071835861842811
0.24200227546247774
0.09854534842671904
0.22788059140148237
0.19458023492466583
0.08034552100255743
0.19642144256882102
0.23193747912805382
0.07820658893275105
0.07592802731202482
0.08773413504019768
0.10700717092599328
0.10783106771975008
0.06694663106997865
0.28912461878998935
0.25568471670343246
0.11814159928912614
0.22341248665347013
0.22125775297461264
0.10312128501186679
0.15151725276092698
0.1132913332500123
0.08386400279726355
0.16801740380656038
0.32323839375347196
0.05986209314291883
0.11559376458148092
0.1201239792963538
0.28226092220950555
0.20839173202557387
0.2720619525698951
0.100385280631183
0.24229661072437936
0.3026849215023945
0.3169178086740515
0.12910955896775528
0.0983279397653478
0.31108876774052013
0.13776127401329147
0.047850846927392846
0.17491155449510654
0.05246768304172176
0.2249901778523057
0.0584576395990321
0.2369140261966321
0.12400405304618191
0.1758425179929924
0.09804714576281126
0.06782254123356472
0.10700161952201487
0.13729315153015687
0.09115802530235821
0.09530113272126502
0.0899281026845177
0.12448551975917542
0.08029051027887886
0.07034480687495605
0.15234437225075423
0.05989790541621337
0.08320819057437362
0.10004169566377943
0.07538508025291711
0.08451058145899029
0.08943945798231571
0.06989129768996623
0.086456777597815
0.10347511589303175
0.1285654555711453
0.10999905375893168
0.13986690194326454
0.06720387546981162
0.07868449095243342
0.07291720741410465
0.06200550560058521
0.07556072190114624
0.11025591594269676
0.13704191505157073
0.08059374113294018
0.05836758050522087
0.10269612427151695
0.0910292478661685
0.0865956360809352
0.08361654547200677
0.09185253383859406
0.09560508311380717
0.1483637147873473
0.07815881211055702
0.08683273146242095
0.13647185347781823
0.08379534890559379
0.14485348818271315
0.08596344689826009
0.0886911527750432
0.0970479661459734
0.06874875902180975
0.09864188766033549
0.12600909592534024
0.08303424156441977
0.10846972280637995
0.11725939177974591
0.08594064918704133
0.06367117214386302
0.13454973172767476
0.097932108054675
0.09813917897060247
0.13176348039855004
0.044258608462190985
0.07837839343977303
0.08118810214100798
0.1132606768493008
0.11808283364127463
0.09725647757833013
0.09507318683992279
0.14749134722038257
0.06775162822986366
0.08717803068965378
0.12753199261175968
0.11441521720878352
0.06961347513677477
0.07304220734237288
0.1367785478462225
0.09346373103402539
0.06290117727501357
0.14657621305246057
0.1181293912093896
0.1127450666586772
0.11683954060070971
0.09720689312962807
0.1146211697307598
0.11376915329842036
0.06428240022253479
0.10084328047919866
0.09731300840781067
0.0871765294035929
0.07557237628479342
0.0740584848613584
0.09497323684492562
0.13831175856871125
0.09922682363604189
0.05956668019288614
0.06827240236708244
0.10877888065244297
0.10604772161730211
0.0822104937891089
0.0924736372239827
0.11537863664397792
0.10890594182434586
0.11422201609174655
0.10150475641747866
0.05418741418294207
0.07473183213083148
0.08075325228967775
0.10138335836559377
0.14544519833182265
0.1209676107495086
0.12831099296739168
0.11252423163355603
0.050436326850907334
0.08414127131479444
0.052958430726294775
0.06744815138065281
0.07896164228209739
0.08403327361218019
0.10649646661775483
0.06418808848233937
0.06933261358517852
0.09662109662713003
0.10243043219076614
0.11095572384025912
0.1230715444608329
0.09588221280899457
0.08116131661690525
0.07470350344561963
0.10657253732860957
0.08976812729107661
0.11692753137082061
0.13635042329857858
0.09272785378607205
0.11452360335623175
0.05798953229746702
0.0711694788039417
0.11167012757388593
0.15368991654044423
0.06980621321484644
0.05313679550039496
0.07644920091140042
0.08266246677363166
0.08278062224669624
0.09516304422432958
0.10400424818881535
0.08595439734054651
0.1336650188324316
0.1090111258916676
0.09145272555834416
0.08895908064898028
0.09136339472144579
0.08485859690519873
0.12070486612760743
0.07815484583398197
0.13380159286121557
0.09621481786010277
0.08978901174742962
0.07752490436987945
0.07775813339079359
0.08404892903214213
0.061546765635864746
0.09057492440276955
0.07040406416039902
0.1021709125045772
0.07720144871863485
0.054907633855423146
0.11857694701677252
0.04015102793261957
0.06424884314792371
0.08351916098366792
0.12108888992324007
0.07714337967005445
0.07837830136103774
0.07787032938893068
0.1629378932098288
0.09151515113517324
0.05511966047745915
0.09759284330386453
0.10283787890625827
0.09006448691013155
0.15336715271519252
0.13017461222223947
0.06533583760956162
0.05978336986554613
0.09955503340445042
0.07086266158157051
0.11766527815376243
0.07062721888950736
0.06815612706961385
0.1081940352418804
0.10953603761656426
0.06015731797869661
0.10260022217541233
0.0922635359764865
0.10702164733779938
0.11481248672699539
0.1419270086977746
0.1331697536675429
0.09258838098174753
0.10568920725527904
0.13619968697585827
0.09847336816646762
0.07622775765499576
0.07460929463003692
0.05795250964899343
0.11548224249945789
0.11042836609248188
0.13780567292464513
0.13816628879840295
0.10560602831477457
0.1228477513842575
0.049632679700268335
0.06779237899248862
0.10455794888251403
0.1390214296598532
0.07777827639113886
0.1331468807876424
0.07333837664884263
0.09844454255731173
0.0920759726521755
0.1231249970983916
0.10789906630768094
0.09187661650432379
0.05123060979803295
0.11781170417143541
0.15432396996793105
0.052776848491064066
0.09102206682151108
0.0844105292943777
0.0842299954149201
0.09564345567249541
0.07238569687095708
0.12423793912982385
0.10151934657876292
0.0708651479946637
0.1130170723907093
0.11921955044745076
0.10046698492040176
0.09609481812123492
0.1426372235740301
0.08967251409019147
0.08681692163020158
0.06837097031001044
0.08429804344906072
0.07669385271666222
0.14345882598636073
0.09186083420260299
0.09919538626313112
0.12464655569084254
0.09261678457929987
0.05370735049833688
0.07130326556845838
0.10274527840430814
0.12010391866624776
0.10774632433342707
0.10264028933263333
0.08315640639596851
0.06888995255193714
0.08615139105421164
0.10822982855759446
0.06746905726984381
0.11653559343354274
0.13673769801294558
0.1046030780349196
0.046531514409679994
0.1288716422738389
0.14523267668285228
0.12361256285644717
0.08588411862831034
0.10105480491305746
0.13547843620780775
0.10624018421783596
0.07157944899692464
0.08046139029625773
0.11082264381085051
0.08786748714373781
0.0883776757947794
0.12045760743895455
0.08884262251316495
0.11118602959514218
0.12841449918371314
0.06593384090173274
0.09257190006837092
0.11962599443268573
0.13393211131851765
0.10568333966962594
0.0950797211926802
0.09608785623375819
0.1084992513307956
0.12534825442104391
0.07778085373018455
0.1280365559772545
0.11502748298541997
0.10931330243875785
0.07969270523318103
0.10743220861178927
0.11515848905306784
0.15146217531580264
0.09529683376594163
0.09700185764017688
0.09486024587552647
0.11082925335775522
0.0881220243627908
0.08653039757940388
0.1277152681888574
0.10910457568630876
0.09458645072677048
0.0612361837799621
0.08696140525314255
0.10161420342902358
0.10444249140730207
0.08441886902106534
0.09287828279092629
0.11106146001821394
0.11251707908479673
0.07617139499552089
0.09969644048076721
0.06745944641508521
0.11212271752047855
0.09689224442897751
0.1349717810826158
0.13463334713568173
0.10423354216019988
0.08817099053395547
0.14485934979164913
0.15002504562903485
0.0788688114051855
0.10459206430088494
0.12780857927331696
0.08665552560783425
0.13347356317433656
0.12433897467133452
0.08061546280466857
0.06725478733266035
0.12509545294791233
0.10728910248183653
0.08131566777721239
0.10023708683634364
0.12070053248083076
0.08398016645228969
0.11410516197343325
0.12313908715622125
0.11901401931899114
0.09481687836382686
0.09614096802744738
0.06097620403047914
0.08772842513173859
0.06569397183684936
0.13283934681762855
0.08800652526077939
0.09594160779756854
0.0918485807138564
0.1318494626341843
0.052172908532114134
0.057512247265896
0.09169561880447506
0.10781456793783355
0.11366556743396034
0.1392646809395277
0.11457161976213473
0.07458617940453474
0.10734657059093372
0.058072306921767486
0.08598268802540351
0.10378381351628552
0.06404702317919823
0.15505616073630327
0.1249748820502169
0.06538478685744924
0.11980690204278148
0.11826014179393263
0.07588407289509395
0.09537026440872706
0.09681897680895964
0.12234456606344349
0.10506277707705322
0.09780071887028065
0.10103740333388296
0.09212543437725094
0.14588586488630642
0.1011601122638671
0.11623109088605692
0.08819689545652137
0.103669886668138
0.08368567875602435
0.06773602732206954
0.133756432033745
0.08477381354933054
0.061106129261941665
0.09661416337908747
0.08640997856263685
0.06652715823079673
0.07189963207591328
0.12726921696287175
0.06314034889654382
0.09423545179511082
0.10443216537484792
0.12015625577657556
0.0941080370053209
0.10941393022006239
0.08135608515050224
0.057771928519765516
0.09665518820976123
0.09962816419635949
0.06451643854995319
0.13951116612495762
0.054200986148486834
0.07600723100097262
0.090888680404153
0.095778111769452
0.07635011140793159
0.06966210436560735
0.09206143471710966
0.06997913273960481
0.07686378375913942
0.1268755392155779
0.04795796985318021
0.07628645623077998
0.10439743125409442
0.04773555794341006
0.07852026079312731
0.06623878240236719
0.079965932424808
0.14865207232428615
0.05979142046005364
0.12117349897787216
0.08644956372537967
0.052027501530824936
0.17853236770172706
0.06273232412414538
0.07293614580970781
0.10954688370531963
0.1381303735936315
0.08143843750668422
0.1002006377362581
0.10010673395209192
0.14443076255823445
0.10797780671712887
0.1416682929090775
0.08735065212744189
0.06960379553409667
0.09248301522370828
0.07483463445803706
0.05208347778176695
0.1048178997857961
0.08597882619771512
0.06082255916926615
0.10289807183800204
0.11710459399699877
0.11249462747272873
0.08927746711647663
0.09891157158645336
0.2175081288107769
0.08903477932645973
0.08463502550113158
0.11869624710874302
0.07998829860271571
0.13728050693792707
0.06544323297678255
0.07750971587045132
0.08025003082954558
0.14496431479992386
0.06918605316854448
0.060441246150539175
0.10352916443432295
0.10500627448266989
0.04757798587562236
0.09146245938466822
0.09676514447595097
0.10101791252198158
0.08211206993917705
0.07696874256973901
0.10005330474211337
0.10860302458371018
0.09418967626931556
0.06139108519179651
0.09621730574608824
0.11637954389390474
0.11605203486575914
0.09058582624843156
0.08022206210511788
0.10570444809432786
0.08030949287433863
0.07786934623783383
0.09331474213687335
0.08102869049606701
0.08914890249213125
0.07970438115631032
0.06959864619193658
0.13049417032537713
0.09732653676516714
0.09214167263192921
0.06018633790418763
0.08765448301561891
0.12397867776940816
0.06938973822943746
0.09707207729872507
0.07833805638941434
0.10199084317455345
0.0679781232559005
0.09399767914285921
0.04061730125119103
0.07990354246457773
0.0664757269474623
0.11282590918204731
0.12230907841406893
0.10726611961322711
0.06852325483593014
0.07481618119345324
0.1384937715741657
0.06890285926019794
0.11217603586706544
0.10976322201347571
0.09314806015214651
0.09663690104216151
0.11881007833475381
0.08412633104707484
0.12625947745165778
0.13384327253672745
0.08086365230821849
0.03706423663064326
0.10810209161931154
0.09416589410259403
0.07502512883850308
0.04755274673687893
0.07158102557022819
0.10047773386316325
0.13087890951992587
0.11230855659159614
0.1035844359691232
0.06250843935265812
0.0919508063473672
0.09004511253584906
0.08018099125496138
0.09378887769012607
0.11917106435386605
0.13664955738012505
0.0704755777958945
0.09786794555753439
0.14015723481699335
0.08845607030731821
0.0680477796926915
0.07102141094114107
0.07992250725670065
0.10851556008942233
0.10227596884527805
0.0861867413423585
0.05993719434754067
0.07891141422042988
0.12435876458792933
0.06009096496177895
0.10005522776946679
0.14632336504329593
0.06738275817940254
0.10027550051235555
0.10815945453259003
0.11167892441832604
0.08658671519011817
0.08769755781848139
0.10839156838791139
0.1179090840523793
0.07750936620348148
0.07861567868115568
0.09820958577011066
0.09243754461111915
0.0856009326219549
0.07643624745642891
0.09806246782902896
0.07163697130914197
0.1046011472965856
0.1095058944535864
0.08269943209512017
0.06528554408023733
0.1091286275639418
0.07537132470281657
0.1188721955536076
0.10158624833312369
0.1162520454778272
0.05356475025391684
0.07299622640986955
0.10796816619502299
0.10739794365892062
0.10256156341834587
0.04980578255547288
0.11333461606338302
0.10102066828967665
0.10041300429965025
0.11072782485557466
0.07976169332438028
0.10171910106104076
0.1283312576441268
0.08328768437295173
0.10325131826923076
0.08795743165230452
0.0933911791203093
0.1256015085115075
0.096779941991401
0.09345879142114343
0.07733713724331667
0.09450753137243532
0.0678823070452905
0.09388447695642897
0.16525132571413767
0.10750231131078092
0.08506892609387368
0.07932446545044382
0.062030802799170136
0.07734032120418505
0.07255857617467167
0.08626386128904226
0.1322791481528362
0.147767110517617
0.10456890883070397
0.10595917575223975
0.14383049138192286
0.07834037587415155
0.12144407412696018
0.09445469368081225
0.10697104624020559
0.1172630354751646
0.056187465808365866
0.07447993372989928
0.08733158177426271
0.0906832501229514
0.09441436663789127
0.18138226416753075
0.09264619580463183
0.11791792518923594
0.04486278729281778
0.09382853990878058
0.06969179679909657
0.07875262043909792
0.12019031050138139
0.13572416297811415
0.11503259006658376
0.11501011771854788
0.07530966826019751
0.11002037304449762
0.07917977127279682
0.06308143903977684
0.1042519045069485
0.08066546693718393
0.12863307161824972
0.05301534303031167
0.06539151040963113
0.12284654445809924
0.09384501161083685
0.1337912955124411
0.11695080913848142
0.08651309861188938
0.11269231483401837
0.10637785839076404
0.08503515086173778
0.11245589481377083
0.10783216465544926
0.09442315228406264
0.09750559551191801
0.05709663340072391
0.11988313315995995
0.1338550986362863
0.0728373061146364
0.05369861999605994
0.08027013222648158
0.0959077879755263
0.11008382949857956
0.08209674343876147
0.08275573192011422
0.09262153049461513
0.08742735523349482
0.07246094223027204
0.09830437190745356
0.08603622875561434
0.0800882050299892
0.09003214808093732
0.08569226298433721
0.08803399915955756
0.24815396259465158
0.1085305240209302
0.07172112048932609
0.10145964805448127
0.06208874869761852
0.06539344997441027
0.10991741161721102
0.07393439714401394
0.1245011774507732
0.09189697182223461
0.10762507460230557
0.08648257294731442
0.30902737646088496
0.09312874420149135
0.11785015470167713
0.07845489923346635
0.07668752757581991
0.08761919026217499
0.10632491560830067
0.06694428962347347
0.08105275880388553
0.08895926352304337
0.14841039595759345
0.08734450425745788
0.09728293873053938
0.09681186107573787
0.08479199349967974
0.10751516568968303
0.09995836928767132
0.08926560374167206
0.10297687051952423
0.07362754058122013
0.09434320491247765
0.08230621137658076
0.10247836689744709
0.07559248245478464
0.11509344657655222
0.08327151284846833
0.08166383866547078
0.06923419040856643
0.08343082027932959
0.059815798894432344
0.10692914482839669
0.12511556527320275
0.1594649551072159
0.14678585496119204
0.06730870052363129
0.10167803925974778
0.09700685622952393
0.12087952392409379
0.11507032008753468
0.13215226691872878
0.09724894858895508
0.09960755927920398
0.08419161515867266
0.09313690858655763
0.10252831505622718
0.07023635108534776
0.06383889472215365
0.10929759553680699
0.08040178622919308
0.08826748751160474
0.04880881656519771
0.10918682483362134
0.08505056868168794
0.10234721566955288
0.08892209693305127
0.10501595433775515
0.15250485383968534
0.1162266202264672
0.05294120238255196
0.09401410351062306
0.1002281599198105
0.10272500087559185
0.1301622864646845
0.06913012119978526
0.06427167826329087
0.09261118656102134
0.08697477693326099
0.09094819451408322
0.0850077202890886
0.07609927778660612
0.12305257347211605
0.16291446293854
0.18419226672308583
0.07689577457335467
0.06860267537955388
0.2395181168160471
0.24063158619399466
0.09777001074179952
0.10080872768855492
0.11279599980619191
0.07813990106674158
0.13338905459807873
0.0871821305873732
0.08342568384507455
0.06548271580366843
0.07215720595259062
0.07803232450951902
0.09158538928613358
0.10252727333987442
0.07807799339091681
0.06000770863907543
0.10267678642902915
0.0838152652264203
0.10040757047160354
0.09255972248797158
0.08485051579628612
0.12658634549861103
0.12259659985603619
0.11272849573100807
0.10985751397734102
0.0869703914463666
0.14240706426782782
0.07068615635230689
0.10001242084859675
0.0964590407391847
0.04817667028641079
0.08395099391043558
0.10373556472686893
0.08395566959073976
0.08555423091673041
0.05948890911872913
0.06557995981234392
0.11133478704769784
0.07312944688555555
0.09730882410506861
0.06827015658612623
0.09275524392338401
0.1274138534643838
0.07094109714743276
0.06694264872219578
0.08795025874834447
0.09401339896466154
0.10973692762714266
0.08912162750457249
0.08557218640937723
0.09506760476916554
0.1052789503175998
0.08075821432573771
0.07341809830594365
0.0798393179378766
0.11282683104691421
0.0912872268187548
0.09447199549948723
0.07158223502846385
0.10361669923669961
0.07299785477841064
0.07077622680538152
0.07691037960887799
0.07123110275603144
0.104770132912254
0.07843931972604333
0.0710206853464101
0.10132098605314668
0.10480503245885582
0.11647747554173184
0.07464116465397846
0.08850972584660023
0.07760980167853754
0.3194286294696343
0.08486975263089748
0.07949960215235471
0.0694573892102683
0.2429082664706698
0.0918600226803581
0.2574454159559629
0.0771034967444726
0.08430982838740356
0.17215721589262367
0.1465671129467124
0.0869134993415186
0.09085219204227328
0.08160515964441642
0.05803550772709544
0.07336831842234882
0.11870471408147934
0.07101628361535618
0.0784857806021976
0.10236288595949525
0.08964389346242754
0.10027090160905146
0.13154152182019294
0.07271279224764557
0.09087985329914879
0.08836074621954706
0.10164056168337865
0.10706919678321765
0.09235528046713222
0.1142761405380772
0.08449370047031367
0.0844928042521807
0.14975630571830809
0.08464959981878882
0.08253653149591951
0.09088824271447367
0.07936245243622857
0.08887347087237889
0.11091925642751804
0.10560333993198133
0.11023652256935039
0.0721072406589005
0.08967393679621405
0.0928029397006349
0.0951940570741352
0.3340416787387448
0.10048581536873533
0.10276978698845775
0.1366487343636897
0.28085687988093094
0.06965507736964593
0.06119656633979037
0.09155923253026195
0.0698954449007528
0.09309220772302963
0.0913817850772946
0.18502525588298915
0.34151200318440267
0.10684792517194842
0.12455243359979254
0.3839216752009578
0.2392317134373613
0.09528790059581654
0.2541163288733951
0.11410128950589256
0.06400033403346804
0.3568323816997809
0.32512288933040057
0.36584303826258513
0.14963581694564657
0.28995322977417504
0.10302852800194785
0.10261772723480109
0.3298133263250892
0.33649496855911054
0.07471016382011136
0.22209756806951458
0.07156241701889073
0.06280669741644598
0.3248152015752277
0.07653346412883197
0.11382609231515135
0.14803089589387167
0.09368419931595977
0.0772621017302121
0.3549471124215762
0.08404279489059044
0.09417950663698144
0.08364071052939975
0.051478737863694654
0.11980542058118201
0.07962865741117914
0.0809710053741446
0.06218648829060359
0.07601575308501497
0.3606211410819128
0.3502501482085523
0.10095146312973742
0.34224156321357824
0.074380645289496
0.29222821597768006
0.18132409686286166
0.12698786391924208
0.10777125275539301
0.11097152285730978
0.23102051671636403
0.09903940651270168
0.1180517602535363
0.10823091826976065
0.09647203888452019
0.08321951855358617
0.12141567464257617
0.10307564290384257
0.16232646430575565
0.10053638323969738
0.11906781408903731
0.10594102102040004
0.07288679514697809
0.12648201416844126
0.09073429322736097
0.12064619739737754
0.16405797968160687
0.13880396979859114
0.05718217440712947
0.11866689085024316
0.11068320365403529
0.10959135115168837
0.09527425332310181
0.11611850720858048
0.16716966200601194
0.08158703652662991
0.11568654709406617
0.11256383170369527
0.07004172463394988
0.12744474459448327
0.08946703192676292
0.103914930521853
0.10972156483340478
0.11979834725699665
0.10455810986646377
0.06764887283043959
0.055139924666715884
0.11384297090177264
0.10437805172389929
0.10030616987329741
0.0882386788847741
0.07045475960306301
0.1259299952997698
0.11427554731543088
0.10113193995081687
0.1195588795809507
0.0684808161216942
0.11592211826966681
0.08260108372122581
0.12382404430662984
0.07295599432157444
0.1688100200469719
0.10632739960324052
0.13485717544689207
0.07579868010139656
0.14854584737242732
0.10815073126488006
0.09700566565872405
0.1058513028824751
0.11104075321584614
0.12148255702923418
0.07222928905277168
0.09161847845010132
0.0711096543915614
0.09318985928281394
0.05636979401776724
0.11239022427181085
0.1067053606434677
0.09241086458337402
0.07973259289123273
0.09638208901756799
0.08461461998424194
0.0941924686171116
0.10389800853523065
0.07772411448417273
0.09186851073018609
0.11180243183164701
0.10870950754930438
0.12277857306956941
0.10308413826128784
0.071041831432593
0.07057038943465684
0.11137700022267573
0.08027750738273064
0.10243614104604251
0.1277233289825567
0.11639378234523234
0.10493647997006315
0.11209611665864501
0.09581559758017667
0.08667743863048863
0.06311003104196201
0.10112189267331646
0.0926202814374413
0.09937249111356981
0.08702354963358654
0.06408174370359115
0.043556387551993696
0.13650808490055244
0.0766092837184298
0.07635908199459167
0.07986165956631931
0.1762040391230235
0.08635891726805012
0.09976686740690671
0.09288316609206282
0.06443424529503933
0.1259971552176628
0.11331856693257299
0.13712787119330194
0.08667543289489466
0.3302122156699929
0.09953744555081731
0.15637033325448202
0.080439909929686
0.13069505753038244
0.24861457537060022
0.12600639115305604
0.09959153892530759
0.11129170445820818
0.35996878885617367
0.10991645186307727
0.0671357773736482
0.09191603465211298
0.11323006856390008
0.07892302174265198
0.09129366515950167
0.12242219731206856
0.12395013739474532
0.08212038454256484
0.08683519977380262
0.11102170252038554
0.07984250702415738
0.1035870563119474
0.09496895701236267
0.11755287763858185
0.08280665521060893
0.11983253066858171
0.12102935976888762
0.13155158345393198
0.08573451242350451
0.10145895616144752
0.10887313980948617
0.04560169095249388
0.10828087608506431
0.06066587744601803
0.09428824313902567
0.1336362611076586
0.10378899671318628
0.1634017886433104
0.09072418704263964
0.1175115887478864
0.14352574492121153
0.09265652711391742
0.08928376859638891
0.09271047852706907
0.11784215846779472
0.30295983193306786
0.10929497395780152
0.07462892552125128
0.06339357193799226
0.07250847516361733
0.09390081198311079
0.0657295311345584
0.10249167283933112
0.13658621918933186
0.09418590971683692
0.06681906800714793
0.16380211412784296
0.09427108561160091
0.1213981024286381
0.11402936959497653
0.1475804824924299
0.10891607590916495
0.11992829316357134
0.0845272269681008
0.17102841700144944
0.10879334626691411
0.09557332526119959
0.06076913596225585
0.046761909959324006
0.22969809830264262
0.08368858399507896
0.09986773773577384
0.0545357887823565
0.058469417214273456
0.0963792321174643
0.07980250667195521
0.07322857998847616
0.09741074995889767
0.09115856483650792
0.07947712113632004
0.07163573081373675
0.37278259450330975
0.13945433830557688
0.0682396211107854
0.09255056952025698
0.09628731621932655
0.09465807358378661
0.07737251382861325
0.14868677975046446
0.1080760970909693
0.0743785925983258
0.10254641040691177
0.13735996849709703
0.09848811991389696
0.08797800185955808
0.07752963740636971
0.10984210221990263
0.06707388397007777
0.11454126082388308
0.10480535532681827
0.11966259307495393
0.09151502912213852
0.10028068202175251
0.14382670780488183
0.07959873594688097
0.06798425848668656
0.045664850129784586
0.03753786953069758
0.08335199295905008
0.07441430318427734
0.10678543452004345
0.06126293409783332
0.07271878337011092
0.09064579715286114
0.11619480737619939
0.06631386956642318
0.10618961742141018
0.07300229221105109
0.06606691339593902
0.11699720456131625
0.10389565442045647
0.10434484621033588
0.09615144054074534
0.11617881359581246
0.12735394634198802
0.08600620969115963
0.09328209895361758
0.08963587358303628
0.08739159927381433
0.11210887343557663
0.08674919632154753
0.10008396554446289
0.08004765696205837
0.07605169851901597
0.08638574251529536
0.11380295720847605
0.08964562714761756
0.1080718211186128
0.046940944978973026
0.06533528485734086
0.11190577957721663
0.07644550079422255
0.13563290727576205
0.10635499880517893
0.13078629328586389
0.09377720773736917
0.11098162935151738
0.11024395280578055
0.0861533559056182
0.3868434076352438
0.08198859311900249
0.0978947365546262
0.10080560367932297
0.12392139978537443
0.05800776338121163
0.41098707961912156
0.08116799392502391
0.10923080362344936
0.10214266264013835
0.09777447574485147
0.09639693154343362
0.07928507074528193
0.3620374949691612
0.24086676372731067
0.050369389403811034
0.08973298127032918
0.3980749478156371
0.08013506249035585
0.06034116658252234
0.09472905492690852
0.08618326760897176
0.06140258370245443
0.1229210400131846
0.11968518995203929
0.09597422890041477
0.09103498088496347
0.062212483051192716
0.13404405606005837
0.4046177094512706
0.4145094412467088
0.05891751301850287
0.12373503935613893
0.18987664380458488
0.10481589274123893
0.10333198337476777
0.07407798290599427
0.08407273226935032
0.12471522624534921
0.07819993592587342
0.12386450819320884
0.10598522771492809
0.0961885108132601
0.06064565353595301
0.11101322250335369
0.11657147374860079
0.11601003202848584
0.10825538644799951
0.09919473495502938
0.08800665662915426
0.15532212968169426
0.09803108893922144
0.08366718279031789
0.10616309488768169
0.0702701800442957
0.08495523181689786
0.0697338774379445
0.11121396923964627
0.09544281430432594
0.10661579359702981
0.0780834639378029
0.10887160303694543
0.09308124654553915
0.32372576852659785
0.09092100158023239
0.13944689986282685
0.2725246700712429
0.09847296036164266
0.07244847921104584
0.22579130488255642
0.08410645505180257
0.16370662883977105
0.06475195890988979
0.09419291335826549
0.1323368922022917
0.31604045449499396
0.12703122415536325
0.1186886569345395
0.1001057130338412
0.09014077328360064
0.08144848929694694
0.07268058219652389
0.09582670150567141
0.0866079542118567
0.058164300651529305
0.08096876651450166
0.07864986762058251
0.12589551467002943
0.11348752314344221
0.1213218023282417
0.1589483231826993
0.09696709424538612
0.0853074989424191
0.13243488359570346
0.08520680058301239
0.08090470208355355
0.08391752148716372
0.09749032380973889
0.07235978847024599
0.12072813405905615
0.10886591906641016
0.12119466600553509
0.09915919525595493
0.1331635552696506
0.05143809335908744
0.09111033368772906
0.10965200359334275
0.10175737294279392
0.15754754895140705
0.13027881645969536
0.10362501281949753
0.07290298349546379
0.1393041058127069
0.05471635541677697
0.07420451297630533
0.07596265406613108
0.09831373853992967
0.11261409501324071
0.13113254771496594
0.10295650007453994
0.1052369822170906
0.08367283449154675
0.11333705286436595
0.16300769620311684
0.11366723460943262
0.26238784004059695
0.12207942414012454
0.1045756997652399
0.09936880931537302
0.2910450349662296
0.10609337699894278
0.08155699593083172
0.13597517342999363
0.15301867893153648
0.08698514919615974
0.15005507562910228
0.11622743004350969
0.05240049349558322
0.09398732761632883
0.08049845343030271
0.09676114477662004
0.09567615813339246
0.09483139182431173
0.14161693982762347
0.07732365715245508
0.10219593256956253
0.15332828131128032
0.08201069945664283
0.09945043609586518
0.1128569739495318
0.11680628471500486
0.10857241734305063
0.09684982751960743
0.08257782496740923
0.09510880723593379
0.07121141383947632
0.11436720573463267
0.1094204132403435
0.09062794927611373
0.08072996758649137
0.16017020244224295
0.1287711183969187
0.10753267690548551
0.050118706019439734
0.11980702366862005
0.08379033293163433
0.08636672268709969
0.06626676966550256
0.07531724714455758
0.10741217661147073
0.07891575095550121
0.10675923255429469
0.08208259550177131
0.10569116391159221
0.08898356643415752
0.058203875810565533
0.07148202787519152
0.06671997116040067
0.07764382173243817
0.11051413107059133
0.09975458222442336
0.11249337952605158
0.08088828637422793
0.07711581922876108
0.14364461893106825
0.10121865222909804
0.11154757693540983
0.12747501830468463
0.07515938949183235
0.08742310151200476
0.11233755003541307
0.08968190344253907
0.052852405174667945
0.1364399899829081
0.11787276512087519
0.10038703743585412
0.05675980053402049
0.07577548708816527
0.1270915211125305
0.09677734675058082
0.12334155103936159
0.15185678809738287
0.13112833808922197
0.14093617837647607
0.08585723827200963
0.1047103810038784
0.06746212574023679
0.09155894499776433
0.09881134500944284
0.1016454293013788
0.11971213677441563
0.14773088264404108
0.15850370778583195
0.10089431391254655
0.07985967506388285
0.10766043140984706
0.1063034294741882
0.07738073113650222
0.11223993997760401
0.09840389013699744
0.06526996011907378
0.11685170561565543
0.15508646566195936
0.13639405504951252
0.11901112366002928
0.0752165365201791
0.1294316792051259
0.10152669487335865
0.12392848256796621
0.12067104339347708
0.08620733534704396
0.14214684786988163
0.12527918167548865
0.1540705671116762
0.11623982423297992
0.10972998790186862
0.09163521901125823
0.16118562552694018
0.15127886185554587
0.07722498431355504
0.12861366681973183
0.11466698036283164
0.09103523136093157
0.13287564123595322
0.09303989728541065
0.06716034902299746
0.10351064900567461
0.12931276403873337
0.07029682675116448
0.12037849346623931
0.13440603874896773
0.13341298148284714
0.13312122469705095
0.13254729624391504
0.1069987505301439
0.08753324756402352
0.11971997440339278
0.11266737608663324
0.11902220666686057
0.16590166158465092
0.15055965877341834
0.14310610423641867
0.07994591499566897
0.08674606452138252
0.06992189551054366
0.11422148988543833
0.07831441696624869
0.14543025657994063
0.0795435997531456
0.10512406663330884
0.05723617575289003
0.05635258071744693
0.0381974600745989
0.060185474199618755
0.08808060750053617
0.08285124968384987
0.08004074043292986
0.0996967115031146
0.10313212612096229
0.08749676701251204
0.11423800688776804
0.1299164098259292
0.0818020119569245
0.10648234320988469
0.10017959085329911
0.08687515665931138
0.10440807960517803
0.17136283519667475
0.07338303406005536
0.11672108282532301
0.1072341933501262
0.16875453042141134
0.09241657706103702
0.049846220492410706
0.09804412646152638
0.1251394650830889
0.06760326302737439
0.05119594720933278
0.07199340642105095
0.08077743933439263
0.1322442629239658
0.11475380873257086
0.08521625682282949
0.10192682556858072
0.10477967610076272
0.09183607600019111
0.13747223165502198
0.08495106867010661
0.10814132172028083
0.08487419786345368
0.06647658485997299
0.11935632750922351
0.09220181735393893
0.113029460314259
0.052096028294850556
0.12705136665318195
0.07781121698588903
0.09746998310127418
0.03845281526337239
0.1338858275601212
0.12058435395598664
0.09960306938151955
0.09684591644841256
0.12473492630389234
0.09716337741058222
0.15305004010471845
0.06714706894313921
0.09284127381296427
0.14221275546339832
0.07402983534287713
0.12948256026678528
0.10779172363065766
0.09754154446786559
0.11138515496989426
0.07874931413107701
0.1072101678268171
0.12525144633549168
0.08750325503138716
0.12913088339055165
0.08044644685648893
0.096670466793329
0.07038543778047245
0.13142989485706902
0.08875339286524557
0.0456049137179445
0.05367362693684078
0.07484826342808085
0.11897848859844738
0.0700494929518708
0.09965645163926194
0.08801016278133802
0.03594075115881408
0.08368863548598986
0.06481314851856732
0.10950989644785784
0.07758663451852486
0.06798473619688733
0.11032230694375152
0.08986479779000477
0.20025239449036408
0.056152868712969824
0.11710654967184668
0.06793593979295512
0.1346424150239432
0.07258983116406008
0.0853041718807953
0.12883425537424997
0.16059429895621005
0.08920041383709901
0.08181153146660204
0.08568782749836681
0.10053510372824657
0.10626313381805684
0.11357473531217467
0.09879762943499468
0.09267919343350262
0.0952392730029687
0.13902113593304288
0.11569447735216913
0.1300190625967612
0.10688543638808798
0.09635253621047393
0.11302573171411408
0.07238572184802972
0.08682727333862723
0.05125092700816352
0.09703749772495386
0.12776646466421288
0.11258868712936076
0.14004982830440435
0.0993051479842325
0.14696299199718582
0.09086220723479774
0.1011172395339816
0.14703995264911016
0.29614611369210286
0.08382314852927611
0.1319907681039418
0.3864983892928791
0.3917671508133369
0.42205139971519473
0.10856967042770022
0.10174438504887687
0.6317683212361154
0.10832671695292274
0.07116687683363218
0.10288174440012625
0.07050658628080028
0.09692707010194446
0.08535110143415983
0.11506649638739928
0.06610109901699235
0.10965942134447786
0.1583171828554399
0.06513299068203453
0.12260178241294471
0.13417445155405386
0.07422078042199191
0.12108036836042867
0.12509745948243708
0.14076494942025056
0.1290873738138789
0.11104782583073627
0.1563800291430366
0.10173578942707988
0.12810056256395402
0.10961179239343757
0.0732403204566544
0.1530032322583593
0.09522593684110921
0.17452180691009767
0.10594913942272324
0.060528833363935795
0.08583394055741346
0.07940613670585005
0.10795707304760484
0.12441765464597186
0.12615044686610968
0.11023694833226255
0.113703635919382
0.15667801224522188
0.11827207104996548
0.09655440466307828
0.09650554824508639
0.17254815608346658
0.13926011705597383
0.10378236288148104
0.06443862513810651
0.10668349986950523
0.03832649408457981
0.10356978523139951
0.10231357578779682
0.11595713617033701
0.07682766015221952
0.11225136194222236
0.10598772120896414
0.15297496582025333
0.12972777545557518
0.08107019488598828
0.14695901320500035
0.15635832356311097
0.1443293554598485
0.10613390920978508
0.1554704795996324
0.1129949893151471
0.07563802807567713
0.060513308080096334
0.10244440890793906
0.07315550536549448
0.08145955753077037
0.08358904252057102
0.1204544133610047
0.12724095098483443
0.08740320975561347
0.09782276702145229
0.11398650197793195
0.15179814562711122
0.10071899739192257
0.13543348590341778
0.10150950098345501
0.0937434550486858
0.104438076390422
0.10823422610252449
0.1356148571992002
0.09996292546658231
0.040871170487459814
0.09933983177364983
0.1231472660447184
0.11137576290977567
0.12389431975732901
0.09540847534626544
0.07083518136928287
0.48738761159499217
0.08665636504642976
0.16292329760385765
0.0879654034654366
0.10241617932531223
0.09825857393884192
0.0857366593528662
0.08051395096966373
0.09474834947045842
0.4664423841258142
0.06472368756452161
0.08871576279804147
0.14365315841623774
0.11759459042035528
0.06168722905967905
0.10556326070649957
0.0916408195908528
0.1166362820178881
0.06730322159818543
0.12104415428368433
0.10747958746326436
0.18101361493074683
0.07496622456047301
0.218082561520304
0.13593700311426174
0.08245931492682855
0.09845788682711344
0.0916695027001345
0.08446685144214262
0.1193424304915194
0.08807007829333797
0.049723534757034685
0.12228199170488947
0.11157441119973605
0.14086489776021444
0.11301065147990715
0.11677834988070454
0.11568974818472344
0.09769512738871867
0.08361419681962136
0.11763320234868768
0.11123219151395547
0.1332106162569686
0.14281153141187625
0.17030960312699672
0.14759773379561592
0.0909289013638269
0.10989415334948299
0.12279263547360544
0.06881470068287554
0.11702315964105767
0.1099417685640203
0.1333994636491074
0.1009573444889911
0.1453892488029853
0.14783939953409475
0.09841199158918434
0.08515637424997069
0.15216106772438556
0.10575551744962472
0.1186159407192831
0.0799997668058703
0.127726858244925
0.1039421550773014
0.06812369184326734
0.10389529113514542
0.11408675075660751
0.08892135991705301
0.11103507815709797
0.09614019224025878
0.0678457841026007
0.08815176876370315
0.4785711631745733
0.10100676232686982
0.09445235779034078
0.11031217043657435
0.12027709975659694
0.09768074354003685
0.09130428633292056
0.06914804807297445
0.12962958248850837
0.1034718133570339
0.090180545802275
0.14341086358866842
0.08255712569110599
0.0636911644725035
0.1114374625202298
0.11128373831973536
0.0887748327225989
0.12441848303225973
0.10529454190521553
0.14368430896649734
0.08495039810242466
0.1757157118614137
0.14273998159370913
0.0874428931797175
0.15986239770708452
0.06616338533203052
0.09951800472491243
0.1826453113308274
0.1515883417450108
0.11758038611319002
0.10230515679061059
0.11610837312045638
0.07064052309150579
0.09948290641558402
0.09507533321869116
0.17577847201705027
0.06288041774330554
0.36329327138791395
0.4352230151993781
0.3622232048736259
0.14920810424076084
0.47200299885771607
0.12269154461643912
0.06264803713799673
0.12222775268523381
0.09248306410667458
0.07348402428654578
0.18192606426210925
0.09798183244997163
0.0867326465081262
0.0657961784759094
0.16760524130614246
0.13994983494772542
0.11319882196311425
0.11790186458610365
0.15156868914511232
0.15474516191485946
0.06627237426229471
0.14113120784077782
0.11851360759940373
0.08614858941853384
0.13477664596818417
0.11037802085515576
0.08444818799515744
0.15375644374262057
0.21801827524999506
0.07451077328409288
0.10318013567934559
0.2232019285726601
0.13216054849120332
0.15446856959495103
0.07625315032112605
0.1554721180791898
0.14250205959580278
0.09606730772177337
0.09638017901493913
0.10433779143607452
0.16749874450970711
0.0918298494684365
0.10652924579801243
0.06583340046631088
0.09345340622564044
0.12277540944281329
0.09576780169763133
0.14413147493871875
0.1028392619556048
0.10914523417251387
0.082673517564053
0.1039521475780265
0.18954737691660292
0.12377700769493265
0.0725724639368551
0.08297904697819072
0.17241620733987295
0.08327595900714674
0.10309113777315147
0.10542589890036992
0.10797543624344279
0.11101357834811185
0.09906659349743355
0.13782488504151164
0.12074586419867185
0.13191146082143618
0.12829651605654255
0.12002253745064076
0.1639143497055949
0.16348698530798123
0.1322956516597867
0.1341562949856554
0.14868080027327352
0.13626704965925712
0.1577474166974726
0.09519192535040165
0.10262051357811727
0.1083678754407992
0.11781402696197213
0.10798324005927691
0.1239912516442244
0.10079976327608166
0.11280824773593628
0.10890937925684369
0.08861210108161408
0.09494907113789805
0.20092577197188655
0.13871132663979516
0.10518455353475625
0.06284189951832381
0.11743192257537009
0.06674255959584102
0.09384046337513227
0.13388580592783447
0.06473886971202732
0.1993133112707156
0.08157676717218436
0.09750638364531004
0.08661747147834345
0.13467761997950747
0.12331947386799147
0.07734175301159997
0.09668440767667229
0.0964295625796874
0.09721410938946895
0.049026600969048345
0.07932964605754647
0.09304642140994981
0.08610441917833664
0.10365180912932118
0.11162093817428578
0.11844722658767216
0.1209109982595237
0.13365734711211194
0.14529180944512496
0.08852211288475101
0.1188914339097295
0.1366461633563741
0.09938825352218401
0.10358185587462002
0.11526030826482977
0.10803612305023924
0.16949801237406753
0.0982184666251267
0.10207371134793974
0.11636126808659764
0.10299424958136458
0.0950568016269295
0.0956020119460611
0.08063748761992603
0.168425142635848
0.07957228410437962
0.10513766076251353
0.12695484837827906
0.06456872465816375
0.12186844088531944
0.17138839513155651
0.13172086554851684
0.08427967265605713
0.14641249759600697
0.14340562281109
0.12696174216579287
0.10948918725879664
0.12276917065119552
0.11120271652493281
0.06546159609598183
0.07864606019017306
0.12495940689014017
0.12126113832987459
0.0843039008797129
0.09459954077911228
0.12999708678888278
0.20573904232873455
0.10966680379532151
0.08644321127222865
0.11170071653950489
0.1264268117170723
0.1489335167851882
0.12401019045332846
0.15800881375985426
0.1092435013405426
0.09554801709490145
0.09910204849332084
0.12378324979641057
0.11006989699590104
0.07985652460285897
0.11681562452754547
0.13489642394873672
0.11522853234625868
0.112350356625487
0.13180158337186637
0.16343887627544954
0.1418317727438504
0.09499250355612734
0.0658045337960888
0.10770052394612036
0.1142799908578934
0.11046698709737628
0.10389673686539524
0.11384765249448406
0.1057538428145172
0.09846488086364621
0.10158768607875786
0.11939478888442148
0.13552883138336203
0.18019704272742088
0.14712452752494504
0.15433692176909652
0.1336112436519579
0.10265779794103118
0.10786199664067943
0.13847644292348202
0.08100588064962787
0.12349715220316015
0.18103403954076494
0.1259267948791241
0.11090893746764667
0.09836457574761323
0.1678939366037454
0.10174275487316894
0.11811174204928533
0.07041815950924056
0.08749453804217153
0.0735074795171509
0.13509331298355048
0.17074981355651722
0.11828195563963309
0.13359637067829797
0.15176384957143876
0.09740319555838656
0.1418256736660488
0.06232785531663238
0.13889043082269004
0.103943823724404
0.07186305555045709
0.16015639769622475
0.08288912646842911
0.10394974300942421
0.0798039081759491
0.10284709090869848
0.12573790697891357
0.10113807346396265
0.12101559818344498
0.1398718981673142
0.12515719605265777
0.09426367295999874
0.14040133810316513
0.10628828132290205
0.06341675516440684
0.11794678308873645
0.07850696328146693
0.123096054705023
0.08405834114616255
0.13573514322961314
0.15241992382774255
0.13725127495862358
0.09473558635698293
0.09140907924468976
0.09672885124815143
0.13518536346537308
0.5760453157026698
0.5818112612322179
0.06318404087684806
0.12427436709104203
0.10528150355557997
0.0971440934555954
0.48408546679659115
0.4560455048709857
0.12981420537252214
0.5100300575725815
0.18697497640970584
0.8096478775326894
0.7807276158488026
0.7873910654755117
0.8341824913209034
0.8501778149812866
0.5294408052584226
0.8433285235659483
0.775948975514621
0.8619134763437006
0.8355614855683084
0.04245854690279258
0.12891867994571002
0.02074859615806603
0.04828860737043441
0.019808301028726206
0.017695020903852575
0.018660090365682017
0.034665741488204456
0.038846249589222774
0.02909855426347497
0.02052269192659326
0.029708900453045018
0.034302431165387184
0.032362402777326715
0.025815118706803218
0.027199410713635276
0.0199576452229705
0.02980690537704916
0.024944839706332607
0.02859942124392498
0.024368798186156768
0.0313875001128935
0.01596390420045051
0.03626487756245863
0.01697173607119969
0.024708541724304513
0.023639559788356718
0.024368427304082226
0.022685920366565502
0.021622336566535807
0.023172722883900293
0.020406976792829833
0.031297589158227744
0.020520304823634816
0.032546117965753976
0.02513372582405302
0.021674424617391972
0.015587924372536612
0.03794412636775984
0.020728067211626348
0.030799238276305624
0.03383049314876689
0.027850147686975094
0.02400062205554529
0.013058634302610898
0.02108409507114009
0.022151778363333686
0.02121666312623053
0.042860279613613855
0.031143896307878196
0.013522063490326756
0.017695020687722298
0.03280951209439138
0.02380373647684604
0.03987190177463516
0.034029682759117684
0.027147490821025945
0.03253267536234676
0.02619566419716876
0.025767583690967596
0.0385884753452348
0.022102392545423608
0.019054327783871918
0.021047196400833166
0.03623932499228926
0.018818552817382855
0.027223888392478652
0.02343438712628263
0.01911138633077541
0.036423469269429694
0.029178553679369813
0.025878349267145995
0.027252637931357248
0.018270782609351978
0.033097804222383606
0.0210385620741832
0.02808704486149446
0.03196938773070689
0.02447659693160741
0.020700664197197845
0.02186466717284106
0.043886698847834214
0.022650854832588982
0.02464987402124942
0.030770840760207103
0.02393062507787812
0.026609963178413836
0.024157144237115562
0.020859205219879932
0.018524560554028284
0.03034659560981661
0.023199345517649288
0.018750378330375034
0.037568225956798595
0.022024525026241963
0.02057981741533135
0.027761245765652746
0.020882185853495803
0.0278685111556077
0.02363769378757413
0.023253766441579823
0.024287438458266527
0.014529087686961071
0.017604691752464537
0.02422747360917021
0.014485873608429697
0.0199469358831484
0.03024562109534486
0.01958517003634822
0.022527315862696084
0.02026155888727544
0.02714866194202473
0.03376494076421212
0.015510961364310277
0.01332430657213966
0.015361790374455678
0.02080698526158783
0.02826870442956179
0.017596607364998806
0.02738948792417556
0.017367945330322317
0.015439341525327497
0.03355001444444136
0.03504601054068006
0.03377344047630615
0.023921819873509033
0.018597698444878442
0.013525585497419411
0.017549217289034615
0.027389559088111623
0.022634770784743016
0.03516862121815019
0.03277000481098545
0.025120142521011118
0.014411760428239655
0.025274519578905027
0.0337158605483564
0.01886827486465074
0.014321036622430644
0.034921658565010144
0.017789748429357606
0.032798720915421936
0.03976625093826833
0.025389207681073694
0.027077419058700168
0.014003810883295038
0.023844951947190204
0.03929298354382966
0.04219558794648806
0.035489329269616364
0.01820172349907883
0.03499060471785764
0.022292306233441778
0.03575279930804919
0.027551144147535324
0.03245806145928866
0.02446969246928211
0.028283101347107237
0.023985395935777948
0.03122662047663537
0.027514727878692285
0.02344035283747286
0.017243671819321432
0.042409029546098986
0.022953578965206365
0.025674838024356564
0.08520566325833419
0.025725628163832746
0.02431919706573662
0.03486883755357211
0.03109563294380691
0.03723921524580642
0.032526619978030885
0.019242574688309
0.02722101548530549
0.03972047493702025
0.02367902747795866
0.027477804551848815
0.03182430197776838
0.034618059276820344
0.03578888539754798
0.04447074865668302
0.019340787117603234
0.02433241403533411
0.026380449163877388
0.023105162141772165
0.03176114980238354
0.01774685602155576
0.01587970078481865
0.013313232638789826
0.01784228941331027
0.024962990075773187
0.016310352817128837
0.027779960509155092
0.029030117473354277
0.030313415423242677
0.02518296833559311
0.031782986660576815
0.028252473637667534
0.02032573096809578
0.045590783809217696
0.02686604886662579
0.025881771601489512
0.022824796978715013
0.03322424146901244
0.02946622504427025
0.02759875042502748
0.028537175373622676
0.03746835236962834
0.01639791524979889
0.029206988094187255
0.021147989917899963
0.04031705856454019
0.02178124560239276
0.025557268844398715
0.03695382031664669
0.02120232725094609
0.027662698087373337
0.017022885165553232
0.02098245484026584
0.021144990078222153
0.035486856685135855
0.032790240993940296
0.01953677282039863
0.02507810144087552
0.0237609711089509
0.02389713713189952
0.026338309896679762
0.01629390165385207
0.0339779172342756
0.01276978513599819
0.027720048797248976
0.023743517258818153
0.020286063509074876
0.021415897373196314
0.019390903484311953
0.023392814949006063
0.02084183395626186
0.021931544968094758
0.021614851182243332
0.03023483628256675
0.02582830590206324
0.029812653023237014
0.028217974834785987
0.02162937551276348
0.02407388900348458
0.017951690552764344
0.024823954580333308
0.02650414385679162
0.019728487261264405
0.02393491366067073
0.025797169251797567
0.02931472007964553
0.020295937948472603
0.024239945036367862
0.016120261149222447
0.033279223712550536
0.02196873394435129
0.025952579494409433
0.039515781323600396
0.020425959897443117
0.03406959088997663
0.032568318064040196
0.027664185588623855
0.03166377333523082
0.025787946441522228
0.03388287827319096
0.02963572330243569
0.03338149318824022
0.02398514744111075
0.025091572279454716
0.03817665588058241
0.02656284744943134
0.020022287808236044
0.020427459516729852
0.026362338672222922
0.03402361139160114
0.026711302395580627
0.0309675275088107
0.01642274501783082
0.026580283422110638
0.02053085420478117
0.03411106043247034
0.025470314600541975
0.024812108682848714
0.02569196304941494
0.023755086313453827
0.017112846595065342
0.03164060157374117
0.025234480119020603
0.022004994205110127
0.017745250292852857
0.021849197886847912
0.019493787837107954
0.04223259955714546
0.024458017089246217
0.025447212290460246
0.03904030536687957
0.01628547765498602
0.037083047983479396
0.03474591662809715
0.02301958646155919
0.0276449752917068
0.02692269399650638
0.017908818139297632
0.02588499100949631
0.036292712144597616
0.03276195292945565
0.03459601233590345
0.021519176559283204
0.0257633052234273
0.022807526207523122
0.026986989633449008
0.030058988745789397
0.025884336130553878
0.02694023762436296
0.023726967776091654
0.04368717518116777
0.01901474596179077
0.04137122651866658
0.031350870098274745
0.01725037241206659
0.042535709575963226
0.02737991390644582
0.029232923539428732
0.03217601651122411
0.030311779162303862
0.02921250752667812
0.02298308036622545
0.01981791825517652
0.027872190216898046
0.032428592055940016
0.034292423223007094
0.027177711218759292
0.029570218077688417
0.02182168587094618
0.018908439261307974
0.026614151736578988
0.03539395983659319
0.03309003623223528
0.02094519464401906
0.030089620035531117
0.02130226171465248
0.024216281076417708
0.033706590007892605
0.018402023327340214
0.02455963051567943
0.03223477198230088
0.08179304305143624
0.029067337844117865
0.024935590786892642
0.01670986780556804
0.020684609719680953
0.024177716669784743
0.035905718271357266
0.030010815987202125
0.023976141637834982
0.03840836776445086
0.03183674318365497
0.02100810868524875
0.023308294442053745
0.032992014817524166
0.02409705390358475
0.020289347037286114
0.026850976273699638
0.02014014645504733
0.017446474690213147
0.033070073114317186
0.018286131608890022
0.02398619719097919
0.021798019748237425
0.03444577902674676
0.02399438089676273
0.027516147006452187
0.034725264118480266
0.045721945638684335
0.03753715110392132
0.03857156392225461
0.0269143248847218
0.07313270772803858
0.039913478611452904
0.028891062697625043
0.02746864614280639
0.030228148886314702
0.02960697815019768
0.01603156303635455
0.02655118668213884
0.029474602196806726
0.029669745131205672
0.020514074965645213
0.02883629773111801
0.033053414073256744
0.026318927382733944
0.047962742875996944
0.02898142486287179
0.02783093951410457
0.018116400883548107
0.06245617705943333
0.028047503087281035
0.021101011120032476
0.025540021926231237
0.019361215748609377
0.028079628039221816
0.02546329941028916
0.031950333757520086
0.024939917909662844
0.023379091201651773
0.022645704084219724
0.02917630169308174
0.024230896282782664
0.031229221826285736
0.032152666846679535
0.02493704385806754
0.029242968020200003
0.030136766088962205
0.031023138295021277
0.017040115255047134
0.04447098274180471
0.021463741507217894
0.03876983684445026
0.026200414607643777
0.022271308292864816
0.48317865769165547
0.04105028107504375
0.03833537961960073
0.02729143604727833
0.02262334870211386
0.0173043574038486
0.020451525829551936
0.024718739996551945
0.022304805586351163
0.031326236414627645
0.024431743327395047
0.03806367295749197
0.02543045347048065
0.03528145701569975
0.03071243393051269
0.052128522812269734
0.03212280231801066
0.01254882181327407
0.041387520068367316
0.032838943132722266
0.03778296543906712
0.024052294527456136
0.015561537484889736
0.036900000798765126
0.037708317770086236
0.023456426812316022
0.027903429449817007
0.016859875147224725
0.018872328980967492
0.03688831977615558
0.02143537757975351
0.02142337935235446
0.045297270629990324
0.03652401153599645
0.032116861887621063
0.03004367958358039
0.02681068008599871
0.02341369224174485
0.02870136959537403
0.03158842158734068
0.021633014458563606
0.040409713638382846
0.020730961164925465
0.03472908946785808
0.17380478789193174
0.032371000598187594
0.03446445023525917
0.027155088097414216
0.023066108758030352
0.03270932577512402
0.029813069711273708
0.023169065711390335
0.036505673386284306
0.0346498786476076
0.03383730489095058
0.041806983664643055
0.03402307908908875
0.03318712978853883
0.02340605335740647
0.0342339948120778
0.29408305589956646
0.019705291313554845
0.0288049337790005
0.029020836810626036
0.0319092496996247
0.051559815815926766
0.04006415961139209
0.4583224849091173
0.43521537283186806
0.5414913996130154
0.8006516518775952
0.18309882736443744
0.04404469428801755
0.8572003805470064
0.9491168156951151
0.8806906285824314
0.7222571587135149
0.7425969590894762
0.12248815405386326
0.14765489382688138
0.5788419440185403
0.10103661918989737
0.1552323306508872
0.17928150701536383
0.14337588669130297
0.1073429894052731
0.06513803376855051
0.12975462184296416
0.13682668645309712
0.09316789279130022
0.08940721240028164
0.1084300459651772
0.08445695510186631
0.10994118208324882
0.1812488158827043
0.1349064913974784
0.1377294466898894
0.11492524541130715
0.1296109561686107
0.12523756332063835
0.11220574655130768
0.11891759376683832
0.11604082303775587
0.09505929928020838
0.08117144477351701
0.12076217800983621
0.09251444717610702
0.4193888911704823
0.1508866091795956
0.12749011044333539
0.1327612852803903
0.0805830181571254
0.12013688264849594
0.1373536743132397
0.1022666643210261
0.08315114885382612
0.11130051779962974
0.07221313115728846
0.1155362467219079
0.07844125727036613
0.14583318522731056
0.1128567876995176
0.1164465793444608
0.15947795876164175
0.10213673712303754
0.12249931896759379
0.13685093008575946
0.13277187568541252
0.08437467205281272
0.1184873113533834
0.10649093420877837
0.10987950921904469
0.13557064114176445
0.10225362972517192
0.1519818273951836
0.1476016945093885
0.13418251343585644
0.15437056089181656
0.07613310886856244
0.12005170345571677
0.11164030441258276
0.12092723528022402
0.10353588477219867
0.12406270075209863
0.10053468251615141
0.06200806440691746
0.07090193564200206
0.09346994629496912
0.15162423070188336
0.13545123046533944
0.062069135954802915
0.07545569993929707
0.08584578043571164
0.15868247764761276
0.10734861833274276
0.14169098594748997
0.13889052053891796
0.12494793291938733
0.0979043622479187
0.10958518865503046
0.10862774317045043
0.11038690349112011
0.14780476345275387
0.14997524701168896
0.0986302498858783
0.09830628547317495
0.08147152768166852
0.09952007176466135
0.12783110704761302
0.11921016645197585
0.09744946770528409
0.10975235212993778
0.1197318096730313
0.0974355589332475
0.19269759079895635
0.08492391426685766
0.07919595006579355
0.08751489915903575
0.08624386687778919
0.1613345527165996
0.1360548694699907
0.11724920352501553
0.14400202985925797
0.13021351181333138
0.12316046582864221
0.08007510725594931
0.07472002203624897
0.09566520347517722
0.08223679456601146
0.10354922562285596
0.08694772930176606
0.08220862115790786
0.15726793773847658
0.11656937668108273
0.11634779269842321
0.15404826160907795
0.07965948828514399
0.11683406218661815
0.12383824703480151
0.1274141946510671
0.1189777660648826
0.11958954472319366
0.09767575859365574
0.11178966490186167
0.10071894525682396
0.11895295522259479
0.096130902371114
0.14094014965640342
0.11727623425126257
0.15400324837737359
0.18594703679701327
0.09886881169168159
0.1015318285365076
0.08230298426825501
0.10124304607238414
0.133393673471778
0.10457175057586009
0.10229377672153415
0.1262067994401284
0.1454641062651264
0.11287771640259851
0.13216930582276817
0.10470784399563729
0.1363937384349965
0.09699163215533356
0.0894072787222253
0.0749842628633701
0.13912862105727244
0.06607774514179503
0.13231508791743452
0.11762196502250179
0.09665284121052561
0.10252159055994806
0.13544866295303615
0.14252145447581097
0.13016112455771572
0.09228054640668769
0.09418557984398271
0.07075133153259737
0.09595424502425406
0.09069973498521158
0.177501234319043
0.10803237615587549
0.11350779828775552
0.1360572784933898
0.11008879771424905
0.11489036394773834
0.13128774421548656
0.08064891997655918
0.1310039065474507
0.11132698729332746
0.06374296101129963
0.09501821197895804
0.11837623186845035
0.1270098477004214
0.12860291151102898
0.07718471496359473
0.08745797289876213
0.14066922988021313
0.13363656306943736
0.11793484797584435
0.12219411307812308
0.09052017055083054
0.10749054528522431
0.12456965137567262
0.1121731543698387
0.1574086049283057
0.11841615610206185
0.13040645484091123
0.13094281541594235
0.12442085105618844
0.13458707237894416
0.14506932673568784
0.12609858741025917
0.12412800947114075
0.11330262090026626
0.11700608794770634
0.15392828348398294
0.1180335555644455
0.10665075538116277
0.10806379818450071
0.12450387496002673
0.11746441521686847
0.07545804830883951
0.0887907674006971
0.09869888510712667
0.14047989111689826
0.12118807382096154
0.09247320894469221
0.09496822521271697
0.10061510871223092
0.09229334954769526
0.12414131167970004
0.12994235528061077
0.11622226760552187
0.11830419623782891
0.18329743505537613
0.10661750476736553
0.08967350776692574
0.12569732079581916
0.17304485803769373
0.07976144278075996
0.11231981496350965
0.1495337814712182
0.08807739579171453
0.0872848295573888
0.1271860031325796
0.11887297236696526
0.09243182542416763
0.07140166172854745
0.1410150354045273
0.1080498797875974
0.1078944038759721
0.1019586201771785
0.14162572772483994
0.0961235951633716
0.1042007958277676
0.40691784589873853
0.08597436554963823
0.1258048928894131
0.3845667571527113
0.603773905476714
0.1797310124170935
0.09859259097879039
0.08726925573627306
0.10588798260205602
0.10317342236248203
0.1387716788141766
0.08622783201085185
0.10506675149115478
0.12786483971809065
0.11156995074837335
0.12156797730245504
0.11822844673179528
0.13064681685959464
0.13594601887425126
0.10890276218389927
0.041400371715025655
0.13345056902699273
0.15208324730686879
0.11338101466668533
0.12133562714885475
0.10943977401091468
0.12663554162918272
0.09983484158191082
0.11296558644865538
0.15698484813729646
0.11467971618483289
0.0712554493989204
0.14316823170543463
0.10589028858165771
0.1415395225776848
0.08931756861947118
0.11464090886900809
0.1206015341333677
0.11775983025266157
0.11249440573982025
0.0842488002931583
0.09325930052168857
0.10526936651634801
0.08803785393038807
0.2628589697337389
0.09699955962500176
0.06730236599107667
0.05063132928247352
0.08233743871648677
0.27778563383597127
0.6348599794367648
0.6566870978273671
0.8835594399622984
0.6204185460811713
0.13804817513096493
0.0773511516702011
0.09829457097937648
0.10965655960681991
0.10961482551347754
0.07483968810697061
0.13309302560104297
0.634999606335301
0.3023373840761182
0.07418313299436545
0.6290824918923507
0.11959472287420786
0.09040522961851825
0.0843780307257153
0.09356022251923178
0.09741264767108467
0.12308611218005167
0.08151251700044583
0.10705027198841334
0.18823661383353846
0.11222256541486063
0.09785467902168274
0.10263906267554739
0.11484961065089079
0.06844003396792704
0.12173929326404456
0.1430683659907901
0.14965293684801909
0.14061205024477175
0.1552504885326538
0.1103843537586232
0.1588727555358824
0.11344333163020047
0.1452496307639691
0.0856011075690448
0.14667426806270953
0.13907856906192365
0.14294922570161017
0.10633811207865669
0.12301085333969096
0.13529772695194212
0.11443649968055691
0.08990554373715498
0.1351436722501802
0.12316356208495538
0.11758760480858176
0.1413852957870432
0.10817551546901939
0.10646793505675595
0.14576819644954195
0.14326020841285106
0.09450862972919144
0.1505075129538533
0.13273318563157752
0.09864789203284657
0.06504156004249523
0.0833754820637794
0.08067789792635424
0.14420595283222515
0.14070246460251945
0.12034446311454261
0.0960240455312607
0.13052207146286363
0.1420488776194912
0.1491918301468346
0.0657838635663367
0.08375478166106452
0.11253152222728655
0.11515438953283731
0.12143754347112887
0.16742094760099527
0.09314181083293298
0.10594299814184503
0.08082086697667447
0.10135689890868003
0.11019697268801777
0.16462817838099625
0.08343364730478343
0.08856132186523755
0.10609755828827613
0.1724789713094761
0.1508587029634999
0.10753798527110234
0.1799227816525156
0.11050721969911194
0.16012046442203481
0.19249461059048162
0.12283879879495306
0.1297927574164379
0.10071887046514767
0.14245325968016512
0.14015926126474645
0.11317271789364075
0.11958182995814333
0.13545006773648988
0.17412743627570446
0.09177514620654957
0.12698633249042318
0.07062524634553914
0.1106530450758161
0.1438629031796671
0.10566239736862999
0.14403280169583452
0.138732108654468
0.12733217152141546
0.1257522696740078
0.10780509528184017
0.10269318580368446
0.11116934288938295
0.12425693010052231
0.0808215770387801
0.08074327957841758
0.0797585075398578
0.08778710041873132
0.10981181177596741
0.11508991092459296
0.054718767463625806
0.08674861262923975
0.13058604618126088
0.2049008041289505
0.12534145307486552
0.6784600862090608
1.043552310663652
0.9259003114203274
0.04885778992085294
0.054670840626421795
0.031635311720345005
0.03538701374592384
0.022448658305767196
0.01971855118110234
0.029179312096142898
0.018163775531291552
0.029605583893529932
0.027562756077314867
0.02210434264526756
0.026018853344639502
0.026571438619680143
0.018616976505557267
0.036246373762073986
0.039280468266507704
0.014560149854497245
0.0244994126735288
0.023274157944938444
0.02660076760101321
0.025342869989793355
0.020630567652059957
0.03302384435116698
0.025795937604974593
0.0313912233719229
0.023772946940086775
0.03481113706479735
0.02697371234726101
0.015766601894779426
0.02310275895153246
0.01687997735576217
0.02510872013175797
0.022976248130822285
0.0288728651317548
0.028532946815315333
0.020126452163746516
0.02678806219604414
0.029043393965128537
0.03115866907755131
0.020193781400374
0.024544831007144854
0.0226609203147384
0.03793738009319877
0.028540958546422128
0.023768875167207642
0.024979655180951153
0.021728113921323986
0.029945874653197476
0.018480641018328237
0.03075811463049187
0.03725114776517693
0.019347577038014506
0.01743246615494087
0.014170401105088087
0.03538365699769853
0.01528980990580337
0.024140927981418328
0.02356178599858221
0.029888563764247138
0.03736897727927742
0.028898080444644814
0.013404093381128438
0.017655976792813572
0.02497349693174276
0.020691355160118285
0.02136735504317273
0.03334996583847678
0.01946140051497461
0.023175430503169694
0.02433184203438498
0.03391700314848347
0.023659804692363753
0.03178218654297224
0.02275932121928621
0.009835958706443354
0.02043048969411128
0.02039451001803327
0.0252936070720605
0.01830232566578631
0.03507980325902798
0.024563309099921823
0.04013994036867076
0.02982271789655526
0.034166895932372605
0.021383029687390243
0.01546014626609294
0.025300675793579773
0.02796613398851736
0.022725232128034973
0.02668902628990665
0.022452644383576678
0.027416918434219117
0.014101677893911717
0.026933028850326828
0.02043693789716194
0.02017307038997499
0.01493981521572829
0.021167386876306166
0.01936305005017424
0.030172368868378492
0.020882437708760894
0.03175406118776076
0.023995380608100175
0.02605191714673236
0.03398798896680108
0.021355885827573483
0.025106334705982777
0.023040939836292948
0.024730393599168458
0.022600580679773326
0.019835315156301377
0.033130161318124886
0.028735115648835532
0.01800860899296971
0.02764219488953897
0.024973083526849068
0.023369987912047925
0.025618001126629028
0.02747166267721815
0.03719314802060899
0.025005966608518757
0.023194716792253548
0.023243432796431412
0.02245255980426228
0.013289743051530762
0.02707284583681417
0.01971672897414271
0.023629532287887903
0.03028670222731555
0.029142813723411293
0.023681750860641143
0.025050136354344932
0.026930431754623285
0.014564500327187533
0.020306566042919326
0.023674730021439043
0.0337885486344572
0.02650431191139376
0.030731359591110074
0.026804962429809797
0.03073351354589648
0.026365567844014223
0.021093578542541243
0.025096529028150533
0.031607769065264295
0.03216495398922528
0.03165643880830972
0.023459234785487653
0.026388654517850926
0.02555427957698455
0.028460226448824375
0.02748215792928978
0.0311556907668595
0.02184785391545332
0.01912750828718292
0.02402987975957983
0.03507221039852238
0.02481053888794965
0.02737556025303357
0.02942046748387677
0.02870363076500516
0.017831403179611675
0.03324390586184371
0.028884067621029574
0.020461916147828788
0.02277060094417379
0.01760882723852154
0.019443688410872413
0.028748894234639836
0.028929207673694314
0.022850560830962617
0.024431871247419957
0.017531720587858585
0.015156858648480246
0.02681583090031233
0.034086628099663605
0.024739377532675313
0.022237845779505692
0.025661528352669112
0.02382185716417824
0.032268889038161
0.019661217546178732
0.025365488286362082
0.03044385806463659
0.03134429822939741
0.019525323726659233
0.025201660525883712
0.025411834796127214
0.01833976159337015
0.024471226728125392
0.026065318339075078
0.024895601152796477
0.021728348020547815
0.01897440751209135
0.019313316641648662
0.031195306021239568
0.019748424187955325
0.016155878869394836
0.02758264645097679
0.03224707211409135
0.03042321034592155
0.02031005200064161
0.031046441010077405
0.016012508660777545
0.023351278132544073
0.024370300520265623
0.02673231205532984
0.022284097120029364
0.02364590070394966
0.018740175990429188
0.024369037835358785
0.024109943824651363
0.026961898957799737
0.025460003645831574
0.028928585112751783
0.02697094213675951
0.042857531241901566
0.025431670225417258
0.0324442411600403
0.019836868347340036
0.03183104347086776
0.027061824428810895
0.0223429837505334
0.026406874706850374
0.02214918786067499
0.026101382143104816
0.019957650654225383
0.02288753867225788
0.02238924268878872
0.026442855433321644
0.026094608540604115
0.019241561451204158
0.02972417532461917
0.026770778641378248
0.02412459745629131
0.028520405744481617
0.03138747004397769
0.029993081379681392
0.022658614041124757
0.01979199497878397
0.03010275915198957
0.017905014199162232
0.03303888198454601
0.015344091375589928
0.034899299982570006
0.012867626971804182
0.024669535631700986
0.018378228662730884
0.024583039949881934
0.018284137648255327
0.019182449340938882
0.019737493390843432
0.022689381513172138
0.028169194753377744
0.01967991420506803
0.02788823308648135
0.023871395409587153
0.02455775245082295
0.027998287358203942
0.019252708438160685
0.026921730371629895
0.028122445357931087
0.023473269170327646
0.03536845335463177
0.021395009385202106
0.017587248231602428
0.018824170842852955
0.029510624217556975
0.027153221676424373
0.024858856859960553
0.02722936062680862
0.014945437269645418
0.02278625498267103
0.015438993054475663
0.02917588509299901
0.026928031538616
0.014291132665199898
0.032235601134529335
0.02737630697214553
0.013017140717079087
0.02089490618172435
0.028387358671304725
0.02957201175904177
0.022549900779581168
0.02849201698506631
0.027445136082183238
0.03226707462826231
0.020419414819861793
0.02335809897873405
0.03466138100790764
0.029801975779189985
0.019938900683747506
0.020389196663353055
0.021365818338330275
0.016531011338438813
0.012748721393310899
0.030620862939088358
0.022503464045123392
0.016753909205988026
0.029028510886402216
0.026888738419746653
0.02932741474182535
0.023024886379312333
0.022234357719353004
0.03459864736473146
0.02224784658088925
0.03014545903274739
0.023325074305888222
0.023321598116318922
0.030883766343241765
0.03100887925506715
0.03530008643961169
0.02666570102237062
0.01817866142069288
0.02298022329752506
0.012484102410912684
0.024752623506553557
0.028391211598091277
0.02191542511529554
0.029251747788435863
0.024758634078924743
0.043896475125177824
0.01525039526682267
0.020483138502745978
0.02733053796190366
0.024175689324298897
0.01632633612682009
0.02346020775541508
0.019837173448855966
0.04288015117445609
0.017615591364642653
0.031789800186892224
0.02598077235247814
0.02932095339974692
0.020888289964877956
0.028088791451009343
0.018675422690456654
0.01831578858151905
0.019102223606196584
0.03536780077317217
0.03079162460817583
0.02476466248987937
0.029637748157351065
0.02056372566872474
0.019487673825248034
0.029857406719532593
0.028120165498443764
0.033746048523572374
0.02742524917914015
0.017197361257553574
0.04140107951762845
0.026391983549004887
0.030460447514381723
0.02438969756916037
0.024663595116346634
0.025963544478856536
0.02274928688697057
0.027120533171252088
0.026297736632989926
0.035774421094337386
0.025922760798667347
0.02879624306656502
0.028543868386811402
0.03246183570337812
0.030428110855371518
0.027504374615719064
0.022511150242236187
0.02396581765294551
0.02847033053700813
0.027053158918441796
0.014383262513146668
0.025640751243270875
0.021550218597482896
0.026733203891527862
0.04144707564397494
0.02244331188809466
0.019871917393887
0.02652719662109505
0.030092979268630245
0.028160368093480895
0.019608284215978388
0.021131818411013907
0.022377372711110153
0.031171920542968072
0.020225362664382737
0.020279832914993603
0.031266286045669535
0.03751479848739941
0.03223511289479051
0.02516272659377744
0.021114304421785645
0.029979951047384823
0.02688904066689511
0.025852625662221164
0.03759879823851488
0.023884193089624414
0.028835880206559767
0.035544031669058986
0.02500170995540497
0.02556978314081292
0.019537318050914118
0.025483250463354975
0.02207700199750075
0.029916146566859304
0.01930524414413998
0.028107514618450947
0.02802481327004753
0.026386090338926003
0.029302991036845617
0.022227215290845176
0.021028313463243724
0.029301964224737572
0.036177572837527525
0.026076468280061244
0.024385755320908833
0.017625170644754592
0.02928816182235986
0.02224198989946232
0.023185972348379998
0.03243213827714528
0.02477548595413264
0.02877267103185025
0.019294622069132055
0.02016907560062886
0.026685938570938532
0.033624601382126196
0.028866219130994127
0.016635581116127226
0.018459165236450695
0.021579217638816792
0.019044925753029854
0.024362499861451586
0.022689403010844725
0.024242767537823125
0.03130243235920903
0.026301932875753765
0.017170444333638835
0.02007512908042436
0.0307246402448795
0.029081031516496422
0.02074816082711977
0.024588794685895306
0.021782519277758174
0.029762319487934445
0.02153455734186692
0.02074737747323363
0.01840298401360375
0.03161478226692543
0.025262002064792566
0.021290697760515568
0.021127509007406963
0.027674113411235702
0.023591545434747133
0.02112323108705129
0.04131180394830889
0.023928295379943662
0.0153463207453988
0.023603920710326826
0.027006471488308596
0.014736544786271337
0.022824104181987607
0.01666564144268665
0.034694679536477105
0.020561149658724496
0.025973544184568202
0.03311372886899109
0.010733036785943721
0.021113506996242603
0.01989372647288039
0.028955292460470967
0.04168168299600625
0.022012788363658612
0.03135008942601298
0.019522856393878824
0.02105103358124568
0.042210308973315847
0.019275717500349725
0.022674471901520353
0.0364216039060919
0.027109222716819273
0.021301546342450683
0.02108444074515271
0.019790425584240365
0.01631878620019287
0.03919115372720972
0.02417685250683725
0.029514374286248344
0.023259856816009734
0.024640004780392404
0.016146678469539363
0.01935852487889827
0.027347106320702287
0.034204315749842194
0.024764490448072378
0.020788766793322273
0.027814077759463145
0.029669551607068214
0.02931049873110898
0.02330571410947526
0.024883402373840943
0.019668862641590176
0.02271775693320721
0.02863722271644065
0.020219740807962048
0.020017057955749384
0.017265928275792607
0.022721510679052873
0.026022298812959883
0.027371684172162413
0.035627990780769093
0.038313234293191216
0.025025822127277473
0.03366719001381399
0.02686784104756534
0.02381971523194671
0.030310763645222564
0.024793557665721097
0.029240652631720782
0.029694145006832453
0.0330028180118111
0.018603891830868195
0.022571278363620672
0.03284080716846953
0.03379187538879468
0.015921437700707045
0.020828089371664093
0.020576081988738955
0.022980939146009682
0.024009724237133965
0.024585763070477693
0.015213266884828127
0.030596082667265673
0.024238284986027443
0.03150165698107842
0.020302996010497742
0.02230579331051572
0.0260522722592509
0.033195040669261516
0.016887357083282737
0.02405234649994103
0.023973913436692376
0.024948813041046892
0.0204401613598532
0.03546164475186646
0.035804570037548784
0.030497731326364942
0.026097313945264943
0.019141127838307466
0.027921612528407493
0.026190172881414325
0.03866219728530347
0.026098840112073887
0.028535470264145643
0.021738535655707606
0.026006212820291717
0.035321072578777785
0.015711261768498744
0.019563263590331784
0.029770471888531276
0.020761000262120702
0.03650597646195465
0.03483231366647626
0.010818535329724698
0.029407724264583227
0.019602360502750885
0.035552331937015125
0.015310896846428435
0.025262106848312305
0.03640614170737744
0.02842654941419317
0.02618560535992108
0.032701988220672544
0.019092802893506147
0.021900740187728977
0.03453861939746063
0.02387247979591738
0.038627138317323895
0.022070395661123773
0.02476178275831487
0.028566207167874044
0.039251542112615646
0.022365950040861983
0.03790078760127534
0.028687781916475624
0.025506618811808438
0.030962414962812546
0.021682413993442003
0.029408804284643722
0.026594735263840846
0.027871745947137885
0.03386225339432542
0.016926992143343977
0.018644864642287765
0.027369755072390565
0.02755995333293395
0.03518397112850024
0.02550763984135436
0.030510822541235206
0.02359420495309217
0.02417035777472655
0.022473977035208786
0.020209159657572896
0.025008077800323863
0.022225604411815002
0.03397235772231175
0.017959104356445
0.021802575087362518
0.03514599212638611
0.02866334872748485
0.0430172619233198
0.027110187401975513
0.02665694547201321
0.028682606037205564
0.021527863169852328
0.030814284997451882
0.0313938291186363
0.020014353894543643
0.026852472493433668
0.025146540218126498
0.03381281498246118
0.01645746072025363
0.03095731550412854
0.026832848919916184
0.018391456033830026
0.023291652723043236
0.028409931943272577
0.03631548791389204
0.02117704474535968
0.021480213698024202
0.01807347366945856
0.02301458952162007
0.024115811734566735
0.01981684066398059
0.03415345795496362
0.02160526970539938
0.028336779735912504
0.02126564427667155
0.023158599745162753
0.019384562776345447
0.02292522150385807
0.02884122038698036
0.023147157399996617
0.027126440680449046
0.03212755516875525
0.028312199169457857
0.012377797409889838
0.017341196695330383
0.019316695459104985
0.02203685667961593
0.011745801411083683
0.026074167580049084
0.020407176533591736
0.036338857909679584
0.01834897721238246
0.019774753581413767
