1978.6034667735014
1648.932640746842
1373.582061570154
1149.8847826592469
968.2468522510934
817.1647923793033
694.3036080389625
593.3291569469598
509.3477637268741
439.6981023575054
381.5404860655483
332.8623795699711
291.95410980447286
257.5471434856095
228.26093296015665
203.43247544103775
182.20614705472775
163.97117666746036
148.23666154566783
134.6796603847696
122.8639296052072
112.56220503762864
103.52913020499295
95.60934271396695
88.58687422936387
82.40042206544439
76.88715945012582
71.94386259958574
67.52638190457462
63.56384702316368
60.000334262390176
56.78423853237615
53.84763250331502
51.15675806584407
48.74110114457647
46.52291631050957
44.478261648123706
42.604581428888864
40.8852673787054
39.25423362265775
37.78743957970627
36.43009575203775
35.15416996514923
33.954198788673224
32.82430605197236
31.780502937984103
30.810347058941762
29.85502224979197
28.98763923263766
28.197694534772495
27.381861720865004
26.65598930327069
25.95779037366872
25.294439957129793
24.649344017267836
24.02878212947731
23.47055101373558
22.901126191097358
22.3598413191782
21.845048394746428
21.36139370290019
20.88241464070994
20.44337275229616
19.999183669462273
19.56486356217064
19.145101060443995
18.700557620131157
18.341949017017708
17.985711004739848
17.598641874990502
17.230556469461295
16.85315746494068
16.56160015460052
16.21752408885265
15.918044846814386
15.587324457591883
15.295698883556197
15.014230935197014
14.67673337266025
14.437946061115865
14.107238267464362
13.863266501337268
13.609120640741887
13.37271097661978
13.133374946304475
12.837660047363968
12.575870695647591
12.358047399154092
12.107041472283914
11.927178049161785
11.665885123066786
11.454308669635402
11.236281578925828
11.011844489797
10.848387731754748
10.620683141823985
10.393055043632918
10.201942886849155
10.0129403660928
9.802206644080083
9.599799051199414
9.445464749329796
9.285005680533038
9.043998026584134
8.886664119303676
8.732881737190015
8.53911063469901
8.40641197137186
8.23354277634359
8.07727428729487
7.88101212506006
7.74996379118617
7.582885984005658
7.4209549124343965
7.282068021909739
7.137762146386869
6.9783905194728435
6.817211882095866
6.728492283507736
6.584164243250159
6.388014556776607
6.280816694699396
6.17240448990686
5.980149120630172
5.906459371638981
5.78191893229323
5.623881437913177
5.514795063722773
5.428205436625016
5.273302734633117
5.175207567397037
5.03302482119422
4.9057693892842815
4.808067254411746
4.689469424978962
4.541545882505809
4.443441048006284
4.3955529378320755
4.260465260682514
4.137289843729174
4.04003787247241
3.9519601726284947
3.821284822430532
3.7601294139656285
3.6527847593470923
3.5613073582505788
3.4197267665878344
3.332853839097151
3.2881991321737645
3.1551804404248553
3.070103058527843
2.996758648404905
2.875836216534996
2.818030047757745
2.7333072159888534
2.6069819473007088
2.5642868490454576
2.491875185120467
2.438485642529191
2.3134742624660753
2.2396935123989024
2.1404164033684663
2.049784396685896
2.0037480370575693
1.9244027825528738
1.8437004281483405
1.7334853908209553
1.7815132433712912
1.6785679608479762
1.598648673465187
1.4819353023710669
1.4358095241574222
1.373662493423498
1.3361802793068642
1.2201446547482844
1.1026687264955224
1.0828056103480304
1.053369236924512
0.9540058035011388
0.9014669982276253
0.8201889591170318
0.7326001642982244
0.7090665486623887
0.6178098685670986
0.6198734844192392
0.5119222193811289
0.43485279961843504
0.3655763830958848
0.34100465898089083
0.32061466337714734
0.18740677561329644
0.1604756535393385
0.06644816147963804
0.022234691689133435
0.015254756665735414
-0.020341758406978983
-0.09482295169616295
-0.12251863118045768
-0.2836081795667442
-0.2253733477368919
-0.34567043601872965
-0.32673225453674404
-0.4097128928581151
-0.5485194353991332
-0.4547229484492363
-0.547777256701889
-0.5933623478099294
-0.6837351928872863
-0.683476460005357
-0.7311937333296937
-0.7995954702949386
-0.8704485985278367
-0.8928674687689135
-0.8931464346092644
-0.995518444356711
-1.0472843819930429
-1.1072051909088376
-1.1600546161841894
-1.1586946038807728
-1.2249976028927876
-1.2735264883078363
-1.3006625395969527
-1.3480227023815397
-1.4112668786820521
-1.3851587581288065
-1.459729111881214
-1.4638155712166983
-1.5612889467320934
-1.5661985354950958
-1.6630034226103108
-1.621816634151772
-1.7386808889051246
-1.7611060302937371
-1.7753716589082715
-1.8090019311748422
-1.7876264033082059
-1.8475222852002924
-1.9173454261160066
-1.9342615289271
-1.959741988166674
-2.0766130181380755
-1.9812142283673013
-2.142026267208038
-2.070500518946951
-2.1688925982748724
-2.23570798542156
-2.208866831148467
-2.2779450542312034
-2.23993100261008
-2.3072016612054713
-2.2999242056635167
-2.3714256627421135
-2.362882111330094
-2.4102881511088388
-2.458981965944284
-2.4964130688736894
-2.4632760216674345
-2.541926394267307
-2.6517168242954416
-2.635649057166138
-2.651472529640636
-2.6590684610358197
-2.6748210682126166
-2.7435973586754114
-2.7768878303346853
-2.7513293492356103
-2.7783650678786422
-2.853680885462493
-2.908559855088418
-2.8724809733933263
-2.999409674124456
-2.9455063734966362
-2.9988251991678743
-2.948949701956828
-2.9529573946919263
-3.0700704814389064
-3.104293542727783
-3.091908200307012
-3.1743626104376297
-3.128349576590008
-3.1235805501845797
-3.223114568819799
-3.248692427418023
-3.2567602765442114
-3.251458249520933
-3.264820948796598
-3.2850677377527613
-3.3869313285977913
-3.347495334300144
-3.395930859331276
-3.4103316264850814
-3.4860421286820094
-3.466424283897098
-3.5462278333771944
-3.468214138283644
-3.4995243123269244
-3.504602090072943
-3.638497491617459
-3.5738068842113204
-3.6344340506653996
-3.6336937424420954
-3.6295561624042794
-3.7320402986633034
-3.7062895076759013
-3.7064787497766627
-3.7227070054242923
-3.7857201359566512
-3.7530576345494633
-3.842175314670108
-3.8331343846214034
-3.807494923843767
-3.8334407194922338
-3.975024483000473
-3.845219018783898
-3.913393227048255
-3.904063199575784
-3.996994978795384
-4.000855016737853
-4.0067330778336085
-3.970429183221249
-4.07463200680943
-4.077524330251968
-4.067530886184115
-4.126073826593937
-4.129668723137454
-4.0501878922611745
-4.140209725019994
-4.18960143586828
-4.147001041344165
-4.335752859208234
-4.313084585551674
-4.209313857344506
-4.18858774842765
-4.248059700507875
-4.289774001197421
-4.253530220411105
-4.371373153712438
-4.4043078403639475
-4.405325961359689
-4.343610780745267
-4.406489564637096
-4.377523884855711
-4.416418318556019
-4.466585979719194
-4.539587394818219
-4.396049239760577
-4.40710619893068
-4.545644321695089
-4.528558927284187
-4.507053555579289
-4.482373798254628
-4.534637804704738
-4.512218883580621
-4.531223991044113
-4.505096239582622
-4.566492360849289
-4.6268915425463275
-4.628927888862289
-4.656162414036385
-4.645623182032973
-4.7226370344864455
-4.719326150243674
-4.685660707749573
-4.704852230155713
-4.73904295732014
-4.7536546229924905
-4.833820561241344
-4.824327097756985
-4.824291878493515
-4.831617784013906
-4.818212121034804
-4.771790290717706
-4.870987417150953
-4.853763579493458
-4.950171771850145
-4.847707765766682
-4.967944140357568
-4.936493181062317
-4.858345247256782
-4.984705361232563
-4.954391819660011
-4.998695274477573
-4.987007249396841
-5.047303317117751
-4.967984444554746
-5.0419967966367345
-5.02314192026486
-5.035178406999794
-5.1487032735964675
-5.073885301039662
-5.188397037844791
-5.068492998782604
-5.0965818494216
-5.127729002854147
-5.158852733748494
-5.1725271714934316
-5.242484695346261
-5.183550895551242
-5.186719766068313
-5.194357973898728
-5.182830574786979
-5.188504346659574
-5.222896803754679
-5.206666442823529
-5.201442859713155
-5.317938607636115
-5.203690637560561
-5.296987322952601
-5.291515436355107
-5.315404359270144
-5.261343769142171
-5.3191387138677015
-5.336974851169053
-5.36415625460584
-5.394305751215705
-5.365864289302709
-5.291903218536357
-5.33663146118203
-5.35948371564232
-5.405026963573612
-5.370397344079151
-5.3941858817186334
-5.442422384078924
-5.411357480897177
-5.529496782328948
-5.449663258757181
-5.490892534930985
-5.412522993139813
-5.51017211161922
-5.474281192238717
-5.5077120476296555
-5.471534841331598
-5.574409418301273
-5.5153370755496995
-5.557270366678231
-5.465969815677102
-5.532355302068053
-5.670682951011288
-5.562644035300495
-5.52044931250081
-5.6189985718042115
-5.626057991529804
-5.620370897766364
-5.646806610117903
-5.582319285218755
-5.605853896706752
-5.649351670852281
-5.714750297749971
-5.715155074199711
-5.674726066202303
-5.816990175049085
-5.62209644283588
-5.776785623738546
-5.716103244872992
-5.74771115360146
-5.737978612617397
-5.7322669045808565
-5.701149884608246
-5.77057287884354
-5.823132671816474
-5.812475270746146
-5.73024279426288
-5.907582307337662
-5.802325220492449
-5.864338730884906
-5.7945881768226535
-5.757119142477493
-5.81293639680573
-5.8864804857041335
-5.860945532679314
-5.853170493616805
-5.8752132701775
-5.850329976285758
-5.830358401525125
-5.878289688809867
-5.872128346685592
-5.875537186859805
-5.835764402557885
-5.96748239562787
-5.945773567040677
-5.9126753319174865
-5.930509306809082
-5.919778858395726
-5.919983767172043
-5.922755175103958
-5.985418748854091
-6.044471370985517
-6.023676419391961
-6.009832320235883
-6.01592625611437
-6.014162818761667
-5.9444488505878885
-6.044205609254288
-6.027418829807308
-6.034811781221148
-6.079601033026599
-6.027931494203495
-6.068070069867797
-6.069830763697979
-6.00032950208323
-6.054155389364832
-6.040643792447277
-6.085422867438515
-6.154903127232149
-6.064691411200298
-6.247047877575273
-6.141186374103411
-6.175686819581895
-6.135030324198873
-6.056855748242749
-6.147454633371644
-6.084315386874792
-6.139664032690513
-6.169734279113597
-6.200758370917363
-6.134144817378009
-6.190785317962078
-6.210441700334769
-6.1672378471624905
-6.158615823744551
-6.180553038790878
-6.247085290771507
-6.149066238192009
-6.165928090972931
-6.2208935594345505
-6.230327103912893
-6.229309174025555
-6.2247610495294925
-6.209451848626269
-6.264106447223072
-6.220841516645094
-6.237419010551315
-6.314802304906176
-6.2307054579077095
-6.317519355519323
-6.253022185790139
-6.263154971540408
-6.310858682300562
-6.311412873014171
-6.283818134731988
-6.324745234832534
-6.3416316984543615
-6.258140773211181
-6.4190645556256065
-6.2915009977985115
-6.3176371493002685
-6.354168563381968
-6.360545726930426
-6.361419633255177
-6.406114806883759
-6.289055690958761
-6.35157960487275
-6.3665751017027885
-6.406518338014212
-6.451481274458974
-6.372340380166747
-6.419253714811948
-6.434789827999507
-6.424490966450893
-6.419931932865066
-6.3682681079080385
-6.4703029085706705
-6.465465654746533
-6.422128861161593
-6.414459473580682
-6.467320422369679
-6.467619993613123
-6.459398450202103
-6.387356456273899
-6.451668738434022
-6.500470558828086
-6.551353338896182
-6.598152298701558
-6.408132696677747
-6.400880131450378
-6.496660417752515
-6.412877343859179
-6.518217110160605
-6.467955573733531
-6.567730673088009
-6.641529627878183
-6.543710176441701
-6.482525044724676
-6.643682091992538
-6.538900380454823
-6.5863635830500415
-6.559255242685001
-6.577321660395781
-6.5125093131171745
-6.537041440877619
-6.561514947463822
-6.5472888426347495
-6.638893918877669
-6.581127085833088
-6.621498612376296
-6.633149396530751
-6.623614990535945
-6.591369878381245
-6.5804619224902385
-6.594621333788648
-6.670021929816738
-6.655747579547223
-6.655165933681791
-6.5706956512205
-6.599764425185452
-6.663640731991324
-6.6292178286471675
-6.607011850473457
-6.729978073014386
-6.695020615469632
-6.5917223011730215
-6.652934767181373
-6.676204335994228
-6.6835311365317684
-6.642519873111396
-6.655910128656351
-6.751328077220787
-6.752666490223371
-6.742304227765901
-6.734550647424489
-6.714755694325195
-6.6840735641217295
-6.816815030067739
-6.707577319922881
-6.763062680044533
-6.724281854083177
-6.727251328111743
-6.746644883057517
-6.696523585763497
-6.741583441377632
-6.7499816265052734
-6.795262113634775
-6.746242835926461
-6.774616893548998
-6.828950153656757
-6.823697617737323
-6.7783221519183074
-6.694027466170972
-6.754931586013609
-6.813697074179764
-6.819948887642216
-6.8068808357223
-6.829926071812491
-6.844113329704957
-6.795263771619421
-6.812838502632314
-6.818035092738469
-6.739836938722863
-6.840708941669788
-6.816542055497077
-6.823119017751174
-6.75803690110114
-6.815547226599492
-6.772824236038744
-6.846570801335905
-6.804723051090739
-6.9260804249652015
-6.9163933850437935
-6.926113112397615
-6.854385907962109
-6.900890646684013
-6.913227706819399
-6.874388735596816
-6.928117599766591
-6.854216792939129
-6.948645200305797
-6.949975481701248
-6.859259082979552
-6.917210078316092
-6.804124573100795
-6.900197626955592
-7.0098029799533865
-6.914406118057169
-6.917532769328794
-6.906408371323619
-6.848200034906114
-6.944217397441086
-7.052352186410964
-6.952592024660274
-6.941506158969649
-6.940994296147671
-6.906744632629537
-6.980095318837591
-6.959100910804132
-6.98981716806652
-6.88151977372554
-7.004136781229885
-6.967077070459215
-7.031372073655295
-6.907582022788403
-6.984849960366477
-7.047044454114246
-7.024152913999597
-6.944464764469777
-6.985272059643214
-7.083183569384179
-7.098268864939667
-7.059155435599101
-6.974277215636367
-7.029732486040796
-7.055925074407253
-7.020864605578466
-6.993001721210388
-7.025466824485278
-6.970125264554281
-7.0241821132204585
-7.014794487678937
-7.006109109709222
-6.980966384080147
-7.017939433974589
-7.107995319982994
-7.025495475223579
-7.058425364894497
-7.167974710499738
-7.0265319925763325
-7.063340743590891
-7.042099740830571
-6.976653816483024
-7.029492625088669
-7.027579035953721
-6.988054895975542
-7.087114604243012
-7.135945479336701
-7.132745238387518
-7.099588347509379
-7.137133872848445
-7.04029722378005
-7.060048152997002
-7.148911208573678
-7.048864938566978
-7.158281360100961
-7.136013594453342
-7.114864230921862
-7.112395833776408
-7.15887877784155
-7.093633507779
-7.098341213322252
-7.183863707241201
-7.070276381117065
-7.166850288757885
-7.125977097492736
-7.159730777525887
-7.160343175387417
-7.102358939725829
-7.1559633811972745
-7.147739467495765
-7.210777177240373
-7.180049600508389
-7.16230405744285
-7.162515833831659
-7.134463353734953
-7.129131311277425
-7.124576502631958
-7.180965647150287
-7.151309239871576
-7.125084848333555
-7.247903133658122
-7.189976494342848
-7.1956092143588455
-7.273922401631046
-7.179791926032587
-7.175885855575245
-7.229082834225959
-7.180189646608809
-7.118422775329257
-7.192632902152514
-7.205610003989648
-7.16715414365126
-7.24610485216759
-7.187520588844125
-7.205288598428538
-7.2209970004253226
-7.227330939219155
-7.218000129343736
-7.179349183582644
-7.287153607835177
-7.151723548492973
-7.2284427635217305
-7.188425892640919
-7.233140561997418
-7.214756183975734
-7.207140126004936
-7.186536927316337
-7.187429947589378
-7.232734319179094
-7.264207332741506
-7.263329289461341
-7.19967527624586
-7.273165896449697
-7.206017268425018
-7.283993043644916
-7.293422533906721
-7.248988801037552
-7.268365347308436
-7.276092202318793
-7.23113205728772
-7.312787132055127
-7.417506933040453
-7.244843667283549
-7.252782730896715
-7.228534604933614
-7.3177883606218845
-7.303505186038864
-7.326310667183982
-7.284633674769366
-7.319056435770785
-7.3025047444128575
-7.276578675933289
-7.29364548834426
-7.335294194214065
-7.3185771673657145
-7.231024688673507
-7.3330792085037135
-7.320663002563546
-7.369111744714072
-7.264367547337033
-7.3425694912990025
-7.232516681601313
-7.290701567030912
-7.360501461472932
-7.288981463600469
-7.4350476956664
-7.437232964422231
-7.3740002338986335
-7.361260466439879
-7.370197522175004
-7.2979183639962715
-7.3393205373592965
-7.374517013078552
-7.295773788425691
-7.472060657119129
-7.41956470179295
-7.393226388838824
-7.372241588848536
-7.3925378199215075
-7.428701242621152
-7.405463172959495
-7.377960104341816
-7.464522319849817
-7.308866301447873
-7.362601387871639
-7.3004448039298895
-7.362744780152652
-7.398173649405837
-7.456160292403277
-7.3746377503645135
-7.4326134246037885
-7.33987073030787
-7.406686795560775
-7.31582964102516
-7.421016374186876
-7.434365039650913
-7.330870049443717
-7.367388592602277
-7.429246800817383
-7.470169242372394
-7.449989890441038
-7.431514107665253
-7.345683069567743
-7.382961572182592
-7.432647889255967
-7.4731050247591035
-7.383069053856019
-7.435041373727436
-7.465887875381589
-7.389580152930648
-7.478762026024497
-7.506846670791551
-7.456571719280449
-7.472940625940037
-7.53106170095054
-7.444270906006141
-7.469164489122902
-7.452676319040584
-7.384122856477321
-7.4296447110491
-7.572914339471992
-7.479692037142226
-7.507114926890037
-7.4355845794797295
-7.479714964215868
-7.504212085240265
-7.483391230446696
-7.514048157203786
-7.617064687921452
-7.4896296467822046
-7.568779399025647
-7.520424087381267
-7.551539834991633
-7.49681046508227
-7.581916121568497
-7.561936393424715
-7.5020482722546085
-7.527439349237148
-7.483671419872741
-7.433492747824655
-7.5328185033165305
-7.5480200091022915
-7.477029572496722
-7.5331172773915895
-7.561589747140582
-7.565657324576937
-7.508525458519038
-7.542299512493348
-7.457375249118314
-7.480399380637339
-7.521448709618084
-7.536444870916274
-7.4541080661945065
-7.569362038941953
-7.478168973451819
-7.49440888923656
-7.556925937758054
-7.5747036924722
-7.530653046050856
-7.487281719979285
-7.517935558699927
-7.518766340919907
-7.556656238459133
-7.532915597019334
-7.5635093321530436
-7.446715508171199
-7.582020968443179
-7.51054818746374
-7.518505587951613
-7.537569579959847
-7.5201718751011235
-7.5339277582968665
-7.525882211141648
-7.4518211683390465
-7.525090010062989
-7.517441155960888
-7.577459567995695
-7.601084476549741
-7.505850952109542
-7.601347953676606
-7.551206643354168
-7.617946642382556
-7.553344947573265
-7.5495579552978
-7.515294792148747
-7.617705418694705
-7.574127495730299
-7.5192575121911664
-7.657276601942536
-7.707923328707088
-7.583114671282946
-7.539372285102563
-7.486927097688991
-7.608787017920907
-7.683291407377897
-7.647872987398003
-7.669727361039229
-7.56322254237838
-7.664726970018634
-7.558004550822165
-7.547684542741028
-7.665844654060638
-7.609642728165143
-7.6511410139077505
-7.539517573233602
-7.635081109576503
-7.596464376247593
-7.491059532419922
-7.61074957346782
-7.600097937964597
-7.637612570599844
-7.598804714397154
-7.607136016549302
-7.60067532248014
-7.571523378286416
-7.686657534144756
-7.655824979779121
-7.653351958729143
-7.649129010561115
-7.657535868677002
-7.627114145812499
-7.664083287237306
-7.624495471994155
-7.558729441673148
-7.68961922791837
-7.720568813831614
-7.641126993214896
-7.6478300151157885
-7.674870741161387
-7.602346190712047
-7.673682987464345
-7.703974531811177
-7.649892500913467
-7.68425554882506
-7.670053700238263
-7.611132037077252
-7.730766044927266
-7.5653190953886496
-7.644126040523483
-7.565864140845396
-7.777716888748012
-7.734816939185818
-7.625546418284341
-7.619412842229254
-7.654559312081088
-7.750182172617882
-7.661644694208177
-7.678044748180025
-7.765127298908294
-7.688113856201799
-7.677476547927696
-7.668756812001909
-7.587052139973281
-7.701349534082588
-7.696586155870799
-7.687759483585075
-7.723425498296606
-7.7836640662087575
-7.774231903487133
-7.664270617305057
-7.7111887558016905
-7.697311764315195
-7.667958927885983
-7.644457608239676
-7.6038091840332305
-7.718887596102895
-7.693739002390143
-7.791443300114931
-7.7055130299408425
-7.808181697614323
-7.704227186317715
-7.6252952266676814
-7.681193855777382
-7.728561379362233
-7.693537621924043
-7.678306919087387
-7.78720439840814
-7.724720426235797
-7.681402551671048
-7.748384461021519
-7.76764517056254
-7.7771086563096254
-7.742457798731931
-7.739035003579402
-7.735763413675386
-7.803934881417958
-7.742403362220776
-7.822506792703805
-7.7150307636591
-7.710622240124042
-7.78898657177789
-7.787779861338961
-7.700954761981267
-7.737680670352571
-7.842719446202771
-7.743549830594137
-7.740635544277452
-7.707069961907628
-7.734217523627589
-7.7555709701553415
-7.766640152643394
-7.8029239797462315
-7.796271358527036
-7.798869174812619
-7.691138728181456
-7.781202745712598
-7.682383433256573
-7.704330048678314
-7.703466592556072
-7.769804778944795
-7.749206504971716
-7.836119461731785
-7.7958504995358116
-7.73165895049911
-7.7288751480210145
-7.837312390479321
-7.767868450064744
-7.745283165307561
-7.811964275285991
-7.812377696165067
-7.807364887484505
-7.827705229317186
-7.7343899452922775
-7.810105501792371
-7.735323090541257
-7.854761401291497
-7.80072589726871
-7.7989303338467
-7.793668984379025
-7.796942266703164
-7.842560882836614
-7.79794398215537
-7.837769323272484
-7.81433776563117
-7.773412217408939
-7.777073333455689
-7.801988775270228
-7.859208588505862
-7.772600321802642
-7.8355890922030556
-7.788628849862167
-7.773162112116821
-7.786249098130821
-7.857784610072054
-7.807152143814476
-7.780892346030112
-7.716898237333037
-7.716195947100752
-7.893608687076619
-7.765180935464123
-7.829164930976413
-7.875998180111589
-7.7912054277120895
-7.913863990429341
-7.780245583226154
-7.804611463953805
-7.846587035739038
-7.818346331468209
-7.849632219755354
-7.831216460088318
-7.851468716277637
-7.871515647838262
-7.841524932202167
-7.856722724734971
-7.8050816545281565
-7.830693078355964
-7.885942089245946
-7.8670967150611695
-7.9598598734666375
-7.884036280500059
-7.890413908868322
-7.882132496703796
-7.867652966474577
-7.872180413668087
-7.859676974154709
-7.876278830616245
-7.8918201269007815
-7.890909763676288
-7.96771158455004
-7.851179802119638
-7.84205872383719
-7.860160355257365
-7.948807616747562
-7.881293326750866
-7.810732948093285
-7.910054798922322
-7.945976033281207
-7.865795750595602
-7.848687408519338
-7.921580550736927
-7.881066979205457
-7.9510002943052305
-7.891557081068527
-7.914185580603863
-7.879745640005703
-7.879241273114309
-7.925603693078883
-7.9227324730960325
-7.991935887513046
-7.886313638237045
-7.8345003926966825
-7.997630639659363
-7.894833728859847
-7.930125650621538
-7.956783125561225
-7.875219714574704
-7.892071967511085
-7.921152122034434
-7.977423578860481
-7.982719858425087
-7.8460987499154875
-7.9770103129607595
-7.895492684532072
-7.9827955640120924
-7.977858512722865
-7.9242542398064435
-7.917781811139982
-7.9436111595229235
-7.959467950020515
-7.923164607075144
-7.810744168233093
-8.001439387396694
-7.89903214738268
-8.006322425647165
-8.00957845638744
-7.992186279550109
-7.957615467120947
-7.982303578600369
-7.956019146317169
-8.032427062916065
-7.946142244860353
-7.8755103293112105
-8.041117694728015
-7.953715736065047
-7.933158067610643
-7.9521503632385135
-8.008466688778594
-7.9481270241353315
-7.98663852167165
-7.962296699190088
-7.951357251981775
-7.893814278421697
-7.983379579702049
-7.896074312837749
-7.958535738345659
-7.935139752364684
-7.962499469332432
-7.998754593705162
-8.027829006717905
-8.033010678453229
-8.0005319237422
-7.924414968958075
-7.970890564664678
-8.000368935117338
-8.02133129358755
-7.951071098530733
-8.030837000663094
-8.011066112151289
-7.940781380102471
-7.949670470187424
-8.02963548689385
-7.974649933928595
-7.9706741843234115
-8.057385641215095
-7.987226646461139
-8.002685417076577
-7.88892716932601
-7.995139851432327
-7.921333602531323
-7.986725693744489
-7.929973317763302
-7.923475833337105
-8.029121740420315
-7.9836146579656955
-7.919058238771074
-8.08138572753212
-8.07708919226829
-7.954105338704321
-7.986861306114166
-7.95645492239651
-7.999656054369772
-7.914294213256652
-7.98349782257559
-7.9970622885988085
-7.935996703898204
-8.098087414776018
-7.89877705177762
-7.992534040532869
-8.071681210895632
-8.059200544586728
-8.085229660229682
-8.009164488529754
-8.043287841969605
-7.976541895427189
-8.031845444731061
-8.016938598863845
-7.964627941819472
-8.044842572202915
-8.07945285622147
-7.979274038404174
-7.948311015343092
-8.089824015321401
-8.008805353291544
-7.927270671487266
-7.975800291680106
-8.104348984446691
-8.042537644735294
-8.045586831157248
-7.917836519010547
-8.052657951925061
-7.973450017870419
-8.04518695596415
-8.08122739243961
-8.05834860174299
-8.052622371717504
-7.955015219732445
-8.057104560492201
-8.046477736986581
-7.974012678548227
-8.068812046123435
-8.01124148122602
-8.001883355161333
-8.036770500871505
-8.102348646305002
-8.110025160209224
-8.087036062817225
-8.0542100734755
-7.97985841111343
-8.06215504295143
-8.136755022965358
-8.089074383784435
-8.055540738936362
-8.033248024491312
-8.113125552709773
-8.09948937928852
-8.030976539164518
-8.038604204662839
-8.08800290512684
-8.083054588916912
-8.148914052057831
-8.112215965322648
-8.117374845381981
-8.071454477820312
-8.09400693288802
-8.070462710499939
-8.123341698286373
-8.071366051590413
-8.061493513396636
-8.066843307460683
-8.030795274239464
-8.147490301114305
-8.134121894429748
-8.097954855358573
-8.145390511857997
-8.07682152389627
-8.057765148918326
-8.094975002854168
-8.03827048515823
-8.01768816936147
-8.015887106242605
-8.087949396413968
-8.10464195329632
-8.031382845811947
-8.016573348928619
-8.107054550032117
-8.076843547923882
-8.185146220468289
-7.9838724591380625
-8.093817237328029
-8.080872226294344
-8.049837623867464
-8.098517697334001
-8.080138617780998
-8.231294140002353
-8.155236038676284
-8.079593003060895
-8.05325340854328
-8.153737971086722
-8.120026725474485
-8.136478651347186
-8.111494095913223
-8.204042453349517
-8.149659174135019
-8.065884485415813
-8.149283992529943
-8.09670073944175
-8.079391463276435
-8.029750283299903
-8.222922473519453
-8.11325809098732
-8.221204584030627
-8.124788046529074
-8.200219255620727
-8.154192656661863
-8.08818944153047
-8.146179260587765
-8.19250258034175
-8.167402182805622
-8.159239637164239
-8.198718586811555
-8.185593307654042
-8.105855479591424
-8.13582662758977
-8.086246442397915
-8.099209862899006
-8.15279382951401
-8.169174561286324
-8.15670479452484
-8.150989025383545
-8.196470927427743
-8.120792698526044
-8.21000180781577
-8.218110068920039
-8.086611138696354
-8.152461156136853
-8.206481034070249
-8.278094590187722
-8.220825774485794
-8.091367282628998
-8.12138406163142
-8.200712137510921
-8.132326779400008
-8.042854548466295
-8.181319249044888
-8.140521139598247
-8.140278251809635
-8.115168006984092
-8.043080224830488
-8.129315128219309
-8.070590614084619
-8.229306096124741
-8.266106513689833
-8.143893948798192
-8.147351693284326
-8.096216689582944
-8.248650558749326
-8.173146083249632
-8.173120600863198
-8.162819440716646
-8.122513079005243
-8.214357643122785
-8.136767383448456
-8.0954978071289
-8.215860072753806
-8.205479217090232
-8.13584607767197
-8.155647575580312
-8.236719876632653
-8.179839130966355
-8.220688362487975
-8.174361804011461
-8.266471773470641
-8.196832272461132
-8.262411504217111
-8.204831931364392
-8.34419956096984
-8.176396349684367
-8.248394625146217
-8.150751648633829
-8.198352236974278
-8.19021038241132
-8.202575832072544
-8.206160467519362
-8.314362707826888
-8.118516535079888
-8.228583617540073
-8.247270713612416
-8.200538784732135
-8.30061879639718
-8.203256365178033
-8.117555615665646
-8.263998469156514
-8.295866641667685
-8.251731137018897
-8.070058107793837
-8.21741965187933
-8.156816702641555
-8.215617560183443
-8.237219265550385
-8.24347269581878
-8.234631689198219
-8.24325358181934
-8.27115379551031
-8.261878741579654
-8.159611143341744
-8.17926401608276
-8.224386863133711
-8.237068518292267
-8.283394036613712
-8.222216359078903
-8.185602999647589
-8.265642438959224
-8.244109889065454
-8.194214502270343
-8.214484888452246
-8.266285268906087
-8.18745814767127
-8.18702910563452
-8.20390135285807
-8.24318560945639
-8.183842364591547
-8.222209146933666
-8.279680985631357
-8.256040716214459
-8.306632294187043
-8.20492732448832
-8.246078877195945
-8.222376165295978
-8.31048787426355
-8.299433741378666
-8.313797843858342
-8.208489503681959
-8.321970716486186
-8.260560618716678
-8.283700525996109
-8.274259209226596
-8.303530787419897
-8.357325358409598
-8.259684104934808
-8.198706800785942
-8.188653828225839
-8.17341225142702
-8.321649990483312
-8.342850778099475
-8.237234648938735
-8.371645127722259
-8.236032377096196
-8.29092511180494
-8.255057369852679
-8.277330336918057
-8.301179758852232
-8.37928699980345
-8.236952192791803
-8.259199628880188
-8.309198984308752
-8.277505365822082
-8.263611554220669
-8.216126356873383
-8.20068544478496
-8.275533002102362
-8.299467872399912
-8.203727416958689
-8.216215890855656
-8.184938521338156
-8.180106180317514
-8.247189720655504
-8.390487754325338
-8.231935588740077
-8.315039322308195
-8.226595093094394
-8.35908016000752
-8.264671255556639
-8.225652128369344
-8.282766449509625
-8.328697484808727
-8.410015625241641
-8.326113377513764
-8.271696786669116
-8.263306575755236
-8.264270227746254
-8.225548490339232
-8.274756167423964
-8.359227265849396
-8.359089081058013
-8.258620996360882
-8.270429774251697
-8.407116959161812
-8.346221564958766
-8.255238530373726
-8.345529742159306
-8.352561831527437
-8.210033442007324
-8.227491138772889
-8.287415399578226
-8.237351156899619
-8.213052727510286
-8.312623365904658
-8.40604841143512
-8.346486650807387
-8.368367957104468
-8.343536604500743
-8.357852953843322
-8.25598545162602
-8.312544240270265
-8.318059587984914
-8.379601117957105
-8.29315614790603
-8.339175661936823
-8.295109764489244
-8.336710121055775
-8.339219744553118
-8.272248581176754
-8.356047183081065
-8.278364125722659
-8.349805773605853
-8.379415766669148
-8.294329940840766
-8.354835718564138
-8.365305689742545
-8.387418784765398
-8.395116271233157
-8.29922360373289
-8.308365592941161
-8.452105021066302
-8.349360544762765
-8.364528501524493
-8.294861093874875
-8.31306807451878
-8.35218932181782
-8.318630218418425
-8.288493006891501
-8.341104867459102
-8.350362383212344
-8.334379782637725
-8.33780134889161
-8.34297212738657
-8.369528247663206
-8.304554358907206
-8.339113190861339
-8.44322327684966
-8.384013265108871
-8.346509657709536
-8.262754609362963
-8.29422084339881
-8.287204774517706
-8.296774991375731
-8.363382430970532
-8.290003490340863
-8.272506488209844
-8.352832932247436
-8.31303638691492
-8.38875194396558
-8.382006043661297
-8.225124548652033
-8.36299664827367
-8.33443003997513
-8.357135237949912
-8.346425236122135
-8.4376255849027
-8.321049366609357
-8.3651966046422
-8.248151240201489
-8.356741246278972
-8.339650541988652
-8.337885673059304
-8.412644883593321
-8.350929832021084
-8.398009297712575
-8.415161823231548
-8.298350956276613
-8.383102065207462
-8.356654527767176
-8.367936440046833
-8.342204035184025
-8.39289060429211
-8.37822231942889
-8.38008884664008
-8.377337704179935
-8.308691287758041
-8.433713454355447
-8.34780623844309
-8.423688376525098
-8.348018657359976
-8.480748527235463
-8.418684775860944
-8.466809644522977
-8.360888124795819
-8.307816302643745
-8.351356422651783
-8.322816822209052
-8.406343150753164
-8.434022570982245
-8.322551221465956
-8.33487689531094
-8.3455851249183
-8.414544947099392
-8.321418933997007
-8.400530133350868
-8.421980925505219
-8.377563382404164
-8.363416259081648
-8.392263822003676
-8.389828652660563
-8.435868009259883
-8.479729691668032
-8.341265151209905
-8.433958859870481
-8.36553667756918
-8.370640503125207
-8.444174043447763
-8.357856865164827
-8.403432222459433
-8.408939441508528
-8.392873458554098
-8.375922589369544
-8.380072173916655
-8.394323123308126
-8.339734990255302
-8.361783885116761
-8.396807368256598
-8.330299675159564
-8.37446887735228
-8.302699177353745
-8.444486091845745
-8.407462659489944
-8.377535029900688
-8.400290009968016
-8.418869179644132
-8.422352333990478
-8.405184009806561
-8.420633281230804
-8.37558534234074
-8.347777147689738
-8.407110475860677
-8.461836314287444
-8.48291995155425
-8.374475621629484
-8.372954551573738
-8.370458296301036
-8.452314292353691
-8.474697188533833
-8.400208486253561
-8.428100058412273
-8.446777159244979
-8.43709930540541
-8.335510955485054
-8.50510970422217
-8.3799957068517
-8.4478175895765
-8.4489804488191
-8.388351819744448
-8.480813283902108
-8.414409716495074
-8.384423839688699
-8.420671336792102
-8.37575829290448
-8.384364817385256
-8.445895539537299
-8.444249728465222
-8.275748941816238
-8.448080068605577
-8.419857274436877
-8.456691354009568
-8.479685081425542
-8.481175671629336
-8.380852777170196
-8.414173612262521
-8.413029127274685
-8.423709009087856
-8.471921520534545
-8.363966068332639
-8.397189944948614
-8.41024376622446
-8.407231163330827
-8.402947266556813
-8.342852006411054
-8.401402870867779
-8.373608963034632
-8.304575799945708
-8.408371481485506
-8.384625236516019
-8.521589741347215
-8.418622226447303
-8.398484854330638
-8.40416402934379
-8.426314922684526
-8.394376773907561
-8.43059454367547
-8.455494415588388
-8.378566620908037
-8.454411770446972
-8.411495611524108
-8.312396791944407
-8.399723960807044
-8.447458888359336
-8.402977235584812
-8.502873681453186
-8.374649118538027
-8.35213149282282
-8.38794110074978
-8.424015041557004
-8.494989021228196
-8.490568633494274
-8.422003950216292
-8.37762911997444
-8.482301053793666
-8.516988495634399
-8.371269705607702
-8.40031667305951
-8.515152474279006
-8.423137979144968
-8.464579956984958
-8.526844318197757
-8.518991840358543
-8.488431101242787
-8.399810609016072
-8.409751030524301
-8.486100500026932
-8.486988715882967
-8.464798598273495
-8.507478664871726
-8.415537661887617
-8.416768532811206
-8.367175306033971
-8.44079849037918
-8.532858452341745
-8.504576645694767
-8.454236053857915
-8.474760867787623
-8.487205236869462
-8.43984982038032
-8.549634638533623
-8.487019668245573
-8.372094825094507
-8.535402965205
-8.437308173486755
-8.447673634877196
-8.45593833434543
-8.394993223477439
-8.396244034784502
-8.446646548981702
-8.45172230438352
-8.467586046142397
-8.505549110299945
-8.448892066582795
-8.486330735091752
-8.375149159635248
-8.489166081010762
-8.343662940941574
-8.387490409912392
-8.531957984690347
-8.426106659546983
-8.488096522189624
-8.448876951274741
-8.490786974375181
-8.475810723198293
-8.4834950100944
-8.495600547873158
-8.459175047117053
-8.462932372391188
-8.472796691084573
-8.37462189944735
-8.52442705769255
-8.516555912268169
-8.484936477234454
-8.481921291449027
-8.478000046561263
-8.434637057257316
-8.423912157291708
-8.488726729412562
-8.505873638188845
-8.512013515162481
-8.488971278870407
-8.503252583048893
-8.508588865246523
-8.477845853855095
-8.511048713413535
-8.525555891033985
-8.40258641305466
-8.524556495135373
-8.40055857849485
-8.498743701655952
-8.515958954468989
-8.39113837935531
-8.536503873362934
-8.498950041392673
-8.454471370101125
-8.521084421269302
-8.44067825039869
-8.576629180311519
-8.484997579012276
-8.41864864470092
-8.459058819531188
-8.50688354315519
-8.563617719100584
-8.433399207890343
-8.422071330955637
-8.520370388536533
-8.483702714189727
-8.531531872322521
-8.585705829636677
-8.50854305363921
-8.516645414686426
-8.543328630595944
-8.56030451091409
-8.47779083261428
-8.501111528990897
-8.558653092748143
-8.520908443079206
-8.498489998064803
-8.470153489316763
-8.510536993683495
-8.485559388518128
-8.528102516693567
-8.4595600916968
-8.48060993707458
-8.459245162275147
-8.511041730624243
-8.559881378185874
-8.448402738543749
-8.489049542220759
-8.532866613661097
-8.51259912453087
-8.45173258090164
-8.539649618937325
-8.468223348994746
-8.515388817810566
-8.444141207766654
-8.46541625189618
-8.502089157958295
-8.559499933780417
-8.460052720166827
-8.536930148436314
-8.564880459351308
-8.55351901740242
-8.565579504029989
-8.543877078241092
-8.465700413342496
-8.451194724483514
-8.485360531777053
-8.546828217933982
-8.56450945158171
-8.474323825185747
-8.552674026262428
-8.487062145096338
-8.486506657401575
-8.45310134759224
-8.538422011658453
-8.580029450605721
-8.498307943129696
-8.560239381315379
-8.45072527737475
-8.455617036731512
-8.499816233211916
-8.570547798692237
-8.474134855264937
-8.433382427677028
-8.465936008007109
-8.52708782114604
-8.562730358580326
-8.567727505701388
-8.447797237314898
-8.551983145674644
-8.465691543101716
-8.486140087040722
-8.564853943193881
-8.46864269550037
-8.515732609050094
-8.512250930276272
-8.54552345241713
-8.547671581137386
-8.539234854198906
-8.528653524882928
-8.460162235427456
-8.551442968800957
-8.514965230726022
-8.494995978830017
-8.471563515374703
-8.534265078959944
-8.590426237897487
-8.522350526170333
-8.582329270559615
-8.484220916631221
-8.533448351838706
-8.55023233646804
-8.539972554390378
-8.529714546549583
-8.654548116338487
-8.493024819626342
-8.477748292790489
-8.53178446731347
-8.529831560616072
-8.607220831622326
-8.590798024935808
-8.533585675230347
-8.544914639352198
-8.568795012080164
-8.468066689772366
-8.546314209564123
-8.550756285604216
-8.540424716346633
-8.557449736026824
-8.540747771965913
-8.684180516068874
-8.507660936488282
-8.556193909652313
-8.56233696480171
-8.4988438742814
-8.547896377316802
-8.57570444304063
-8.526079885195456
-8.53886429513245
-8.536562255950534
-8.584319084882813
-8.581837897881657
-8.542469767243663
-8.499790471295999
-8.402246051017695
-8.492032065888699
-8.569062161084007
-8.543823630607973
-8.491216666500538
-8.60436848396577
-8.433446039508338
-8.478001508417059
-8.537340682660908
-8.567861284715816
-8.478086870123692
-8.633334902319447
-8.585525601741281
-8.570772355990886
-8.57569245710322
-8.605740431906867
-8.606170284690016
-8.537182883195227
-8.543357128981237
-8.47372596609293
-8.497871197929229
-8.524071857362427
-8.599323843575032
-8.560213435073306
-8.630329823024551
-8.552766822276654
-8.57771834427877
-8.53297356887625
-8.58387488681697
-8.55203049495032
-8.58631010459966
-8.589351810606862
-8.458041663166993
-8.477915661138178
-8.592281015773972
-8.635310825320131
-8.568825657367595
-8.557472226132795
-8.587063166713987
-8.536542679914252
-8.592436192179855
-8.566429920268494
-8.552170449369997
-8.531458135049759
-8.520845907627711
-8.575174955906899
-8.625249855986405
-8.683501498878629
-8.637023037731595
-8.593949240212451
-8.463367951116142
-8.595457266286399
-8.523812855576427
-8.505404056524533
-8.553682767005494
-8.659080316817878
-8.639789323455847
-8.647568584961517
-8.624472280980127
-8.578950613014838
-8.596131283528013
-8.504827656705915
-8.5638037210064
-8.577460780373876
-8.66778968612005
-8.620518727091039
-8.582615384328717
-8.636761658920115
-8.525404437167401
-8.607643426127469
-8.534021940132053
-8.610266380061564
-8.562426315825215
-8.53363680406435
-8.54393064791853
-8.571092386603642
-8.655701377378625
-8.51574717014199
-8.608262229019155
-8.59045445003398
-8.625198082282974
-8.520347002495463
-8.4697763704428
-8.595656953717612
-8.631496928695203
-8.62420359545718
-8.51354556294773
-8.569319194924903
-8.608921055822687
-8.570264491304256
-8.605887371435958
-8.667153763059721
-8.59755401243844
-8.526130192535861
-8.613144803391332
-8.509224824280663
-8.602714810061167
-8.600977902529351
-8.45233882398437
-8.551397398593158
-8.64310249618893
-8.650374380523619
-8.625020244518687
-8.633047798748455
-8.589985745777687
-8.535433854624427
-8.594980925219819
-8.633237598156684
-8.583413388214021
-8.488015753545895
-8.5889124878944
-8.591332969553546
-8.577863176920543
-8.630324567235721
-8.538121313146842
-8.59531532859304
-8.60060085282844
-8.683413321795074
-8.656146022327754
-8.540888403019522
-8.586652615933469
-8.530115945467356
-8.613020296600064
-8.603498111423384
-8.616179265067041
-8.68074359199007
-8.600416582007844
-8.592628451611837
-8.608131041301707
-8.637373729381087
-8.595808949907969
-8.548999147477351
-8.543762239574987
-8.617803038696596
-8.579534006841607
-8.60166590590399
-8.581216173000902
-8.651594521159774
-8.584553506254798
-8.655260916300803
-8.584137029250408
-8.636655028322588
-8.644889414823817
-8.60368260706344
-8.62093588365118
-8.563441351785409
-8.627008016193594
-8.565945640664394
-8.67127438002635
-8.582880129044652
-8.668578716821035
-8.6529562351964
-8.620754711430333
-8.661484322126713
-8.617433729505326
-8.671215205087456
-8.602925367126721
-8.723615174545202
-8.593390312720942
-8.55793815894846
-8.645897501359618
-8.642858906748883
-8.658427958316159
-8.625973746631628
-8.631634248866789
-8.553110413954757
-8.641398869253958
-8.689515751778405
-8.652469616744161
-8.525337947811106
-8.735603967419417
-8.717972027122718
-8.62407266336081
-8.61602891721063
-8.620458206137533
-8.547171021831243
-8.624427439417794
-8.611642473446608
-8.63639896447497
-8.66211652975552
-8.684296167381016
-8.55473229390371
-8.585342231607713
-8.578499182603869
-8.65763546761883
-8.594109327788308
-8.605398199896
-8.657700403315035
-8.749766590714549
-8.589998047508717
-8.70878700221903
-8.674983153615576
-8.634502414451978
-8.66451746435319
-8.648085594677871
-8.712913475611082
-8.626180313710668
-8.643675060648595
-8.6172792882308
-8.587785626308722
-8.713786482379602
-8.611144847667394
-8.71417758958475
-8.579790122704685
-8.582519845228468
-8.618875916047577
-8.609034503501096
-8.634735185338979
-8.655145344273587
-8.709652641095166
-8.707911615871646
-8.590258468646914
-8.635391540365246
-8.617945791985266
-8.667071122405213
-8.704570622864896
-8.63304947639804
-8.652794928211831
-8.694738989072585
-8.650402602978229
-8.692515694853162
-8.615061055811722
-8.649740763493176
-8.643741999690226
-8.650680430459438
-8.589819089468826
-8.625126719922548
-8.529341522249386
-8.66303761283106
-8.642996749366075
-8.648842265420145
-8.556996292095462
-8.586400503195344
-8.65879049342264
-8.683243610412424
-8.63809463471819
-8.649986608934382
-8.602848779694863
-8.627857046542372
-8.615894693766279
-8.675656432365898
-8.554793951766035
-8.596446537807575
-8.682478819216882
-8.641032212252023
-8.62250223780524
-8.69453170042949
-8.697571611997928
-8.714165554307035
-8.69765736520554
-8.576770357132036
-8.64502490068776
-8.736771957196423
-8.684799558513594
-8.539432949211582
-8.641223141189917
-8.650780104872013
-8.650722923047397
-8.611377775264952
-8.598870596510043
-8.594036925130547
-8.598624749301518
-8.610240492598615
-8.761745843119542
-8.664549280783325
-8.705150794591443
-8.684441741173242
-8.599640578798224
-8.776686029077675
-8.610883886846215
-8.688546720309564
-8.633602622786777
-8.73146089587225
-8.741764569384983
-8.747324753241424
-8.63829375744775
-8.658337344493193
-8.754488364899617
-8.707083197876774
-8.64883974778205
-8.68270612738101
-8.659204884628465
-8.668541567356142
-8.597882673357995
-8.734470600765532
-8.69310190244428
-8.59877528815302
-8.63972359667626
-8.626600036427675
-8.684193612108347
-8.698099802379714
-8.679289725229694
-8.705738619552557
-8.67424423162054
-8.62090705412465
-8.626627695200165
-8.570213492449993
-8.691161511475801
-8.644280974529106
-8.690536524988476
-8.70563186691445
-8.701408958553442
-8.769297184315255
-8.834728707405993
-8.600682519064447
-8.668869749677985
-8.72086007032487
-8.713211691588397
-8.71832615798342
-8.670197105166187
-8.67713194212846
-8.7709675970055
-8.701008577811885
-8.734234112960323
-8.68596880720189
-8.715659796485502
-8.673025667359411
-8.74217748118902
-8.668163030212645
-8.65802410565026
-8.629306273916237
-8.735618945571032
-8.712483365308671
-8.687539937714025
-8.61541552578287
-8.70778492229411
-8.766589457354938
-8.680399950952653
-8.62505348561927
-8.544309499161237
-8.678213251572265
-8.638562642287885
-8.69720228490606
-8.719794448621816
-8.750159553869924
-8.713467492198935
-8.685639251980755
-8.7178752481527
-8.645878395162269
-8.713827609416043
-8.700577760183632
-8.577959871012396
-8.676647792333124
-8.782937928029735
-8.75734203432585
-8.701688646143038
-8.699267355172967
-8.74220142747294
-8.727017496246047
-8.753354489617552
-8.702430857661861
-8.660778038688587
-8.659974092889547
-8.639309792783365
-8.682941293560287
-8.704933296673685
-8.730499345847692
-8.77110102551108
-8.875338178874584
-8.652345655871418
-8.749106246648735
-8.746047648281115
-8.626856455419725
-8.71347135028391
-8.711835672790873
-8.620194304595266
-8.728992712989934
-8.622278478949786
-8.751821716664558
-8.749118292791842
-8.754559825313326
-8.727091782155304
-8.652061637986307
-8.699151819134986
-8.816690498834516
-8.732488522476364
-8.712851321075163
-8.751137303644091
-8.808962618480198
-8.803926223271715
-8.726476669730983
-8.744601054219844
-8.684470257655443
-8.730157474111275
-8.837158833940476
-8.784715692243834
-8.744733390507129
-8.740354184566698
-8.743672050386289
-8.66948136922615
-8.768115822048435
-8.672424549599523
-8.730869870362255
-8.742987436804405
-8.737130864505925
-8.785595981758446
-8.71175749348516
-8.797446757366265
-8.779818794244731
-8.798539119953565
-8.720581597845493
-8.719435032760876
-8.796863637857284
-8.75322199673961
-8.823593004930403
-8.81756048872318
-8.686303354222881
-8.800584235774851
-8.750569494512892
-8.734374538823657
-8.755739979211759
-8.689894394570137
-8.75363011692378
-8.662476105175266
-8.748242202454582
-8.721065659195231
-8.755251062943211
-8.666257387257234
-8.700461306797342
-8.69416990974078
-8.755143571776513
-8.750561150217633
-8.736640055804735
-8.734362271107784
-8.799398180401212
-8.764829170448097
-8.721393092611994
-8.698218174334626
-8.662703763143524
-8.726339809619397
-8.800981734248857
-8.80837426123
-8.743453510519478
-8.810926131121413
-8.68860127326311
-8.685325646925639
-8.724853981507538
-8.675388928081269
-8.869885092433881
-8.680021615477342
-8.736791238932204
-8.657750173667448
-8.723738602063934
-8.764138094113965
-8.8463553824162
-8.871972069144146
-8.701792149889265
-8.794265142157503
-8.680509241170348
-8.704205598491736
-8.734644729422255
-8.715841155309917
-8.776571652198902
-8.760071518332209
-8.745106165955347
-8.737980099585652
-8.723638240197591
-8.723130202490044
-8.738348140080031
-8.692454032291845
-8.77286204677681
-8.706447022583665
-8.77417442791334
-8.696883060067279
-8.79112641211356
-8.767020984842691
-8.687453786555315
-8.729627766337886
-8.781283992119645
-8.639624766756171
-8.739686787677934
-8.80727550743824
-8.699091390430707
-8.724073025976065
-8.793600548107705
-8.851149990497797
-8.84652302612145
-8.721398489892684
-8.77724111568642
-8.907683690561132
-8.727786733618414
-8.78669606431162
-8.756706819376019
-8.664456173081055
-8.797047243062323
-8.688471314203126
-8.66640423490938
-8.759875504074467
-8.818047051481017
-8.820193223440658
-8.75905622586824
-8.74208413469212
-8.792774451000973
-8.730684216485093
-8.746101654926152
-8.780663702193811
-8.881102103843808
-8.763570362368432
-8.777677233806179
-8.808914403397296
-8.782237044387783
-8.818029218797301
-8.828348428499048
-8.896800232800649
-8.773295842063181
-8.786477648775792
-8.87931531722272
-8.826289510540114
-8.75511073039553
-8.767164591600755
-8.788033912896934
-8.717946222899009
-8.83441951359562
-8.742549341059064
-8.727984041896802
-8.75359202883115
-8.784791016751965
-8.790928134719657
-8.819603438091212
-8.780141017406862
-8.81812615828622
-8.818624784285717
-8.766936174969734
-8.78087062418431
-8.85091106753172
-8.738173851761928
-8.773891683336654
-8.827944385385763
-8.732907630133251
-8.799399051170772
-8.789804995319878
-8.753003284728186
-8.81285051974575
-8.73805648258537
-8.65566676429644
-8.743712708727427
-8.78919724525031
-8.952792800692084
-8.784677775080775
-8.730061210032629
-8.782943624483869
-8.815954438647077
-8.772944623070435
-8.793936445770782
-8.84989406784731
-8.797457213396298
-8.6582423538905
-8.800177827003
-8.839823685893515
-8.723022545197258
-8.742935357657052
-8.8744914143794
-8.77446297085633
-8.875352899162198
-8.765650670325263
-8.707138252082528
-8.792799909855736
-8.811608675979954
-8.773539412387734
-8.86421046613066
-8.791230455637752
-8.765016959969378
-8.817939852365246
-8.77578050785099
-8.74815570546178
-8.848373469185264
-8.668644276995046
-8.830952528647996
-8.868081869623763
-8.8097364421502
-8.840451456305301
-8.875551645136406
-8.853678264590089
-8.8695057070814
-8.835871860810007
-8.771516618725183
-8.773239988270543
-8.719127256342665
-8.77839990037826
-8.784873620425518
-8.783678378800708
-8.815103217023793
-8.809274509659167
-8.798968345522596
-8.769722288247879
-8.826892706977466
-8.834341956306378
-8.859086016325495
-8.903490662857186
-8.875737994140621
-8.841536450570912
-8.837537539860747
-8.896466365016861
-8.72087600455022
-8.775584176123248
-8.780739766972314
-8.80558667774118
-8.85507616738079
-8.785391879492794
-8.771079196291314
-8.8153679759817
-8.777034715790379
-8.865153970953306
-8.713836013561359
-8.861235822164309
-8.801520805848453
-8.803229708991198
-8.718390367436449
-8.794916217532382
-8.770897952055552
-8.783491087037598
-8.879792716859914
-8.772465648376294
-8.80848826673918
-8.806186197595702
-8.8025420192815
-8.849664475798553
-8.80682567703557
-8.897730876479047
-8.812719595935112
-8.846418168300238
-8.91438879310319
-8.865258184458332
-8.878850593720987
-8.908190733894772
-8.831853969455642
-8.8635129239178
-8.798648689060702
-8.86910394173516
-8.817174389858897
-8.772731426214543
-8.852230607719099
-8.90762811359834
-8.879818585961566
-8.833075390187757
-8.805934255957615
-8.845193982911567
-8.843975934338664
-8.907457200441609
-8.839453537972288
-8.91988151850772
-8.892217927025307
-8.808249572215916
-8.86084745889533
-8.73897213608029
-8.921260733223463
-8.876640737947744
-8.805136770969337
-8.769623589870603
-8.797119552607336
-8.83641330481844
-8.870376470100071
-8.859613967746373
-8.792889827002645
-8.910130801781214
-8.884466693444002
-8.96145213726712
-8.883801495443246
-8.843751320782351
-8.800006949312037
-8.759011226577558
-8.882558963913182
-8.89803239302911
-8.826437340823365
-8.829866066282078
-8.856984143396565
-8.829482909886545
-8.808677034381615
-8.909170256725986
-8.910346716936445
-8.857767050950878
-8.827122883058742
-8.826369459474764
-8.830295918323614
-8.91949460101228
-8.906398837210018
-8.89245136336858
-8.786826294334249
-8.915258142347183
-8.854145180297868
-8.876216735692905
-8.833333972853595
-8.866530593151067
-8.948078486679853
-8.879642097247688
-8.856178984898895
-8.839933971712448
-8.830474889623527
-8.84134729094323
-8.93712194395673
-8.844502296025311
-8.91797849796889
-8.909940700804569
-8.88496956956166
-8.899681012387646
-8.877711297437331
-8.835745700207879
-8.838521236271506
-8.882245583193152
-8.75902932220803
-8.945718402175102
-8.864777749104084
-8.88621730774886
-8.930434957981749
-8.856447478064709
-8.812614184327684
-8.882267506501092
-8.794919641840261
-8.971386748169714
-8.901868183029997
-8.805644950321122
-8.826553558189834
-8.940359388111693
-8.824111201020925
-8.89390891338521
-8.898364025154834
-8.823782374313444
-8.91207396660946
-8.87817398566292
-8.832828207973362
-8.911895037087332
-8.831296181222084
-8.911331198150119
-8.87939724667568
-8.845108240708976
-8.931111008633394
-8.887477961751953
-8.890118174370704
-8.745565448135752
-8.898111544040075
-8.93009296192232
-8.98553122914509
-8.897375240998505
-8.992935989056559
-8.870353862523123
-8.892591052779993
-8.894067508007673
-8.863929084560464
-8.897373526768888
-8.920758421601452
-8.818178606573357
-8.907199138584835
-8.86589730897
-8.852671612299174
-8.955938128874429
-8.92627521535921
-8.89531148876586
-8.858901242453308
-8.879594334838536
-8.868392841993737
-8.871078876726719
-8.804981298943378
-8.905237065975813
-8.8358795669308
-8.866283214669311
-8.902896515243443
-8.835721123328174
-8.864192798600893
-8.937578677893681
-8.855183567231567
-8.861658870908691
-8.893039895524339
-8.807397215017097
-8.999729515707777
-8.81940758211214
-8.921431262806239
-8.88089571073585
-8.94466229136812
-8.845987287124064
-8.88068884038892
-8.810026448572975
-8.886224297238014
-8.938833721296467
-8.81469793483018
-8.96089712972136
-8.902584031543531
-8.744372332955852
-8.980005618656296
-8.993302544168682
-8.933238727859232
-8.855641075197893
-8.880173879293894
-8.856995896418223
-8.892082384183913
-8.910018520066227
-8.803643483296762
-8.860981782131507
-8.859784966788313
-8.953223519656751
-8.829605433217388
-8.951956579026309
-8.938055656341326
-8.925129663384904
-8.900562982648815
-8.819568233943649
-8.863955979481299
-8.99462007435038
-8.829229340310615
-8.992331500989932
-9.047522199589725
-8.935291659125257
-8.969124973169299
-8.953356246872469
-8.978570025886288
-8.917742025328566
-8.922099475624528
-8.927365569305483
-8.84602489711223
-8.878009967990058
-8.910922446218619
-8.928674903675345
-8.832326501659848
-8.840062419394746
-9.008420432590446
-8.85842982436408
-8.838898520652611
-8.924995144479105
-8.878781898251127
-8.837603854707181
-8.841763910970988
-8.897802551167455
-8.878732859603916
-8.948893358556674
-8.839927194155006
-8.901128568883593
-8.908387542385368
-8.898624793646603
-8.8886476868832
-8.936725165002999
-8.890533338574135
-8.872852464053196
-8.93544170792736
-8.943851623093312
-8.975026694642107
-8.881197543168831
-8.846117813986499
-8.940335334909266
-8.883511098336172
-8.964357080304955
-8.977539194035716
-8.89171664947016
-8.885621259998766
-8.910167135817645
-8.930003031711442
-8.895528837071497
-8.882708277098699
-9.076385620638517
-8.826153510000536
-8.973509061402217
-8.94821576470851
-8.954806621706126
-8.906252100145284
-8.97143942139361
-8.925781266724607
-8.959982175751557
-8.933179981217894
-8.982988690891718
-8.968423171996022
-8.99945322069346
-8.855578386297585
-8.952953482973028
-8.922759310012385
-8.850608982730943
-8.983823594100029
-8.956577475066629
-8.89497100105911
-8.884878993373643
-8.998145233842257
-8.895793913580437
-8.957504906856018
-8.934110647462727
-8.883651372491718
-8.865588062930561
-8.972843266053966
-8.851192639457233
-8.95507424929499
-9.046788746323072
-8.96300890647222
-8.963831058871701
-8.97118424262181
-8.825557984479039
-8.889179338402064
-8.892423483301647
-8.857911785071137
-8.888507355162487
-8.936654369387432
-8.922423226270864
-8.941800387328323
-9.006355877904726
-8.943075609866273
-8.980272147576299
-8.927645878669958
-8.943884490336476
-8.91699832849294
-8.8686330857594
-8.863876449254752
-8.955756656231946
-8.881663358608298
-8.990525036466014
-8.950063016870017
-9.03405371123571
-8.908382262682746
-8.981036247183722
-8.93741270187762
-9.055905118501297
-8.99903735963552
-8.874966272950374
-8.974877525015332
-8.946722340992201
-8.920789655335893
-8.969074608256433
-8.929133295056664
-8.955684472528427
-8.955448216574615
-8.955893934798729
-9.003786808235402
-8.934995813847262
-8.921208619269244
-9.034662600804971
-8.93339147799937
-8.898972380643128
-8.965729037644998
-8.851209966570607
-8.899385589431324
-8.967373964941403
-8.963045189108005
-8.939385147833576
-8.960171753309647
-8.932758581077861
-8.885224218507448
-9.030204903605398
-8.939858851401747
-9.01401500244721
-8.965308620664578
-8.930316448309416
-8.942285348527848
-9.003111569267128
-8.914585833216202
-9.018812720897197
-8.923885505144804
-8.885435722548648
-8.983283543659729
-8.926186950994795
-8.960490614817113
-8.936960487265756
-9.008089219162429
-8.909000794268577
-8.95545720420733
-8.934091358501195
-8.993472685567996
-8.945660478406921
-9.031952532414241
-8.911525564548093
-9.06076649008009
-8.992568373537585
-8.976003580979604
-8.914124511580953
-8.88401197328901
-8.974096762965365
-8.968021892299648
-8.976215630464344
-8.907187516360944
-8.905972782809659
-8.89871574148772
-8.970278643367541
-8.92402567868133
-8.966337922478354
-8.929290637392544
-8.988425079267627
-9.014136683531358
-9.008202512293721
-9.014395374999758
-8.966105647337487
-8.983566026188587
-8.995351300741275
-8.957076988294206
-8.900254194460253
-8.913383118228369
-8.984719343961828
-8.990157538334225
-8.90981004640001
-8.966470764641818
-9.036519252985398
-9.021033230989838
-8.951873852588909
-8.960750578436688
-9.01766951037831
-8.946493437435846
-8.925605329248231
-8.955630080730208
-9.031213138519332
-8.991536302344409
-8.929494713246166
-9.031847160434332
-8.984100135174158
-8.927540119999021
-8.927843409669377
-9.08652742991856
-8.93218463561982
-8.954902739120847
-8.918164846255086
-8.946265436907517
-9.047250643093426
-8.957472806231559
-8.969589745561647
-8.89352322559162
-8.979074758338717
-8.900736401149805
-8.983737269482756
-8.966734226887194
-8.953777764105098
-8.93553701891661
-8.978720627205565
-8.89118128704689
-8.97678382134372
-9.000814857257359
-8.955859779754375
-9.028353688514398
-8.926345599561285
-9.094541315649424
-8.885023202430308
-9.065710598702223
-8.92033893095185
-8.929318073903925
-9.00759396711198
-8.994680037195414
-8.908734521918717
-9.032927979769495
-8.890789562020299
-9.013388686992618
-9.035194697404267
-8.975616329035834
-8.951030924670858
-8.94590046641303
-8.977670169933083
-9.000995669254898
-8.985714539244599
-9.029855502409694
-9.021866914779821
-8.936147749539153
-8.907395083582234
-8.978124369453448
-8.995398159529698
-8.874844812388801
-8.997390769624571
-8.972938366409489
-8.940533939475669
-8.94597771221044
-9.000128051477878
-8.941295757556665
-8.97926766646273
-8.970684356458902
-8.97397396420345
-8.98948362611381
-8.977274592801399
-9.02499892800957
-8.971767516401753
-9.001804926544485
-8.89579884404849
-8.981843358784857
-8.931017280515395
-9.019276607591207
-8.960932221635039
-8.992240595150726
-8.972108240605223
-8.98261311288488
-8.994848397742889
-9.021645381765428
-8.910853171677987
-9.010310904736544
-8.980396499278505
-8.973655582718838
-8.98912142354233
-8.976142757871585
-9.002639092024358
-8.965884728365783
-8.989588012481086
-9.007279886071544
-8.904464900259098
-8.987202143287858
-8.93119755510137
-9.021851800902933
-8.931328735050927
-8.938683905147444
-9.03431707287025
-9.056122130203315
-8.934682043257283
-8.93016628930093
-8.939729367638224
-8.983463129363491
-8.909959795742855
-9.005937587016204
-8.94420472423389
-8.931819916046937
-9.014664111088349
-9.044882565880426
-9.021805555613733
-8.947731305459389
-8.976388608807442
-8.936889218095926
-9.017977562384164
-9.066734859619732
-8.980860493279122
-8.973849792992905
-8.96165463586824
-9.070627559083263
-8.95519171072255
-9.01352451142576
-9.02190474787474
-8.97286728576949
-9.014370610248204
-8.992818234405352
-9.0376649671542
-9.00919403595317
-8.954200694795508
-8.951183481419
-8.968927593576392
-9.007452569962583
-8.957551402535522
-8.94102814588907
-9.011402377156122
-8.960030031220533
-9.020217085816835
-9.070046287391405
-9.083066829165281
-9.013709414675132
-8.962822656310506
-9.015710102902183
-9.001916512958143
-9.073670726383435
-8.923774877188396
-8.918240897664294
-9.124033052881753
-8.96961786140288
-8.96700183410468
-8.997567688796035
-9.023954070002189
-9.018478066095756
-8.978599203932566
-9.037224794261284
-9.01268389456481
-8.97898476731182
-8.947298788610416
-8.969989769985814
-8.992732221558652
-8.915315074992533
-9.018894866994996
-9.02504574811894
-9.045757735966609
-8.962924125810575
-9.010970099175763
-8.950248495180842
-9.028960336722498
-9.01246872706611
-9.018303664351865
-8.959006123796268
-8.98135148811406
-8.940909191827563
-9.008995236089685
-8.99319119143785
-8.978154166940628
-9.088472602321607
-8.976027673950584
-9.034911170950208
-9.008703643258201
-8.95547112180899
-8.942789578685975
-8.964512972910937
-9.050103629772025
-8.9867987831864
-9.052320039232004
-8.996663774653333
-9.076774642212916
-9.003921033421442
-8.968707042253055
-9.011826169264797
-9.008391311330875
-9.003937195584781
-8.924525959257918
-8.999219114889021
-9.050812641557211
-9.046265949717478
-8.929955570241274
-8.93746100518478
-9.044061174610425
-9.00414888044976
-9.002683131375845
-8.982821709090883
-9.022426435179707
-8.995781788280174
-9.026644040599136
-9.022261855878652
-8.981601302784222
-8.975750095598933
-9.029770990177722
-8.99557932988067
-9.062035339393345
-8.98629997033211
-9.034540728382622
-8.973780258797929
-9.084213298625132
-9.011742275263435
-8.989481017360779
-8.995613300182942
-9.019825446463521
-9.029132146876853
-8.996301049336031
-8.992189991797018
-9.037677949525351
-9.045571275875096
-8.996878475052725
-8.983011794795262
-9.00389803354966
-8.968469332546489
-8.943961123893706
-9.080697329461513
-8.978686857812033
-9.01399656933642
-9.091948778265573
-8.963697882975108
-8.992746614384718
-9.024644389657608
-9.002545881170333
-8.98096405076579
-8.919844364653489
-9.01299939876331
-9.07304222732759
-9.017680756413403
-9.026145839458682
-9.041055468759676
-9.106791487533306
-9.139356432409842
-9.086086283884034
-9.012329618145582
-9.033525261226776
-8.947587416571729
-9.102587551245433
-9.04279154839809
-8.983309709807711
-9.100372310493148
-9.018826547328464
-9.033924627023437
-9.063966105415776
-9.043397211802624
-9.039879173643827
-8.989938675063042
-9.031814624671886
-8.923144358516133
-9.00686837604482
-9.083464422932188
-8.980445965445
-8.989820106232818
-8.977107185924666
-9.137853639266662
-9.009541760836496
-8.993416922991132
-8.991318345979039
-9.088089529530864
-9.011048051391551
-8.978640437415354
-9.09637389342726
-8.974001852361111
-9.017720548851328
-9.015836573668869
-9.033010757603884
-9.017548447832842
-9.11722530695745
-9.053763805357224
-9.016447764097965
-9.044557773390345
-9.01602966223973
-9.014046750066218
-9.03338355938937
-9.074973932372803
-9.09642662712305
-9.050845902283235
-8.997669574853981
-9.006794311408065
-9.060664315097894
-9.0230100280715
-8.956378784197124
-9.00913046647121
-9.064028760622179
-9.093663405855109
-9.016971357986598
-8.996337304651837
-9.06988260597915
-8.97406532445842
-9.038270966039875
-8.993593917715204
-9.017287132785896
-9.060615560929053
-9.02327591263648
-8.96150531868782
-8.992842564035966
-9.0403919287929
-9.126005869759828
-9.044150276203503
-9.061626339042446
-9.035798095615684
-9.013775288346805
-9.088980388579982
-8.90774989756767
-9.048195537593045
-9.068642243211704
-8.988842871122905
-9.043668490808122
-8.980389492844168
-9.037424755397367
-9.142140885269788
-8.978131316997914
-8.980003475363713
-9.043919828415692
-8.957767327781319
-9.049503773110926
-9.07857118385405
-8.974926798058105
-9.01858843441323
-9.007404460868024
-9.030784866166572
-9.103497288496618
-9.070776575720478
-9.05515814114323
-9.136383007244
-9.025891285303533
-8.987333699151069
-9.011031866153164
-9.037797052126429
-9.009667157532595
-9.091908192190113
-9.026490527748736
-9.047552155974612
-9.000098520463473
-9.081917649967513
-9.015314201009303
-9.094794573770868
-9.064281832384422
-9.115357607168503
-9.088983012301384
-8.988465777328527
-9.090428953663583
-9.04103538162944
-8.986163404330672
-9.057833610581136
-9.03081281694254
-9.041407872332849
-9.047370347820433
-9.049388036798232
-9.001091959486534
-9.057725755035994
-9.044583440112788
-8.999867846967176
-9.040917650501532
-9.027800372270505
-9.09318870285775
-8.947457222909001
-9.042595670330764
-8.986356466354499
-9.07359214137491
-9.034538533805106
-9.108391161271648
-9.092746681885464
-9.124499934164652
-9.026996339805862
-9.084626938770365
-9.112131936986286
-8.973957465729617
-8.965726886477109
-9.028768533653114
-9.037125176600679
-9.057464425896018
-9.093623257096466
-8.969410518523835
-9.094416918996622
-9.055182076310754
-9.0818995160349
-9.035590787099988
-9.08713044170013
-9.082750718339225
-9.045551208537983
-9.080495634727674
-9.021469285757577
-9.098624382640772
-9.061009332822719
-9.077442479594234
-9.05891065700897
-9.044148604860107
-8.99338100335611
-9.068097451006057
-9.07008730013758
-9.021148212277806
-9.116022788667319
-9.027820679749883
-9.07855045063202
-9.106319861731642
-9.052404902790531
-9.021844867935755
-8.926477318187208
-8.99655979916986
-8.978473131898964
-9.027796045440406
-9.033306111050186
-9.048782482335602
-9.045550973932967
-8.982064392471292
-9.006704033156163
-9.045777757000442
-9.029338242593079
-9.013314030495946
-9.039028573478664
-9.021588181970548
-8.99774937014991
-9.106705131297906
-9.087172246329915
-8.968408008751174
-9.076446830896199
-9.05537460518929
-8.976053066242528
-9.05795174862721
-9.051415621886767
-9.069271176210192
-9.028016393298628
-8.997038497759394
-9.12424836345465
-8.974723003488
-9.10389799332424
-9.020802763061237
-9.099764354287819
-8.996906432314587
-9.047137407887169
-9.044571790756207
-9.069106169695779
-9.096678500134692
-9.137657856949629
-9.082417524757053
-9.094727317726997
-8.94077195965399
-9.015969838852866
-9.035423936229373
-8.972233820614589
-9.071191031172077
-9.132087779328929
-8.976819590764157
-9.030678408336415
-9.06162042509232
-8.944531227814936
-9.029495949148473
-9.064947982887881
-9.00826887984788
-9.055625726108735
-9.013090585593796
-9.048921446419309
-9.146474866772081
-9.027233966878791
-8.99312096495609
-9.065161118561866
-9.081394071935101
-9.062573954340385
-9.00631080461054
-9.041785560091268
-9.150794982953451
-9.087949800546994
-9.022633619385932
-9.045396408215888
-9.039444972065562
-8.949539444541717
-9.086906692984682
-9.037939779665809
-9.066108771822599
-9.012538042669973
-9.09862382816337
-9.023010447487923
-9.063457091386658
-9.057294469493721
-9.084047027334384
-9.031898052022294
-9.065904300027436
-9.077637705409176
-9.020076623426032
-9.100032584089131
-9.02093350687631
-9.082973169309964
-8.998304424466822
-9.08920015531082
-9.069030702587936
-9.168798383398451
-9.031383800774298
-9.041628187657599
-9.021724429536453
-9.011754780001745
-9.042890410318192
-9.06709065592541
-9.038603938805934
-9.053033121602667
-9.167267638123212
-9.047725947142311
-9.045690010434024
-9.075163395563214
-9.033085348044807
-9.094065418346215
-9.123565828861976
-9.089950986219023
-9.037461200765403
-9.108515684066806
-9.108458854968857
-9.029062593838646
-9.158140616514581
-9.054246444032952
-9.072108433901462
-9.059751209060954
-9.120910803049581
-8.988769392926784
-9.083731159500848
-9.119758944979457
-9.0562672890559
-8.999687370644464
-9.09668930296203
-9.005219645825502
-8.997476977648299
-9.06475739872349
-9.06797013331917
-9.174229943488134
-9.119899711737537
-9.210425485432152
-9.089128803331269
-9.044717648012861
-9.078736661667788
-8.991818885682049
-9.090530858342152
-9.054481528309521
-9.018872917348407
-9.121828720675245
-9.057630017786556
-9.196598651529424
-9.07852342860813
-9.01408075144782
-9.088570095916909
-9.086957968876977
-8.985111247778217
-9.074735794312778
-9.07891682290471
-8.936409722922036
-9.057112064055303
-9.161579897991396
-9.031661419644442
-9.107720713827455
-9.088347193905404
-9.108002292141471
-9.05452029639847
-9.021392738417829
-8.985813977651263
-9.073588416730924
-9.003626667280185
-9.148567961640557
-9.055980201442408
-8.96218272696368
-9.1010242484691
-9.065021781253838
-9.035863524828804
-9.10102193105129
-9.048433089538658
-9.099389383785121
-9.091242341348844
-9.07027340016316
-9.092267755565429
-9.06124938872638
-9.023464620114131
-9.080425315216544
-8.98408438242169
-9.035337742178267
-9.047694850025355
-9.131900677337063
-9.095079807374757
-9.04430059709776
-9.0505862922827
-9.085701858386615
-9.041554346848718
-9.070950856850382
-9.028895713525587
-9.004474484456647
-9.025246978511792
-9.056956597758322
-9.225846776049433
-9.004230778614632
-9.066821001417622
-9.021694556077497
-9.004080620968958
-9.060469184014028
-9.053520250341288
-9.069262340126057
-9.072800347507407
-9.063119014210905
-8.970897466743079
-9.01463722884038
-9.071084387178532
-9.043222983468082
-9.042319855089962
-9.154940448691628
-8.97884047538001
-9.129507586041896
-9.073824010415109
-9.069869609022101
-9.126996479781768
-9.102813460169054
-8.97544936418871
-8.995983740736099
-9.137599481034028
-9.108633406554823
-9.084551771528053
-9.073879260844903
-9.02889870379442
-9.094983758477467
-9.077019751107505
-9.066973644509853
-9.068058189593287
-9.09221510587332
-9.051643906670453
-9.088839465817093
-9.101258715046768
-9.219468032150585
-8.954823418691344
-9.145909511577962
-9.091430341682106
-9.054177742723452
-9.075614790038086
-9.054270305037988
-9.086845309201108
-9.11259093086741
-9.111222615301314
-9.034426163998395
-9.122419911083496
-9.08286262548027
-9.075322577838996
-9.143405107739072
-9.045540417140245
-9.18262077288225
-9.01925610684643
-9.073413662997416
-9.101978302663204
-9.094009097366968
-9.060658621731578
-9.10977150348728
-9.037096285549431
-9.061649962530229
-9.096929415534671
-9.122121323874346
-9.115718728972315
-9.067044752104175
-9.10250477695374
-9.078369138160744
-9.10717517006541
-9.098682348859418
-9.06561781299203
-9.114727968978144
-8.950366382781691
-9.012356112626547
-9.08315871156001
-9.086014099982199
-9.08424459793658
-9.05951062877117
-9.06897355124122
-9.024959532634044
-8.991620066369428
-9.01096381797329
-9.067779807593858
-9.04865389694597
-9.047835289177613
-9.076383862513119
-9.067027731449889
-9.052278481533312
-9.009540413399513
-9.091458826976469
-9.092447615718823
-8.994750701138782
-9.07862889873226
-9.137420428433307
-9.047858782963965
-9.067262539853418
-9.121397034466854
-9.038151420246136
-9.151127610736838
-9.139013761853343
-9.114887426319916
-9.078758036311685
-9.065021150622078
-9.07540079122532
-9.134170655077073
-9.141113552830063
-9.114334824797906
-9.127647362547
-9.062089699315537
-9.05259047762127
-9.028832852624694
-9.080342541975236
-9.068954764474205
-9.056353578832235
-9.079014258479763
-9.12246714660321
-8.98301862474639
-9.072970430913266
-9.066430589340756
-9.078142673203548
-9.049836675605166
-9.066971656569853
-9.146454534598664
-9.182289819106199
-9.018014853965203
-9.105296593697267
-9.141195855683323
-9.065894658491226
-9.033083386589805
-9.146710776753336
-9.143261283022184
-9.126256228007694
-9.04562410184097
-9.088051216508386
-8.979529272181054
-9.167382221176219
-9.15627314193468
-9.060970074971117
-9.139798129642205
-9.145559763131143
-9.112923145577994
-9.134892987454064
-9.018069021381493
-9.097673896336666
-9.115747469225914
-9.076390623069486
-9.074386128139668
-9.121854436796696
-9.117834176637063
-9.129080557553008
-9.135541079025606
-9.113792146301742
-9.08096798694073
-9.128274546542102
-9.121269801270586
-9.072177736283786
-9.064854636457788
-9.118289748347093
-9.014341349342848
-9.15319673269487
-9.024463414232393
-9.094648372408354
-9.130030630867868
-8.983155132031929
-9.08190897227419
-9.157534389864841
-9.029400782971988
-9.12785441335428
-9.165919976731898
-9.107261583691365
-9.009875229116005
-9.149732269803275
-9.095807022450074
-9.083561363249196
-9.141768519331624
-9.030042847741074
-9.123152034427328
-9.098660438282586
-9.095751036507176
-9.024758534334172
-9.156367667238625
-9.028670090470218
-9.088113064542645
-9.017992597447055
-8.993445896629305
-9.0212183777938
-9.079906706393606
-9.05648010289502
-9.111021727986563
-9.088000547884693
-9.184647859254648
-9.097353625340608
-9.099717346229921
-9.124590359306653
-9.083981033439626
-9.143160904125677
-9.051687621071245
-9.166085038761464
-9.122404873803042
-9.11871501733584
-9.111455715875659
-9.107682138244083
-9.028061095252662
-9.121251454207892
-9.117611224386087
-9.105076704322281
-9.009935474013977
-9.19690466224844
-9.141807368355039
-9.119674864343905
-9.029947862501865
-9.06448738456869
-9.051750986790799
-9.013982323146621
-9.118274033987914
-9.17816660930117
-9.145557814559602
-9.102392176473495
-9.130532027958123
-9.060383651808394
-9.12695670199649
-9.074529558093207
-9.074273195316408
-9.117361276668987
-9.104163403377697
-9.125231075678501
-9.078445344411051
-8.976831246106505
-9.098854192750148
-9.040609807149053
-9.126028274344039
-9.0314580056738
-9.203882132989243
-9.08193303053162
-9.19038663599237
-9.213738902331743
-9.091291170530365
-9.196907135883036
-9.059550573442312
-9.125849461526203
-9.082967577113108
-9.085368841034134
-9.101499841283081
-9.144681713124543
-9.107842144545383
-9.141044387087561
-9.139515359275288
-9.141138224053671
-9.113614722236594
-9.03467388744521
-9.120151290873743
-9.147236843998341
-9.120967027439509
-9.127855057334738
-9.069160771844524
-9.112620865644976
-9.14565048473484
-9.094812034485164
-9.181155429216314
-9.086155703245812
-9.080836443335789
-9.004902973447008
-9.14988555260414
-9.145258434138922
-9.16733244416231
-9.077665641969348
-8.98037502066058
-9.118837430431451
-9.142785046658425
-9.019150739263937
-9.135698280045974
-9.109101308070123
-9.09756189052293
-9.167856220303571
-9.10002700788388
-9.09436502107418
-9.102850774463752
-9.074196145973318
-9.168289918497798
-9.03669333213178
-9.037939989007132
-8.986183949752903
-9.085519819339849
-9.139427248134403
-9.102888838273186
-9.197907299621589
-9.059090395198684
-9.175462816954656
-9.18250388540471
-9.181741879443832
-9.091658135962644
-9.139982325449884
-9.132039840847899
-9.08687696396153
-9.089728995235017
-9.10633827575467
-9.082469669577815
-9.020990254487137
-9.07325845301416
-9.097112468755121
-9.148646071988065
-9.085263272894561
-9.084083656414572
-9.157995349771111
-9.165482330362842
-9.182312053567356
-9.128775210997222
-9.032296731426314
-9.091523716872565
-9.078690612197303
-9.035957745018392
-9.101509657857287
-9.200026432717626
-9.171775242214075
-9.174058048571327
-9.103276617389119
-9.09695541075788
-9.053602906394321
-9.126210104687573
-9.098246552164111
-9.109346946116212
-9.140687298595827
-9.042625188221683
-9.149630190296007
-9.240656585565231
-9.1384847261573
-9.210543901094278
-9.085351499512209
-9.09390288077253
-9.083880488219329
-9.222337434401886
-9.094208094362754
-9.108056721513936
-9.126642829762384
-9.056524969840682
-9.115896254888629
-9.103352793853837
-9.07616343499487
-8.969659338563835
-9.156308872135279
-9.148359571040329
-9.132576519576626
-9.122670274822468
-9.097240524436593
-9.099408800405774
-9.196779497334582
-9.090670163311326
-9.094942061248522
-9.11028589670651
-9.083909920373733
-9.031307513957037
-9.112592776406292
-9.11234569873938
-9.170623252288772
-9.120795326359604
-9.197793378958842
-9.11596318576962
-9.137993510745499
-9.173094014155621
-9.10004292917938
-9.109313944376835
-9.059241675433658
-9.183039704469127
-9.053611229183279
-9.1655167634014
-9.108575547336082
-9.154556781813666
-9.136914216054958
-9.096616805326574
-9.121981569347675
-9.11149279377319
-9.017633863141787
-9.119734143464475
-9.123671004974653
-9.128363296828837
-9.116020310168295
-9.118660080358675
-9.021424117645354
-9.253423975882967
-9.075008276411035
-9.048263414349991
-9.11688975915419
-9.122793333437533
-9.105978900977114
-9.07924800598388
-9.192259053951828
-9.082203193419936
-9.157573803733927
-9.049002024460245
-9.134886580903304
-9.032928374827378
-9.156808354257528
-9.116668639484235
-9.0892052222735
-9.139193784439776
-9.135686368352307
-9.087271708338335
-9.076323415752759
-9.124705187901304
-9.091127512945706
-9.07595797681135
-9.178956209049613
-9.124935930435687
-9.152407454926985
-9.146534812143837
-9.148527292755373
-9.10904740829404
-9.03316029817167
-9.189917215537058
-9.196423363382278
-8.999928092712313
-9.15524368592128
-9.088345370192517
-9.100935408553617
-9.144636405707372
-9.147166376416115
-9.076687387167084
-9.190290495330256
-9.13784891658558
-9.093598794511063
-9.115603005910021
-9.093152359623003
-9.159665132526358
-9.153790577301548
-9.106968770367464
-9.141413233451916
-9.143305835313456
-9.152378713038587
-9.0563053369025
-9.13125801277855
-9.121130639243393
-9.17182129074275
-9.148984173895473
-8.980259031342902
-9.109423021467085
-9.164832804010107
-9.063453526174762
-9.137026440610425
-9.092959229762107
-9.092776587988878
-9.138305508173303
-9.141868771180617
-9.173703428992587
-9.10920456673317
-9.191976350438651
-9.080745499447112
-9.156811098163647
-9.092661998788065
-9.13492469753651
-9.064391814782875
-9.074703174767377
-9.089636765079034
-9.055578099398245
-9.180454200284986
-9.0704003682194
-9.105217735058703
-9.09934988258131
-9.168581549549796
-9.06616539553387
-9.110429024705127
-9.135609762478387
-9.108846204255292
-9.0714765480564
-9.12391520058813
-9.075476573189507
-9.060650011689143
-9.087288176004753
-9.127099400301466
-9.215023620903109
-9.130312986158414
-9.146865558232836
-9.147139502677895
-9.089657536678557
-9.078232867391113
-9.041432049266907
-9.046026575051362
-9.074580819852347
-9.164230026350882
-9.148372669719208
-9.136928774598093
-9.131190754205377
-9.135873445838376
-9.087819982348233
-9.138774508868968
-9.126363103413663
-9.088926428426838
-9.10751654357321
-9.085674537274329
-9.11954173754902
-9.19429315221311
-9.054216724929251
-9.238556478100362
-9.190633144392683
-9.165333637155358
-9.168795766760319
-9.146935938358189
-9.194388541566452
-9.169296121839198
-9.171146961216477
-9.121446742413802
-9.096470028003333
-9.103961799514652
-9.152037659301886
-9.192427314092088
-9.17202740467288
-9.158053725326624
-9.163621913488626
-9.142778838851768
-9.122183117183559
-9.071276498815285
-9.09808256171797
-9.136784752504433
-9.169326013197216
-9.137752090904831
-9.15284363803454
-9.100091625769261
-9.227328843603395
-9.124089321920122
-9.147958351834244
-9.108277792319852
-9.227878714901415
-9.174689049727236
-9.062493869377018
-9.205742401645233
-9.163961652965178
-9.071398368789831
-9.149630180461617
-9.141082755693759
-9.154032183002517
-9.187466224202067
-9.228694689368046
-9.149649919660979
-9.083488190629465
-9.253253601022367
-9.187660643000184
-9.167610843535194
-9.141990399142506
-9.098303902296912
-9.2085102012644
-9.133521146869375
-9.173453196448193
-9.084581648188637
-9.17592150632228
-9.145851339126594
-9.170675345775122
-9.182413380070445
-9.255357214257387
-9.131011949960778
-9.154255317841017
-9.179410448000704
-9.122305582884918
-9.167871799137732
-9.133985866214447
-9.165587492084788
-9.211217047981966
-9.190767366348869
-9.158752193748471
-9.16097445961705
-9.141496187418712
-9.163132608977744
-9.175638162130221
-9.066552497268098
-9.133812573558988
-9.191226184431628
-9.172270985355654
-9.255573858296474
-9.150612614502478
-9.119811095433677
-9.171845337060926
-9.136524577605053
-9.151851900544495
-9.156110813554767
-9.192609228086424
-9.119255287398172
-9.15339108352161
-9.219633829018138
-9.19145241136638
-9.145871094899663
-9.24037090332335
-9.121887867884153
-9.104962255597906
-9.194095842147375
-9.21303536450066
-9.185091915076462
-9.104252611760897
-9.23006489133226
-9.136015257233602
-9.16515200819488
-9.049598982886097
-9.090369163174575
-9.14646055807381
-9.169132680038816
-9.057794171361627
-9.213027252957442
-9.163891535278998
-9.150265129425637
-9.141880082319881
-9.182216901812934
-9.082533709852596
-9.242461976335406
-9.167845288022418
-9.107948765167468
-9.162788258741262
-9.226500057012881
-9.12284924863991
-9.109498374779557
-9.201998297436225
-9.147113695915055
-9.099129805084706
-9.122846102897006
-9.158295075831147
-9.216747871333268
-9.191744876183646
-9.148487481518643
-9.141388384247813
-9.200571195053048
-9.15475987232315
-8.847447590712937
-9.165373031915347
-9.20756245716753
-9.151896459080646
-9.150364729390544
-9.130892311304079
-9.214483742499874
-9.156196964315056
-9.109716132022047
-9.187958738280647
-9.26070466356562
-8.90096529365296
-9.21865329227998
-9.15053029451118
-9.216851023284205
-9.188479324822856
-9.122100759343656
-9.16125472793015
-9.154671394281982
-9.09178706974326
-9.13856091263274
-9.168488934963998
-9.167154370632273
-9.137662774058004
-9.159261616403574
-9.067870398264231
-9.228651656895728
-9.243634469317254
-9.194877072278395
-9.216043462916128
-9.178093506244577
-9.142249258557461
-9.15813913025034
-9.148669727760556
-9.225832375968622
-9.262125987227105
-8.749128905020031
-9.090378472408368
-9.062667086763634
-8.866524462005769
-8.908421264357946
-9.010211142630025
-8.773977789010218
-8.422296207917253
-7.7511312425083405
-8.738609598355316
-7.887411802252567
-7.958993104827529
-8.252099549214474
-7.747479964551809
-8.59039394183513
-9.1269570971043
-9.04353540913056
-8.879951376643174
-9.156315866481382
-9.21600222219515
-9.195771616679027
-9.21662098796156
-9.16152759372978
-9.148456581274713
-9.112189226410154
-9.24220171625029
-9.258170296503964
-9.16187232034705
-9.10150215521661
-9.069530716523436
-9.15220717550046
-9.18053938792063
-9.173834780551546
-9.13532290367632
-9.055226322686336
-9.138620485567513
-9.158362615516092
-9.074994493931923
-9.131483031795641
-9.187102837479832
-9.195825289817666
-9.11151824427436
-9.114801382125002
-9.097009763052094
-9.040128676122135
-9.095893146693392
-9.141082323144017
-9.161425931386509
-9.01280317886272
-9.113066853766945
-9.133929813939806
-9.205882509534417
-9.158999870251426
-9.123761808901337
-9.117292087581891
-9.134163937084557
-9.117552217983102
-9.135439066938432
-9.192537536350777
-9.169736176620777
-9.109890185280312
-9.080537144842591
-9.221198698089017
-9.219301867935306
-9.152348006837576
-9.149514507319486
-9.078075812221863
-9.189917585684432
-9.149070278611475
-9.117868227915794
-9.09549024460976
-9.096000693749735
-9.22149874364949
-9.124061606148686
-9.082402952212831
-9.227982665008481
-9.07890562374351
-9.153641275819908
-9.139810266672486
-9.19279405695188
-9.112409393573431
-9.148076951963061
-9.160158474503566
-9.10342437356943
-9.217433842470028
-9.190349476577955
-9.240606279934175
-9.164501907388347
-9.107222099220747
-9.114189223424708
-9.124308032738035
-9.054953180777703
-9.1241258980822
-9.127825483100837
-9.18303749049152
-9.104108244918313
-9.17850070344784
-9.234962906230717
-9.138012867765665
-9.132197077750204
-9.194648993372281
-9.054344358225421
-9.162383239229431
-9.209217968267708
-9.135049427777899
-9.194200285560015
-9.256390217916687
-9.125694422465088
-9.09915413069855
-9.112897022432154
-9.198795049059507
-9.155064946284893
-9.162017640763734
-9.183755071893566
-9.154088450193724
-9.204353482084137
-9.132852584430827
-9.214922735309386
-9.161724027234307
-9.18779350856114
-9.187133149284001
-9.290476728391585
-9.1714043398285
-9.146314261753096
-9.127599364772076
-9.145380013336068
-9.122071549075047
-9.188712352561554
-9.164003216038543
-9.130266898292035
-9.21329495986457
-9.151873111798439
-9.275367900637919
-9.181859650306997
-9.139270952861802
-9.10424736043054
-9.138690769851006
-9.261252553316387
-9.151298376174926
-9.139243039720295
-9.165677779115617
-9.137753829959882
-9.134228323397553
-9.177990347909308
-9.190048361031767
-9.132906427165738
-9.19308617421163
-9.150215929342972
-9.224642334531646
-9.149138139177788
-9.100912783010184
-9.181724934087551
-9.137448341468156
-9.130797909375632
-9.145675793326294
-9.117206269535297
-9.191639586599958
-9.186319871647765
-9.155793983929783
-9.169947714992487
-9.11371625931733
-9.105364475487388
-9.221050314471432
-9.238508454248205
-9.219102567159936
-9.151861396332182
-9.184015120514559
-9.120341219094621
-9.1546420963312
-9.199021650746976
-9.172551088155606
-9.156591148928761
-9.210851785173682
-9.210423811688562
-9.152843634907098
-9.159217056106474
-9.204599617485878
-9.261814333757874
-9.244621307319894
-9.122451069704812
-9.18908889244038
-9.190340236524529
-9.232836348951269
-9.196125509539218
-9.246428986843728
-9.07128138611935
-9.12184530203432
-9.148229416557738
-9.237308639210065
-9.190371705494627
-9.181109614606385
-9.167056367450671
-9.184713924488126
-9.158702938596068
-9.181219233581883
-9.245042490645256
-9.161871116352648
-9.205270958160233
-9.158643140062974
-9.109248405377253
-9.23528020667794
-9.14185693482905
-9.192632372223342
-9.22377441434816
-9.16044126034443
-9.131282136318411
-9.206675307563321
-9.12785399503417
-9.172171245400868
-9.2541886909342
-9.233556261426507
-9.230249264496456
-9.178803172235908
-9.167130225554727
-9.179941571164488
-9.22893729189742
-9.225180641124437
-9.18807118950941
-9.174365726282202
-9.134598051624591
-9.128441492955355
-9.152185071427583
-9.245087464389913
-9.15984709927047
-9.298155259186375
-9.239965308530095
-9.201494105940597
-9.138593720656871
-9.235698555479713
-9.174147703743234
-9.151648837168574
-9.183510664114676
-9.125635198891175
-9.169899787320798
-9.221594997170115
-9.274333100839229
-9.226024448044091
-9.178483725244483
-9.170204536727162
-9.159538571981805
-9.159300627863487
-9.191825473954195
-9.185916260264483
-9.164417941699737
-9.2132227597083
-9.269456956898404
-9.238890715466606
-9.170125071272786
-9.187174527989736
-9.223034626263855
-9.161417728584917
-9.170482850235883
-9.197637728320611
-9.233662468828445
-9.111472540977356
-9.18643841806523
-9.20332780577152
-9.193561111312857
-9.191139520582892
-9.228117281462882
-9.224622743808611
-9.268476683325138
-9.200944704329716
-9.15142384629458
-9.193019439267317
-9.184991816672758
-9.21518061445519
-9.186250946279658
-9.119025829789598
-9.190231134469736
-9.262269312718265
-9.25145902744895
-9.106315413283342
-9.242594564636297
-9.210216739311843
-9.150270823514775
-9.193444620890878
-9.119298110088868
-9.239565455816212
-9.141942276509155
-9.30228935609491
-9.241493009629599
-9.16951113518766
-9.230768551924607
-9.213198167834344
-9.25358062497241
-9.28195436402779
-8.832311382361365
-9.04745308522289
-7.836890815018743
-9.054874024596746
-7.853329828291701
-6.695287509213265
-7.251326912669049
-7.341217620428934
-6.627902571907697
-6.10182913487623
-6.565554578387857
-6.662259714578029
-6.828389588792806
-8.043755382040656
-7.416253140920102
-7.461304125784955
-7.869675169368538
-8.295209375044987
-8.964496637141101
-8.875323824198096
-8.961454919985892
-9.279023256095398
-8.76017223549041
-9.168489794803895
-9.288478732639101
-9.183882439191995
-9.18902815942645
-9.14147952600692
-9.147660119858623
-9.190490022059876
-9.12781677480501
-9.082373772510303
-9.149582336843318
-9.171740615279585
-9.23154500709256
-9.208469194013723
-9.114264805763433
-9.11611692581742
-9.056288690419713
-9.109803880400271
-9.073407391932923
-9.11458552220545
-9.225467651763749
-9.118052000638171
-9.147000905164687
-9.109315309104264
-9.11471505728226
-9.207752509392535
-9.07143691777548
-9.094395282911576
-9.115466241831507
-9.148153983033126
-9.064023748172986
-9.006070115784777
-9.146130566013943
-9.127294670333734
-9.047044115648172
-9.058522148660327
-9.114059332421725
-9.137213625484952
-9.13193121805399
-9.112453316506498
-9.191486275836779
-9.17412185331048
-9.112281093392534
-9.106731485216848
-9.056565272950031
-9.04229208226082
-9.125808984764836
-9.11317571759964
-9.116067487737558
-9.050213340996672
-9.12396125375397
-9.103707548248705
-9.117545282297362
-9.148876767715011
-9.094650854898617
-9.099947917688642
-9.083312152222883
-9.191258642886355
-9.056437091062783
-9.073654283767905
-9.08252402455192
-9.097308152166269
-9.09701448474294
-9.149203965051521
-9.116054428924228
-9.081706934520597
-9.127246614143493
-9.170900633207111
-9.126459415900827
-9.16500595873625
-9.110806176275295
-9.131726060801176
-9.08930865013398
-9.14057599841077
-9.16089075379055
-9.180053813773474
-9.099681304896194
-9.229840092636374
-9.110836369457758
-9.057846444127824
-9.166402100974091
-9.171967566865346
-9.159453035387019
-9.149597819289955
-9.191253048249303
-9.11207103764251
-9.124461348830144
-9.057967987992837
-9.19353379467488
-9.129524014013647
-9.195914582498913
-9.210387740674761
-9.17688556739093
-9.150976488054571
-9.16891797314914
-9.163295853966499
-9.264996320512404
-9.182099921700646
-9.120573732029554
-9.085878905769315
-9.172301094394719
-9.123195243466006
-9.195829792360646
-9.261546187770898
-9.090675391815983
-9.126714064051404
-9.118555694716676
-9.19081318140739
-9.133860216675869
-9.17594679156687
-9.140317203061143
-9.13353247495576
-9.064939818938704
-9.021019336017773
-9.204534266992203
-9.116579108198806
-9.114318883182282
-9.104803713499317
-9.147290332134018
-9.17379574059509
-9.232941520283598
-9.13251186197084
-9.145019855256978
-9.101704059404112
-9.19910448779901
-9.190173561974854
-9.130993720777985
-9.085056096123653
-9.208462319415375
-9.155830733968628
-9.171901884179592
-9.227557130700948
-9.200907215263664
-9.064945102093622
-9.197239478993225
-9.171547341531644
-9.177124517357232
-9.288810960623607
-9.10042050990262
-9.104875193535085
-9.096107515056048
-9.13728877166926
-9.210048596823325
-9.133318741231532
-9.122150247083535
-9.153514870410902
-9.139248826095441
-9.15620249918398
-9.177276428264582
-9.087957702632668
-9.196692268458856
-9.235888508925544
-9.112988972227063
-9.144851681649133
-9.172445553833336
-9.2094935879577
-9.154888617276997
-9.194349937324645
-9.051818626454745
-9.16445401438269
-9.195274742988135
-9.129802606853687
-9.1337653176683
-9.170206301569513
-9.189707678010326
-9.214435407094511
-9.184880624143597
-9.09604126067658
-9.158854538915703
-9.219832702533212
-9.19198205883139
-9.179874315007782
-9.1625543559737
-9.181257428931955
-9.132157072601458
-9.166106442194383
-9.204736582216523
-9.088880213784092
-9.181673116615816
-9.219699477793501
-9.106352947912148
-9.143735049196113
-9.109065241824071
-9.103054632388575
-9.24291118873502
-9.228593273309789
-9.107216573873364
-9.08233250891455
-9.261112999314639
-9.155154680609256
-9.106705416693675
-9.165382499026917
-9.224794290703
-9.161063832634326
-9.213479213302405
-9.215217651059495
-9.226780061241469
-9.187486917034548
-9.209977318710685
-9.08786240396061
-9.209657736986363
-9.230453294696803
-9.211035468313368
-9.204778855045166
-9.18160630049543
-9.162809316065987
-9.061386886050578
-9.20910723814604
-9.219347510169058
-9.151388491927827
-9.156144617650897
-9.20253670036746
-9.21007178933256
-9.153865830076056
-9.267879324594245
-9.168593878833994
-9.169772769090882
-9.068847808480177
-9.172464406673049
-9.060681087763248
-9.214479056306194
-9.185358625233729
-9.196665510731526
-9.18345769653458
-9.188546359540863
-9.208320922792323
-9.125205117301174
-9.243392340061709
-9.183876114068417
-9.187045852587424
-9.192234143665983
-9.12027822602043
-9.180062110658502
-9.17392982738012
-9.182770299697816
-9.170060162532465
-9.215624572301458
-9.236611922134989
-9.221399290661841
-9.212519475958647
-9.154627359520473
-9.208194847259563
-9.101698904419905
