-4.369577380638197
-4.362998863091148
-4.360346063550842
-4.368610820414125
-4.368645783495741
-4.353428094100708
-4.354557139057339
-4.366226438876251
-4.36816100207865
-4.350570897477215
-4.34741401256776
-4.342227449208077
-4.351525244967378
-4.365147050814386
-4.3519116747648985
-4.353070345261351
-4.363653352205385
-4.357949969850377
-4.364794977417834
-4.374940996102969
-4.360116048841134
-4.361834542384794
-4.3532779886278306
-4.367131633519107
-4.357810329240514
-4.363723846003583
-4.359840511747653
-4.356621167500644
-4.358841927487729
-4.36925984729859
-4.349830453029888
-4.36526007745647
-4.348292601879539
-4.355080221621341
-4.340893193039383
-4.364455502405917
-4.339659646900778
-4.347572582502457
-4.35987096241795
-4.356890155969858
-4.376080130107842
-4.352577007817218
-4.3437766184999225
-4.360390747330454
-4.363070813575698
-4.352881924628592
-4.35908927288785
-4.365820910075995
-4.368351616823705
-4.359446308643214
-4.344107713641537
-4.352194282799345
-4.362291009591762
-4.349749792752442
-4.367845461518782
-4.344295858059083
-4.350568292754694
-4.350279371629101
-4.362160081047816
-4.360319893938416
-4.367415072847143
-4.352541185275862
-4.360037595452583
-4.371878583046132
-4.345873017972308
-4.36050082619106
-4.370672810473642
-4.3653596365700205
-4.358963578536328
-4.356157716537697
-4.368723550228123
-4.361706054700874
-4.370621219407343
-4.355601451691167
-4.362092458542397
-4.361069174017039
-4.361429615044607
-4.380922827729711
-4.368149099062936
-4.344378354404983
-4.344455405292358
-4.35689062884656
-4.35552799013204
-4.383690007666882
-4.362777970576687
-4.3730400748863945
-4.361778144994009
-4.342804733769794
-4.373310377389757
-4.376234255678209
-4.359177672847596
-4.351067311536597
-4.378984864076786
-4.377970088496529
-4.365613911746735
-4.3678874342953895
-4.37543104696817
-4.358766745668516
-4.37175750712424
-4.369450544570363
-4.356251213726653
-4.372489353550707
-4.357132796765304
-4.353244484912766
-4.352588654784826
-4.364648442768677
-4.363337580722762
-4.392594468984553
-4.378095994579819
-4.3904438774463745
-4.383518411966185
-4.400749199134923
-4.41840431971957
-4.3883927164807135
-4.430928306702382
-4.445808169948829
-4.4199753423437755
-4.402596510136178
-4.398576746913119
-4.4761826076209665
-4.453207498385706
-4.455638548896745
-4.548896059845732
-4.494124623193271
-4.538540051135764
-4.579641177980553
-4.62359756965067
-4.573539023414514
-4.623169896502126
-4.548268688645986
-4.63807835255306
-4.694774346000693
-4.677940742494575
-4.818640121801197
-4.855341763228714
-4.7774002252038485
-4.6757273079530925
-4.830281867952094
-4.700542475247512
-4.816972264937002
-4.9518576417808475
-4.9537049186155535
-4.81076049093604
-4.855227733736626
-4.884693032243451
-4.818983016304843
-4.8125924928861075
-4.978557387107301
-5.067135654879294
-5.036964358656197
-4.98905959228674
-5.174228413291636
-4.936791768097066
-5.038300426579887
-4.995575221312606
-5.149324949917531
-5.123197423965456
-5.2150978925418165
-4.987442085806247
-5.338088587437659
-5.225917208129154
-5.214283821824183
-5.121798682259809
-5.312195386303226
-5.27384559333189
-5.331543942226613
-5.232395856919105
-5.117667485442916
-5.2444315961594645
-5.191939294032211
-5.337034224511098
-5.094086334053812
-5.232353112034082
-5.2395140278655905
-5.140848116242479
-5.1822224361690985
-5.198717855117942
-5.152519166309136
-5.110265423412667
-5.093037983345419
-5.18700299005989
-5.254986591984391
-5.355314035796024
-5.360514899167441
-5.297681195664698
-5.226296049469653
-5.340629745825294
-5.348164446869471
-5.32706113139732
-5.435147426658778
-5.3004919371104835
-5.292219595334213
-5.288609583092256
-5.315313220179433
-5.2811479167135715
-5.340074534647701
-5.230834684105463
-5.141980587693492
-5.1939231809019795
-5.203867786999689
-5.450914180701076
-5.467416969054469
-5.207046322497546
-5.350651799043068
-5.383552246423567
-5.419151895301464
-5.277138217078944
-5.462200018604668
-5.360430532037763
-5.402764074665265
-5.341515493844637
-5.319679686669737
-5.376751260250734
-5.436550600131682
-5.338723014162684
-5.345730664547026
-5.4684120023636895
-5.358754018171954
-5.515619370916198
-5.527418759333201
-5.3948144864595555
-5.299381325002124
-5.47369819624247
-5.498050822954124
-5.377698166540289
-5.397393160323346
-5.411183184673403
-5.387732003761933
-5.596008039573357
-5.4905994997816645
-5.498688511489991
-5.5502667762442295
-5.640446100060341
-5.594732678582776
-5.752950040118147
-5.701179566110312
-5.783450895998901
-5.880235917943437
-5.844367109447951
-6.035842213407324
-6.102525268794027
-6.170302149189176
-6.095866886562415
-6.157896912196622
-6.35525349927221
-6.292061184431604
-6.380293096050616
-6.55669372423408
-6.511224318137384
-6.549057989703535
-6.510839541810158
-6.576906407031378
-6.685479986139881
-6.696908579086953
-6.524096643713652
-6.765293829874612
-6.8506846814934
-6.756944537460289
-6.592696880361441
-6.588585641383691
-6.551858941343877
-6.73510677513561
-6.677564073349902
-6.665419764175981
-6.639554724690143
-6.544055471460012
-6.593951248722714
-6.564129577002195
-6.490035320898842
-6.4875720230377
-6.506011602070359
-6.436632733063317
-6.386819922763691
-6.542003056137968
-6.558703672041155
-6.556415959871078
-6.5135244592401635
-6.520159420721029
-6.498621910538272
-6.5000807519760375
-6.504584647433894
-6.533623687936464
-6.363523276114612
-6.568539237214672
-6.584234266342233
-6.595323938852146
-6.520215952791133
-6.512255479365308
-6.455105231187741
-6.425869539464279
-6.598752571165836
-6.665054976154664
-6.541550380192174
-6.446708409089417
-6.585718492241178
-6.440903434013371
-6.4483983469946935
-6.629701273984508
-6.4261499706485665
-6.459558751406596
-6.484257032028821
-6.419583249720964
-6.361580218613282
-6.4709596063006565
-6.416890168963832
-6.392905465812671
-6.40604653842413
-6.361633363678508
-6.330256410080381
-6.449708816142381
-6.443561593494504
-6.5638687550051245
-6.409740659766709
-6.454232022035666
-6.5227537271196185
-6.283903414230376
-6.350202523618564
-6.378546223698195
-6.3575898284520465
-6.412588770822936
-6.485151851942987
-6.321407521040993
-6.515985856517166
-6.493243014174503
-6.478404004132455
-6.437334608841273
-6.46756919861482
-6.318046995992589
-6.468117146018237
-6.536287744974094
-6.455685132019115
-6.343878635199127
-6.384174612703779
-6.526226445759358
-6.468981079377755
-6.475783819365728
-6.605651824860522
-6.435651394753588
-6.514777608951592
-6.568886571982389
-6.7182747737449375
-6.532276658823571
-6.540961229446835
-6.5945701829055885
-6.462593534737319
-6.515151546862995
-6.658090658274633
-6.631930900540752
-6.538513920000025
-6.4717596740988546
-6.60538098652735
-6.578145360602033
-6.4579294804921705
-6.64012069085742
-6.517936112454361
-6.484181560935084
-6.587704430191872
-6.507811863533465
-6.493043283408892
-6.559501945160806
-6.673381234101072
-6.706752876068581
-6.526825164378109
-6.473743348315439
-6.544788551559519
-6.564348969872803
-6.626238451196977
-6.510900677579236
-6.473197279277553
-6.477580876074905
-6.493635803676708
-6.619446001993729
-6.612131175386509
-6.67975164654711
-6.603248905930613
-6.507931360072624
-6.686438038805878
-6.615956013186082
-6.641886584835425
-6.560932719150983
-6.556659571024717
-6.377370144665479
-6.6838519721919205
-6.583141682167888
-6.587687437631317
-6.553234704114541
-6.587257667291453
-6.579860342541562
-6.402817922491085
-6.4430955598095885
-6.576926213872581
-6.494807397434619
-6.684171221280582
-6.628880143140764
-6.622621866685645
-6.658182131709758
-6.478453458798666
-6.788380789701542
-6.595191643802856
-6.536732438308585
-6.582441661124489
-6.611545091506791
-6.703108556563191
-6.649541644631815
-6.556565129652992
-6.607322047171514
-6.54015071063218
-6.581727876520522
-6.6509676528385855
-6.61643998834678
-6.602915443432636
-6.621427127882821
-6.592897166714059
-6.678903515950006
-6.550775925796912
-6.525305029085967
-6.720601528715831
-6.664255027190683
-6.738018931623654
-6.547391964284675
-6.659966831072548
-6.653325084893652
-6.623554321186714
-6.5626921963388645
-6.625101281684914
-6.666453540302431
-6.662526671105166
-6.628867296430975
-6.64282599965933
-6.708824975302448
-6.522575499174311
-6.744045936820581
-6.663369077502285
-6.556131190728329
-6.639141531577002
-6.574500848444366
-6.569452139937212
-6.65591068222132
-6.566275548059659
-6.772624828293757
-6.49396632905781
-6.666613546762029
-6.59895366200282
-6.484735149634407
-6.5855198616574775
-6.66151855792467
-6.634181508542404
-6.719732129918935
-6.547058111446083
-6.539486960370588
-6.631108782468016
-6.626930537104389
-6.618948991523682
-6.678526989337719
-6.663330675982753
-6.578806598150113
-6.568488208558968
-6.557764983531992
-6.596418058291636
-6.475319523191414
-6.480765232156975
-6.596920552652972
-6.569001096545563
-6.458546542315048
-6.529722647643287
-6.466102062462423
-6.490034623403523
-6.630622251487381
-6.49014870654259
-6.421484413953543
-6.450185890204027
-6.527132046222412
-6.37860710335851
-6.491029070816667
-6.5456662725
-6.467610257928053
-6.558247788525323
-6.601966333336894
-6.485662142252103
-6.540718254333405
-6.641923081900723
-6.567018375331824
-6.5272376674083
-6.473562338291405
-6.6210069727361756
-6.661038511950998
-6.6556364359190825
-6.50119722638774
-6.614681158657828
-6.647312115900722
-6.721594864846747
-6.518800097207033
-6.58437957981668
-6.585749650955394
-6.518599167185979
-6.533714961373883
-6.5017441047274565
-6.687720175558209
-6.491965308267395
-6.5916690582293995
-6.5841299668408375
-6.443741641669347
-6.569210466200421
-6.581042297932697
-6.559452301454093
-6.450923436406019
-6.481688575512482
-6.515983468354034
-6.634298666718125
-6.5225219632241
-6.574464794304852
-6.704270734681825
-6.522401242132235
-6.5839816120645525
-6.477501925632502
-6.5036462885334245
-6.540074725560671
-6.5529657767416545
-6.571088144493203
-6.5570911940599474
-6.547775918320572
-6.700676865741281
-6.6164980228680195
-6.598923364631912
-6.549275875611366
-6.612105309375707
-6.709387464843218
-6.500302640902892
-6.536522546403662
-6.674614950812431
-6.695802329161788
-6.616527706572622
-6.624097856430584
-6.647293001465674
-6.598464361406174
-6.562639357448787
-6.757460839248099
-6.604008485145393
-6.601801054899465
-6.527248349585213
-6.529895593407061
-6.526611361707485
-6.625079293132228
-6.745712924815625
-6.723109154553715
-6.653599967193641
-6.661869938398727
-6.567939720618542
-6.632637554734355
-6.7060389823194
-6.5855256583066355
-6.705696766698003
-6.643364427823596
-6.689679400618073
-6.694483109420883
-6.532363007879332
-6.494541126357594
-6.529486927641243
-6.596318562838943
-6.640772543126371
-6.580314141907593
-6.619957860070236
-6.683027399851084
-6.673277443358142
-6.579059594909501
-6.623695114394734
-6.5973242726211385
-6.710382003105842
-6.741719777267595
-6.608954434468609
-6.69099816297312
-6.666628933040208
-6.641768138270641
-6.746269141110428
-6.7869888621363295
-6.741177854931738
-6.733235221033424
-6.794444547102781
-6.8181100842027975
-6.714745376615358
-6.796355932562003
-6.703865205059464
-6.865667022094072
-6.84569455357672
-6.84481979803374
-6.829578584040828
-6.80789965545349
-7.015665428529487
-6.959891846684929
-6.7266458614734335
-6.938670068640843
-6.904963172025099
-6.936024930421138
-6.962019605572454
-6.941743552477895
-6.953546309032984
-7.000227942425326
-6.915696453771684
-6.7867891908790945
-6.7758692603025885
-6.8239751961598545
-6.624277453904423
-6.679322507542217
-6.629778963394421
-6.566167466912417
-6.598039157988743
-6.44371960438066
-6.368105742562894
-6.442468614177554
-6.3896024941967156
-6.368961607668702
-6.3188241815473924
-6.3888933690740926
-6.275313351091853
-6.176293832495443
-6.284762857977302
-6.352746797156958
-6.29681798503882
-6.2728562925023885
-6.225658015022024
-6.269408750310294
-6.216198805787435
-6.267023172214225
-6.101205502412743
-6.104840043236316
-6.107342838161398
-6.129580513774471
-6.058404227575886
-6.064136822225878
-6.169029948723968
-6.19663081854352
-6.152344851219591
-6.07274574091055
-6.150032543284667
-6.053296723454904
-6.2934910865694995
-6.074648685526821
-6.174748407844261
-6.185568226979761
-6.084683128902336
-6.170147351445152
-6.162123954081132
-6.049965201712177
-5.952692046100729
-6.246202558872195
-6.1786825945263075
-6.1897166572729745
-6.139062594988122
-6.0714313795313695
-6.10720779292433
-6.261573610116933
-6.033032114020717
-6.111419943969366
-6.137569137035843
-6.180386554011439
-6.151003452245675
-6.2805823138638495
-5.966045256505889
-6.205970694987298
-6.033585351759062
-6.109006802797824
-6.23003142700248
-6.2147918444883805
-6.101451777859175
-6.145296482788037
-6.129162375448459
-6.090720112635071
-6.156520794489345
-6.155309299970189
-6.028904027407082
-6.252037601541401
-6.0248540207688315
-6.141603502146293
-6.155629294056116
-6.105713243121142
-6.087444046685954
-6.0970274968424505
-6.037911762161233
-6.185669758915465
-6.119833466514508
-6.101559509683318
-6.15526260652412
-6.105022671721814
-6.095146224919782
-6.097046925685817
-6.204607159575777
-6.217925523483351
-6.143775528220399
-6.122972507127302
-6.206465473217918
-6.135325338479594
-6.08043365847168
-6.174769576720991
-6.200401374750893
-6.100006764947226
-6.136510242897644
-6.1453523148756
-6.28018494129495
-6.10435936841715
-6.206372705709872
-6.145549543364653
-6.216252679457348
-6.182356667406986
-6.135074746805117
-6.234747259663938
-6.1892442493282465
-6.2224146291663915
-6.273966153544606
-5.964038178286145
-6.118592301749342
-6.205559798895596
-6.230977336158194
-6.217605314401834
-6.166330032603658
-6.338325459892328
-6.179172682721695
-6.031864958087853
-6.144678208266872
-6.214509659388936
-6.255132770505996
-6.170634203849068
-6.251231435167387
-6.2508115231916435
-6.387135635234168
-6.206807306236082
-6.208217153541693
-6.2925725719968195
-6.297671308342744
-6.202212608975825
-6.1886609977120415
-6.256044103612556
-6.072445571419924
-6.259369059275685
-6.219735792480073
-6.231947370775885
-6.33562596508709
-6.212827841494807
-6.229895016683908
-6.289955511794993
-6.158619574950433
-6.278386369957836
-6.224297374770681
-6.182565043398047
-6.226096839203993
-6.3401623326178775
-6.354971020024266
-6.247623472981412
-6.2851545199744105
-6.183041161169399
-6.234024505249124
-6.35573310838716
-6.233110089852997
-6.3635589692232575
-6.254997261079969
-6.252200083299737
-6.3916828087812565
-6.243453647775216
-6.3679041726749865
-6.386723053810526
-6.1275193518375515
-6.233153429664689
-6.361338632691142
-6.298845615456729
-6.216239451118042
-6.086756760341914
-6.203803806018345
-6.254275041367784
-6.397919684142035
-6.319607367569583
-6.197385459449122
-6.1934755252422855
-6.286882338917881
-6.279823586819198
-6.3282901848898145
-6.3014855886596095
-6.198937106490974
-6.271701386203353
-6.34029673177722
-6.262390526840015
-6.273277829234839
-6.267062475272926
-6.192560757573414
-6.189754574845357
-6.227612729918204
-6.261406515628572
-6.224639965172575
-6.277797269451477
-6.229219491655862
-6.224854533152062
-6.328135115835293
-6.316574905540986
-6.134988782556305
-6.245998029814096
-6.244358139412611
-6.34534642146918
-6.2037909402381635
-6.333483586436208
-6.261246046245514
-6.215940338234244
-6.234886636290764
-6.297737973453318
-6.145727540939695
-6.27138378981949
-6.3771605265750795
-6.268857186625997
-6.230054112502643
-6.3870872902723885
-6.223840701504727
-6.2392742775717185
-6.330940535471246
-6.281132242769289
-6.334980813044421
-6.163051455516273
-6.199207654841814
-6.401380392248392
-6.177182464626821
-6.369766699141093
-6.397182548239879
-6.314520156656519
-6.184556494456814
-6.320565527986438
-6.310447346656966
-6.360533546223299
-6.217185777346405
-6.329033772916512
-6.321770894568409
-6.288594369525228
-6.188404997261227
-6.430624159857323
-6.2029442962574155
-6.2797341779107585
-6.211048855448026
-6.28993515653689
-6.1476032521404385
-6.333095882737054
-6.150733579092588
-6.241710298367754
-6.1486527670788025
-6.1040473120393175
-6.268315881669032
-6.193965186221081
-6.252053188486585
-6.157890612731002
-6.134140934664541
-6.257126057071575
-6.24190836917024
-6.386062317311639
-6.2639187108921
-6.2109937755906905
-6.2335628854138605
-6.2119811260754485
-6.104608315518706
-6.164728650148842
-6.2375255990444245
-6.260431355349221
-6.2553185442033
-6.198705935687876
-6.244868026647593
-6.247919804727267
-6.240258455936264
-6.207005645055489
-6.226707442986971
-6.207529452502618
-6.228533246775494
-6.169287929739763
-6.264431096823298
-6.058545414670369
-6.1884381901073535
-6.207952135576583
-6.1947349138027015
-6.086380874749647
-6.18276902803718
-6.156527360158147
-6.174738151111975
-6.019847668540009
-6.171274767160794
-6.237842749662103
-6.21595896007766
-6.231333084399942
-6.223222854263391
-6.143024853438064
-6.16619315669902
-6.253538297271951
-6.086046478288625
-6.143495178298599
-6.091983827182631
-6.1305414967402125
-6.231554405219456
-6.108693317040038
-6.028893721867879
-6.188426990157797
-6.228224354871702
-6.092339899290796
-6.077902443914493
-6.168940126675016
-6.130283962911303
-6.184041499160409
-6.089273353375896
-6.177634756761511
-6.241623337274115
-6.1159071109327
-6.244809571624403
-6.1358760075029055
-6.2995967985114625
-6.166173738545813
-6.161681547185565
-6.157033146966848
-6.174926477233121
-6.259667281614483
-6.231535196264623
-6.134226364652328
-6.226113151835668
-6.1476170716990595
-5.99046170551464
-6.262413889384169
-6.267117516773419
-6.160124063359648
-5.986912700759323
-6.207155343873999
-6.027839261286726
-6.105507703448137
-6.037458931355288
-6.138241513299799
-6.1606935633482225
-6.063880611269305
-6.008703055249505
-6.311219032618107
-6.136006386020473
-6.182312121549992
-6.102642885388267
-6.148092852046187
-6.2440331561841536
-6.101021669018495
-6.137413722748738
-6.196534880784396
-6.014965927465541
-6.143013692575745
-6.134442331603058
-6.260970755631961
-5.91906452384002
-6.027806443249375
-6.091206753513674
-6.219751683246599
-6.2924401875276725
-6.161091632303992
-6.236708117055401
-6.21244837047596
-6.008489038873358
-6.20647803029878
-6.238071939125684
-6.11573978847683
-6.114742998570573
-6.099966706262016
-6.1710253672896815
-6.138304124729882
-6.193572312026314
-6.069359308070492
-6.293242084051936
-6.070804024450529
-6.158455538639146
-6.168953415610793
-6.187038377238682
-6.0819128366628314
-6.257702762952569
-6.194261031637869
-6.034689660044204
-6.029630074420271
-6.147545891172611
-6.193726597151496
-6.2505076782704725
-6.107192724545424
-6.171106660060959
-6.15740278330355
-6.238279878622699
-6.360234411352973
-6.1708446870958475
-6.294143689218323
-6.182293299813328
-6.232711027244924
-6.138917337575737
-6.247303584293309
-6.171243794295918
-6.242208774557778
-6.27734662138043
-6.276293267396558
-6.182944113633052
-6.2371807770704395
-6.222924145394626
-6.181119859597271
-6.234835752420559
-6.370835345207124
-6.203896650466842
-6.156618442923726
-6.163992222548674
-6.3107916894525395
-6.2703499428067655
-6.158966083485325
-6.20879061148816
-6.216018979139367
-6.13790021059474
-6.230727216389777
-6.2090126267309635
-6.080413006129068
-6.217246900815492
-6.17113959426228
-6.156226477150164
-6.221991905847713
-6.1825787078178935
-6.050326153833653
-6.214658988927528
-6.210127575817924
-6.135511569392135
-6.185660580737036
-6.190705155609497
-6.23895600937652
-6.183308109823539
-6.2609732608478526
-6.283745160129051
-6.047525425170518
-6.1884238275904515
-6.210829477642129
-6.247274344699921
-6.187745210057236
-6.322198718135627
-6.202484924604301
-6.129896973794138
-6.2222632314069095
-6.236549008374058
-6.24553463406973
-6.152473467832222
-6.341146469542609
-6.055855295028091
-6.187305396612953
-6.180420510866912
-6.191204966147598
-6.178806751580389
-6.210435826367824
-6.049239881709386
-6.230711673520916
-6.187507436954499
-6.344609225847714
-6.0977614641425415
-6.103389728561538
-6.153667422882114
-6.123095399185444
-6.204366724676387
-6.125982369203846
-6.160761968928851
-6.165736917816883
-6.206447647093491
-6.207234178578968
-6.165689978580476
-6.230420384555112
-6.312507427911086
-6.153941672330331
-6.120083935388527
-6.219717640707453
-6.178097026633837
-6.196762035294398
-6.18954428899449
-6.077151299543307
-6.182246879513087
-6.194680320754046
-6.069685905012867
-6.098381643769606
-6.296593940761507
-6.017922912142485
-6.174290061542834
-6.106543584829575
-6.2515550007694305
-6.090411516318397
-6.128482780118556
-6.07659439797617
-6.047516267000069
-6.159730441630063
-6.168707330508824
-6.129082638874888
-6.174328681707096
-6.1584392160053
-6.23834716504476
-6.051531030788025
-6.066077196350971
-6.160521646176353
-6.128559901009718
-6.104123060389859
-6.076783382709354
-6.221247015338192
-6.04256332683406
-6.1062149691014795
-5.968727176365342
-6.204138651024666
-6.107509349280194
-6.144735571466959
-6.097383323400141
-5.955551023080638
-6.108935483238496
-6.166340563520578
-6.132653389034343
-6.280802056930919
-6.299756175748584
-6.205812372916521
-6.070517345921232
-6.093997916331936
-6.17751986129502
-6.219241170929962
-6.225840144791509
-6.124811357830188
-6.170150496671463
-6.215032977887497
-6.181147336664949
-6.233418937391157
-6.177585611647063
-6.168823866163647
-6.128831798207912
-6.094006164954085
-6.2195874914694755
-6.202727182462051
-6.194150851601003
-6.176732013164478
-6.182559353842161
-6.186440381224568
-6.126400099460156
-6.136587290701925
-6.069072223521817
-6.069401888130604
-6.299137898153967
-6.148169910300244
-6.190766997992143
-6.088018242320954
-6.260493707689161
-6.209801152124069
-6.133033573950995
-6.231161997863359
-6.208105787372583
-6.332084070579394
-6.283089322477599
-6.255763864376046
-6.235038444962397
-6.144708638156769
-6.173572580031189
-6.235030021627404
-6.269138907023525
-6.181487646500168
-6.244670762926287
-6.316565513102444
-6.16770321799411
-6.294654881619131
-6.102001592431074
-6.281438005936533
-6.177491579484247
-6.319855032536612
-6.219689081983996
-6.16073306196425
-6.302169120174057
-6.174005851508703
-6.420272636252207
-6.282660038666157
-6.3792799396209325
-6.181903191794146
-6.241449497359499
-6.191614305409153
-6.160427128895661
-6.272677142987764
-6.2353670985143665
-6.2041905716031245
-6.210802414715987
-6.097206936723925
-6.070897808711728
-6.193866862496558
-6.168318496861968
-6.116906713001078
-6.209080994961198
-6.1846638052062985
-6.1900327346268815
-6.176820905091355
-6.267513715741097
-6.163436890117483
-6.247315079457083
-6.2261516710775
-6.286557097586617
-6.269255435129384
-6.191715726689823
-6.168520730384492
-6.1298532917281685
-6.215282083609761
-6.214726073505577
-6.142673750520452
-6.120906265726481
-6.066192863716626
-6.145250105013253
-6.1834145883232
-6.075652413027941
-6.035059588053706
-5.856669323811281
-5.916666647981005
-5.879613090384867
-5.83871813203726
-6.012974355506441
-5.990545010062271
-5.946999912200804
-6.056879488432475
-6.3263872805698815
-6.3371590617696505
-6.667130380571398
-6.668823018480776
-6.911508094685018
-6.414599354426132
-5.68969578781196
-5.500473251408064
-5.632047409097923
-5.797511627924612
-5.742099864549291
-5.923307920074412
-5.871901862990928
-5.787497433951708
-5.844871247983671
-5.937618103546277
-5.9793293273988235
-6.004714704180913
-6.033860976077869
-5.932185384817112
-5.892574936912485
-5.981423866838291
-5.9301225087145815
-5.844276986002427
-5.847326929688404
-5.898280393948842
-6.0627624421418105
-5.855933170683136
-5.9421752001545345
-5.91813163880569
-5.925054335535328
-5.906802740816609
-5.729186480804439
-5.844011196533456
-5.870810970105057
-5.831728530572456
-5.848976499483199
-5.809973220353289
-5.913995569813672
-5.8522909310279205
-6.0639769509090105
-5.82738350112301
-5.856693137233933
-5.802930590187619
-5.8087681547519665
-5.9108904026394775
-5.933679149652003
-5.835819899334085
-5.9455699491905944
-5.824218594679317
-5.80640888669974
-6.0006012814856335
-5.855281021852409
-5.936226115571741
-5.8782621696920465
-5.8198058157954
-5.987647235118423
-5.7045189543156605
-5.811795334084429
-5.90145172657822
-5.808067621743792
-5.82411475856982
-5.898938329538316
-5.821801723025064
-5.8288205210593675
-5.927439467332396
-5.761209888313753
-5.7262867892855756
-5.865717774229428
-5.839639780387126
-5.878064567095815
-5.954888589192539
-5.926798047498328
-5.844719079707351
-5.959072542059577
-5.754369538808194
-5.939283162583651
-5.858187057227125
-5.8009532409303715
-5.942894533080267
-5.879281042822484
-5.925072580737259
-5.923873912230014
-5.9059597658816205
-5.790591082011012
-6.069832444652614
-5.958037300772502
-5.875994249185784
-5.846549023217353
-5.913459248850387
-5.947700234535466
-5.932440592877386
-5.980900950368144
-5.887340837179291
-5.910918330232519
-5.933703600960569
-5.945269087778124
-5.875099062681147
-5.790430233426822
-5.911309995799904
-5.950244415031022
-5.858248033188381
-5.895585201370435
-5.989401807896204
-5.867977447088293
-5.8414461981698045
-5.930354520760511
-5.9166723843058335
-5.940691186978004
-5.976120975780261
-5.820958419863938
-5.973593878896068
-5.9256854231787885
-5.929310693336731
-6.064907518289494
-6.052005402450039
-6.022867378571818
-6.008394676194171
-5.903822319996337
-5.930131085511242
-5.883769939874955
-5.934931764116237
-6.011739844970954
-5.9327759921425125
-5.910517591895076
-5.9324707034312825
-5.927120251783897
-5.916023885047578
-5.952232420307398
-6.005000831494972
-5.81879783432418
-5.782956041251062
-5.915162156501893
-5.9055379024290815
-5.90582370388146
-5.838959879778216
-6.072298272101214
-6.029360168584248
-6.038330804506111
-5.907274838135827
-6.01757717027384
-6.028604202505682
-5.884682310543436
-5.914913980314594
-5.875824627422894
-5.920462080258564
-6.037884150021465
-5.905804922557389
-6.080961061322053
-6.000645754410105
-5.9726775003923605
-5.905275202355401
-5.861377813438784
-5.9547914881976185
-5.978869791647347
-5.871183220957383
-5.877401488615558
-6.015432624264216
-5.896569781028239
-5.974080306502766
-5.8761000821250065
-5.927373270985325
-5.96703295498858
-5.985053307078836
-6.063343224395942
-6.035007890321449
-6.0392805504955325
-5.894193389508342
-5.950884730003689
-5.918986990853092
-5.966891275953412
-6.080886259015712
-5.9188867055737155
-6.110327112669264
-6.046567559800078
-6.019696194260529
-6.032179207241177
-6.032402284591466
-6.034317692852432
-5.971676152159605
-6.020282162702795
-5.951435593457976
-5.907225315303931
-6.019469333854587
-5.958576466324867
-5.991228719416972
-5.919994581775384
-5.951492603144196
-6.037319081232171
-5.976221970329968
-5.915514665395812
-5.973527111140605
-6.032197557599617
-6.028586178745123
-5.94085002065456
-6.06048809993904
-5.889857616769656
-5.905710815266114
-6.057292720368493
-5.993298744530003
-6.093078039927615
-5.9773582967623256
-6.027959195630653
-5.906078576752946
-6.03386069755633
-5.955011505788212
-6.020009698596034
-6.047694968229443
-5.996515006361914
-5.98592729155104
-6.028175067171022
-5.934479618668645
-6.102388806804167
-5.994764882106315
-6.100971128664928
-6.020282766090943
-6.058930307204763
-5.986383267794188
-6.013164471981892
-5.965966353117525
-5.9815010806762485
-6.05264989040957
-6.100750254257815
-6.077637006331875
-6.022660113958909
-5.959728614951194
-5.9422234551045054
-6.078254607192857
-6.1349888065663105
-5.900353171501405
-5.9408743210113215
-5.938508091632427
-5.948412692707372
-5.90840060532496
-5.919370639165795
-6.059364099397088
-5.987836278198991
-5.93336223412587
-5.922624255451429
-5.980255184530485
-5.946780051255063
-5.9167168586687
-6.130481474299152
-5.987717663732035
-6.0114496898743965
-5.960764270657817
-5.9587489259713875
-5.995877316683605
-5.952417490145865
-6.1241487254480065
-6.009207703022017
-6.003677492788102
-5.950786229551333
-6.07851290414368
-5.993606215689599
-6.122097205342421
-6.085602952735137
-6.071458771554429
-5.999466609184296
-5.949907102270952
-6.032974075761204
-5.907561359270404
-5.954111283822533
-5.976562331018972
-5.959466448084055
-6.039625511329351
-6.100362707557041
-6.0914373138220785
-5.9106477766089816
-6.11914489092009
-5.880434790276583
-6.042011003721939
-5.976902850670648
-6.014012081775022
-6.137871402817048
-6.054400917243274
-6.099962958874643
-6.019318814708522
-5.918745224379658
-5.948415914840993
-6.0732113617916825
-6.13991519425991
-6.036702899042012
-5.970153877745801
-6.095926242290593
-6.075774751584287
-6.077577820792339
-6.052096866789919
-6.129689366389942
-6.167485966700845
-6.045739326487148
-6.097375609179289
-5.961320996519191
-6.002917114400465
-5.9570551709698645
-6.03747821688032
-6.119077927052544
-6.068818402808917
-6.139949586475463
-5.996661890201882
-6.088975464813075
-6.051796809523765
-6.045629819587507
-6.047946152233943
-6.144169160177
-6.076085336571843
-5.985075212444498
-6.08646338942349
-6.0290907705938155
-6.068941766431537
-5.925704644283549
-6.177743529362111
-6.136834544709366
-6.038088620046834
-6.0057683187033355
-6.060207780102115
-6.087075083206865
-5.975202198250609
-6.029713723857328
-6.003542500282928
-6.085093335311414
-5.983945279336293
-6.112294005663488
-6.066704268020473
-5.937937431058689
-6.046500023685898
-6.0769006987443195
-6.013964227062869
-6.100645232134787
-6.035896974711639
-6.1024597590031195
-6.075320433054598
-6.02048879411635
-6.0987052646218105
-6.002401895487728
-6.047386026399525
-5.993511248044137
-6.070360642216347
-6.04094523593295
-6.039845167356508
-6.083676686649332
-5.945819520642544
-5.988482920734057
-6.069582886585895
-6.120797296640701
-6.112212101290477
-6.088206668150717
-6.089080109221975
-6.137622153499871
-5.959114530096052
-6.045671183521545
-6.0799034744828315
-6.206240338773539
-6.160630034682476
-6.069063440178668
-6.119618169579781
-5.9821865019275595
-5.9662498434389395
-6.07434244727036
-5.971626221196466
-5.897986852308108
-6.035601146911921
-5.990436456770496
-6.172009631447545
-5.979504189656831
-6.168343989660556
-6.042703855149629
-6.146987436593759
-5.997549835531597
-6.119841259118906
-6.184305718433546
-6.004896537492861
-6.139094524119852
-6.0581170143127565
-6.0832821110711315
-6.127511823358672
-5.856857904963404
-5.8665858878462025
-6.069968479289749
-6.1397477383780075
-6.06367448004848
-5.958798291558825
-6.101796211205898
-6.0774095784974955
-6.095130565547319
-6.104096385417045
-6.036765230548751
-6.0837147248264
-6.146833629361907
-6.117438029826886
-6.074643147469495
-6.068909934636523
-6.2183277494067255
-6.191591139036137
-6.02091559074103
-6.01586274883919
-6.129796878112511
-6.179775163573209
-6.119261828721742
-6.074029663686826
-6.098578385706694
-6.20431169483085
-6.0774699576242295
-6.0419130030738435
-6.102628660744518
-6.276240660117667
-5.997932166683019
-6.199614194078823
-6.141870044331913
-6.201596284629183
-6.031605054792467
-6.005489353559144
-6.110223457242083
-6.008426373323114
-5.973332638636968
-6.036766547601506
-6.15705038806002
-6.007681706674855
-6.179064594271168
-6.075301886123195
-6.166493384740776
-6.1258919437572885
-6.006500615442891
-6.0148435769703426
-5.974923732054684
-6.046954596158251
-6.048150588137
-6.071571010494258
-6.048855872392302
-6.113033270516862
-6.074289598142752
-6.260675836444593
-6.138427138516808
-6.075259213195547
-6.018891879765232
-6.08743616227888
-6.117763942357297
-6.059521083806935
-6.215557418678385
-6.085081543405029
-6.157381170082388
-6.234889447580516
-6.201950901105487
-6.115858602244804
-6.183458188775514
-5.986424370639175
-6.160662703233519
-6.009609518670453
-6.109325567048802
-6.179124131439324
-6.131149794020733
-6.0632482546761075
-6.004999644071849
-6.064012907280229
-6.118994100517593
-6.102337295609182
-5.982552333090545
-6.034124574442057
-6.207605322157043
-6.176922299708782
-6.119480263859288
-6.212048946134137
-5.99249802745383
-6.044621249952055
-6.056921350894522
-6.030349018681416
-6.0621510574275135
-6.103142244878646
-6.092780074668408
-6.207367190686401
-6.1353395261792905
-6.130090321727107
-6.126874517768849
-6.236563445502729
-6.137875042232161
-6.009538304968469
-6.098086531829065
-6.0109880617814975
-6.136255221672809
-6.032740534519046
-6.068396308454126
-6.212806225379604
-6.157548350964296
-6.124427505318216
-6.056757858642131
-6.096825959203906
-6.241376454817039
-6.023552189553056
-6.073746769708975
-6.149591133185802
-6.2190737802128195
-6.189426946478022
-6.172838196179366
-6.245275489300008
-6.146190125187066
-6.065341090720985
-6.279559595851136
-6.148016323670488
-6.121780044690613
-6.091014272149147
-6.043946242182159
-6.133708673856039
-6.2622184308432125
-6.0855850179555855
-6.2046155395228535
-6.184419470449349
-6.161255273390048
-6.081917234640305
-6.03319853419079
-6.167457995407944
-6.161926992192484
-6.0779267658217835
-6.160272084834447
-6.190141837282287
-6.028955930872719
-6.100374740361019
-6.160599129170069
-6.166287603517214
-6.03360980195504
-6.037538115292033
-6.232680441358481
-6.172221955002016
-6.1554023001526215
-6.201679308160121
-6.147268312879508
-6.140438112762566
-6.043926138556144
-6.171807868571404
-6.1903343139630715
-6.169244967039976
-6.1970194410553
-6.082472497574152
-6.191777534074617
-6.10111930213097
-6.075537576159232
-6.128086930090791
-6.087757488088126
-6.128524717306767
-6.1692028900517135
-6.174166661451064
-6.074806610317715
-6.077327924036606
-6.02638144989579
-6.149096080190697
-6.100597434003859
-6.117480640825223
-6.1704278271736435
-6.256416702048551
-6.1181030392403954
-6.038991371096971
-6.179287926602778
-6.094686894123445
-6.075917071076471
-6.18907203264074
-6.1801112804799265
-6.229216941228959
-6.054318608374696
-6.115748382064363
-6.026957266426901
-6.1291235765680785
-6.226911210142681
-6.13637245072582
-6.152781143483131
-6.128626184868234
-6.205841416319522
-6.139928168186249
-6.120416938573527
-6.0429029185852885
-6.254970380107487
-6.138238558699909
-6.211266018668341
-6.280896130256515
-6.1629616091311
-6.192986317460182
-6.048732569066331
-6.113751588509043
-6.231633170414085
-6.0783183427035254
-6.159435419663004
-6.258787798041786
-6.1157337119984625
-6.120834998228154
-6.063939810000936
-6.242121482758975
-6.1589266740005675
-6.136960867202429
-6.271159096191162
-6.066521126368404
-6.259558443107965
-6.236386118007726
-6.223785230163277
-6.234799163185766
-6.164525185437236
-6.039526485697184
-6.275298459851782
-6.138929639690055
-6.084671378258427
-6.213010240007011
-6.130715094243157
-6.042668004724049
-6.316031641126376
-6.133900767159854
-5.979781462649163
-6.074116330078474
-6.141005654235825
-6.0752005673330025
-6.033096652718591
-6.177180659804244
-6.1527037008027
-6.143567318643324
-6.154350693217869
-6.180345388862304
-6.1036616998071285
-6.1313717496935185
-6.295440007705085
-6.191179957225309
-6.132740036845948
-6.150254896266378
-6.2602114728591225
-6.110685248898789
-6.111429117469134
-6.006941131373315
-6.153762680985602
-6.011861160220068
-6.19470050761531
-6.16268371349745
-6.148963695303747
-6.148708564807108
-6.19368570002133
-6.096507162338984
-6.224463627767911
-6.129687093346832
-6.14633383870004
-6.120999700555878
-6.031976623639974
-6.211080829413036
-6.179857809679831
-6.120271295990266
-6.174056229193107
-6.1491991431746875
-6.1522671089974965
-6.001270864982573
-6.207647168945146
-6.2576605607792555
-6.080916513213015
-6.268562731276786
-6.199994507859536
-6.291797918340474
-6.239730034716115
-6.22296227125601
-6.2183865153724724
-6.1737877669077506
-6.210747129152305
-6.159738808305984
-6.165829330646973
-6.2326655031410345
-6.095344007981691
-6.1824565505476246
-6.260171934780956
-6.233646801708151
-6.297253666141194
-6.188250645775148
-6.170297961096795
-6.295787667022789
-6.044168223871036
-6.086265767425916
-6.145423281127507
-6.129820037407475
-6.138200416807144
-6.064287083501043
-6.237629668796042
-6.148687436971549
-6.188575467830223
-6.08473960204835
-6.219906075635527
-6.16017526808311
-6.143016638831328
-6.203396895648918
-6.11350463829547
-6.217069247874145
-6.126328664616153
-6.142291247275828
-6.165030517442532
-6.187753447514345
-6.204207527399362
-6.236647789527443
-6.182865819004309
-6.138938906223199
-6.020568926320293
-6.191956221977446
-6.273249427976851
-6.270327057904274
-6.128465546379373
-6.10974327117294
-6.2086609608643215
-6.174912357843218
-6.094211949128507
-6.1161348003107046
-6.274207874471049
-6.118207645505341
-6.019057763640828
-6.348962517833358
-6.2899054426855265
-6.009396334909933
-6.068170089805461
-6.145687848217804
-6.197058377385748
-6.073867907954408
-6.071458856101266
-6.092650038120293
-6.2074172298474
-6.090144364904195
-6.158494008691598
-6.180350763831837
-6.194117082554711
-6.218026297115448
-6.244070637573414
-6.163018149742818
-6.093186806555359
-6.179837495810762
-6.140035524377635
-6.180629727903882
-6.2457893326026905
-6.26664179838072
-6.088396306815177
-6.3420713313086186
-6.079119441152831
-6.218204468870187
-6.192219988558007
-6.1915899565937655
-6.217403765647136
-6.133595040114773
-6.09090515966796
-6.265678568717609
-6.188689756135677
-6.169692604138707
-6.234548577759692
-6.126493526159186
-6.122867951422845
-6.097093002837899
-6.111879874340708
-6.257622261479411
-6.227360595513935
-6.1998122634300845
-6.198109857475794
-6.205151236109647
-6.0577889803324805
-6.135934851781185
-6.280602322366061
-6.192705876501336
-6.029000976686135
-6.117297676362015
-6.218229648332372
-6.185293353191771
-6.161245270901716
-6.13384804644572
-6.219302789201547
-6.092841639072512
-6.197343874930532
-6.299115472042321
-6.281876853803081
-6.122422143470161
-6.1533919519004
-6.1942656596260885
-6.285421388380497
-6.326341574587199
-6.286244825176761
-6.188793463573662
-6.184009800976485
-6.1429986765227005
-6.168626620026974
-6.125546786473275
-6.155279857854426
-6.122769146587585
-6.290218476048786
-6.038762678473573
-6.163816083753887
-6.160234057592813
-6.159903780877464
-6.191264673444995
-6.219353339251542
-6.172958326981235
-6.184830222048475
-6.106775119017171
-6.199794813963168
-6.090189146390621
-6.234328820640712
-6.1357458436283165
-6.205332517920811
-6.276493739779431
-6.2100528210265145
-6.284683212944513
-6.199849125485125
-6.187751224769916
-6.165041771838898
-6.137360033484654
-6.194578535211577
-6.187082570099825
-6.192695176444964
-6.14329927428248
-6.157715524030039
-6.201208106056665
-6.249137116348872
-6.23516551559669
-6.1853396865986285
-6.158026150288177
-6.196418409150744
-6.2069621212525385
-6.184057763863151
-6.076917110735514
-6.183688469887139
-6.287306186595
-6.160238835653249
-6.171508194569107
-6.2118351217236345
-6.291126403289049
-6.235288794448518
-6.290323465630751
-6.331288201908975
-6.243239120238577
-6.147925715875115
-6.22657020680532
-6.109130086175315
-6.220448110229159
-6.197902308266965
-6.2364399007468725
-6.226559095472442
-6.312332473317396
-6.208018976287199
-6.2166874521952185
-6.157948652645971
-6.344952268013184
-6.1131957884604535
-6.20152842996973
-6.178103861193851
-6.202143661433782
-6.314136469793783
-6.126539316772262
-6.141945804339112
-6.26748485613053
-6.234663588585257
-6.238914372193333
-6.2723183487516145
-6.284087651150576
-6.279292289795551
-6.271344700780995
-6.284264874198357
-6.290497090853088
-6.256928616137713
-6.2471575721335455
-6.261041274848141
-6.096507396681524
-6.277316606369262
-6.2694636141204905
-6.368780778073257
-6.160732714970359
-6.204231883419627
-6.262522510517483
-6.061985352161303
-6.25625436877833
-6.218660587666034
-6.246029759829472
-6.261499622139296
-6.240027908929158
-6.340332692966096
-6.191867438022278
-6.177369414775715
-6.338975855794963
-6.292540807423166
-6.255705982057816
-6.173256525763352
-6.179209721304419
-6.229320277810629
-6.264695355300686
-6.135897666727409
-6.043771119664138
-6.125184500236621
-6.132356224783066
-6.207767951251605
-6.283110075396293
-6.163912837360045
-6.114618772065475
-6.289733410402629
-6.2034749619011205
-6.183237364658867
-6.229321656377285
-6.204898600841904
-6.330630649022428
-6.3187281044598524
-6.223702399770451
-6.243842948710219
-6.255813228105584
-6.210936274452752
-6.339191050025246
-6.231894239239907
-6.274019940675215
-6.257490370874783
-6.184470946668897
-6.208503756215553
-6.152800879862005
-6.15458256335361
-6.15107416375265
-6.297249730908513
-6.109938554181261
-6.29689252548929
-6.086110550704937
-6.229199104452385
-6.284316988246021
-6.229742709962646
-6.252193110610339
-6.161113078166572
-6.230607199093644
-6.166045959848122
-6.172904703579688
-6.200810121213923
-6.202632051028559
-6.18411317512879
-6.234078547105458
-6.3125918555002825
-6.247792213327519
-6.19888252096228
-6.219173960755865
-6.272043590047066
-6.236001440681115
-6.253652428427089
-6.228492283379973
-6.306314519032563
-6.41253600450824
-6.184666586308004
-6.160642105858231
-6.294143009942284
-6.223070216317405
-6.112139468503682
-6.384919239685946
-6.223417028134419
-6.369366327324105
-6.161953740478823
-6.179183653650454
-6.288960595642795
-6.1403264627862235
-6.321338439904952
-6.179637875459337
-6.14363544577303
-6.281578644135308
-6.3154043637939985
-6.243999166659275
-6.165426656257406
-6.222638242050866
-6.2881240237644285
-6.181422167352489
-6.253001501990231
-6.255883998604277
-6.226719638292463
-6.182213619936796
-6.186981136307935
-6.193392379382168
-6.219855308610086
-6.355413402831024
-6.230754564266236
-6.253174447892398
-6.269492157706511
-6.237424051349121
-6.284379788152075
-6.253559420073935
-6.1970612085913634
-6.283473634059015
-6.189989008510597
-6.267350774581004
-6.393383754028598
-6.130776864513545
-6.217644333828092
-6.243739528187697
-6.242327576766049
-6.185873100761927
-6.293188839009168
-6.224106942127289
-6.244412864434845
-6.215612385999602
-6.340224363111247
-6.212966622788534
-6.344954919315565
-6.273443177685359
-6.201242450357423
-6.205654734057216
-6.283428328772688
-6.23456967191515
-6.250342915733889
-6.237792932691222
-6.08571581043139
-6.216222365598135
-6.212412847753651
-6.23255304728764
-6.239394410354062
-6.30944624495608
-6.278282522736138
-6.220339669433459
-6.233876782236969
-6.2029656524771815
-6.240557598673804
-6.181771686449108
-6.343783843920268
-6.345087442237367
-6.321530105046068
-6.26119792071529
-6.283790161933691
-6.1958447197496405
-6.2997906988684305
-6.148363864894943
-6.1703571100509595
-6.174608392243009
-6.227539506102712
-6.389453465459962
-6.267343882694551
-6.240542348946927
-6.2766070390152375
-6.247723450879974
-6.235338994935336
-6.223520131843766
-6.257962290325966
-6.261161191318283
-6.226199919446248
-6.277712407175276
-6.45861884555498
-6.14167828682593
-6.313508470689624
-6.2507938929737925
-6.257677230912814
-6.251570080118683
-6.1362521778450265
-6.123904308301682
-6.24966254496011
-6.269737683751251
-6.2518492302889825
-6.279562996325993
-6.351989347456441
-6.254921233613159
-6.155125242574151
-6.171485144571264
-6.174291845205079
-6.34774132925618
-6.260212678221645
-6.265680621277576
-6.384380002063143
-6.359018087097662
-6.205636915334055
-6.259944615061748
-6.1879024680124886
-6.22101093242814
-6.237027970753477
-6.2722021162585735
-6.23132200969969
-6.21371671775968
-6.336535774999171
-6.221269547701168
-6.161797958994198
-6.284121043234323
-6.219873096697845
-6.176836250886459
-6.217824076620449
-6.16191455987222
-6.167458051671124
-6.213008359063274
-6.183809320172667
-6.131704291375814
-6.270003712898543
-6.29325461643386
-6.193146501375974
-6.2211705930604
-6.11966253435721
-6.225562850472477
-6.433085560473113
-6.203840618697379
-6.306675589136916
-6.243497290462683
-6.252670737738843
-6.279436440017281
-6.300115261013856
-6.255451181845377
-6.18835065706804
-6.17030218980441
-6.2771730245477215
-6.319454281696366
-6.293848044602068
-6.223533996432192
-6.231880042965902
-6.231400122423605
-6.367492908227819
-6.3660196596998135
-6.272506029588065
-6.261606047759802
-6.236393854157129
-6.318059688437002
-6.126727160896583
-6.22711693735814
-6.272144874898563
-6.1716932958329425
-6.200583882212837
-6.148507470220874
-6.3097701995373505
-6.208409365991696
-6.334508825861131
-6.338091295370367
-6.265330474680373
-6.371718892874458
-6.268157585370547
-6.2753631844046085
-6.278620642555318
-6.257588309064368
-6.232836106439428
-6.226039341736727
-6.277202134012745
-6.309310273592164
-6.2274778265395945
-6.348940918858563
-6.330372801033551
-6.179905243036405
-6.187970853590775
-6.161958623795401
-6.118075312016736
-6.257546924890172
-6.314195974818979
-6.324338709605265
-6.3064795630363
-6.113026925649903
-6.309232469172342
-6.379603639526221
-6.221769595700865
-6.270736641245087
-6.340156860917507
-6.225053023695604
-6.342415092418043
-6.242714294097002
-6.347535806462598
-6.235357133623737
-6.260617267261874
-6.287140636719208
-6.26357155367248
-6.282815375324238
-6.211462892953693
-6.276941373131372
-6.142418534701189
-6.1600178172561435
-6.280933675246131
-6.208218701786764
-6.2250582499789235
-6.203441243393944
-6.191208554835535
-6.309370611123061
-6.288053320095693
-6.181769283603386
-6.270780568425936
-6.180614667056434
-6.216281759920996
-6.190748905303365
-6.315790808496804
-6.342873432739503
-6.279283492396761
-6.202366877173645
-6.196953722760438
-6.278216318367684
-6.366123740807662
-6.32597081488392
-6.321426019848976
-6.2651106282381885
-6.257723554424977
-6.345577529508384
-6.202686575967374
-6.332181047437487
-6.206984234669132
-6.265098581357292
-6.273316451194994
-6.270419035239229
-6.247601004802538
-6.189673216926565
-6.195742406843469
-6.335995459253935
-6.14860326135551
-6.36088999812582
-6.273444395472986
-6.256357699055579
-6.243522137406043
-6.2855638503351035
-6.221595332230063
-6.171758519641819
-6.352955527494886
-6.288773241605978
-6.163686930060724
-6.103911882502302
-6.224873101583941
-6.372456564539677
-6.315083386440794
-6.243539207240395
-6.204313521384819
-6.319068293994128
-6.284294562646527
-6.334719878959747
-6.215491003494219
-6.214253438239955
-6.191989338983774
-6.2600451097494405
-6.289423703976873
-6.241627502753268
-6.284194879250861
-6.246500714018416
-6.363454085271252
-6.151138871956668
-6.351247485005235
-6.21617023504615
-6.203777948431178
-6.228518006102087
-6.283208798365067
-6.240511722250161
-6.17998302355037
-6.3616127049897155
-6.387493117480733
-6.31568288571138
-6.318391837399202
-6.358745059348765
-6.2375275132384935
-6.104242091003029
-6.267823337260351
-6.327818406842705
-6.242996040166614
-6.2449240139597215
-6.346078051994078
-6.237147128860811
-6.22655471589771
-6.1972051773805
-6.227743158831538
-6.315721406968745
-6.35703101181894
-6.298891133324545
-6.238344628504802
-6.257391935728226
-6.239311627327672
-6.339659826556511
-6.27815400904241
-6.255766810131899
-6.307674749682948
-6.237880828645315
-6.199562331448694
-6.236906516747742
-6.329591579361299
-6.293438194833359
-6.294537639357337
-6.515805602166863
-6.247583684530209
-6.296754312466085
-6.27942846006348
-6.3107071985341605
-6.180607907732345
-6.245777607600978
-6.285515381230814
-6.217546064665996
-6.362813127687602
-6.323457369015491
-6.354480825177398
-6.263235503536955
-6.30362181822473
-6.162306985665099
-6.243107831859085
-6.2943261937352375
-6.284461632559038
-6.408933435039208
-6.3641371663360164
-6.224505035229686
-6.220464430767906
-6.314809917111856
-6.212009627376312
-6.18927946888911
-6.37316947265392
-6.258291000177617
-6.2751878275576845
-6.256653342866332
-6.140396567692696
-6.224744104499474
-6.204062402093385
-6.238460542670345
-6.266360356804618
-6.161113596100711
-6.344074297377944
-6.353737970875606
-6.210755724757345
-6.231371775917886
-6.348743241065671
-6.265933675083555
-6.3831632832702825
-6.3114981700546835
-6.312308132924955
-6.417239446921416
-6.410577260779437
-6.280529460679393
-6.1982068241386745
-6.303917429854128
-6.334584249586587
-6.33588547958645
-6.3068882594900595
-6.265750162713676
-6.406823839048714
-6.199654912850306
-6.277552950874874
-6.410363380374204
-6.318563007833167
-6.33440646862644
-6.3262259532765075
-6.345837130814027
-6.166389839509359
-6.197882568421637
-6.260022463559647
-6.285033830496755
-6.3591735649011545
-6.327413610749504
-6.386488807189818
-6.351460465946211
-6.2707501630281595
-6.242942035417633
-6.311741255447954
-6.290466267358813
-6.209409779194914
-6.2482225870673735
-6.3223409212272195
-6.388595992133563
-6.233551905206173
-6.2101687484382415
-6.207846609821921
-6.320351026125881
-6.313978384826446
-6.22895081216483
-6.311591169077249
-6.353845957236423
-6.2736912974834524
-6.264343681936887
-6.2274898195638215
-6.285833736851039
-6.247429040876602
-6.258150202886059
-6.170516451291795
-6.373790092341685
-6.430110051764806
-6.355065503239449
-6.321941946002364
-6.206310993942286
-6.307635167770109
-6.297132310051584
-6.327477657955731
-6.451875622240383
-6.291061042034929
-6.328097242802715
-6.242651433537806
-6.32862770340703
-6.171271773203319
-6.373850138058039
-6.453627736165926
-6.43461172771497
-6.254419156484371
-6.2259552489663905
-6.324929620254856
-6.217365016570872
-6.229906512289439
-6.331146516762226
-6.326263980085757
-6.187634025330844
-6.33364978528898
-6.163114670955508
-6.273109864966241
-6.323502410042933
-6.2669734612841355
-6.422528088905477
-6.266463014834987
-6.140385906882553
-6.311487439901359
-6.219194491214426
-6.2866554535599795
-6.35045090500993
-6.257096827697784
-6.210453014909058
-6.3427772314470845
-6.344482876388307
-6.249280895614769
-6.292859001562709
-6.276618441401832
-6.363978031561693
-6.343415072693726
-6.257905783765854
-6.206521111045905
-6.4135697572965285
-6.304712272914204
-6.33967421707068
-6.279120729296714
-6.175369327823525
-6.399703827340129
-6.306165384908665
-6.160692063966841
-6.220433885887305
-6.259088717787558
-6.444787028661884
-6.241234861540121
-6.236346640842211
-6.398560866324371
-6.299595643731609
-6.352244094916002
-6.153447810603148
-6.327685087766425
-6.277361123887831
-6.220675775498714
-6.2987927959924725
-6.260510515974449
-6.3621582465564215
-6.342420140307199
-6.350171150950526
-6.278546112371605
-6.294670140086572
-6.316232291168241
-6.413638035788359
-6.279325340429269
-6.421165848281415
-6.3349681689925585
-6.231915649240413
-6.352521064518153
-6.275714889606215
-6.247077275637686
-6.310086466863968
-6.306298312354269
-6.346605367683534
-6.328973536869395
-6.380034175391433
-6.310621373095214
-6.397250545357032
-6.254882053213311
-6.400126541873991
-6.242897559307076
-6.426949755867375
-6.303269890806043
-6.380494579212656
-6.273333406867863
-6.425587863508188
-6.214317157882334
-6.2905683898825835
-6.34149041916904
-6.287328990260453
-6.137436573072246
-6.269606430500715
-6.242340861310964
-6.1990161195196
-6.2432768030268155
-6.229417885892087
-6.227369388169611
-6.259472504080062
-6.224891369772418
-6.334631473377581
-6.285195920610565
-6.260816104594892
-6.219704508214406
-6.370089956198811
-6.230132295976487
-6.309798497637775
-6.233890568078717
-6.307326090596469
-6.29233346227514
-6.360258781845509
-6.304702942737182
-6.287091072745243
-6.274959312764492
-6.522047460703217
-6.338589505577455
-6.316936918496482
-6.255162111304389
-6.23302238305134
-6.3398610426415685
-6.321060272064941
-6.320545599924806
-6.31581700175302
-6.242809433500928
-6.3119648881748525
-6.273275749318237
-6.307329383470055
-6.227178496501564
-6.257433782675852
-6.250401352300844
-6.357184917038637
-6.141418846654411
-6.253678473406058
-6.285341581246794
-6.372114040757513
-6.197101880076115
-6.332641410600348
-6.411702271033874
-6.237384676609751
-6.372499886272365
-6.317475487282766
-6.327081155624992
-6.267996952056005
-6.2775421244070815
-6.348488691755617
-6.423125844003469
-6.330061696658249
-6.217374383414479
-6.286802112906958
-6.246257484122359
-6.315509481992139
-6.278973427089767
-6.354545120316932
-6.330088827022165
-6.23419597028884
-6.296425489553172
-6.322779843625747
-6.295628677008068
-6.324908550311743
-6.323610758309754
-6.308451283039052
-6.1005620339150495
-6.161053596895023
-6.385927320264256
-6.287267440467029
-6.209300494286676
-6.338462727375028
-6.183734970988512
-6.245682363563154
-6.241301566775519
-6.302268781004495
-6.342954570354406
-6.371738113914372
-6.314952290484044
-6.284167063047223
-6.377285461831448
-6.353949234260438
-6.28952392142496
-6.410212958907163
-6.331541919262679
-6.408191208560678
-6.370883982108442
-6.299296755070018
-6.268275699664628
-6.287237798372676
-6.285676457124229
-6.266563025870065
-6.314883410641599
-6.363380469793327
-6.301242173112937
-6.238303817618715
-6.2401134707122825
-6.427226903050204
-6.294490321414425
-6.533264235188399
-6.3712707432775755
-6.3762983981441925
-6.153208269320192
-6.421672964175778
-6.303759108559142
-6.224710830028546
-6.269446966522196
-6.399030570761667
-6.285804895649678
-6.338462109831687
-6.413483769974881
-6.289334017182106
-6.252492174781048
-6.326201287707434
-6.217553309099328
-6.292893036317353
-6.216186768943306
-6.206631844511492
-6.298991011239953
-6.352913652026406
-6.466966642602604
-6.229888582768014
-6.43603828329712
-6.291443445826665
-6.270096921912267
-6.265818537130191
-6.27612140968314
-6.244527505219717
-6.266756254891098
-6.235006656655612
-6.354196859371382
-6.396070079783214
-6.351377231237825
-6.342051728140323
-6.320853380552341
-6.312237789128211
-6.2852499618479785
-6.290809847434057
-6.320931795285542
-6.347882789858828
-6.351577832044768
-6.263984141382352
-6.3113984375701895
-6.298918739492247
-6.2951870464375395
-6.249507211176656
-6.268850879068392
-6.321516364483029
-6.246542896568542
-6.252571080070968
-6.333477121195583
-6.228564165969998
-6.2552977106860475
-6.3146600732367
-6.27578416674602
-6.2006644808483555
-6.222850715552223
-6.31401785630951
-6.256618140609196
-6.395336412718723
-6.318264864470439
-6.277127180100195
-6.30572220990538
-6.335824200965625
-6.1850992952522
-6.30926683365767
-6.323954425313488
-6.284314742948451
-6.294764285197637
-6.326985381051066
-6.220440340955777
-6.395146950395456
-6.3540760344058
-6.274628590532156
-6.386833900534722
-6.184520558212533
-6.29889280663939
-6.306335073148388
-6.407078862550444
-6.215431756289921
-6.275213247971258
-6.3257318637654425
-6.291513468243206
-6.208865892753152
-6.242808077721113
-6.301038589114789
-6.416072640857415
-6.289575064472867
-6.199658738532411
-6.395558017751073
-6.40331293277434
-6.30591959561869
-6.217886385577447
-6.326151835163073
-6.342578782426336
-6.364682907733314
-6.366426786507619
-6.342003586527443
-6.367874067387207
-6.25228881822656
-6.385214144077818
-6.297980692633718
-6.255637232030242
-6.179481826381282
-6.282857989940523
-6.267582374076066
-6.373695245992285
-6.272745846840849
-6.314226484777081
-6.345507548251786
-6.184118610669007
-6.336880634704075
-6.309894278384046
-6.173961797248393
-6.230827263186157
-6.3399533666656875
-6.255759861508931
-6.388495247549463
-6.3739977064631566
-6.209649102581265
-6.317742606654225
-6.319381919556128
-6.389693087396519
-6.274068112702101
-6.336902929204986
-6.2805842453969865
-6.30588736342172
-6.3622147588252
-6.345454795341809
-6.308572351764938
-6.326649061419495
-6.427065638028089
-6.313506266244321
-6.4192169510913475
-6.267479811132195
-6.250495232744731
-6.353149888378075
-6.450509664459935
-6.451123206573657
-6.384559484686
-6.380546456695589
-6.198969345798687
-6.310413715845252
-6.2332439592544215
-6.311327308073003
-6.341740052665107
-6.365270670994994
-6.288879211115384
-6.323045615216013
-6.356937586406985
-6.259974866132311
-6.247760079167143
-6.335331891736755
-6.212026842890501
-6.309591461285944
-6.357885899699571
-6.242913432579227
-6.345665575644648
-6.382418493839106
-6.334585760472688
-6.387803689217915
-6.299693726975619
-6.272289120704798
-6.3002137331692785
-6.32650510698231
-6.3608770881200325
-6.23905060305305
-6.306661300692776
-6.515101165205341
-6.275352776571232
-6.276514110490218
-6.348928195822516
-6.218760471711683
-6.2851759030218926
-6.292156568867213
-6.372124797620806
-6.366635790969827
-6.294253149668288
-6.332217305424759
-6.3620722759895765
-6.396379142656445
-6.375313610015058
-6.285340019787785
-6.3925560110994315
-6.355790901025078
-6.273780347053451
-6.474284030130168
-6.262409224186242
-6.323214069996703
-6.287039515638592
-6.294197957670996
-6.358054641410654
-6.235382308014186
-6.254540488945457
-6.252036901717139
-6.275494241849357
-6.269963587786345
-6.292472397674514
-6.331241605109202
-6.401835844487248
-6.250803561794856
-6.321472190993351
-6.290792705001785
-6.329704185783754
-6.43066125725187
-6.1816619390256635
-6.24886128684046
-6.341196189991609
-6.223857723087755
-6.365412979043052
-6.298292461516105
-6.34562061596365
-6.318083043091565
-6.312879537570201
-6.370644723079263
-6.580893606214727
-6.137833042469798
-6.486090380862194
-6.511546787519055
-6.382386067090483
-6.300665101124963
-6.332541361839255
-6.285440830062286
-6.413959229224313
-6.37025909751197
-6.356087895827687
-6.403970140875697
-6.347169175924118
-6.317798960200891
-6.256673862186073
-6.290688194796996
-6.322349733452991
-6.262004081683121
-6.385601810243055
-6.3099893965715586
-6.2769706654254565
-6.319892638405204
-6.27947215552232
-6.378384804632641
-6.291802079074085
-6.352246858687321
-6.293342014878395
-6.326811249142921
-6.339935975216313
-6.36807480989404
-6.4455302195907045
-6.401724763534421
-6.393391484510175
-6.36872337401198
-6.208764717093573
-6.277605461545476
-6.2960067616595605
-6.337905611640089
-6.4055054840939265
-6.383085793228875
-6.315838731737035
-6.334728896319518
-6.2581809350523905
-6.383323844935873
-6.408719738036114
-6.300805468551008
-6.264439867982157
-6.22950585261605
-6.270053929656638
-6.26654355947285
-6.337212339610705
-6.354131460869174
-6.28765077492372
-6.312518066721243
-6.1867207738776475
-6.341272800117562
-6.290782856072828
-6.477091031643202
-6.235765523483667
-6.297494694865662
-6.251826009433362
-6.332545273817082
-6.4280375484142045
-6.407028250792888
-6.33844471261115
-6.292561699742028
-6.355878249791296
-6.337508035414898
-6.34051005993604
-6.321282456261404
-6.410434382198332
-6.352701926346473
-6.27776785619244
-6.380995778815066
-6.26913919728057
-6.390423212794178
-6.300994286237486
-6.268267187662023
-6.197245205765305
-6.325902829715426
-6.388172804215557
-6.336873297770563
-6.376871650046456
-6.192130196881519
-6.351163440689749
-6.440637376106335
-6.329236434301582
-6.349101120785381
-6.264413275503098
-6.169856676217209
-6.387028126229659
-6.2630938272105015
-6.331324976156221
-6.404743493994518
-6.319745893039361
-6.390840877135986
-6.399649639664602
-6.477971734348468
-6.368301048438699
-6.322168444774322
-6.382111853989592
-6.258824379521457
-6.389688240552428
-6.41937131136445
-6.2948909794125285
-6.394871218390238
-6.339947368544557
-6.368607493287573
-6.279327320574312
-6.280806460768831
-6.358997039351327
-6.363110433228899
-6.337638099967203
-6.231558990566028
-6.331156502367029
-6.397441696675465
-6.423984447360235
-6.29069981094389
-6.292273635427414
-6.3470232783370255
-6.452998069222746
-6.308092896598843
-6.36071356824387
-6.318925019466207
-6.1934340918528665
-6.370148151233061
-6.2601306927263005
-6.239028805627292
-6.326718425112562
-6.33983149016353
-6.419459419702355
-6.418581669902733
-6.3901248506821755
-6.358519726789447
-6.446511819423357
-6.365811056401114
-6.28019120490056
-6.336915801368253
-6.296088338498734
-6.373053501972269
-6.384900652682463
-6.268765802909969
-6.365959122856271
-6.313287851134787
-6.2828285595535265
-6.333379741398461
-6.299189954506442
-6.3464637729268745
-6.358817908921667
-6.3460868047794206
-6.334961275480481
-6.185528748534871
-6.247167097156024
-6.414700410626844
-6.391527313613793
-6.3254010497419815
-6.334027031693928
-6.305662392500292
-6.2905254448654775
-6.2519609135086585
-6.337063641674151
-6.309566060862153
-6.405438215155489
-6.431060700923526
-6.419639628953725
-6.3573860073888655
-6.274051713038492
-6.38014323874641
-6.289477265468344
-6.3205361311318935
-6.395284154917974
-6.31016351977932
-6.23483391805133
-6.273403322949846
-6.287209070032252
-6.250129381675512
-6.291102959543707
-6.355472423180802
-6.393712099055055
-6.375039766281105
-6.349282755067323
-6.338785549367943
-6.343673211615829
-6.218858466113559
-6.2574387479542395
-6.295128081421581
-6.32446690336845
-6.335989055025678
-6.401320923567262
-6.2583112689838645
-6.361085621169582
-6.342645813695302
-6.227080270572392
-6.346285398886085
-6.382181351804299
-6.4226023626455575
-6.241550417369714
-6.2652606745412225
-6.311767076821667
-6.41491109561985
-6.419725051885613
-6.242285840328805
-6.226560445495523
-6.367561459919355
-6.278854792590277
-6.382832116606092
-6.406707372574933
-6.2768174747195316
-6.330748511024211
-6.389643343333533
-6.375656467270386
-6.2784991249808835
-6.400230881479458
-6.3371563405438165
-6.243454614069145
-6.392242584784754
-6.3836711900745255
-6.468326024719532
-6.304854711746594
-6.323712875064388
-6.272679481806275
-6.359633858889533
-6.37479143204162
-6.242922682314997
-6.33012942486393
-6.333227720071476
-6.2918802088323895
-6.378118583672779
-6.394713268841137
-6.215556736500687
-6.334875433353203
-6.464511811557265
-6.353269026400302
-6.370166413987217
-6.465207613950317
-6.352697916897706
-6.442038875079489
-6.363998186849575
-6.353309380965946
-6.243388659206065
-6.412170398432401
-6.3980982554662065
-6.383631212696859
-6.4739791592569835
-6.257921332527002
-6.292360282259504
-6.301654860749024
-6.246404513889132
-6.2145250287760465
-6.3366962709603065
-6.3964299923312025
-6.320240747330844
-6.382206481571906
-6.299783887572849
-6.464437271855111
-6.331180298882882
-6.288903647480695
-6.31704973061079
-6.3636752193878925
-6.357927261204192
-6.436605112682978
-6.286205479935344
-6.215507173586215
-6.316172024690004
-6.309174982115364
-6.3263767310896215
-6.395657544371456
-6.327451433688385
-6.222909906956952
-6.3320832752276
-6.378895480500209
-6.351262118163335
-6.221926866610579
-6.353756355357916
-6.194193632121488
-6.4658099085288745
-6.364266724324511
-6.363115210640448
-6.373375141206248
-6.383708185172217
-6.349863162425313
-6.360322836088901
-6.403057128546829
-6.327292582193732
-6.321395514665689
-6.292780766003988
-6.243503824857008
-6.297152343224321
-6.268994319922968
-6.330321422056733
-6.407034985738609
-6.37938527502318
-6.444618134067948
-6.380795953028812
-6.387573150738216
-6.400056328830913
-6.343223557784942
-6.254579393842776
-6.344282898791025
-6.422336191671196
-6.273342123877657
-6.318593433656028
-6.388907482488164
-6.289860179842911
-6.328440184893631
-6.265612022016517
-6.311835624749362
-6.395167613108695
-6.225889566540935
-6.430099567952347
-6.230646269992532
-6.346419691055245
-6.2499930829619705
-6.425007083340191
-6.252430006055153
-6.392241840482463
-6.435187794379246
-6.260433176381259
-6.256652262147661
-6.358694704896625
-6.249699636127467
-6.221177580858354
-6.342944861814109
-6.360230820535854
-6.362759985712412
-6.382037844152979
-6.408407676347178
-6.308614744224583
-6.3346583621049986
-6.324928418383162
-6.350586729703142
-6.353377654931222
-6.243439656702407
-6.3187587606024636
-6.408719478400119
-6.243892408154151
-6.234369863570823
-6.223226187458114
-6.406207953451298
-6.519611905726591
-6.322923250988492
-6.3598020772337005
-6.413638241676789
-6.263296932840194
-6.232111720247307
-6.304077330002493
-6.295032542353764
-6.353171814295525
-6.319579732365913
-6.470789112382495
-6.409198005508992
-6.283412613521308
-6.284611624798048
-6.324816734241681
-6.368184481204562
-6.342602549197577
-6.4338622819672695
-6.244025443602739
-6.313732658863362
-6.520565111093039
-6.3132578058848114
-6.39319838850342
-6.409101234960726
-6.348000683821713
-6.380464958317328
-6.335446152499411
-6.310175217152622
-6.364985770175236
-6.372559169151003
-6.3751405728676005
-6.345575129229511
-6.280950402633952
-6.2856640102473165
-6.340314165519487
-6.330601117630666
-6.377637221624627
-6.279949475826981
-6.383918054042563
-6.381223770665134
-6.330579613774814
-6.258478322875954
-6.428780530328547
-6.3459615035306545
-6.342350203491277
-6.265233059692989
