958.2255479839195
801.7257503706022
671.3245629293395
562.6610667418028
472.8947737723412
398.4801919536243
337.2357756436179
286.5861856316977
244.6607639090107
209.8340592561119
180.7464196923477
157.07951538255665
136.45560191180502
119.67621278370571
105.19357474245142
92.98539506040107
82.53654766531807
73.81324341629205
66.46214412779487
60.07031672380063
54.54745275921462
49.62417229665181
45.30573834102185
41.54071958655281
38.17513638936534
35.34588752691697
32.74839785794189
30.31272785284108
28.563719536990135
26.25570443752722
25.082544323962367
23.472122299016362
21.81088788910194
21.09304021106198
19.70921309136483
18.576065643304574
17.90999164957824
16.864429040473027
16.10804398336933
15.553913714320878
14.499773825900252
13.773444937787094
13.783787418762442
12.877818774447318
12.46373249824225
12.160671433106089
11.601751721196486
10.872616654547457
10.73815619904562
10.324729202877625
9.94759135293343
9.588610363566998
9.352957985915006
8.981715863366631
8.808819375209046
8.205774446923291
8.235058538167955
7.946631743714019
7.644022361976012
7.687375464582388
7.317135277802061
7.103236323393927
6.652519327486765
6.690583999728611
6.495877608916723
6.229228670733125
5.976588148999786
5.796027754434537
5.699967473267709
5.649802508112701
5.450427499092889
5.1538915527723965
5.037299824773213
4.753312655551873
4.760166475744829
4.5636515237434345
4.476854425638501
4.290589442682941
4.19262104946436
3.9027089838478313
3.925016461058477
3.7851505063282347
3.5642562382836576
3.4134139471097207
3.468163749948878
3.1603613533577626
3.188938418888036
2.9872055354301517
2.852543741268172
2.8720687250884174
2.6820772162174467
2.627120949482242
2.54925290073652
2.44603977498943
2.389753272895145
2.2345721819260613
2.2972055842259986
1.823428545268999
1.8317624692202745
1.818303145551921
1.7344229405449096
1.6035609984501484
1.5474269190976564
1.4771072137095278
1.4184003052005676
1.2369423994200877
1.19803490450509
1.0122063657016762
1.043905429226436
1.114434154357685
1.165858081165515
0.827592706738265
0.766946712451774
0.6683043790256551
0.6641381734122183
0.5637150369735896
0.5099616243808239
0.34452938682925205
0.32350048933281467
0.22156429253623067
0.14285794285038494
0.10835461081003378
-0.08485624601048808
-0.10612995606927705
-0.05927829318141003
-0.23772734479321206
-0.21305071513382715
-0.16283445313612557
-0.22086180955643941
-0.28591875024884356
-0.48812665289911084
-0.5311908374623465
-0.5323148348153224
-0.6666209784720574
-0.7086824923540918
-0.8207373487169796
-0.6986846742962345
-0.9108951080196039
-0.8978434766906439
-0.971918988596849
-1.1101182816712274
-1.1581880300064782
-1.1316193607050502
-1.2426788297812257
-1.4375571512431244
-1.1868989694055798
-1.3495009912856661
-1.3154240768336996
-1.5614943080904138
-1.6220453182125691
-1.5137114909279281
-1.7739853997094492
-1.7027960226386156
-1.7105780433393587
-1.6976113186361321
-1.914556363610582
-1.9245899892671106
-1.920717859949502
-1.8831052481581698
-2.331479427170325
-2.177516974915826
-2.1280787481930576
-2.31262558204875
-2.3929453358254764
-2.437960881590098
-2.5304694172618327
-2.726112565085864
-2.650755785477629
-2.713824891145004
-2.7070825692433456
-2.801613591009973
-2.676950409167707
-2.9007998417177108
-2.9603049920767326
-2.991988581087098
-3.0863578807827143
-3.070812280566144
-3.0647428483681143
-3.212403500557929
-3.207937514180763
-3.3011274274988276
-3.41441982879504
-3.530651959759313
-3.5626107302499053
-3.5883778935120443
-3.5208099021979105
-3.5556120207007305
-3.7585274748619586
-3.7325145385300633
-3.7988075335409373
-3.7654106790641464
-3.7937717084756324
-3.870534901623716
-3.961961425116552
-3.9246467758125245
-3.914511670350315
-3.970533284069713
-3.9057194916311513
-3.9318417331148368
-4.074228718714821
-4.235860418909801
-4.155061982711017
-4.054536294501361
-4.169781178642315
-4.248611345081382
-4.219609068335047
-4.177425875464194
-4.318591621762699
-4.27353680220267
-4.328179701599322
-4.2623205887924085
-4.413209936009763
-4.348428623441245
-4.431889267832105
-4.330916027349974
-4.400062165998759
-4.473153254694892
-4.496261577970871
-4.57285912186716
-4.5996531292407985
-4.420631270842076
-4.455018674874672
-4.571145593941854
-4.618431726107137
-4.550139307978994
-4.558024933940366
-4.513691695533484
-4.646157657898403
-4.744471099284826
-4.652473271416887
-4.676838709813129
-4.66274054031218
-4.8313285128051655
-4.69863019368492
-4.833279417937781
-4.9310993839070205
-4.790890074217956
-4.903059432267397
-4.820021582836978
-5.016058254738454
-4.9324738309660745
-5.0531725099827405
-4.889492053590146
-4.892827422013757
-5.097659426186325
-4.962928718487735
-5.003003380954626
-5.160335141490538
-5.070508119625696
-5.108691660207965
-5.079790577651969
-5.124374012540112
-5.113206337843189
-5.123676091212461
-4.9970990158653095
-5.235538989385184
-5.213379817664742
-5.125785714171108
-5.156123410450451
-5.144857533201246
-5.1055269597493735
-5.17646102170054
-5.265387535626892
-5.190561661356245
-5.238333702279991
-5.196334583284509
-5.275710853829996
-5.31392580271153
-5.3298327031283765
-5.2148869970106695
-5.227239204759835
-5.215639476132586
-5.339741814810897
-5.326187963072492
-5.173463308747333
-5.438218066338879
-5.294123700915617
-5.2242174159975105
-5.39478463134531
-5.276710234335826
-5.425720639444163
-5.4527669681498985
-5.236760114598773
-5.4525325024827405
-5.44616326416201
-5.385553709942499
-5.424077511002344
-5.418147522499274
-5.366096547967458
-5.410359262957304
-5.525344382247373
-5.544239616984997
-5.406778710859474
-5.426435402292995
-5.666880944756706
-5.517695270319691
-5.55518752630373
-5.671976672663177
-5.5169952268643385
-5.604211171277167
-5.41366140546755
-5.646107466798299
-5.4174436354865465
-5.553572406413949
-5.505289039873297
-5.623972015573742
-5.525169749078859
-5.568582432689313
-5.543514571603538
-5.7163577004497945
-5.625985253672531
-5.672577673391945
-5.596758465450026
-5.666472620402441
-5.7787126827602995
-5.487194424446962
-5.585904540447943
-5.6874403963648135
-5.627242442257037
-5.573924796120659
-5.67454857679781
-5.642533520061804
-5.708786206483995
-5.878264178928904
-5.751470200306264
-5.659025626101259
-5.764472782187295
-5.600552432660929
-5.546235015189716
-5.706072503547443
-5.740543908906041
-5.558064579120501
-5.60339491073203
-5.719412769230179
-5.723570859790274
-5.613441811702858
-5.9007963900589475
-5.807164355635338
-5.825850853180774
-5.770797094156445
-5.886038992791089
-5.841825084618564
-5.941593021831199
-5.931670741520811
-5.762753093111634
-5.868110901890309
-5.946667864006588
-5.925588622106442
-5.784022814057512
-5.779326656611816
-5.9031995790209715
-5.938265181276295
-5.8484335251912745
-5.9900886343423245
-5.798790369105188
-5.860886790317777
-5.798859499552474
-5.967309498804827
-5.780233040446038
-5.891746303365451
-6.086391285738318
-5.99842283551697
-5.9665328250291765
-5.856322844723575
-5.875068247716719
-6.010293218903229
-6.083892740014534
-5.917470784603764
-5.920787162102557
-5.873976840760148
-5.787627141171912
-6.0193443739607835
-6.104277661085941
-6.053420945858277
-5.989812311396447
-5.9448312657275615
-6.009858417800892
-6.05954756118638
-6.114495084048834
-6.03711770512389
-5.915420811076395
-5.930117452220059
-6.223065617711066
-6.0426874262733286
-6.097341441862627
-5.972942549785977
-6.082902916856787
-6.005422055743919
-5.8703496310004795
-5.901538191730859
-6.034926096386323
-5.961327147679733
-6.141587332078594
-6.064966445817725
-6.22721703181217
-6.109840184869033
-5.922374352323644
-6.183875236027674
-6.0863473256999185
-6.038563365125666
-6.178561353218954
-6.070092023342579
-6.072306674193346
-6.064319720695462
-6.011063508777347
-6.075372360526596
-6.040508248311565
-6.07504703232415
-6.182491417733105
-6.010048630004786
-6.202751110377471
-6.157061751371064
-6.0685194551691275
-6.221645273580517
-6.133264427117154
-6.2216918359839255
-6.2314964667981325
-6.175203861189322
-6.291498460380236
-6.233933715094916
-6.1275278397919735
-6.186886173640575
-6.097550011799077
-6.148531188610198
-6.244866125909649
-6.1891109548468295
-6.2263556489858445
-6.226238962429225
-6.271192579471861
-6.259812995260546
-6.191625794142917
-6.356486287092485
-6.209920542865733
-6.081785955357972
-6.1704989540164386
-6.318603126391377
-6.146047216560273
-6.34843049180343
-6.144352275770701
-6.352232011496312
-6.115117041688922
-6.340357143403565
-6.304398432843892
-6.174133971973621
-6.352827574954019
-6.232082949787847
-6.3971247564479405
-6.389361941536563
-6.190764115951193
-6.257963126961538
-6.40485088822519
-6.283101611589099
-6.359294269959188
-6.404436489217234
-6.39107580467211
-6.254567956653975
-6.312221091427682
-6.281641804169933
-6.393036975503791
-6.266368368884856
-6.1628873236466415
-6.309363586645919
-6.363161699993371
-6.271430410354487
-6.469206590936956
-6.285013774379416
-6.1745910143517095
-6.417380709401332
-6.27796230361405
-5.8712900249616835
-6.393262530559685
-6.171920366524305
-6.21930707741354
-6.306227366088774
-6.102754727766332
-5.866524304832381
-6.135961056798816
-5.792223633688291
-5.7207728502203965
-5.408212007662216
-4.762044120733368
-4.059902402061366
-4.92504689306573
-4.809476274117575
-5.742844652603598
-6.424517080612391
-5.757917910510239
-5.023561359031221
-4.700239809857671
-4.798641995243574
-6.225806680175484
-3.7492896651334697
-4.735198743200374
-4.6922345070230325
-6.342581108344516
-5.092291093965224
-4.495361326768384
-5.762271687498175
-5.225919170986327
-5.386593158405999
-5.060199429837522
-5.84798936908596
-5.116333379208698
-5.499464927932554
-4.24325212138021
-4.987292028870989
-6.296520565842617
-6.033988639449174
-5.860262328519088
-5.723919225668418
-5.8633930786062045
-6.545493463662895
-6.1676544168958305
-6.12976060418643
-6.456383092192073
-6.031101124357431
-6.1957537651996795
-5.892466623466162
-6.152135942472643
-6.845090029032152
-6.931522865752796
-6.591771088653059
-6.644306929006676
-5.854904483005075
-6.206352792054856
-6.722961123057279
-5.945326013822661
-6.20238543648803
-6.91413145166773
-6.693780084851719
-6.9022711264362036
-6.683874148084667
-5.44779417749768
-6.540289332194615
-6.185097067080466
-6.27316856263602
-6.3713483875022305
-6.725407600925944
-6.943926818100192
-5.700366595263444
-6.457940941698339
-6.821768467948674
-6.63633191436735
-6.514073979702217
-7.024180239522782
-6.178829263050926
-6.90866756658553
-6.794299163017975
-6.6415620416511105
-6.034708727895633
-5.558608602136112
-6.6458858139196195
-5.920450479563421
-6.27377118312889
-6.634762777463741
-6.297497808487482
-5.954498329144169
-6.844239403155537
-6.566238100779572
-6.116044125414842
-6.578713601791498
-6.37897138772796
-6.178177370929829
-5.715111987723033
-6.127803356249451
-6.605231359838616
-6.226291388202571
-6.764819823391649
-6.473662109800914
-6.694764649462499
-6.798184635036788
-6.766488873972698
-6.384386043559451
-6.025908459347327
-6.802269251112398
-6.634591719429439
-6.611485312404135
-6.05224581258906
-6.0805130145667325
-6.300989475757891
-6.724909642296966
-6.216068654422845
-6.809747303507199
-6.424171858390162
-6.765595850592205
-6.785866390336757
-6.513333867649866
-6.964188349710982
-6.542922161165089
-5.990627348048115
-6.941626318352036
-6.553642909044843
-6.851726519870161
-5.927604034526889
-7.014360145027567
-6.546352824186231
-6.400493952481738
-6.381671153367659
-6.202551115994845
-6.941672928452897
-7.097246285209636
-6.189299864424809
-6.421078521199725
-6.5557192726875435
-7.047961653872651
-7.015526842217276
-6.773718201554729
-6.6787761869019455
-6.797733890459085
-7.068439118887728
-6.5085809809595006
-6.197301622939732
-5.788813645180042
-7.030269995597303
-5.892961500989848
-5.654995189338415
-5.803256055885512
-5.944998009338909
-6.345729615100172
-6.474652006003632
-6.06071513261467
-6.558276939044131
-6.87553965620368
-6.3438767466851615
-5.9312222682040385
-6.285617949791423
-6.190395578120945
-6.33819195478167
-5.77007442153752
-7.016788490198934
-7.542513328964154
-5.3379170208169775
-6.8222623104104105
-5.748551885217136
-5.953427296613441
-7.0277657681266605
-6.099457727864236
-6.98027710031845
-7.127688810319111
-6.482733213301472
-6.689777180741044
-7.0240907634747005
-7.113501338073104
-6.380108759381946
-7.123753422051411
-6.364434480175189
-6.231522785492522
-6.093972285395909
-6.572458861347567
-6.669339145836232
-7.188872358834583
-6.796083839977744
-6.4986250623753605
-6.959445402975216
-6.769116904118533
-6.685492084288916
-7.563053607307589
-6.825809609563693
-6.398558187251814
-6.006358965305583
-6.884038499940451
-6.526483388287307
-6.175268897566834
-5.51162591823285
-7.123573899694756
-6.436937751242805
-6.19099421651471
-5.219463807647539
-5.2624241989292955
-5.927778243435322
-6.110570952241558
-6.149761520743301
-6.084070179187184
-6.081524283890555
-6.302175875846778
-5.631051389489829
-5.344549608511294
-5.324911634412642
-5.9380395623706175
-5.981619070440156
-6.294566789976394
-6.024312810061393
-6.003862846147104
-6.33804730402753
-5.221094913906156
-5.6908679408906515
-5.98000083757875
-5.722887608270736
-6.372079005411413
-5.960302694944737
-5.774925410730372
-4.832887615286749
-6.693906631874052
-5.6130631905396555
-6.7260940887159295
-5.9339653563709875
-5.01025864259789
-6.709238952576097
-6.265271101905426
-6.732918336188671
-6.680060794183337
-5.833430685213896
-5.649108733634062
-5.048390368848043
-5.447747731382581
-5.633064786337635
-6.024459165915283
-6.039972066260608
-5.416442632497872
-5.562531921781372
-5.534137280270201
-5.044602321901592
-6.743553191180715
-6.318497882487227
-7.2734019107174035
-6.345366788269417
-5.857749288750732
-5.763514251679075
-6.476598186209948
-5.697475436993493
-5.696755013782047
-6.444909109566467
-6.164401351205918
-5.782029822422882
-5.9340406894161415
-6.07731328403273
-6.851422505828724
-5.763557867887194
-5.656585630862477
-5.2121896758658695
-5.70346493662729
-5.7766007284836505
-6.251560408685526
-5.9667565550149675
-5.951725715963093
-6.754892310822419
-6.879738278696259
-6.638516188757435
-6.97627209939008
-6.15445182667996
-6.579790363798522
-6.517253835145607
-6.157096739437067
-6.167025527056353
-6.631709176799345
-6.885446380626114
-6.2738334297665475
-6.123024048531382
-6.3838043619640965
-6.836779232898104
-6.680600197760301
-6.758430455292438
-6.171392418498639
-6.706223342783391
-6.817829299535013
-6.919024286868669
-6.754256362868027
-6.922115036150041
-6.412069923653672
-6.112438724215535
-6.741319642821779
-6.869228916630566
-6.813202153429021
-6.69708646213039
-6.648951589078137
-6.710500856023483
-6.748949174032612
-6.561630305960012
-6.8571713396193905
-6.339487633377936
-6.7219765755019685
-6.7674774642407876
-6.804462689894301
-6.829780210466194
-6.327454047468827
-6.348099230891091
-6.851295431438679
-6.518271864104097
-6.059733707790165
-6.836433922436115
-6.143966794418031
-6.11486611181085
-6.721025924394448
-6.832670706400633
-6.903481743624671
-6.835913956751037
-6.897744229589093
-6.836510646951202
-6.869644528609403
-6.750843337415732
-6.868688917633206
-6.830517997612235
-6.941201130158177
-6.397901904168453
-6.764888191282208
-6.759702358790491
-7.110885690959295
-7.043582450410685
-5.9162799758727855
-6.603826780380905
-7.096161760610127
-6.931629743204933
-6.644609462494778
-6.859497892824433
-6.6294786063989735
-6.79063982526113
-7.015251212907782
-6.893367818762998
-6.269520268533092
-6.765182617244571
-6.438312483813568
-6.937715457936799
-6.6491086455817054
-6.606562328269087
-7.09833793143558
-6.916666498189851
-6.6148724834951995
-6.6954716550721445
-7.017325610974744
-6.58512494185616
-6.626854076061381
-6.670515192700633
-7.069550778734438
-6.873975656802006
-7.000162536151585
-6.664088211181483
-6.8976859041704985
-6.510280958283038
-7.026694061343902
-6.794871488669779
-6.919304286787649
-6.736478218812874
-6.927305099390537
-6.7279439752946395
-6.984939627477243
-6.813959820865929
-6.758127471772664
-6.801431159587598
-5.646968664970715
-6.969633278670225
-6.767878905755953
-6.528619024459971
-6.779841881692478
-6.770206895532223
-6.946233108876725
-6.5909771539363025
-7.082574789588209
-6.525500501135188
-6.933610038162778
-6.783323825407803
-6.8689361380304605
-6.833717411425154
-6.46520180851003
-6.707900383457737
-6.9726774502613456
-6.66169561239461
-6.920066191394335
-6.941387532703018
-7.03580776374525
-6.932598852568258
-6.595962942696497
-6.589981374777159
-6.9665139961441715
-6.672581285814828
-6.201696094396361
-6.975048415862144
-6.455095675048324
-6.913358464165476
-6.7228567697099315
-6.5030741640240155
-6.747959389679551
-6.479611740010437
-6.443446066583021
-6.762022767176645
-6.6854460827003255
-6.434255603735625
-6.321643985390249
-5.742024802390111
-6.832051996489421
-6.831818559105343
-6.761806826292792
-6.562495533988252
-6.425177493805425
-6.351732765237016
-5.6784547403707295
-6.328653114878598
-6.720226094973279
-6.856760800043304
-6.292005836401002
-6.660735260045472
-6.451603322366022
-6.876344591477268
-6.701162291806684
-6.691314719117134
-6.430852571040012
-6.433385655024882
-6.783198735924987
-6.693978978944891
-6.833293706546015
-6.444890614568331
-6.0974697377129665
-6.60400084137593
-6.293742598276085
-6.669575866541192
-6.873882439216399
-6.852363340313393
-6.431720796250605
-6.8693674286597775
-6.9466203328106495
-6.560000929070502
-6.782158822322817
-6.9015099915860425
-6.8448815304446375
-6.377872126486207
-6.53640928724405
-6.953154657140598
-6.822811480094316
-5.958873362536979
-6.158026507156125
-6.358316121748451
-6.819270338110076
-6.410159526990594
-6.817482062499595
-6.434377514814074
-6.764585251676798
-5.802816122231577
-6.7160323873563845
-6.542226551374629
-6.914517496503845
-6.6600484360041
-6.174312413606699
-6.957386292984383
-6.285046578548295
-6.513457687345914
-6.598684986423985
-6.739866486378474
-6.367287464760114
-6.842854800887645
-6.232131079224098
-6.312724824469773
-6.3944729344572195
-6.793836058747917
-6.6190547915941425
-6.34160500954152
-6.440941882548265
-6.310549880516592
-6.2892940363928265
-6.468496788804725
-6.235746064759757
-6.403837454758568
-6.904372077024135
-6.070390579607529
-5.872886170229307
-6.6348146524918725
-6.5846990377235635
-6.6312154105445025
-6.499243066393497
-6.4219207047439655
-6.234762853666747
-5.936847012622026
-6.608619586319039
-6.6049134352217855
-6.912262857153917
-7.0990999229056655
-6.444683592863567
-6.308596019134335
-6.5656067037647
-6.610857785104807
-6.682829032769423
-6.754826352516907
-6.227254969067064
-7.068987784035116
-7.077590202329439
-6.3709313724488865
-6.140098165616516
-6.79218134296317
-5.6627042606727604
-5.75568425527057
-6.116351211365434
-6.677283232819628
-6.736854181034784
-5.863922137035093
-5.450831319763727
-6.1517447129097
-7.092978800488959
-6.372699772943369
-6.409796248134995
-6.048836174002936
-6.7185107378586855
-6.752943511317426
-7.235419566479632
-6.7546811534378355
-6.517170664362886
-6.772521851156995
-6.947257678293155
-6.452728436067659
-5.979210943751133
-7.026179811179422
-5.987991123644235
-6.04804271633086
-6.219412157146881
-6.9560297524688215
-6.4911827395150725
-7.005311507875803
-6.932034537539387
-6.588809532518541
-6.976623841330768
-6.5764351621233645
-6.807751306854566
-6.265555930745572
-6.415253726644906
-6.8983007257508335
-6.9980875339907005
-6.971138746211972
-7.0659671187927735
-6.675456566892702
-6.815714022833361
-6.667139065999786
-6.864029842221484
-6.700291430389473
-6.669127235637183
-6.7484031573616825
-6.587588605840229
-6.711521021084377
-6.716994803827723
-6.930934255568748
-7.10068658954497
-7.091954679252457
-6.724093222235981
-6.116077969972032
-6.817099672030657
-5.881955700508534
-6.724188240164271
-7.098431535587247
-6.382394088052601
-6.640444880772778
-6.032919459907043
-6.603695988579168
-6.733272662523591
-6.705576219925105
-7.246869651993392
-6.987776752837654
-7.023651234273206
-6.541177917538416
-6.649641801452798
-6.747390152930295
-6.652675471229647
-6.799823280787457
-6.740764279481656
-6.441697180805362
-6.749614745572401
-6.432197223719604
-7.133706749064402
-7.182287996565541
-7.043594630442017
-7.047544231480065
-6.689840169226383
-6.7346298628688475
-7.148099282797879
-6.802840150969856
-7.015723646942288
-7.135151237339269
-6.75153439317196
-6.725763748846891
-7.086632695464551
-7.2572405004227525
-6.955410890697056
-7.179433315735624
-6.832872258037096
-7.252951722746333
-6.744434388495754
-6.747965194414454
-6.773151198310332
-7.047681589728319
-7.1275413284403175
-6.831207300871519
-7.137114430271909
-7.17399363522203
-7.1006947940723215
-7.260014040631569
-6.982757814445586
-7.054198029822939
-7.143885440682067
-7.059954762004541
-7.036659459461269
-7.087236284413503
-7.256270820611241
-7.046773678078506
-6.551164348935299
-6.97602984922337
-6.887614914532631
-6.655629182773957
-7.189371240326587
-7.127591083280298
-6.282958177365789
-7.093483719282318
-7.047953095089198
-6.8198832916039835
-7.152391276553136
-6.999444883857919
-7.216855430154583
-6.710364968069141
-7.097031812530772
-6.794772298412614
-7.22408692202949
-6.53946452056666
-7.214710740598928
-7.229496397623311
-7.2588046686529015
-7.150468927561332
-6.9366107711290645
-6.829685631534645
-7.240120750544975
-7.107208003795934
-7.153202848295229
-6.533158995131595
-7.310381545982569
-7.192771787215637
-7.047439095012997
-6.878300900292968
-7.226691570356562
-7.203808293109879
-6.7755076173578
-7.1886669045906135
-7.217130321316276
-7.456474166796496
-6.949537121525672
-7.248624261734335
-7.286610850037234
-6.621194514257667
-6.929868826720398
-7.266680128584849
-7.57618009150157
-6.523159143502936
-6.58708935196604
-7.225000214014924
-6.50654468484796
-7.352105546519437
-6.148450012804958
-6.70422048127136
-6.855007705874897
-7.767192984836921
-7.121609332608009
-6.558296712771811
-6.186907659447055
-7.142075462523582
-6.143847724803083
-6.782732387272874
-6.088840694694612
-7.244325617952389
-7.621100336580409
-6.37674032188969
-6.816241291298805
-6.20633010001589
-6.184937757316825
-6.327554393076291
-5.66794162836841
-6.516079270210378
-6.139054015875562
-7.131096104568133
-6.677573207625615
-6.952255125533473
-6.3524912234711435
-6.448530739508128
-6.772500131719918
-7.4036803536834945
-5.795793998180551
-6.897946262356287
-6.329474837859991
-6.053400562444579
-4.980790221105735
-7.303519049843271
-6.94824808038912
-6.281381242599421
-5.813216227152726
-6.12880164797826
-6.934712878642957
-6.23496832960946
-6.919367556455622
-6.991939450639577
-6.933629953806269
-5.86389617644486
-7.224526903015998
-6.8797674484049995
-6.939324904498
-6.57508729670431
-6.865587470903447
-6.575759906567292
-6.225979489771632
-6.9876122915846395
-6.9331739374370445
-6.907094559188948
-7.1747078117594745
-7.093226777030934
-6.7647609958824795
-5.77302076786152
-6.691592533415239
-7.200024038481712
-6.8240572417993635
-6.733934831633011
-6.935132360412712
-6.739550835854802
-6.676769860568237
-6.820514013039908
-7.103851057610391
-7.084121406659718
-6.79590679357959
-6.033846673370633
-6.293547180729739
-6.57523805352638
-7.1449967745475425
-7.032014468689524
-6.897353433864905
-6.903823537278587
-6.330284705271278
-7.078770806186586
-6.771986393962452
-6.588665446950256
-7.170518568757756
-7.193049383739549
-5.715555804395759
-7.005247623867565
-6.725052113639119
-6.78056610203762
-6.360927737411746
-6.722436154533127
-6.364463556193753
-7.038405474902198
-7.082908546126771
-6.723891033307789
-7.199532735266486
-6.469783936500605
-6.456006598805452
-6.053858730643348
-6.445774524692848
-6.0395874351826935
-6.58012484385922
-6.7625129104827595
-6.4377514447815365
-6.844843896937235
-6.597182294838807
-6.846742317915066
-6.400068143343302
-6.27701024572564
-7.076414557025832
-6.282551488459003
-6.627227996602222
-6.765633549008839
-6.661741452969051
-6.889713707578958
-7.029775447867855
-7.127439175771994
-7.049174530755583
-6.728336704749523
-6.807675951873619
-6.6626251694159055
-6.657501674747289
-7.168237289572601
-7.01194855543517
-6.760855145252768
-6.7331098995743375
-7.2259035491847605
-6.655835155930621
-6.801716462427163
-6.76976081692872
-7.140103541754698
-6.457917039569136
-6.995952901573252
-7.0450104174005945
-5.776330475930009
-6.855331663800543
-6.840097855650434
-7.111769376975065
-6.812588950911845
-7.104716330767333
-6.815988187240686
-6.444372583738894
-6.998920443832479
-6.44307762467964
-6.375731689978159
-7.04386867040155
-6.754064136047067
-6.791638317071238
-6.368081937503064
-7.071766691009502
-6.41775201636175
-6.92348798894146
-6.375870206980992
-5.507650661616338
-4.4245507014033185
-3.7696803042599343
-3.5536112504566377
-3.556862311675039
-3.4088296849780537
-3.2161431230283277
-2.9510382478656574
-2.6932880411080227
-2.935779323045172
-2.6133425086209328
-2.813085978246856
-2.9169038632268975
-3.3467694349279684
-2.741897721086177
-3.1905902218296154
-2.834140218898559
-2.2966644868013804
-2.8648971444043188
-3.1997704757790224
-2.405903426877409
-2.5150772761678244
-2.5424265896132243
-2.591948219351
-2.650670075463716
-2.6906818357096154
-2.6867621265229586
-2.6942740211079084
-2.739943985372808
-2.8564888517189764
-2.865444188162992
-2.2771014607965445
-3.1988633922887164
-2.7371306306379224
-3.198999543229241
-1.940793806292491
-0.5352170059466677
0.8714690257709172
2.2573236888773613
3.690826535641955
5.026115350049405
6.198868211911367
7.547047497996887
8.568791362486364
9.49616115992139
10.069949400970245
10.784190827921627
11.125506869470692
11.455025169974792
11.469196135951497
11.473253437729879
11.270358887797697
11.19515994644916
10.594954188394972
9.993043374942943
9.626930536919563
9.037231153168738
8.45854224565513
7.923569956259181
7.245753026098789
6.694712500132308
6.074844668922187
5.573193565040375
4.869667914682651
4.472035673253291
3.9830118790024707
3.3271559074814245
2.9198897432882873
2.64174082399788
2.1296297658275924
1.7631996010132927
1.351595643831229
0.9254605032672464
0.6319580315732177
0.4004958141235956
0.12059936338074904
-0.1173416742052317
-0.5202025065396099
-0.6816039622796395
-0.9889335862292633
-1.123578140203455
-1.3212038955180887
-1.4880505123377459
-1.7466742270271656
-1.8700716355636218
-2.061633478024134
-2.0794699775812426
-2.143410579349466
-2.6209362026060954
-2.6560373804197455
-2.763685051495116
-2.7459688645512
-2.902912661410602
-3.080457386729211
-3.099034304999766
-3.1684475221988233
-3.386086946358452
-3.4520288392843157
-3.498578102765381
-3.5968095085284606
-3.6850574613034555
-3.565532672974286
-3.6925692853939767
-3.846682229801884
-3.89929438542504
-3.9907222378092566
-3.973431681389615
-4.020715217090267
-4.099185596367871
-4.241597462212531
-4.127420464219762
-4.324072604093511
-4.314475583670783
-4.472672165144985
-4.465886755588091
-4.513314357294218
-4.46962909609117
-4.602043350719529
-4.52453059360065
-4.557138811292017
-4.604158149577043
-4.703345488523128
-4.7069794780367245
-4.7988416143659025
-4.7798937243196225
-4.917789082657403
-4.845115276950235
-4.917743041107362
-5.004776609774342
-4.877992696766633
-5.036099942004917
-5.036977176794846
-5.010707244988957
-5.036107929358014
-5.116465384933477
-5.177300139602354
-5.17522087044921
-5.225543936638763
-5.171639477575622
-5.264500612827984
-5.23578737129998
-5.319884516784823
-5.0833587802439775
-5.3544070136904685
-5.278444243984873
-5.267121342812284
-5.298710516114615
-5.326883372645307
-5.381520584196913
-5.490737863326586
-5.344712766047466
-5.416771766925315
-5.487194640873155
-5.516230381174552
-5.5037012638174065
-5.628903714069125
-5.549637289778204
-5.560116606788866
-5.4628341004878465
-5.588500014495462
-5.586207152444915
-5.6420862275089085
-5.661905918128506
-5.709110237264689
-5.639297672996131
-5.669477565162378
-5.641291524081875
-5.682463190344649
-5.915040672177259
-5.741632435548772
-5.726317517281281
-5.737008735983008
-5.626275078902797
-5.8808008016257824
-5.7609936267943915
-5.781944284417715
-5.84304643359101
-5.844513787979539
-5.703825313272485
-5.830519497175082
-5.678903866607044
-5.763308555464414
-5.8243764222357655
-5.847307953817145
-6.008243349230823
-5.802656076506833
-5.797402089062964
-6.023613151915004
-6.023617682637077
-5.875310010724696
-5.804929011434206
-5.891390208070053
-5.975764903813478
-5.963756336919424
-5.941822486453988
-5.9282517204152105
-6.091280909058717
-5.992240395926952
-6.034840752626363
-6.157990300430381
-6.011397648833785
-6.097724481733075
-6.035506370385042
-5.987591264368174
-6.1686264367749235
-5.9143412853318225
-6.141728290340709
-6.006963099032382
-6.138591637905031
-6.097023600424472
-6.069337340626357
-6.119120656995178
-6.223149272268116
-6.222763512932274
-6.150401979022469
-6.141631382687938
-6.050512395259136
-6.129599050166305
-6.169302131163585
-6.088276784404033
-6.191241941209582
-6.218002797936559
-6.2000848884604745
-6.199643685478994
-6.303870330091083
-6.262045437272153
-6.218797050949788
-6.331346158397069
-6.181315588793762
-6.283980199552148
-6.280084681235118
-6.363144027709435
-6.236608782985779
-6.273962137874782
-6.2684252648686964
-6.26033879552423
-6.340110967558238
-6.205771445553747
-6.33319613097423
-6.197760340343048
-6.38364888199898
-6.4025226942895435
-6.36963515874086
-6.241463691145718
-6.37201504005476
-6.400596320637749
-6.322868783977473
-6.482867419422435
-6.312948164318919
-6.439000332381702
-6.419359624607573
-6.429258854871669
-6.239404022797092
-6.327982396092487
-6.493387656087762
-6.314136134560973
-6.453255532674736
-6.3319228682831055
-6.29368213361714
-6.498805241845179
-6.500502203186452
-6.335115276043755
-6.354741077439439
-6.502803991362649
-6.513974157326832
-6.413933735320753
-6.617116821418953
-6.539875313457299
-6.616787960993952
-6.448672909907782
-6.562367961290881
-6.456148422226159
-6.495121842370145
-6.466559642093593
-6.5482262170650944
-6.403808630920839
-6.516593668756716
-6.367105659199952
-6.568556176873539
-6.5806480194481
-6.563486752949881
-6.475537676780874
-6.551768128994079
-6.4960075034841545
-6.565822158490052
-6.58707660293634
-6.561454776766786
-6.488319507024812
-6.677149864711251
-6.5206176972906364
-6.31675657853621
-6.465923386860195
-6.635279900432039
-6.410390199459181
-6.583680373174113
-6.503823917916529
-6.546526728476192
-6.561148609714609
-6.567393799964646
-6.64798738922582
-6.553638506135297
-6.519945587343537
-6.476174887852813
-6.634712538166447
-6.553273739043664
-6.585001723318142
-6.574097802606978
-6.548087873685181
-6.622636978756894
-6.613211771826477
-6.729719187198514
-6.624989141818347
-6.638164218123066
-6.666862561996469
-6.723393488060641
-6.508380520456292
-6.615833965478226
-6.687872437117726
-6.824427795081198
-6.489517808230641
-6.819633269629986
-6.6496405757825245
-6.721555573076097
-6.581563536923176
-6.501719416269267
-6.703391575659641
-6.493217117567439
-6.646054964071912
-6.622338231829364
-6.700801561413988
-6.507969295208515
-6.73932355791008
-6.584048751448542
-6.561808678353842
-6.674812663195098
-6.316141603576892
-6.597723943150282
-6.647169942387193
-6.648297636133314
-6.452640200472633
-6.62402844263506
-6.690677079607756
-6.668960666698777
-6.619286261948766
-6.727169466065475
-6.707452211454182
-6.589929894760759
-6.573431716889161
-6.708523007731625
-6.693090400879436
-6.616363274100374
-6.757204451352301
-6.712112706951685
-6.2940444285665365
-6.573776749246303
-6.749950530833906
-6.400801835643446
-6.719836608846194
-6.569112250316895
-6.668263098801656
-6.75949399164732
-6.702529712416247
-6.802023271267449
-6.921733650188823
-6.807839749901101
-6.7438758402646615
-6.5852921120717545
-6.742130854981231
-6.814531072815
-6.840668914182359
-6.3546102961083974
-6.629450747750948
-6.7713864782948825
-6.613828119377569
-6.879654987931374
-6.742804667751301
-6.620909054495086
-6.819279768670689
-6.467888242345968
-6.542425961507212
-6.751886274901633
-6.428199332074586
-6.840608378238165
-6.741249676824449
-6.943482427266452
-6.870612327304396
-6.524178463418671
-6.901352379997654
-6.437696157583236
-6.429306077741214
-6.7835466961370905
-6.738331958589476
-6.786191768248803
-6.659765679337363
-6.861605273052956
-6.83127873331185
-6.788027764747916
-6.6943593208446135
-6.523029159627311
-6.840468725355841
-6.871437127035759
-6.617405038074075
-6.872931074063818
-6.657012121663222
-6.790693641379277
-6.5500179351871015
-6.852157481080117
-6.763529229679687
-6.846258832079187
-6.805376403930021
-6.797887314629121
-6.949964059819395
-6.9286562028270495
-6.915885316443478
-6.850514969238296
-6.878553573463815
-6.879099709495829
-6.785011938170226
-6.538957835720549
-6.584151222442367
-6.7625048023632734
-6.6269884112520945
-6.736526745723826
-6.608371720222386
-6.901933076046015
-6.678192531872624
-6.959825612411009
-6.705349110098378
-6.902961502915932
-6.713300026747388
-6.848016689158882
-6.289113358452852
-6.7942823304220425
-6.955367724817262
-6.778564553713932
-6.861580499769552
-6.917933603383924
-6.3944195724763855
-6.690029006729991
-6.941601358927652
-6.775211796364106
-6.436729613920807
-6.612068008884319
-6.779777847185994
-6.9013021824607295
-6.84741548113763
-6.811564820301005
-6.8322862300296014
-6.912829090761324
-6.731788433989383
-6.9045903601208565
-6.843249583571238
-6.7821662609236135
-6.7295482357757
-6.2595521538058545
-6.6967751359316345
-6.800313225311076
-6.697218076670736
-6.744204335233824
-6.825311678842029
-6.739495447021496
-6.79895736386805
-6.960605734222482
-6.835855544860189
-6.703085937331713
-6.882869481876894
-6.514858593513589
-6.920529531223206
-6.696233044259223
-6.806815468632883
-6.698068035593138
-6.731704329804741
-6.8337509173759585
-6.703248423397586
-6.757444915701709
-6.922099047860873
-6.544770777623961
-6.541034679292309
-6.893267141308728
-6.367120704213311
-6.766285002404832
-6.586866550953869
-6.7947497482630865
-6.9069552163823476
-6.612438056704329
-6.8204446796754254
-6.716278794708377
-6.458699938095086
-6.897769940207283
-6.81839242098092
-6.4250311805019855
-6.880344016682931
-6.8515597471372764
-6.855073490205088
-6.792465004449266
-6.706530476406982
-6.800072518422747
-6.328939853775382
-6.786108535582606
-6.703019931216095
-6.668086142714117
-6.76481717853885
-6.780743328425671
-6.63536316628712
-6.8991873174849205
-6.774189440165519
-6.838251187811389
-6.711557415829002
-6.804146474770689
-6.679587050411278
-6.538416935000737
-6.737945686501906
-6.483182691241765
-6.783730007946652
-6.81210661367448
-6.777415117205777
-6.630986048199438
-6.974691443217406
-6.801105024661341
-6.78027107347917
-6.7260046577824815
-6.723503920171814
-6.684138664386767
-6.825326483606357
-6.921021370305617
-6.339951897211714
-6.831135101947417
-6.762834387628249
-6.840809782215262
-6.726002727504376
-6.446762016179346
-6.862075604341953
-6.679613066468685
-6.316069115797022
-6.724754370687812
-6.573480604358365
-6.813646823857991
-6.967899341504019
-6.862172189515713
-6.766787824087458
-6.691264785962353
-6.860215446766239
-6.95827985572882
-6.941415718047141
-6.601061576411485
-6.62881210574621
-6.777976460322596
-6.693375528372769
-6.766694492471602
-6.517170557389143
-6.832849786795494
-6.5370502372693515
-6.823159532132703
-6.8799446354532465
-6.862449260740107
-6.916415274631189
-6.8046203555298055
-6.460742043067436
-6.943250763669571
-6.875132225787403
-6.8851105979653004
-6.693077102460859
-6.906976956911653
-6.777200820455931
-6.362018284501777
-6.535411293009599
-6.8150232326301285
-6.8501561201161385
-6.8154547545863
-6.894081322923369
-6.766182605427698
-6.821879094151559
-6.918539761622926
-6.649619729694187
-6.7751541675691955
-6.899740883789665
-6.708923614771321
-6.935087313117463
-6.704500368698915
-6.6919843556745535
-6.364551734195566
-6.818884768493444
-6.488585752806684
-6.8375863154528504
-6.9090229660829765
-6.680153464018787
-6.572257973928003
-6.646397038454037
-7.010545358438278
-6.642141440235808
-6.898411702848391
-6.924135480666365
-6.931059674018354
-6.902975137932263
-6.786387119694074
-6.253859427098867
-6.788879939659516
-6.9171685921716195
-6.838440798507837
-6.911568991141071
-6.899330920410261
-6.922251098292008
-6.716109400919841
-6.978734663794708
-7.064922477973375
-6.687904324075724
-7.012030064298454
-6.37500890925237
-6.764933931797592
-6.66202753450769
-6.889706356362486
-6.8821515949031555
-6.835402949420182
-6.890917855432626
-6.603923301967125
-6.889617354530429
-6.534184382603972
-6.7096309475408535
-6.705593056500996
-7.053137222932779
-6.9039217340846655
-6.625528902821363
-6.8595610079996705
-6.670623967411688
-6.894581300793965
-6.931146453045461
-6.983549321085085
-6.927529581135994
-7.01754632880769
-6.900592862726405
-6.514455999054253
-6.927433927620091
-6.701110687738034
-6.9532881622262
-6.374393683489157
-6.881314371292087
-6.611983125312074
-6.440096532251275
-6.878510965795076
-6.766776442138826
-6.981061484770848
-7.033892579522501
-6.878565567627696
-7.0196212028985405
-6.1214083363614185
-6.772990785734281
-6.972322076693093
-6.477140894855473
-6.237968254277767
-6.62909535664031
-6.594405828715818
-6.8402869413807865
-6.812261799382675
-6.914560978763624
-6.8957886836806725
-6.758837035282608
-6.964229056740762
-6.420373565956729
-6.715653511232759
-6.3690354765106845
-6.7553979949503145
-6.939376744416965
-6.954422893014737
-6.977147261948616
-6.760902389949876
-6.499404768068136
-6.755111515352441
-7.0065227074195136
-6.230957562458656
-6.979892468963661
-6.637418880112811
-6.621150845881087
-6.577742868152931
-7.083838848586385
-6.566622274866376
-6.952580851030351
-6.6822619689869
-6.711207216901482
-7.024836421413638
-6.764820392274942
-6.954704338339633
-6.988755353628694
-6.993189971548961
-6.8444393520532
-6.911575452613708
-6.623942958260734
-6.886026259651434
-6.6772373119730375
-6.832617398401381
-6.940116199766873
-6.9640641957911145
-6.965385729396075
-6.818697179943576
-6.913510959586005
-6.600740275249493
-6.959968476793648
-6.551521284896736
-6.677410181460758
-6.730601596551036
-6.955801010563626
-6.57958463155956
-6.897901370799713
-6.671667983929897
-6.874437631998095
-6.79733640915142
-6.700938343658987
-6.700244430202379
-6.864472063378497
-6.606053189417082
-7.014601600211314
-6.9894799760079955
-6.847257508987572
-6.925709433294358
-6.676665861133381
-6.917605629470159
-6.896999870093369
-6.870405392917963
-6.937618978412553
-6.918963420255254
-6.90589401545349
-6.93589961008225
-6.736948499964953
-6.947295420613789
-6.995974695175092
-6.673380239001976
-6.810888883213663
-7.036163053357398
-6.694971426228119
-6.629518888213058
-7.05318326575717
-6.972738529494307
-6.966613967622085
-6.965758991048411
-6.811348903761317
-6.746402966223766
-6.841938887907768
-6.722495089910821
-6.681197010862306
-6.759391917528761
-6.633027646017013
-6.857224781292096
-6.6126727834751895
-7.065213484772601
-6.991857317326413
-6.845724794377283
-6.8896671999922665
-6.933792178391816
-6.875408870955663
-6.836445026012315
-7.078616216880782
-6.912513028525668
-6.603521749942326
-6.624119108137336
-6.985309113393419
-6.996069763403845
-6.9467107761228055
-6.934917923140273
-6.98930597662576
-6.977967283834153
-6.971068235453294
-6.753044607843096
-6.938355560490169
-6.887886625101252
-6.976963216722542
-6.080528807335001
-6.9774008754960555
-6.6660285828820385
-6.83728929774599
-6.538136798110024
-6.80485899456679
-6.976301401922702
-6.88962661649495
-6.424076743828704
-6.8633230749327225
-6.991217607609109
-7.010206735396398
-6.59115427815458
-6.989579104100084
-6.601519346910741
-6.810137567328886
-6.828138646020611
-6.747451628733329
-6.950609363421041
-6.6959880051435325
-6.861347709952843
-6.999953833352568
-7.025178675242407
-6.82698044588622
-6.012468478234948
-6.472294863086339
-6.870387062655758
-6.906913519939884
-6.456538325012739
-6.623466172815246
-6.855207037743202
-7.035166405956502
-6.627619817528682
-6.910509911956381
-6.764362121358179
-6.996447524036788
-6.643340572826405
-6.995705813657669
-6.910169949156212
-6.973373572972659
-6.862103784771067
-6.878998150297474
-6.973508342574431
-6.740240504566252
-6.803344910135419
-6.749248296506436
-6.785860098364307
-6.606196042940225
-6.76273044384631
-6.745635984171932
-7.082055050599158
-6.627109276994594
-6.813763569071691
-6.937494365929594
-6.677782823380998
-7.00280084758463
-6.9629585878964635
-6.99085715054979
-6.925146271748753
-6.887073013871742
-6.998733432089118
-6.999359333178294
-6.927928098733318
-6.8439441757865245
-6.63757622668327
-6.664050814806993
-6.745739920108433
-7.053750799405998
-6.690314162824972
-6.684572821844686
-6.705528821437749
-6.726307807319022
-6.5859473287996515
-6.287996031759045
-6.632024951434605
-6.949458461949259
-6.9324284359890855
-6.883461495275326
-6.838070890416567
-7.0257182027485445
-6.338169521971209
-6.969226466799182
-6.625691890351411
-6.776442566326813
-6.726474420892058
-6.58741898237971
-6.711426973410681
-6.796644600725831
-6.724933138516192
-6.654113513672725
-7.004930046384404
-6.963144825469638
-6.835274824173978
-7.079772048360837
-6.747409475586714
-6.530972206196885
-6.814804671970883
-6.9482070980446355
-6.624501433072014
-6.677338855916867
-6.936637534884358
-6.651412843535667
-7.0229121819329725
-6.97983759600001
-6.928283943847382
-6.593638512929079
-6.874516437952749
-7.00209555815513
-6.571177943341573
-7.043475871334973
-6.959066558431147
-6.807968399452109
-7.068574711171521
-6.752479636589874
-7.005584121749475
-6.743514615060011
-6.7137606668814405
-7.084944833977023
-6.892682312898412
-6.924924700110847
-6.829552394968634
-6.965352946301628
-7.183572620203754
-6.992212413500202
-6.807435541533742
-6.83775781541711
-6.90785239872207
-6.843518601358743
-6.617189668650973
-6.629196776567645
-6.6422159477833125
-6.312341659715954
-6.879902624697472
-6.725243784553131
-6.9022122260606285
-7.035807240519678
-7.077603472309388
-6.763702010444925
-6.898865660964912
-6.999538701836791
-6.842195620030347
-6.979970531179299
-6.7516203966402735
-6.583608914065133
-7.063211431015731
-7.0277410637032425
-6.927816346984162
-6.763336241686559
-6.786741842065869
-7.000679657917572
-6.494838450331969
-7.06661109487008
-6.892221860325503
-7.058090695914598
-6.804330456439719
-7.0504351213332015
-6.702094107221651
-6.745568200721003
-6.913897833021085
-6.60690509412673
-6.693559173506364
-6.720668556945718
-6.5771345440399855
-6.754450276884504
-6.221478634476733
-6.842600543009261
-6.443655163746778
-7.073305647255562
-7.041925215952002
-7.1142255468866855
-6.515585417895443
-7.039773466911052
-6.533342502665566
-7.060645976132891
-6.7158740961260195
-7.051542248930329
-7.017432080583912
-7.084914064120179
-7.10693812050357
-6.730232076773119
-6.931572752297204
-6.957987178384103
-6.443544135215858
-6.34616608613938
-6.2131324404073744
-6.720636163219296
-7.063345338041519
-6.508608256682137
-6.843406168282771
-6.715653285442712
-6.884626405352738
-7.057275614758324
-6.636773717803971
-6.780100452004965
-6.590596371368699
-6.958133761139909
-6.932670341487621
-6.591565896853736
-6.71923222651316
-6.762986608372067
-6.809618558911689
-6.724376911529706
-6.634814447333885
-6.358215338456887
-7.065419241393141
-7.167640531017884
-6.735960027881029
-6.728744353912656
-6.9294780682070725
-6.773279460949796
-6.70112710157203
-7.095236588192641
-6.71696832665128
-7.129446238985766
-6.5635471917181265
-6.787009610291128
-6.450208488805576
-6.812444143850171
-7.027550395753835
-6.8942654578753695
-7.101623924974426
-6.828691136903959
-6.433663341521971
-6.796540873670352
-6.887113804197608
-7.090636936515452
-6.670455469036765
-6.76477822737904
-7.031514093146936
-6.754143491464504
-6.493998395994781
-6.727681084564267
-6.7414798603337465
-6.889168966820813
-6.737877386582719
-7.079621876911903
-6.662979254534405
-7.015436148274974
-6.890240295937421
-6.9110070888227035
-7.021292551885373
-6.892084119932098
-6.949506235036312
-6.8899399252825635
-6.956947439996963
-6.917802873045544
-6.729504177126251
-6.9495115736650845
-6.911478361029335
-6.959430407547481
-7.07848704926131
-7.025839797251322
-6.915664233434271
-7.112834109992318
-6.645687819550118
-6.925465634037252
-6.988476347152913
-6.897641638179596
-6.904223655811215
-6.94298811358853
-7.025871791373653
-6.9827247442075295
-6.554490557818923
-6.8868277707256
-6.287031729499812
-6.749146572943896
-6.577818728906184
-6.970812616916475
-7.0164166238125745
-6.713385832094676
-6.952463536199851
-7.0703852821407445
-6.9734307732352185
-6.974610515644059
-6.958227003824473
-6.870603464508048
-6.973170446518009
-6.616165041330247
-7.043923078555839
-6.689910268247576
-6.976874027241859
-6.960702256866695
-6.963687153272897
-6.962718495746947
-7.046364158798365
-7.001851883426004
-7.0261629604333
-7.016439244348586
-6.95640833809216
-6.637507072167454
-6.922825581170985
-6.889055379698369
-6.894037727026988
-7.019016688782627
-6.86450712542421
-6.935732264246326
-6.968198347673314
-7.027617109653924
-6.9225134861944255
-6.913264482318846
-6.826024057759821
-6.714782924424675
-6.95458179968755
-6.990140054561116
-7.027938688807099
-7.129614281361518
-6.896511184482157
-7.011402172324907
-6.87856980523483
-6.8645977792531205
-6.941252760227761
-6.97065197173349
-6.956094725130858
-6.868398763548594
-6.919105434298515
-6.900697116753562
-6.412723233101331
-7.028647654515881
-7.034154020428287
-6.918012614278112
-6.792652847290135
-6.439466897791668
-6.915693369573403
-6.5422612855830415
-6.861123794645713
-6.855238946345797
-7.0647483403866
-6.993367965764013
-6.377824450513922
-6.671312572908306
-6.704000475988696
-6.845603922293718
-6.759924125215537
-6.903817270185441
-7.068098062700303
-6.772845843614512
-6.914884148923791
-6.958466082296609
-6.987436408769198
-6.965935526614221
-6.849264887374392
-6.882707679983176
-6.630740215793068
-6.739014132335424
-6.758814741148143
-6.832094452044707
-6.932006478413294
-6.745469428981081
-6.922961540624252
-6.472329314184956
-6.9171745369052635
-6.953425284118191
-6.982696239720162
-7.082588710793783
-6.616589134424682
-7.10149031854713
-6.811694085371716
-6.925638897057671
-7.109205719473889
-6.825613125352273
-6.992040694578046
-6.709042499185722
-6.9896479310957815
-7.004962296458224
-6.702946898070102
-6.8878769021640585
-6.8178066354806335
-6.7664041826115495
-6.751031422486512
-7.119126443730138
-7.058080902549709
-6.756164625274453
-7.07195828146522
-6.912960001347918
-7.145486907251751
-6.484796644654319
-7.205839840223381
-6.747947411227418
-6.733584552383885
-6.60964263141685
-7.016866763608824
-7.0759972670890905
-6.106917509189963
-6.997996080381931
-6.951870663370411
-6.572737070857791
-6.995695343973761
-6.7768363456918586
-6.6808486845559605
-6.565290928363047
-6.254982592077043
-7.114168956112514
-6.902801006503108
-6.756905782277378
-6.851377659053184
-7.005288163623229
-6.520209307711318
-7.140352968284763
-6.906523524927163
-6.948207701153272
-7.253859824399946
-6.845706028401686
-6.845231062357681
-7.209427031217053
-6.8060877475310395
-6.579894529955971
-6.175094436151474
-7.146774513539693
-6.74822630921156
-6.745758156474391
-6.4944843877316005
-7.0702384461495775
-7.192817077840748
-6.869207776372028
-7.085617908039734
-7.145500095980906
-6.946384949939916
-6.949969733987022
-6.880669433804226
-6.956003927746226
-6.433835597670336
-7.038860022474305
-7.067337047563062
-6.909742164677283
-6.95144542931136
-7.04875149122278
-7.132421023959374
-6.703176477330233
-7.020040303741235
-7.011797823660382
-6.806954287390657
-6.413777400018296
-7.041047142121393
-6.987164076916452
-6.402570268885476
-7.085771589109665
-6.846346761682182
-7.242288145520518
-7.0535689591344
-7.040681987617312
-7.050305563667088
-6.739329841353267
-7.166162014186184
-7.0521430085311465
-6.783505748055589
-7.058567959885043
-6.765084017989768
-7.263073962016384
-6.987275848451734
-7.139266526025399
-6.730488068263951
-6.953438144677418
-6.990641550583304
-6.630565919827155
-7.069686749870975
-6.71019085890541
-6.91435780881467
-6.595008361509165
-6.92146222799959
-7.153802744170074
-6.946839030988561
-7.060401105353947
-6.857626631367478
-6.981466649436488
-6.693694323630449
-6.973885819162494
-6.8982886256117375
-6.985981035893649
-6.921608350286532
-6.777128218112067
-6.646975106055533
-6.949011357541237
-6.989669293644178
-6.988719423266431
-6.874202249156986
-6.906954843794323
-6.643055185694061
-6.881496949588339
-7.035344149382145
-6.926442623244262
-6.971009045738332
-6.588628725016609
-7.066063320254725
-6.896584883362845
-6.972032650518407
-6.960012102209361
-7.044100764037157
-6.662268311001478
-7.108686323620074
-6.874958306034525
-7.021343452452034
-7.087722177709885
-6.96272238302562
-7.010156188548645
-6.790243332159197
-6.906001551592812
-6.976217215837116
-6.950349850473417
-6.998871631514319
-6.984303099420088
-6.98484570551116
-7.026934970891279
-6.876403398547421
-6.977065407497254
-6.904011168132929
-6.938346611938582
-6.874992526685375
-6.971255930360117
-6.8790467010395435
-6.975429568459216
-6.910656619132091
-7.050957561145009
-6.87116643050596
-6.9240962386132665
-6.98174748194328
-6.931306212717472
-7.071667723212108
-6.931465858010546
-7.079171154041827
-6.642629412569725
-6.994404678827654
-6.885091570633357
-6.883740480503945
-6.910089567120562
-6.970068144518251
-7.051866095684791
-7.014825557604398
-6.987753541966175
-7.053271515742066
-7.026241909099316
-6.937886224797381
-6.915893222693144
-7.045705640420869
-7.021924334008637
-7.040501700867857
-6.652811975846756
-6.52206396653262
-6.898258118796654
-6.938967066360603
-6.999576776846486
-7.010058697948385
-6.64941117766921
-6.855103459373179
-6.962624984112122
-7.102322626196521
-6.898025754493638
-6.849239233859819
-7.069511720821996
-6.833340333338035
-6.984885721037696
-7.085611184806485
-6.947593545801962
-6.975658723809151
-6.3807435594731405
-7.124823492355631
-7.052317567151526
-6.998349650826168
-6.963250349590357
-6.992782164692085
-6.9900814653945424
-6.922482251743083
-7.121455440804998
-7.106025771137823
-6.778454892279237
-6.184376053132848
-7.081227132340823
-7.029370970813613
-7.0735048077649125
-6.4169950216725
-7.054659140443071
-6.855267766910048
-7.125628363882303
-6.807956857487574
-7.133062417417306
-7.099001964468162
-7.098912522818942
-7.208349183443302
-6.828481692537706
-7.202040746723698
-6.724427909013994
-6.55736732554659
-6.1783910639129935
-6.01023779121126
-7.089533480662512
-5.91004684382804
-6.553979234408349
-7.1371307693310335
-6.693494560040239
-6.544638930072741
-6.417408536212266
-6.930681096607912
-6.933530935255248
-6.22000071835512
-7.00660545350537
-7.1423640320126
-6.7792002802993485
-7.10298656747494
-5.985011549673141
-7.1120132956324795
-7.092330402832648
-6.758205837393202
-6.619023157077911
-6.851306050511034
-6.450900550576009
-6.550680099417686
-6.465649751829848
-7.217817860135606
-6.531461924083683
-6.901873465149683
-6.5159989531302855
-6.582970606339249
-6.809580968346549
-7.1020326305045245
-5.847427030320772
-6.279634995084782
-6.936353556563972
-6.690722274872943
-6.617991939394837
-6.772190027810601
-6.837332046022045
-6.866714848249249
-6.842353908881254
-6.34120276138867
-6.660251076441665
-6.85589076562559
-6.008475134716647
-6.734011070882101
-7.011316999452053
-7.23406812606287
-6.244498394367977
-6.893009641100509
-6.802051142977373
-6.753330741071089
-6.771103003175596
-7.2106545304163765
-6.898904032579804
-7.225256983590281
-6.834759129417051
-7.090572440454594
-7.208705679176892
-7.015723542716177
-7.098022989107168
-6.567564118699275
-7.124515481201354
-6.841174953435228
-6.694491057370683
-6.980381569649921
-6.655690047517789
-7.154880125848834
-7.150102581907807
-6.689172194542569
-6.9036710164635515
-7.023348427248881
-7.07057827023869
-7.03353926226777
-6.920119741928058
-7.17152031696447
-7.041000718340017
-7.06441738061625
-6.758670792454748
-6.7839358607632505
-6.751237564803976
-6.807280785206929
-6.539386665543735
-6.855424861098067
-6.626516894378167
-7.037890569910864
-6.64148523183262
-7.103533719813588
-6.842534750785382
-7.03784027033555
-6.480394730283883
-6.6686780194261175
-7.0920611273051595
-6.767503563221968
-6.778745910939697
-6.078469697517562
-6.699822913029168
-6.917175404039078
-6.6716106876206895
-6.708812123468296
-7.068893523033793
-7.086393777427337
-6.888403781255585
-7.072032807956775
-7.044296638807224
-7.06523839926995
-7.04500502904116
-6.872116094565995
-7.02402219486989
-7.115640072926587
-6.36445020973391
-7.125128835971946
-7.084053556357545
-6.809936068930532
-6.711265199437619
-6.897417251302449
-6.904269776307757
-6.627251421512937
-7.2525200225744415
-6.755669609343585
-6.663286334514243
-7.004502216976704
-6.757896061888676
-6.899734543628438
-7.125605663083341
-7.023857537526983
-6.876445351911757
-6.986448137433219
-6.87587903077154
-6.979325939063269
-6.923997608022276
-6.9552114020448546
-6.961998487561499
-6.487758414037803
-6.995641642908966
-7.041503240917916
-6.856332379677056
-6.903510965343148
-6.873564225346164
-6.9530394840179275
-6.904831536806814
-6.806190476242853
-6.918712820112799
-6.7559075019559955
-6.896035922580815
-7.000663029528003
-6.936746705191505
-6.909238498920658
-6.4969021579434045
-6.813941417157756
-6.852771443003533
-6.911643571148446
-6.8282468495817525
-6.876541724029635
-6.844999729408015
-6.972590095005275
-6.887294939881269
-6.816224023176969
-6.840693585903448
-6.902297246919128
-6.798235173540599
-6.8833944475317965
-6.920028127819069
-6.849313543675598
-6.783132085010647
-6.799344489761421
-6.931316798164859
-6.877223542905599
-6.992632507058007
-6.786474462044821
-6.666167892079989
-6.998552108061316
-6.918546155251247
-7.016858048709484
-6.845602695979527
-6.7755621728390425
-6.698297517063523
-6.931555671415286
-6.830144957000877
-6.9092196752565815
-6.983190153327023
-6.962849921887785
-6.999844557587649
-6.904862813550493
-6.925008907396242
-6.984637208149508
-6.900086098554289
-6.873451400698087
-6.672068068223476
-6.8961519136044265
-7.019841760470799
-6.63020736903941
-6.900799060396027
-7.014516274842584
-6.844369156526906
-6.858480533194957
-7.051074263841823
-6.504276468982614
-7.0270103857302715
-6.8813885049741135
-6.927056367456466
-7.0485323904290205
-6.9997667560893
-6.955762995600203
-6.628481323736762
-6.832425031893315
-6.858449493164653
-6.807124302891302
-7.077474732688218
-6.963439285179179
-7.084025402015804
-6.955080332511208
-6.957388445796063
-7.043333931731929
-7.013529667933803
-6.9193023170702155
-6.882358695312831
-7.046332291011542
-6.979185218030903
-7.048309690485128
-6.982023389960138
-7.220373197079749
-6.865459032989475
-6.538337090658512
-6.825224999121682
-6.992293614295021
-7.068383547166544
-7.038407260050096
-6.495735696852958
-7.1630347721075385
-6.763606185731179
-7.012424576581303
-7.08619577817646
-7.159446254273753
-6.9732120845242465
-6.726225248226036
-7.151916258863192
-7.130599721950549
-6.834533000817341
-6.7611863579341875
-7.212119928015574
-6.906982200540771
-7.121841620451956
-6.84485047887576
-6.56869644145708
-7.023994143361796
-7.07412100838376
-6.912370609979805
-6.457761074083409
-6.801820144393912
-6.597929378938085
-7.167883552157733
-7.198658329088596
-6.460310135348637
-6.355199726505643
-7.15476975196761
-6.779798592536064
-6.844847164876379
-7.141878259551717
-7.049272727128898
-6.268618972049899
-6.465966554328218
-7.021123434435376
-6.869153306922989
-6.7780712970839305
-6.851488520422265
-7.270637358395135
-7.218157651356204
-6.420641886347387
-7.097229430157253
-6.542336117653398
-6.303555838008558
-6.987350934628909
-6.622560111927257
-6.707119040221059
-7.235886349697123
-6.799835720446968
-6.887032919261099
-7.173134512478703
-6.839009109394917
-6.901161893769762
-6.87095511699686
-7.087167324540161
-6.853034310247411
-7.004087255189667
-7.10431481051161
-6.77695036572278
-7.016112747099206
-6.869793839567342
-6.410657583849226
-6.183524511192528
-6.866017620595624
-6.976686721867536
-7.256215582479513
-6.773567374833945
-7.143593782174722
-6.981028770492253
-7.147060960490066
-7.199722913532307
-6.801540253975881
-6.7812202326379385
-6.8489136429115085
-6.992756854601883
-6.931716367886911
-7.10425287085412
-7.021836406539425
-7.2263245079103475
-7.177184261400743
-6.947657461498657
-6.916061976580437
-6.894788570260932
-6.614032201799723
-6.82704236826859
-7.181255349139239
-6.878603088192776
-6.977711436795136
-7.1791831724811
-5.981449000523367
-6.5749515869562165
-6.654164118009554
-6.3009376329636435
-6.376643501668976
-5.793344646606969
-6.031797356307527
-5.771319292707484
-4.960658926149812
-5.26608054439064
-6.863314080947202
-4.542091041466256
-5.3097707050231575
-5.205410671717442
-6.124509901454815
-5.766227134855137
-4.656754804571648
-4.83773140853882
-6.002869755507096
-5.49465899956945
-4.628643725722951
-5.533922561615738
-4.641061472432447
-5.479534181709819
-5.7213194119616855
-5.2124313760910415
-5.300864333907889
-5.349915851243793
-4.695640452994879
-4.916980379409094
-5.5576208476285
-4.562279143711782
-4.923302968888452
-5.500765153306008
-5.180955127126146
-5.224027958788465
-5.299561052753877
-6.866706196550647
-4.663796291141208
-4.970664546301606
-5.643533124460634
-6.262115240588916
-5.52723005080022
-5.236765306834429
-5.318197542829183
-5.171587272811783
-4.551694425680189
-5.1499848431782524
-5.549514635509825
-4.929808254624163
-6.1106179170277946
-5.352922866328324
-5.2381877493271425
-4.916150502165987
-4.6340534328442144
-5.261497861345894
-5.571757854513232
-5.362484067935329
-5.94468261976356
-4.271704873375355
-6.363773643793749
-6.432523469903206
-5.2229611678023975
-4.953460942996557
-4.926508770850117
-5.344802534532681
-5.452419461768677
-5.445277696357282
-6.555990239482341
-6.387357164987824
-5.905588796465602
-6.428347428228067
-5.602113417665978
-5.90333647375623
-6.152869882032125
-5.521010847502388
-7.344707067655971
-6.325122188750953
-5.413383765523847
-6.032665901893239
-6.254771207711937
-6.2736863638063625
-5.745571581094243
-6.7529612018518534
-6.607654747570296
-6.31830908992167
-7.063564959039424
-6.7579935085667815
-5.99467120911017
-6.347346597577661
-7.125791617691705
-6.654200385859288
-6.915862108737906
-6.3459334330221715
-6.610044006310386
-6.756293793128542
-6.633587812833504
-6.6815176995159025
-6.277204521822686
-6.571168265369457
-5.877332377779211
-5.9532747859379
-6.570153673989356
-6.400880495937767
-6.781330428601127
-6.626980809589973
-7.008781446574682
-6.652131906238893
-6.9815298340445615
-6.7243249407009635
-6.911053068026759
-6.119164749751884
-6.342423139668212
-6.385299236187467
-6.9780058822543864
-6.387221293220136
-6.386633567045187
-6.908965586849954
-5.786204420943321
-6.582006471231137
-6.968653305150643
-6.743613248804097
-5.992734669260666
-6.144401135922118
-6.578516962867039
-7.2247691952685065
-6.719919753705703
-6.4894180140888285
-6.533283425534392
-6.799594979831944
-6.9689078497482235
-6.681683647022435
-6.622323645659307
-6.457670792271424
-6.949684700035722
-6.953068643466186
-6.288045065135785
-6.590880695545724
-6.577506023708572
-7.248713363624548
-7.245926799398989
-6.805463699611465
-7.040503380287149
-7.329017089120116
-6.904435352187981
-7.12065521135267
-6.487119233378664
-6.763243935683969
-6.981163725242222
-7.016213590707122
-6.885416722534287
-6.9686421079318706
-6.8576865960826074
-6.73442161802784
-6.772366411773014
-6.788984531710246
-6.755585745652308
-6.791825207555835
-6.638274569336513
-6.713740552079421
-6.721356682382108
-6.68634010853528
-6.446246921791825
-6.673397693441817
-6.588560853205715
-6.524648922332803
-6.511377681813771
-6.541948940577974
-6.605739253686072
-6.428673987331003
-6.511685574549588
-6.519113681467056
-6.5826554706488185
-6.600373021575352
-6.693617916668234
-6.6174169237769895
-6.4722170730711115
-6.502937643028199
-6.575274737182157
-6.669155820103284
-6.574383565054664
-6.603366071301801
-6.680098296707179
-6.614091307439384
-6.447269721549796
-6.598479827676815
-6.6009948333499855
-6.665505717531779
-6.641136990031375
-6.759509722658914
-6.681067945934379
-6.567240509406712
-6.854551329379291
-6.666714497480536
-6.6592576205416725
-6.62153210354991
-6.593969561908409
-6.646869299934981
-6.8090605478825825
-6.699522371613959
-6.621659736287919
-6.734935157088962
-6.673105204734549
-6.712154487051134
-6.67733804152189
-6.682787589904082
-6.729066320219676
-6.6986267718835055
-6.709534909802208
-6.898699628514525
-6.70472618758014
-6.735115381877947
-6.716589214840102
-6.700063502553835
-6.814767850002707
-6.823189768766142
-6.99919199341857
-6.745419673699136
-6.863674331654508
-6.706038457507219
-6.769378465051111
-6.733995415382876
-6.885699629055266
-6.773792721535924
-6.777977944790894
-6.8634344982930235
-6.840615253897879
-6.836927437357132
-6.675506265205105
-6.976090092285119
-6.86256548038996
-6.916734444516516
-6.8192752887285515
-6.847144356410664
-6.930836973548304
-6.8617199329791605
-6.757104795513389
-6.792078463807309
-6.8771424056677795
-6.845670806136891
-6.922932933543675
-7.022747238906354
-6.948599858754021
-6.9133822938970475
-6.8466314731323195
-6.92349274229253
-6.947838809737923
-6.833419485561198
-6.83283455597773
-6.884434253099004
-6.8821545682548875
-6.966561528959101
-7.011312782060805
-7.0311709350422475
-6.872025788783329
-6.9612864279982265
-7.027246782675505
-7.070662537157026
-6.934240268596689
-7.108011235191279
-7.017236646349287
-6.901100820892141
-6.918180903488383
-6.819986638714692
-6.949052062178845
-6.877537550781843
-6.930435924132766
-6.9813810390570445
-6.684301566020235
-6.900715616135838
-7.013755827806995
-7.070465894410669
-6.97694541827064
-7.0164465210061
-6.930098400470998
-6.8420023539070804
-6.906343554622282
-6.939360187411556
-7.001701459005251
-7.039624139619889
-6.9206885385721115
-6.962976738039323
-6.973271948748681
-7.140946951986591
-7.007409170961193
-7.02223728578479
-6.958632776306927
-6.988293178664856
-6.987181638053375
-6.993290636169748
-7.101696757496673
-7.082646610462604
-6.962478008650155
-7.135630876496137
-7.046396409139776
-6.956002981410876
-7.033066534474614
-6.900508926187044
-7.031288563311155
-7.009662715496237
-6.961026943170461
-6.888356372522608
-7.150796855410803
-7.047091223857881
-7.06057866081078
-7.094041704209554
-6.914748437465829
-6.973693501199664
-6.955854413242327
-7.03241945457173
-7.040283831261232
-7.05174458666279
-7.098648763998677
-6.927031078260827
-7.0023250041170675
-7.0607620170990515
-7.043099802576181
-7.100830008725665
-6.954011891488872
-7.041399227707067
-6.873150369292514
-7.193801382676011
-7.054125546815469
-7.001421556906125
-6.952215453977269
-6.94950902117429
-7.148556200096131
-6.804205235279426
-7.052174352300837
-7.05852411102344
-6.668887322048386
-7.143921082712374
-6.823854391101328
-7.077206704858679
-7.025876323228601
-6.856401414156226
-7.075860116518448
-6.8125729754300055
-7.175037539212453
-7.012525885246987
-7.193301168646109
-6.970753836624822
-7.185424431779587
-7.090322614240353
-6.521670408262081
-6.940660628560275
-6.80018995127456
-7.027774523609681
-6.783488980372538
-7.227642886931633
-7.021617252539966
-6.885990955055324
-6.985406222931338
-6.713022397204869
-7.0354924352415225
-6.980466044807219
-7.117741228019476
-7.055222869675581
-6.910956511408822
-7.134421283026761
-7.077721671011955
-7.055635458947541
-7.103207116060495
-7.043403106272852
-7.085573232322638
-6.955694351152745
-7.082715756432205
-6.78290076899875
-7.018740923145382
-7.085939294328118
-6.917622177481274
-7.037138184976925
-6.9539067369942575
-6.953213578757846
-7.0008539054272605
-7.022183448310184
-6.961548777492462
-7.095212468318201
-7.096803592512948
-6.953807185585726
-7.10842247232623
-6.993673560522623
-7.0791110167197235
-7.021946400689242
-7.036719500779931
-7.055012747394596
-6.985417947632995
-6.906891702546743
-7.063424840164045
-6.965299724383796
-6.853082743593207
-6.976669334055252
-6.988896247321957
-6.848793710249867
-6.986633913363379
-7.012232593560059
-7.074819532524204
-6.890146912317109
-7.013208925543478
-7.124113373304024
-6.935538158154824
-7.0824613626532695
-6.908123809078962
-7.032315268636825
-7.147867934115026
-6.9477164414845465
-7.041340693901327
-6.876203557915878
-6.9873812912229045
-6.84898741948482
-7.049646323382884
-7.096239271226223
-6.993709413071383
-7.103464460646716
-7.110806685960121
-7.198294181051093
-6.903842008064244
-7.029135620625912
-7.034808177453407
-7.108259128962754
-7.147729872611641
-7.137049844950592
-7.0128195235853275
-6.9586940961051456
-6.684591588014449
-7.039100268133824
-7.0513238136207
-6.936803550021975
-7.014467755403081
-7.045983665481824
-7.095796985658966
-7.069089625095606
-7.068026251866165
-7.036822740451199
-7.136479711838773
-7.019194646476897
-7.000307164295738
-7.093943342414409
-7.0208761407600635
-7.134556493521837
-7.065081485804232
-6.944832415696618
-6.897625655611432
-7.006033871862248
-7.012487670208396
-7.0533534914547324
-7.152519257715331
-7.10559280231161
-7.148442955541491
-7.242202199256323
-7.246271974506296
-7.0688756496946965
-7.136017778186221
-7.019334074239149
-7.114082638742622
-7.03750066965504
-7.102782046267598
-6.9647014768462485
-7.079814425756822
-7.1343223464138665
-6.927875029766212
-7.032181947373767
-7.168902933199404
-7.0486916838545985
-7.011277528002463
-6.878235601749934
-7.002231060268921
-7.009343417622502
-7.157686546385975
-7.097108933620532
-7.040234942634889
-7.013380344474036
-6.930150951077305
-6.979023376120949
-6.9614057125604125
-6.971845571987657
-7.101877695834138
-7.080936483782487
-7.056665327218086
-6.912630957630957
-6.912360245736832
-6.937024163772026
-6.956717792918656
-7.022727336854705
-6.906856954160901
-6.972552212639217
-6.974359697517184
-7.049311113169563
-6.946054166218352
-6.880122059246891
-7.003874171912996
-7.0529867218854365
-6.917868303236052
