1838.3507242346532
1531.6199558181092
1278.062981562286
1069.3596071640522
897.744564191912
756.3493000344221
639.6153812633697
543.5029300314762
464.2733556436997
398.65762898499224
344.1379678540485
298.762234767629
260.7681745667262
228.88192238086327
201.99802862523487
179.26029207249385
159.84420043452104
143.28224296054515
129.07178748869356
116.81400291509374
106.19622356547359
96.95042625046858
88.9112701840142
81.8414179805506
75.6060730030442
70.09519578763982
65.22781333097498
60.889346239726926
57.01911597224919
53.52492643177525
50.41901689111513
47.579096226337086
45.02433376514219
42.70592538781914
40.615302767068926
38.64702375612612
36.89023629179635
35.30449658164238
33.816152773194894
32.42123556670077
31.149434029658607
29.97036044831033
28.873355324225226
27.85668143636848
26.878204491847477
25.97695236076392
25.128092924942596
24.33269517633787
23.589606798431067
22.894713591757885
22.20114604914042
21.61069193486999
21.016769963796552
20.418065556653946
19.883143410429554
19.401314118106466
18.894058216792683
18.42441767611074
17.932900324063304
17.54982696876338
17.110050032705708
16.690744033813957
16.30620217850196
15.92753986200259
15.556593076345184
15.20905244335861
14.830841281591333
14.501133298598246
14.242255966199702
13.929095293832455
13.593499255376935
13.314904259372273
13.04104140414841
12.764581532915104
12.477762146947105
12.239674914934348
11.908025111656645
11.750454254827606
11.443212619313064
11.170553092234043
10.937939721229563
10.720267844742635
10.51008472915175
10.304330394820843
10.039386168669921
9.890540162342942
9.679908124524012
9.428946877696129
9.261980186287861
9.06885835291986
8.88797152229252
8.684560476491137
8.533117366579688
8.334198340308502
8.099776109125
7.9577942494217995
7.711701290666372
7.624417508744384
7.471709309292854
7.297737626423334
7.119948972465818
6.980403936626141
6.738749491735871
6.677536235618064
6.496630634693419
6.331992239114742
6.213449843435605
6.0612753701033615
5.885308053297403
5.8395207935691325
5.637336030704091
5.498188947243857
5.373549302018799
5.3152961781932975
5.110851505567299
4.96688467053214
4.87241301972065
4.710491618798076
4.63978203265321
4.501947002056372
4.401600637831504
4.280329633254583
4.208819720721819
4.035213130575978
3.891235430998158
3.842685714064446
3.746773550577561
3.5293899490429883
3.4457173585107768
3.3873204152776313
3.3224382989829504
3.183304456414584
3.0734006382321004
3.0230069801151354
2.9097503411249104
2.851326827866123
2.6980479605273255
2.6614824285555674
2.554510068093648
2.4376712875559527
2.3964451710264134
2.3050544449709824
2.2402245022878113
2.106867624365821
2.0511761288847477
1.9490381279954514
1.8642219947721808
1.791481396388293
1.71667751914427
1.5734209436704796
1.4853996982734483
1.5039517453827256
1.4043339152031848
1.315564436052673
1.2188116013853063
1.1573259706260086
1.0894481154728408
1.005220750268945
0.9748480090869119
0.8300622378633662
0.7570538795475631
0.669779546815432
0.698225362239461
0.579953751381327
0.5555010458346817
0.4060820798316962
0.3801723081143843
0.2948907483544256
0.27366015337947563
0.22261777487767828
0.17520959926197693
0.14892173947330473
-0.019012745243135055
-0.014247334912693966
-0.1255908669691614
-0.132486717235985
-0.17914069202649624
-0.22625278423858167
-0.3256531433392358
-0.3372060140371564
-0.4052524200236867
-0.5422743871913748
-0.5204134546992499
-0.6327611445382408
-0.6502689248687696
-0.7095330481624154
-0.7394829159730922
-0.7502759641547408
-0.8589581199623759
-0.927293031975347
-0.9856576746578427
-0.9702317043679539
-1.0093365860036159
-1.0683358946035784
-1.1538112800957212
-1.13600437040967
-1.2234189863864338
-1.3227210051651235
-1.3286925763566158
-1.4259729861583286
-1.3892329631906284
-1.4259750429835354
-1.4895150952459388
-1.5164190827236539
-1.621691638664197
-1.698233445100649
-1.6404669803399856
-1.703897892459623
-1.663311642868665
-1.7763086578927358
-1.8292293743286203
-1.932681353071329
-1.8963030101334948
-1.9476913997095366
-1.9040977077842698
-2.0284060624975573
-2.1215351134905105
-2.1554883691495625
-2.127292871108677
-2.176158897897121
-2.168926458426115
-2.228819212200496
-2.200470377196735
-2.3183429614980837
-2.3581568981780445
-2.3491633123843796
-2.4582415330935956
-2.4491149445460474
-2.5145859434019067
-2.5369046495379592
-2.528228921942915
-2.5747001382629517
-2.5844448059537877
-2.611697049583201
-2.668067760321527
-2.7386993289953354
-2.713725350739856
-2.839329015092643
-2.7884838798564466
-2.8178854743892394
-2.9021976838400683
-2.8931614703405506
-2.880300749798721
-2.9421767262158824
-2.9866333988819367
-3.042317468031668
-3.039325125505552
-3.0556010400029785
-3.0117923587034667
-3.08945991075566
-3.2109141176790157
-3.1330336396919103
-3.1614067017505496
-3.1944905397542698
-3.338293786976797
-3.274769853414612
-3.293418107626318
-3.3688930062694875
-3.337014830411991
-3.4497251410186873
-3.4718968757566273
-3.4430368812273886
-3.506803706526599
-3.467881895035842
-3.456092738485289
-3.5328138515014538
-3.5686619310877163
-3.554082800760742
-3.626466460830883
-3.7371951718194
-3.6834813183377317
-3.7173164919048176
-3.615256189401663
-3.762458801728633
-3.791258309801879
-3.7102607691994787
-3.757427893655605
-3.8022993278979613
-3.909688259503044
-3.9013082066914095
-3.972519352667857
-3.8912386945661552
-4.000788764607507
-3.8879424714045365
-3.8995012490324066
-3.9791375437401566
-4.044555074323291
-3.955313284638544
-4.044251726854822
-4.111496691477444
-4.1354072039722105
-4.076983671816777
-4.116877192565108
-4.164932431548002
-4.137631263573341
-4.126440500467368
-4.216400520364821
-4.263916949145201
-4.271088910503258
-4.332829244431429
-4.229491024135878
-4.3646917152263525
-4.299963241283037
-4.3148035268455125
-4.459380347494246
-4.352695423128725
-4.409596497494406
-4.352850803794303
-4.397726361413629
-4.468588503329291
-4.394851897417656
-4.513925662244858
-4.425777631258213
-4.535856987090703
-4.555540505163724
-4.459796908465925
-4.60484971792466
-4.5662212319997035
-4.723518595565782
-4.586358549095865
-4.549418264056935
-4.671171874177289
-4.637973297678736
-4.667177294026191
-4.745192522006271
-4.62254430328834
-4.672168841335601
-4.749775156232308
-4.776559888202467
-4.7841441443522426
-4.804854602793698
-4.930777376597717
-4.812059442510523
-4.803501652676763
-4.800470143362495
-4.841553247958221
-4.848534112396309
-4.894820234535261
-4.964997898386193
-4.93354548884885
-4.9293541758495625
-4.882375052262977
-4.9844262740961165
-5.020730081991516
-4.9742011719716945
-5.05512179075343
-5.055031223947859
-5.105923541478671
-5.036997101565024
-5.059344852880695
-5.114217415562324
-5.111946982332169
-5.065532112466998
-5.050951429663758
-5.12058480596152
-5.138546661289633
-5.219783629104553
-5.138225279967756
-5.209635104958501
-5.227177823543645
-5.220552440681453
-5.251351542845737
-5.195972659791881
-5.198494976118287
-5.226904802348524
-5.3023596542894245
-5.2424550421377
-5.318291633073976
-5.370972033574028
-5.3375223445968025
-5.328187299555877
-5.367155041993649
-5.317378171830162
-5.358938065588368
-5.337966757465325
-5.455548351349385
-5.4424145384229945
-5.3551119280924
-5.446320151135331
-5.431088503107959
-5.459246214896847
-5.412119143576021
-5.488546230405445
-5.46384023473777
-5.480042509740237
-5.496806143229413
-5.509239651145958
-5.521497471819673
-5.601251500100943
-5.522980364200016
-5.5563097127552
-5.503538994513208
-5.489084819094903
-5.584071096825959
-5.5630067524344975
-5.6404682769682815
-5.577205736476927
-5.630863938823497
-5.687700118251235
-5.617554941522743
-5.626309414621795
-5.74374453758088
-5.668152101224556
-5.668983318930394
-5.6151073399544575
-5.692858966166206
-5.751036792122475
-5.74455255240006
-5.740266185702986
-5.698200445401179
-5.722858865055413
-5.764393016108422
-5.724181230411311
-5.8253143718081395
-5.76807463288917
-5.860227460469286
-5.8028703262512265
-5.7568946703859805
-5.790473053720264
-5.802829188501054
-5.876943580760351
-5.843923527524314
-5.896212937208687
-5.908897534396921
-5.859811233804192
-5.813217152149006
-5.880423640153424
-5.859589095356718
-6.010692119211172
-5.954228869015971
-5.91500239542604
-5.9429814226705995
-6.059386725900236
-6.005345064152078
-6.03573766902344
-5.885917191579415
-5.985294006802358
-5.987783024296563
-5.933346648073658
-5.99667218073011
-6.017699072991805
-5.931223135268478
-5.974180406409949
-6.0414398245283
-6.130340852346267
-6.0550901278564915
-6.095147752187801
-6.1033068350540916
-6.008604662715644
-6.074839628323149
-6.130179541099076
-6.059820383819892
-6.095372731021957
-6.078693468592459
-6.039371290095997
-6.065512968217564
-6.061552856809673
-6.212015104025124
-6.085106123146921
-6.115394868399764
-6.146395739428276
-6.213953406763237
-6.155424345250561
-6.060809266979149
-6.160415629788309
-6.204814428166408
-6.2610499339300505
-6.187342446844202
-6.229582758208669
-6.28462193525166
-6.340092187373505
-6.2713019146495474
-6.225387602462178
-6.327163609503405
-6.247689737625784
-6.320001228619897
-6.2311903102754505
-6.307456954353778
-6.250900552948176
-6.347742241030386
-6.326641810873624
-6.319193325893554
-6.319989181843411
-6.352607763155674
-6.252740242149993
-6.352516291209802
-6.347573394053697
-6.247908705088115
-6.317122200484757
-6.413634324557674
-6.33257917444855
-6.339357375576834
-6.37131453473853
-6.388708146995171
-6.4550807231299565
-6.4487839520390144
-6.403805005289488
-6.434546236340747
-6.446155424165908
-6.4047387048376905
-6.440374390667258
-6.481727867858016
-6.454597903776708
-6.4958456646771765
-6.4629032648398015
-6.4482691685317395
-6.525972280083678
-6.404609755912957
-6.535706567208786
-6.579633970334626
-6.577160059236404
-6.46674859219873
-6.488033074323322
-6.428745577767765
-6.58231269559206
-6.517333317966186
-6.553470576762369
-6.53191688685365
-6.574887171697558
-6.556626408018345
-6.524343780522468
-6.547345304030206
-6.620751638042897
-6.598191436535695
-6.51022666831606
-6.688172990731539
-6.567424959168152
-6.552045826864327
-6.606229258771936
-6.68924040556611
-6.635308673025228
-6.652607068994715
-6.635617824772641
-6.586339261429888
-6.597185881532505
-6.690086977627235
-6.707620507306371
-6.587479056793054
-6.738909677225087
-6.680990306989994
-6.682994141251921
-6.706972550991889
-6.625263598462595
-6.685044110140679
-6.762627105944808
-6.687738617025776
-6.663076670749729
-6.658624045065313
-6.694629629435508
-6.6825896601250605
-6.7101037947172975
-6.609954378510849
-6.776542032408023
-6.802187927804413
-6.759940797872996
-6.688946397472844
-6.728011833296631
-6.725771737157436
-6.750027159029411
-6.797029034228607
-6.700952549088907
-6.715503904188317
-6.754325639503337
-6.782396038102634
-6.800357852073564
-6.818274503558172
-6.836196921655139
-6.786990988320558
-6.804016104788913
-6.8212324336637655
-6.802727038069389
-6.877933222235831
-6.783719052554045
-6.816880291975965
-6.785783363645037
-6.791615042604531
-6.848545016889116
-6.828039465553258
-6.898392413516882
-6.9794135918718645
-6.883353331879298
-6.96243911807771
-6.885364627235305
-6.8371646608931345
-6.792123878632116
-6.836775737755203
-6.916954090332067
-6.8593965689585445
-6.8875253641278364
-6.879385788204869
-6.965209309483251
-6.909767446403179
-6.9262318063344
-6.915220696931086
-6.980697387709054
-6.899193520403073
-6.940436893313223
-6.874618255346977
-6.9355553645394465
-6.911666109079154
-6.941750422017178
-6.859474246277468
-7.009469679159287
-6.900683931574358
-6.9698322952914955
-7.024269833460632
-6.975839601953227
-6.877601333932056
-6.96025115305925
-6.963909707889172
-6.967495768757333
-6.987970744375431
-6.968056688049264
-7.012727181042006
-6.976357277929875
-6.948900143940479
-7.001909227802308
-7.0400237406397075
-7.046556655279017
-7.079048678675432
-6.989109494798169
-7.003485696518412
-6.976584878762989
-7.059429577173853
-7.100945278306533
-6.973908900301447
-7.071253815376818
-7.066753207581141
-7.096413752159508
-7.0777732049449895
-7.193539194216176
-7.009473092754201
-7.178789119130243
-7.087514076772919
-7.0902199022647885
-6.939409991222551
-7.003356854508661
-7.067054533327739
-6.956569484817291
-7.072216544742592
-7.158557093576367
-7.18697434035595
-7.134580727362503
-7.119366867950955
-7.2330881739871105
-7.093452753485291
-7.101305975629313
-7.163115875231284
-7.098881140943774
-7.090244211074133
-7.084836987820452
-7.11118527564361
-7.176827098278236
-7.163953346274387
-7.1224392695921885
-7.131134736450399
-7.1538333607100855
-7.128263247610505
-7.144718078320729
-7.176841034994121
-7.130452498283408
-7.171413195123333
-7.225759014668625
-7.225356537635348
-7.172931191649022
-7.189338735772236
-7.2070151617296805
-7.2370207423156
-7.099915965866754
-7.21979189428431
-7.1455098899826615
-7.144005644608399
-7.279654290141029
-7.236393415193837
-7.113281544172953
-7.17154278768451
-7.236085445718451
-7.225052178842187
-7.160643801948367
-7.261971053565654
-7.202862521298854
-7.292494173403802
-7.241229825492238
-7.145489669714109
-7.243007461365948
-7.293338670784876
-7.235594755440004
-7.273557006654428
-7.269724734379037
-7.348849735264125
-7.20142512521348
-7.340432091854376
-7.279815912960217
-7.310285127204321
-7.199229184790434
-7.266910251253738
-7.250675237862565
-7.280843050564198
-7.3215588968909175
-7.289546770804808
-7.342313230851004
-7.336143554622637
-7.385069320265666
-7.31608379635085
-7.281800506099987
-7.2785666194317375
-7.380701212681569
-7.3292865087909425
-7.2386564047546305
-7.2827352711550395
-7.308080689705587
-7.3235281638242
-7.306909531537085
-7.368733004374899
-7.335456542685255
-7.377471755357785
-7.375897429534672
-7.325011805096577
-7.361450968052823
-7.360470835155318
-7.396695320666019
-7.313666858923668
-7.295956688704337
-7.312875491344894
-7.309167403905836
-7.373609524694629
-7.353685903753676
-7.386962905047198
-7.374467966274048
-7.477353397261803
-7.358917163571914
-7.31882192895878
-7.325401469187324
-7.409541772105874
-7.3628719040559165
-7.370414322555678
-7.405361809379459
-7.393221354169118
-7.410854006183408
-7.340614927052022
-7.386038686829841
-7.444883107218087
-7.446589701846342
-7.393490376838075
-7.438148073358781
-7.432985317648672
-7.405085026774185
-7.431634080966927
-7.431341935000103
-7.422014608277535
-7.432041726414643
-7.414336638627567
-7.468439292030209
-7.511170430396373
-7.541875019893782
-7.436505791354034
-7.433053535347952
-7.43936939863263
-7.444152163314162
-7.544050314337257
-7.4455149834742675
-7.498744351389587
-7.496533822840526
-7.484332419400916
-7.418998738126845
-7.521552211878678
-7.527898838726864
-7.468216947505725
-7.624295819665395
-7.4618362668371665
-7.403186574561508
-7.556957625987138
-7.457324987331257
-7.470710302835965
-7.503996907206602
-7.5269238183620635
-7.570529927324945
-7.438014170186799
-7.5147300374575625
-7.5920565344747875
-7.455414580743751
-7.446232075172894
-7.434559672619888
-7.517404127479752
-7.407522676909437
-7.427149967170532
-7.4801658728086995
-7.6177498964342805
-7.52276879552951
-7.572057426456545
-7.585082352259113
-7.466818804870936
-7.515671520514707
-7.549851577595286
-7.574494520429082
-7.534769277728315
-7.552858505969194
-7.55121203092299
-7.514972718486525
-7.56976132152484
-7.555639314519197
-7.520406322901319
-7.506449607776488
-7.560101233343322
-7.570374043704608
-7.593368345560207
-7.415007746016717
-7.579414849046919
-7.668752201561844
-7.577226469987773
-7.578819649359668
-7.621117435886072
-7.584851130014616
-7.588194610703472
-7.646693538836328
-7.679071553123674
-7.595214814129967
-7.667272095901042
-7.626492596743467
-7.561645226295927
-7.709971497768611
-7.64341749262796
-7.6373409455566605
-7.6062627933194324
-7.571893953959398
-7.697028259516921
-7.606586037008309
-7.560416795591454
-7.581745000318856
-7.678818077556302
-7.600732978662933
-7.747991045977674
-7.66512827477171
-7.641864028869003
-7.587845578439581
-7.656268522063555
-7.643309464068094
-7.703632824046323
-7.657256158050462
-7.7369416193383245
-7.664835591766229
-7.615667114704768
-7.74679129895018
-7.721904028291982
-7.5629336471585065
-7.6516352797360385
-7.632760448325273
-7.613873110014207
-7.7593822245895
-7.709635192816667
-7.7556609612279495
-7.745139308403004
-7.727144600277412
-7.684399283147838
-7.817491837827273
-7.672003986603676
-7.657940451214259
-7.77276336602684
-7.724062132199496
-7.774472462019681
-7.663043596685417
-7.64668379034092
-7.761410687099147
-7.760709885326097
-7.717612352299132
-7.7521668538547495
-7.728525257433922
-7.699451274075402
-7.728544385875001
-7.642454401076924
-7.673122086375677
-7.7826733919184505
-7.711792223856719
-7.768490956749339
-7.690033142254754
-7.6821236249442855
-7.732190676693751
-7.731569873021755
-7.714015305024688
-7.771141924717111
-7.703866247245642
-7.73333662964207
-7.689254772275499
-7.849333151839222
-7.881302901012382
-7.763087032520298
-7.842418794852799
-7.777065850135511
-7.735591330256337
-7.792523702912222
-7.753138961214285
-7.808007750692695
-7.80607836191243
-7.777285409784709
-7.771771861194786
-7.825358667700354
-7.769227701557631
-7.677083346884938
-7.772565117283469
-7.703518193099143
-7.831253989954248
-7.775776456948407
-7.83570395206865
-7.808726336262758
-7.824431859692327
-7.801278043191829
-7.727794861219627
-7.838218514970274
-7.833191349967868
-7.817893305574458
-7.875602720647802
-7.867354293450302
-7.848628907313361
-7.8653905982957815
-7.782527888010652
-7.758592340523918
-7.859242164414536
-7.851008421593402
-7.868916587306413
-7.795530128014699
-7.836426399491093
-7.849052436311928
-7.801499924763262
-7.814041961960875
-7.870187511131943
-7.908362938451766
-7.924786501064365
-7.752333577224796
-7.886270552467841
-7.841333951093408
-7.953241098039449
-7.89795605293502
-7.916407175840817
-7.901126300074719
-7.892814379731556
-7.858022789611119
-7.879959571211578
-7.908188039953683
-7.846435787737926
-7.881441034227724
-7.892851824285926
-7.9606827025432665
-7.846465801823306
-7.819867969428248
-7.8457907626786145
-7.892252177509177
-7.867727241898416
-7.931269530764252
-7.965733540057994
-7.917602142948214
-8.004954082646448
-7.863421932047558
-7.948926593396568
-7.920410208089241
-7.936679658767829
-7.8891726626781455
-7.988844540501997
-7.918126440985318
-7.879830373873867
-7.792128489371514
-7.903557493845806
-7.862100176726405
-7.882764485973105
-7.938793209513496
-7.97537801545401
-7.910792696122243
-7.874984701311906
-7.921745148584894
-7.926498502077242
-7.916818684673554
-7.843062717984893
-7.873017202209735
-7.8375625626898815
-7.954700013647994
-7.9295524944596245
-7.9609541747480455
-7.970321813374489
-7.915236232169228
-7.904798513480204
-7.959344247830922
-7.976784703002032
-7.944992451272121
-7.995072205997182
-7.962226620735947
-7.887523525939578
-8.041503100535726
-7.93339131030733
-7.85206897119495
-7.971164001972188
-7.996217847813253
-7.879731994457649
-8.102930442388626
-7.971103391257985
-7.905289798424008
-7.9565322902582185
-7.931040686128864
-7.992451633286343
-8.058736766971291
-7.970434919549189
-7.993335347297027
-8.041401345752453
-8.031317619705977
-8.038028941522866
-8.042341552772605
-8.058089139157621
-8.033161799651685
-7.950167829693988
-7.925102795967128
-7.946662343130955
-7.983407517330665
-7.981837208916054
-7.966582792590188
-7.961132465628592
-7.902456467231637
-7.989868925417969
-8.020703014635714
-8.007984673242834
-7.964546290975562
-8.040787441739644
-7.954832644862896
-7.998314028789648
-7.975665130383167
-7.898230592423629
-7.9778540118547
-8.072729671402417
-8.013457862044916
-8.029029490902841
-8.088912466927185
-8.038834433580327
-7.948535948294662
-8.03168987938478
-7.902758614208967
-8.067015179651424
-8.044873773665483
-8.106593078659811
-8.137722225443216
-8.077154773765795
-8.105238680635619
-7.9760448299058
-8.046342985616619
-8.163115867990898
-8.082437455858384
-8.03717194300801
-8.123870543392135
-8.080419117678648
-8.174307024892727
-8.062050438516572
-8.00390551029597
-8.117026834637928
-8.015092579145223
-8.128166845196237
-8.002343626140709
-8.010871213303703
-8.033985866221421
-8.084578690934746
-8.045280092753014
-8.127863721525134
-8.115532437431167
-8.128093662359586
-8.034423925914725
-8.116952310533433
-8.078282348593083
-8.019155312738349
-8.053195619110468
-8.109090844843811
-8.023602819479132
-8.12713170468936
-8.178034652360354
-8.12719292679943
-8.03373606878729
-8.037468359011582
-8.13878258662929
-8.004578866228767
-8.109796583790082
-7.982404816963022
-8.127201123039617
-8.085845274751097
-8.063988120635727
-8.08549610859823
-8.092663032148877
-8.115815815110649
-8.146330968886188
-8.020970702290434
-8.093939846167478
-8.078189804299603
-8.120284920628492
-8.25398806196568
-7.999198998064881
-8.205060550286964
-8.196497703253003
-8.10649023478951
-8.125681769685109
-8.139135940603223
-8.141359948594774
-8.215406229911174
-8.074426431352142
-8.06035249811413
-8.204802672972102
-8.117936114061605
-8.15514352143448
-8.1382460253057
-8.152647044000865
-8.0748164612305
-8.217970258034013
-8.108336729431391
-8.154419687098347
-8.14274441318464
-8.155770943739602
-8.197971857777429
-8.177770874212714
-8.105958626724135
-8.152703552275533
-8.14300953055933
-8.177316985957212
-8.106418287824146
-8.07195074473474
-8.197821604236246
-8.13858898979751
-8.31826823412384
-8.071928936855072
-8.042096954633136
-8.219879717903794
-8.165076809157489
-8.214591453831721
-8.27699578554378
-8.169976182835269
-8.277532403377535
-8.203709560715307
-8.26422600421977
-8.091811068302336
-8.257379109241828
-8.224662539931066
-8.191520169457775
-8.16364731298141
-8.188513724036904
-8.116098603617294
-8.244968263999754
-8.125522706176564
-8.19957113809208
-8.186753252023685
-8.157212547386605
-8.190491307573433
-8.215696366807022
-8.210426291789153
-8.302079180590743
-8.219062173736171
-8.185598345491425
-8.117675205384804
-8.289171503978645
-8.128261221636485
-8.105030527826163
-8.141054341791321
-8.263666282737717
-8.17219584690819
-8.1857504272683
-8.203349153132676
-8.211480388162038
-8.306283309753042
-8.236666728590643
-8.250977718000593
-8.156834081075758
-8.28490022346564
-8.214372714157681
-8.087881460592936
-8.248192364857708
-8.253921815219954
-8.24258119050556
-8.2977510811937
-8.185530809259769
-8.28387003842434
-8.14123010065036
-8.226040599787375
-8.216107593267845
-8.208789695353827
-8.2884558907068
-8.305022979721882
-8.239666660159747
-8.16325019475346
-8.283645840164564
-8.175585090854055
-8.309310401457937
-8.225986104477242
-8.261252204153644
-8.309134952075109
-8.367637171212383
-8.205564019836904
-8.2583545591257
-8.300993010781275
-8.230360179666581
-8.247365471371339
-8.201957833951113
-8.233504767127677
-8.205292791413836
-8.137216432502656
-8.253441903786195
-8.256476944673413
-8.269789767874508
-8.141235700108245
-8.141674601512902
-8.27675513063299
-8.219679729207375
-8.184949265887616
-8.301741696110966
-8.229152054142487
-8.28152228342876
-8.264780597810224
-8.167348385758665
-8.247517058735673
-8.268759870462357
-8.169418332813223
-8.284749557838202
-8.249834080100802
-8.295369689672832
-8.38116595175831
-8.337744762894364
-8.239795205489916
-8.347790998641367
-8.208249708053797
-8.279571062011069
-8.273345613660094
-8.161293190631582
-8.168088963106678
-8.239763938245941
-8.233484415056221
-8.208858242895275
-8.278759498566606
-8.247681807677607
-8.27070366498449
-8.19527319884619
-8.295356039574942
-8.375043680360625
-8.322179191872277
-8.305906737626746
-8.31866403055044
-8.247826715341722
-8.329570669447483
-8.323327383992524
-8.231630833187983
-8.22730431374937
-8.334398655076669
-8.33996549237519
-8.297470239248332
-8.32924712691224
-8.294177074614359
-8.375160168007403
-8.39545729574658
-8.307752946851215
-8.28475876344274
-8.364982783060128
-8.30712836869433
-8.296955922868618
-8.34441183409187
-8.378001696981036
-8.211339646936652
-8.27443944499631
-8.261978314289918
-8.364590456538142
-8.375177888644169
-8.313147592582295
-8.270706501107744
-8.280225617072636
-8.389967587178363
-8.322792419597567
-8.396495484616223
-8.369987635024833
-8.301586717555153
-8.262736950316672
-8.383143407907648
-8.335360572163607
-8.387771568505752
-8.315107229625584
-8.256151151962403
-8.28326779197682
-8.372401424939728
-8.300182882691486
-8.255699244293902
-8.338607075562082
-8.417114901361037
-8.305913087284283
-8.373664932850962
-8.28872759520088
-8.317641794811914
-8.343949810024844
-8.30795149338268
-8.458056624467487
-8.377710019468871
-8.348966335754833
-8.379853790685452
-8.274482208816865
-8.354550067106295
-8.20253237428939
-8.353805615426413
-8.374337237258485
-8.31456168186446
-8.36448125572903
-8.301146156450406
-8.35538299298617
-8.29009346101572
-8.184395558877766
-8.365349055094596
-8.426371960394457
-8.30733879630096
-8.38577940071246
-8.419489137049734
-8.307912017429754
-8.425896407760284
-8.406323894218128
-8.21024837156086
-8.304734085833942
-8.317271182868067
-8.352872165849044
-8.420889205202865
-8.4916955295835
-8.45258761826698
-8.345190585442289
-8.407009154976167
-8.369412848685462
-8.4007708740475
-8.324972663342214
-8.407044437334035
-8.371617064352588
-8.320392836828331
-8.368051724202848
-8.284956170686907
-8.338564188071096
-8.398599187384816
-8.30344928914679
-8.33365239376687
-8.232245304194219
-8.31262263285548
-8.336813559648451
-8.346149254404162
-8.345522466213657
-8.39674065766996
-8.365309952964244
-8.4018395076799
-8.384402018331802
-8.325684122247331
-8.257136289886159
-8.362823402532781
-8.423143415559075
-8.355630568755453
-8.305929265296008
-8.400663224970785
-8.327603118429918
-8.312807556739136
-8.363042012452405
-8.48886116664934
-8.383033288681343
-8.35261324989598
-8.356077622494706
-8.375451073474158
-8.386390770100434
-8.377407030298203
-8.386044867433556
-8.456442151705353
-8.373743778586713
-8.470640471927743
-8.337848428779937
-8.390548316875567
-8.414945552924616
-8.39388987678464
-8.29171653714714
-8.453614289950009
-8.39727330780887
-8.45018930318153
-8.333763577326904
-8.43336816599677
-8.406627310795043
-8.420890296896653
-8.40766971077419
-8.390672938216701
-8.372927932910423
-8.325690448614031
-8.45124048399225
-8.346816290944531
-8.397537833253969
-8.405627745682606
-8.372780087946902
-8.426047783650148
-8.391469882928535
-8.449810761755735
-8.361032728194948
-8.496009951618342
-8.468627005913405
-8.409350271340424
-8.3513453435845
-8.330102123259248
-8.430104776652646
-8.416743732539452
-8.408148844375168
-8.396896227758374
-8.456735694134949
-8.380184051524097
-8.341930065870386
-8.385432876233232
-8.243419891784448
-8.509521536938855
-8.438082862243647
-8.361016259954003
-8.463999242698883
-8.404955884188471
-8.465945944400673
-8.444028057328929
-8.378197496684757
-8.40173657252942
-8.393415891399323
-8.443394273223943
-8.450111012353922
-8.398815516946211
-8.37585357934701
-8.473494201559577
-8.317399387989768
-8.420395205365434
-8.385030198283953
-8.429427323204685
-8.457626762122088
-8.451627245798887
-8.43048450989524
-8.437889204521536
-8.394113891008102
-8.454927662142122
-8.448586129686394
-8.398815121201325
-8.360182246178205
-8.52760316183423
-8.416477158246897
-8.372043737679947
-8.399975457790008
-8.473963599186286
-8.40188566511412
-8.347276839312292
-8.48207887223953
-8.459350120627025
-8.436942658359943
-8.486669265379803
-8.344679482281839
-8.481668169283864
-8.409703499898189
-8.38737046690701
-8.4726106900899
-8.43212854329548
-8.360875524798304
-8.46582485352161
-8.37625669733009
-8.543498335577173
-8.32199041456349
-8.434056451051367
-8.509204908998688
-8.365867800998421
-8.439186850545033
-8.42370662835856
-8.450092783966134
-8.423442061247377
-8.424339886248353
-8.456591072693652
-8.50271640354387
-8.509482156784012
-8.358221931222557
-8.478198021687339
-8.392315899105268
-8.486821846727862
-8.517270906239894
-8.519209566120116
-8.494866079701906
-8.51734023175123
-8.54891873373436
-8.465238982748678
-8.512586427928381
-8.431127583874735
-8.535554494204717
-8.514820876908137
-8.526985953357096
-8.445258046189446
-8.546955730637004
-8.48179526715408
-8.45848475536765
-8.432816593387468
-8.354116278566684
-8.41038054317048
-8.486300986522421
-8.485629550030229
-8.40171305888965
-8.440301526754729
-8.470901809893663
-8.424262308561223
-8.433467237262166
-8.45627437550524
-8.51148653259652
-8.390923344223275
-8.564890859891046
-8.416292603957043
-8.413279038528225
-8.444154257321824
-8.50927930287999
-8.506464734994111
-8.48768595197262
-8.549744589349935
-8.459919652403725
-8.532077375234397
-8.549091649869906
-8.494043978905463
-8.501308675448644
-8.506863349391812
-8.383470051470567
-8.455503301806385
-8.524520641433938
-8.392107997094287
-8.495558966243843
-8.51358756575711
-8.38429952713275
-8.523752389603247
-8.51474491366202
-8.461964134421141
-8.530424554799586
-8.526189676638221
-8.510823833976321
-8.49098329258504
-8.56173891304198
-8.407143356726522
-8.540406223540797
-8.524909585348864
-8.525380502168758
-8.431624094885995
-8.481100567679396
-8.467192211521681
-8.455564973017053
-8.588115537693971
-8.56765673732405
-8.467819025511648
-8.462566302709273
-8.470526762102086
-8.489023704162515
-8.536957383858914
-8.409846102281824
-8.546520572697426
-8.513360099803894
-8.524060560509925
-8.530317515223931
-8.487498935019596
-8.452122567512989
-8.551470664333166
-8.510617381064664
-8.559475576203297
-8.448231606104098
-8.447905550488011
-8.407568246909848
-8.559693477795154
-8.508044492082917
-8.478048730720023
-8.497873030424717
-8.517599669301985
-8.545622533917458
-8.504666184485073
-8.407302969419142
-8.423543242471723
-8.569848672522953
-8.470611624994188
-8.538896822681526
-8.466519556951885
-8.431710339739809
-8.585350452400114
-8.40161310065592
-8.454291103126192
-8.510693925183224
-8.46068953552697
-8.551662032635688
-8.518675578313667
-8.585149536047808
-8.579785973341604
-8.51746111095971
-8.428604896414761
-8.50398121872603
-8.521392642914515
-8.52686474836305
-8.52753932099852
-8.43182059121846
-8.493571348991148
-8.455495124568845
-8.534629465666015
-8.51130100408577
-8.522402508102457
-8.518103377245819
-8.476840073361323
-8.513676746487176
-8.461604710987789
-8.535067582652017
-8.52568070780127
-8.510886049221968
-8.44122461873783
-8.455300398216005
-8.538849143942006
-8.54054882353487
-8.540939822967735
-8.653409629187966
-8.554471243673925
-8.512130770588076
-8.476378525508867
-8.546951959549821
-8.51361775412993
-8.46424559841569
-8.433620466840134
-8.490850228748346
-8.531453874022224
-8.457535285404427
-8.588867338536646
-8.502662036924644
-8.463712515482076
-8.527966586833212
-8.567880054162917
-8.526237974830497
-8.497926970349416
-8.481867611085955
-8.619762800681695
-8.47484510984273
-8.548930186319483
-8.419473997659622
-8.54865306302717
-8.508520725901558
-8.503829193383424
-8.535366694464484
-8.542966672738336
-8.617599484249954
-8.54314863304974
-8.689170315759068
-8.545478560540552
-8.479119845649093
-8.575842010546012
-8.458024370720759
-8.525551194397199
-8.491097927583704
-8.511316098993397
-8.536866204805866
-8.465090006978542
-8.510967967142337
-8.474212817534172
-8.491020022691506
-8.551730457348635
-8.576815121626751
-8.550645146995471
-8.551833707887878
-8.488691414000263
-8.611901327678089
-8.52853814045069
-8.465168921450685
-8.524143978357657
-8.606065622759736
-8.528657058702503
-8.659095105153018
-8.604064566907748
-8.641373385848437
-8.512919084917602
-8.64279323034388
-8.544078726210152
-8.58366185788159
-8.542451210711821
-8.601998106323984
-8.540378320625761
-8.581945697336907
-8.634393102405928
-8.55229897928817
-8.514438166064535
-8.589462440069282
-8.533418900633405
-8.516096593630573
-8.59357360125553
-8.55027166061937
-8.540805354610603
-8.522009742163773
-8.59440730421722
-8.504301524962493
-8.494004790450001
-8.617730133824645
-8.555625750353643
-8.555465709724363
-8.553150374429839
-8.583652005229531
-8.457858177827417
-8.554949570330896
-8.525212535852694
-8.643655185194781
-8.574023885850393
-8.623078990954005
-8.616146885095779
-8.57257902711942
-8.444271538415013
-8.55941618713225
-8.516253182319756
-8.538452861808219
-8.613819113656929
-8.623769926331335
-8.568395342743534
-8.523850133385613
-8.637021664292666
-8.577250927205938
-8.594761145788567
-8.624594005789424
-8.627713626476716
-8.5065743761701
-8.617444728894831
-8.53358978427684
-8.61690610911874
-8.530786023784964
-8.568164575119289
-8.531910120311043
-8.624916103108303
-8.630980801965874
-8.541234901073265
-8.612678921047573
-8.543026735017673
-8.510569696791016
-8.60884340440584
-8.657445051699174
-8.622509911108294
-8.520440335506034
-8.613872656301286
-8.645405701265068
-8.655840411258259
-8.521140854930918
-8.615710787008332
-8.592606522799812
-8.606250508419377
-8.566773489996635
-8.570302612879935
-8.578548455783247
-8.596769472030926
-8.677472165340687
-8.662870083818765
-8.683539859220522
-8.623491231888481
-8.574874249764031
-8.60379544590471
-8.607150394159556
-8.560746926211827
-8.573085661308395
-8.56850306401708
-8.660694217381588
-8.631294955524814
-8.606106608798084
-8.66815626374491
-8.537867213837226
-8.643569648378657
-8.69305130409755
-8.644145756666644
-8.59435907718832
-8.595144308566441
-8.685576716493173
-8.598070805698269
-8.618073408467781
-8.549553065114996
-8.617935725180942
-8.633415809282134
-8.551749797064089
-8.668765539987593
-8.642548995376771
-8.699546323392218
-8.687734552528921
-8.50413690196109
-8.629788655264946
-8.658948872699382
-8.67555963697129
-8.617387215525518
-8.650140771298437
-8.583251347230407
-8.654777376920737
-8.649219885244966
-8.645178458052616
-8.674534788931702
-8.490145214434703
-8.637418912634553
-8.66130085837981
-8.588966302990519
-8.588759534608895
-8.544516236432882
-8.590884482087887
-8.68447004259113
-8.611114949443943
-8.584250726568882
-8.690187013169576
-8.579427230752309
-8.65874577367272
-8.580707725882027
-8.690867936826661
-8.572177156075206
-8.534028108951068
-8.547565038577124
-8.610221353713106
-8.553707390893493
-8.602025027895257
-8.593088414012481
-8.726281228366764
-8.547087663034194
-8.62040848889327
-8.603324724034831
-8.605276695035103
-8.584521925725523
-8.634213923421305
-8.618059235837652
-8.587344858970537
-8.681934280323524
-8.715512652903758
-8.616285245447765
-8.673700135106598
-8.624837220158083
-8.555475620757454
-8.659979854012498
-8.665651424004826
-8.625025505418776
-8.640498377900624
-8.594291106583333
-8.601470284192557
-8.652086258601331
-8.602614043416578
-8.595562984902722
-8.558796724652352
-8.702658841913474
-8.644412786645345
-8.600096347293043
-8.656322553319598
-8.613832210302574
-8.594696577003942
-8.545493745538144
-8.681396944854283
-8.648331484914616
-8.630681730167826
-8.705342970104265
-8.645571855264995
-8.59703752575629
-8.613754222312533
-8.651869918266796
-8.593887389701491
-8.70633660239891
-8.651994375026915
-8.624159392955631
-8.668231540673846
-8.625782596579143
-8.55918721299951
-8.672583802749024
-8.580399552870658
-8.628524461238994
-8.591533279359572
-8.61856859427837
-8.625099062491683
-8.60405213288259
-8.651946163094495
-8.706847623627265
-8.606857606822121
-8.697724995710052
-8.569062343192462
-8.586305524643398
-8.596145630880065
-8.656138609353127
-8.567252203568662
-8.663839321875333
-8.647417169032105
-8.67571790311709
-8.721407726472865
-8.639031330316769
-8.554510324419741
-8.648015272755893
-8.668908836276366
-8.695870126099967
-8.63622007771279
-8.607794889309956
-8.622307547157872
-8.586159935997541
-8.636726729880612
-8.608410098248386
-8.653066460741185
-8.578389936809286
-8.721299574861773
-8.73477244605792
-8.59849431673336
-8.604281544865389
-8.615449046352365
-8.59603771803226
-8.71215056983368
-8.636461695390201
-8.613327971165536
-8.664404204768985
-8.675010288054457
-8.667504294193346
-8.65103962619641
-8.62821344999042
-8.617047753515692
-8.690351974428358
-8.625040667726019
-8.682348172589519
-8.623418624036958
-8.62050582308294
-8.670829976152561
-8.723784455160697
-8.672597507889128
-8.63926280521432
-8.636150279207516
-8.653906637148003
-8.69059473997729
-8.709561717352434
-8.8360857986954
-8.638243829952051
-8.714085727452993
-8.693715768719247
-8.688710094137058
-8.616618652484233
-8.616386382441869
-8.652107241354166
-8.616177613747679
-8.628474487550164
-8.722099544013759
-8.6310062115946
-8.70712686406497
-8.669309731606692
-8.656052676015477
-8.72776060696614
-8.621541850852067
-8.6726287269893
-8.656346386353878
-8.662973976199682
-8.711475438258288
-8.62017183044807
-8.698836058573377
-8.678013127913507
-8.661643578843256
-8.732701117303943
-8.609587846951355
-8.654032434640335
-8.65333739055689
-8.660020967817973
-8.686505687260963
-8.609107783696011
-8.59397548100549
-8.708796197356667
-8.710113133035575
-8.721489068745331
-8.571468826063708
-8.667908877456908
-8.737660640802105
-8.638133017551672
-8.702018287038383
-8.610346653997338
-8.676636186819033
-8.627205638826362
-8.727023797503348
-8.701703084725226
-8.665267368732064
-8.63904734704403
-8.728520862001277
-8.787083800822248
-8.6409395988597
-8.727479691038829
-8.695320129978716
-8.710631155837083
-8.6934168992681
-8.62421292610559
-8.687777458812908
-8.632090209599538
-8.802991671022106
-8.654231082344621
-8.747527220661649
-8.741531213028882
-8.611544053612018
-8.670197725898658
-8.630735019727373
-8.693698186722115
-8.730377633002773
-8.682677568499725
-8.720862560439821
-8.672656771576838
-8.704846163553885
-8.684598290648056
-8.668967512267551
-8.595755792056336
-8.67650000319202
-8.622871885877322
-8.670039474560193
-8.644750536900979
-8.715857193190365
-8.684092158610058
-8.685568702864838
-8.673650826684414
-8.762022698102802
-8.636413350402186
-8.751046226248022
-8.77725090680827
-8.666877809346195
-8.700081346950917
-8.592793565359683
-8.69573042394419
-8.636820154378633
-8.711684301923148
-8.68536533016787
-8.730198979671556
-8.760830193884143
-8.779060784392643
-8.67158025804218
-8.71781383016793
-8.821422565968295
-8.72363006157443
-8.753845136594846
-8.65323537888867
-8.702438673797579
-8.676632567422223
-8.701814446510403
-8.691465820873486
-8.812490414164904
-8.67955659969757
-8.760092263660134
-8.733313113570045
-8.753201179215717
-8.78290902356809
-8.71907551698976
-8.7470207777271
-8.75889012168288
-8.693683270578845
-8.715171917956708
-8.720323814599416
-8.712899067098462
-8.652951589520564
-8.762033365378688
-8.756314630115758
-8.720867876395163
-8.689112136666967
-8.758305528803126
-8.676312282821154
-8.693516339630945
-8.765315082035844
-8.667407807245478
-8.679325465344418
-8.770942990986939
-8.673174375179817
-8.603433986859253
-8.673573738155257
-8.745133901739672
-8.720020449274555
-8.66909497930881
-8.666136516040238
-8.643257909530286
-8.696943671663139
-8.769777483537316
-8.721806191426507
-8.727955577989002
-8.727180692161774
-8.780230694507939
-8.660973288850963
-8.683625772162493
-8.675196132794763
-8.777802640220632
-8.708636456479903
-8.711793376573583
-8.720472431549679
-8.758403435495547
-8.765631131263504
-8.705307603046904
-8.682301239701854
-8.723283618318149
-8.83293495079495
-8.698624241912686
-8.664433851474724
-8.724519487271001
-8.786461471270501
-8.752196948810896
-8.754527456627184
-8.69165465777652
-8.651399439428646
-8.691900913956479
-8.781126503458044
-8.799463787384893
-8.715665531433011
-8.725198615894262
-8.72438538511099
-8.681672467357826
-8.644386925890283
-8.719716168112528
-8.760265710374787
-8.679300501691307
-8.683637361558263
-8.77966449810773
-8.734857983376216
-8.643365962469508
-8.723730398823378
-8.73765405097871
-8.819591045104515
-8.723644089405044
-8.689211935251091
-8.691895608059859
-8.678303038767014
-8.779015029316815
-8.745551295263907
-8.736062394771674
-8.702101634741437
-8.693540630496726
-8.732951826403292
-8.778389207362222
-8.819120306956576
-8.694871703790934
-8.717537255689445
-8.648871735122482
-8.725765997126784
-8.774857810656783
-8.781311188285558
-8.712291730079253
-8.646649642418659
-8.729715409381766
-8.7622040197385
-8.72542967772353
-8.675259405491056
-8.701258164242034
-8.81144408440562
-8.739178568485878
-8.702279388801731
-8.826715849655931
-8.726642421653462
-8.716980491417202
-8.883177029645283
-8.72847525544933
-8.742514961903268
-8.665535075912354
-8.76363027620593
-8.768660677974658
-8.785649574050202
-8.792508640758838
-8.763242759497045
-8.80700825802169
-8.75255018872356
-8.873149072308973
-8.618264829449268
-8.76588527114741
-8.655739966092796
-8.69189708168882
-8.758502997761502
-8.793722306277592
-8.75155231308348
-8.815511853163102
-8.72738638567418
-8.801803423888428
-8.72090340144551
-8.705961869065087
-8.741368119670456
-8.724024002565518
-8.783713921138315
-8.75963065448902
-8.736247277417624
-8.795737078647454
-8.771010200054922
-8.783817585266874
-8.779427660426007
-8.673586405938446
-8.789832046829009
-8.71208361100193
-8.722137725418781
-8.754797601491015
-8.731898853397963
-8.72263306494993
-8.740665856139296
-8.701735311932193
-8.79833922719501
-8.811550891300724
-8.756679109857195
-8.796062967803193
-8.778313152671073
-8.723542105277268
-8.870907004304856
-8.809459442571532
-8.868888005822088
-8.719834305216054
-8.739470510967628
-8.750931097564461
-8.832409889000543
-8.833087397413594
-8.668373575585328
-8.703496811969686
-8.799585524728954
-8.760902850704058
-8.7780208976616
-8.800880073320489
-8.804014760642534
-8.711367261012496
-8.733019049198711
-8.687026040014542
-8.76307727054213
-8.743507536788588
-8.823093695967492
-8.715087086469318
-8.828147426445751
-8.711558962153296
-8.731609701942725
-8.755466271481893
-8.750385678878267
-8.78696801254271
-8.864068512996818
-8.75459911774579
-8.785979735922796
-8.770730366564853
-8.831851789553467
-8.86743610570141
-8.743002587625673
-8.875231217551383
-8.77795515752146
-8.78206612431804
-8.820053941812704
-8.837826856414464
-8.786060253607683
-8.789536085561288
-8.816113183947706
-8.792969459890948
-8.721677219543787
-8.852396418411933
-8.851497963300494
-8.756435221611858
-8.779967196424694
-8.735208602507269
-8.792673908050345
-8.80535761845372
-8.766182560648152
-8.714651132379
-8.782267912372495
-8.848179534088656
-8.804519446289596
-8.874185489439851
-8.805023461832038
-8.777323547462688
-8.750041242029022
-8.781291618365408
-8.747512979553411
-8.691613104955033
-8.884396458358522
-8.817163956591866
-8.84349924594059
-8.886019026293878
-8.823446121834806
-8.756942817944472
-8.687324501008737
-8.75869781750815
-8.85702409432983
-8.82162125972262
-8.760533476330034
-8.766727903947425
-8.750297662304673
-8.821077422075646
-8.763219406079132
-8.78437905380646
-8.779420341304704
-8.81046294916033
-8.822001688265747
-8.737308314044432
-8.804459880026535
-8.77835351057696
-8.883470756589885
-8.820485988265558
-8.757260216038404
-8.803252410298171
-8.830701235789995
-8.767952779817465
-8.766467539606094
-8.748023173746965
-8.737331557875107
-8.828618197974356
-8.79904729288168
-8.708636568661175
-8.76237796746355
-8.7785777664042
-8.817766281011947
-8.80858066318343
-8.911740034934525
-8.862770216436395
-8.754175705304561
-8.797242459875779
-8.757997402068128
-8.815403411052449
-8.840705104199158
-8.756855983994098
-8.922528525185694
-8.731650329519894
-8.770615852815016
-8.8684408507977
-8.78477885444659
-8.853149521713958
-8.78017816436615
-8.744841205738934
-8.84812441218726
-8.798306549068348
-8.842768531353853
-8.808770619109653
-8.832020970447756
-8.844795903263828
-8.876912142675204
-8.818475756189923
-8.760687341324935
-8.723100643088442
-8.812644806806384
-8.834141403639626
-8.813239811838905
-8.789588776670787
-8.819455846237803
-8.74908122700424
-8.786483158327385
-8.892899467660312
-8.8090483273894
-8.79544502232812
-8.87005251956496
-8.942299429806587
-8.847403907190769
-8.77964852434331
-8.816406579497809
-8.799456498100541
-8.7665749640761
-8.853690776462189
-8.76504315742547
-8.804446695012745
-8.837712241915446
-8.893501534832978
-8.895321653193538
-8.839274708886775
-8.81489168989271
-8.839441708009828
-8.796610084468723
-8.84874646770767
-8.844391147717024
-8.772607576602356
-8.835764485250008
-8.766822755822707
-8.820191505998897
-8.858689016459161
-8.935705746624064
-8.854431446312189
-8.833180645614668
-8.863801577355813
-8.905740013634553
-8.860828367211807
-8.897330800571522
-8.896784107217325
-8.808790882723164
-8.813105802052284
-8.781186981027489
-8.878713218734829
-8.850246188383966
-8.89807132315919
-8.792432040766526
-8.837314500575237
-8.85163379023848
-8.799537512783443
-8.8361343820082
-8.874624596638116
-8.864726407104905
-8.846950366043274
-8.843255204449955
-8.886350747415142
-8.809232464599383
-8.79274238064362
-8.78832696909079
-8.855733205812767
-8.782695862445232
-8.883676673437867
-8.85422745874016
-8.744869688704943
-8.847272736345689
-8.810616622785732
-8.88881059138132
-8.82912177482786
-8.851590076116787
-8.839547913845077
-8.760861842302921
-8.860761889927948
-8.764497535836746
-8.90484684009443
-8.895502180951707
-8.830759834533433
-8.835028123043461
-8.812007350900751
-8.861652226438771
-8.848235643350163
-8.830395748390576
-8.85040618787041
-8.89921216439913
-8.860288569929487
-8.862515198688707
-8.912947221162987
-8.909557353477867
-8.872325659933288
-8.85759787422662
-8.854469124564543
-8.804654631640837
-8.868484447111832
-8.860320416738789
-8.958730983896912
-8.824160358978302
-8.828156812363437
-8.922385478784392
-8.910655417863124
-8.938992033343974
-8.872324517474409
-8.885658921668847
-8.874758580572298
-8.83986834670328
-8.893005069441676
-8.83528448566514
-8.918428384182832
-8.923980379082758
-8.909501852247173
-8.886078049780455
-8.797570246343794
-8.855368423430875
-8.91564345779631
-8.81939486574275
-8.93055675887452
-8.868394114676628
-8.882498239078616
-8.807424600087247
-8.815403447168238
-8.851231768411038
-8.8559778207251
-8.842215810413327
-8.810165541209967
-8.78883901346833
-8.84582186768248
-8.930717989481677
-8.901664469396811
-8.930295238015065
-8.784590706724282
-8.9307357828381
-8.813723309394398
-8.876814723995466
-8.872918076072034
-8.897025603322623
-8.828008934366665
-8.872154042873275
-8.912038254471813
-8.917852404044487
-8.919895260754615
-8.890988302899391
-8.878929596550178
-9.009158272244987
-8.87075523643552
-8.862325423610974
-8.926345518956065
-8.822832042289383
-8.862607572256785
-8.852761001689386
-8.900041516368717
-8.831274544191212
-8.884230099513841
-8.91025456775127
-8.873627738404355
-8.85797496826205
-8.847537824234944
-8.928532590029041
-8.905215554068448
-8.866005784487953
-8.804820912804852
-8.865460038931195
-8.996558011592905
-8.95937802152495
-8.940271904023765
-8.907432315302874
-8.917074864562315
-8.893740023373491
-8.870218488294233
-8.799156185374196
-8.811282527497497
-8.84870515337338
-8.883282459383057
-8.925729108961896
-8.85318971164644
-8.872743562929518
-8.913724735508366
-8.8230189100719
-8.952195879597397
-8.995934685501362
-8.867501123825202
-8.908330789321216
-8.998863028335057
-8.912981151264452
-8.907393421057867
-8.992083131919127
-8.930654299560489
-8.952102113285624
-8.774027661058131
-8.874331817663698
-8.846136671961622
-8.856112213343826
-8.946907790430412
-8.901226552447374
-8.935730756157252
-8.891485246309944
-8.867156904011322
-8.981301719415166
-8.934843488165672
-8.872224138695977
-8.974736920092244
-8.968991068709304
-8.988856459879726
-8.932604204130852
-8.859580288789601
-8.90327210566401
-8.867507110399478
-8.955804517308673
-8.899219406492167
-8.956978601470032
-8.89097714483782
-8.925492386739935
-9.017581008789117
-8.88478419096538
-8.892704482751764
-8.886932308471698
-8.93882080662037
-8.976348338800403
-8.92629646341435
-8.898039893186096
-8.897751038954695
-8.963539761848079
-8.880115405069024
-8.873393319592298
-8.977591123587187
-8.963547612543625
-8.876656441549057
-8.899867151874702
-8.892119721668115
-8.871322605989468
-8.868851886849098
-8.969665440966887
-8.925216736128244
-8.86658953395331
-8.95985314337539
-8.806464616888062
-8.923275776528602
-8.887577087623846
-8.914265518759654
-8.922095544218992
-8.836657748021798
-8.848934313496278
-8.91843379570914
-8.886142430363135
-9.016740551105332
-8.953245736699246
-8.956065232372737
-8.90027950344274
-9.007214128103355
-8.831875426290487
-8.903346611338135
-8.980660024806955
-8.890931095774368
-8.845270504969628
-8.936731554648663
-8.862130582695727
-9.014391028057346
-8.86663629664946
-8.9385876024209
-8.951833652022588
-8.893305585116465
-8.995820500541049
-9.043466495291652
-8.912018119813263
-8.987223828542296
-8.877311233330843
-8.935837898326486
-8.97059624919465
-8.88857380855792
-8.910905929157426
-8.91616525504927
-8.918896637558836
-8.914977034345004
-8.975336976311146
-8.908545842105756
-8.935937147895972
-8.877889390707887
-8.88240843941688
-8.96436319068896
-8.9487465906802
-8.96763712324512
-8.916128928730464
-9.034856159865166
-8.977251837171641
-8.920032676091344
-8.889046725820718
-8.900992940443407
-8.94394623752633
-8.953282062821206
-8.93325197465473
-9.044164683315834
-8.949049382639405
-8.968823777602458
-8.99753749555224
-8.998053245889187
-9.006143312907358
-8.990769439382731
-8.9782983980088
-8.872585031586556
-9.022780324853318
-8.999790471314492
-8.982670819825044
-8.937653907576111
-8.966344723811066
-8.936496449733738
-8.927342024151972
-9.017097522585807
-9.041187289542687
-8.969455502959617
-8.984170908234312
-9.014820075596033
-8.921303264541672
-8.92388043538966
-8.98561461354358
-8.953607927549822
-8.969992723006307
-8.864001151977758
-8.986937735729645
-8.94450579269272
-8.947940611761501
-9.005804116642658
-8.884465828732315
-8.976002082492592
-8.997501158036112
-8.985783751662693
-8.967491256621363
-8.992433565177496
-8.974977411310979
-9.005379517160408
-8.974651286109562
-8.991483860311176
-8.932948536249794
-8.927243490171413
-9.032872794305577
-8.891657417182678
-8.99415556314967
-8.894232967567811
-8.996719008643531
-9.073009419410017
-8.978573930332828
-8.909305856378813
-8.996410141756389
-9.015180810351245
-9.025838715656727
-9.12665023226585
-8.97577188316166
-9.008193297472646
-9.023941909974331
-9.045207198465654
-8.992784414089279
-8.991827765181048
-9.015528514945416
-9.020227620227287
-8.90304380639681
-8.98529911992206
-8.95302022893008
-9.009967415119268
-8.874850363469141
-9.053077003507227
-8.956269008836088
-8.998762648658598
-8.938125690186096
-9.034896268289527
-8.88074391888377
-8.943179381533248
-8.980719215984228
-8.914719713816085
-8.983173518358123
-9.033249744260313
-9.006885816954052
-8.993961614484823
-8.96327557926881
-8.966703620940597
-8.940207878297958
-9.000123408048614
-8.961721129695118
-8.95132759939531
-8.971220860304538
-8.946589915931417
-9.050685935764786
-8.981503178653469
-9.011376129951335
-8.947386737237487
-8.97501016074861
-9.00278316475277
-8.945819246889522
-8.916125952784668
-8.958604812959875
-8.970085515079035
-9.04643871919356
-8.941868453944023
-8.976696460024819
-8.924972009574034
-9.012236655995567
-9.026066438758745
-8.967065267978642
-8.879191226577927
-8.978768496316162
-8.880466227686332
-8.931708946922033
-8.983147722156868
-8.952047632094972
-9.035600686240079
-8.98367168414684
-8.96852066976372
-9.074347553595194
-9.014976914306606
-8.950909038638466
-9.001131826513305
-9.078964750013228
-8.97123129619226
-8.982626259249946
-8.906820265910673
-8.977323584053186
-9.113111686069145
-9.02783918878198
-9.01369257469658
-8.984790776824644
-8.951672282297992
-9.034482298770717
-9.049574118259613
-8.979152449293412
-9.004324749953248
-9.050374563578398
-9.00316815239978
-8.941471606231536
-8.961473816297136
-8.938345557718211
-8.902451914508848
-8.932017463904906
-9.032845009224216
-8.95796762452972
-9.020573290526475
-8.980983808217738
-8.889592324452344
-9.024956389367095
-8.904971649673884
-8.966335904143856
-9.057740644800184
-9.010224363506348
-9.114916996238357
-8.930319501714976
-8.968603001362691
-8.959384258947622
-8.917497018954093
-8.983029694630316
-8.988627761891388
-8.9639113423825
-9.014129577993543
-8.963543723782243
-9.039511980737066
-8.9943317543758
-9.062677338860217
-9.01997058621223
-8.91136218590185
-8.941727804970641
-8.918313418426724
-9.01753695158959
-9.056576076710693
-8.985501008347674
-9.002750547569395
-9.019215026116418
-9.013019860484391
-9.024936645338663
-8.973665418224837
-8.998803963680837
-9.07936248042054
-9.047878843290551
-8.99868678606717
-8.947645958260756
-9.003057539345638
-8.958021615364748
-8.965252412296378
-8.980190347629275
-8.981470181939269
-9.015752307537165
-8.85073302154898
-8.973364188041524
-8.977461712015865
-8.997252785024637
-9.022949429974014
-8.935450185378311
-9.0054925903101
-8.989488152831246
-8.912525658666025
-9.039734081718857
-9.000979275134052
-8.986354163736712
-8.984621694741866
-8.978597350715694
-8.993900088691198
-8.942259912926046
-8.997795330210973
-9.034639264659875
-8.974757113099313
-9.004532627978213
-9.0110350199857
-9.005578965171594
-9.031305954402338
-9.036113435966572
-8.995317088119931
-8.991606502998685
-8.945424744616417
-9.106650184469883
-8.990113849577169
-8.997710411855161
-8.998356046142941
-8.951972627406144
-8.977048117728154
-8.99404207592048
-8.986957141918792
-9.021580063550834
-8.988332647453278
-9.021934979366705
-8.986627243061227
-9.026744693806378
-9.006995389781782
-8.94415507141323
-8.981140710588363
-8.987308295787068
-9.050669056718656
-8.923302708037125
-9.007723654108396
-9.090323588305417
-8.986864089324369
-9.027346900445773
-8.98427131527626
-8.976525679431594
-8.978501040425789
-9.04461914361343
-9.001748770322104
-9.0036568443289
-9.00570055625547
-9.010839116107338
-9.065858789817085
-9.020626748040293
-8.990661808357615
-8.902412096434746
-8.978057202963134
-9.097741653529479
-9.037486067988814
-8.975928491973017
-9.048268365028127
-9.032914843004287
-9.011252552107072
-9.020919054217117
-8.986440295108714
-9.026052403863373
-8.99200208896554
-9.009668785199276
-8.954885500376928
-8.980604621823
-9.004641432965158
-8.953963111140352
-9.001366533895615
-9.051762855214227
-9.068432918570798
-9.085715000895215
-9.030105925920727
-8.998445120715653
-9.024928446848532
-8.932711206670172
-8.9688982020934
-8.96267896998938
-9.151777883028867
-8.968144545172251
-9.038061815609197
-9.033335900862518
-9.020123203945642
-9.040678674167166
-9.103228476633381
-9.0055411452413
-9.073738623414625
-9.048331629024622
-8.983612797069426
-9.041734261378158
-9.021102833360594
-9.036605586566466
-8.991884258689813
-9.026397702368637
-9.062046081708782
-8.941297091880406
-9.018383437040686
-9.083534937474331
-9.01137510909548
-8.910657372648833
-9.01263820856079
-9.165204076213659
-9.050747541008514
-9.063406617477241
-8.996872784786756
-9.035535054113799
-9.04604328484099
-9.079112757621564
-9.028252760502312
-9.100634013441868
-9.121373656844195
-9.009181124227915
-9.023991490738098
-9.05584946704033
-9.001585178225746
-9.07358060079336
-9.018530669045038
-9.044813715141762
-8.939419980100348
-9.062101733253005
-8.914282182388755
-8.934803312653893
-9.075872775016363
-9.006048987522496
-9.040578447319218
-8.993639140821196
-9.103518555481557
-9.066437236684383
-9.058508406505437
-9.087188818709379
-9.110282680602355
-9.018209613747931
-8.973840467524406
-9.025541443477136
-9.077409755584297
-9.049322972836448
-9.072762551325676
-8.96621432070121
-9.090820542493892
-9.069831546512395
-8.980882771109979
-9.072389906481211
-9.003367897926168
-9.055174456762343
-9.010605429624167
-9.179109317978897
-8.935236530559589
-8.940783544271097
-9.124690944968703
-8.971510950835084
-9.001000438366141
-9.087409674484183
-9.038100567382449
-9.011000520180685
-9.101200133889206
-8.981063426009868
-9.039729174797257
-9.056060324709419
-9.034944275396466
-8.98494926858017
-8.992862415360907
-9.031918256446685
-9.038824711764047
-9.052935393265185
-9.108617960116163
-9.060157597033903
-8.99669867151067
-9.023583334186979
-9.061486123698014
-9.00752895091099
-8.970169853096968
-9.083891381627806
-9.040662887904002
-9.032002608607717
-8.961504980877619
-8.990553369746555
-9.04721995916084
-8.97105813795874
-8.898500998043934
-9.062402086535402
-8.975270523329005
-8.946994915761566
-9.03824317161184
-8.990893555717273
-9.051861335889777
-9.041687138770845
-8.938661920388853
-9.024726716861698
-9.060111581624145
-9.073596738300425
-9.015640027008896
-8.934227824793215
-8.942648711527097
-9.031858305207578
-9.101202438446206
-9.083152694939189
-9.124120521656428
-8.992205445223425
-9.07089985144768
-9.013499487505895
-9.073960084878868
-9.109221031281889
-8.949123120862657
-9.127618112262196
-9.046064680417464
-9.105798453536483
-9.043937293821097
-9.148443268584588
-9.035775665727426
-9.06708693069777
-9.0341664755908
-9.000426533278581
-9.011945212179773
-9.08830259980658
-9.002247074441321
-9.122960619114673
-9.02543049068316
-9.0187455337577
-9.020133568005663
-9.041600402594081
-9.079148688468303
-9.103013162866507
-9.044639596322057
-9.035075281025788
-9.113083537873106
-9.109497585594674
-9.118680901260928
-9.091080757751556
-9.048689097131588
-9.061820545487716
-9.00987162669496
-9.088556064786667
-9.009579211439547
-9.022999444085182
-9.011537239145346
-9.003368004445198
-8.988100997132475
-9.048698966888205
-9.112772839809066
-9.04535442796911
-9.109184436190926
-8.949002594814386
-9.017391977723511
-9.022649272569026
-9.147866193351433
-9.047031680561096
-9.08505169870924
-9.025142292268518
-9.160392859523407
-9.033767909009415
-9.043785498281549
-9.06481731453153
-9.100332490194818
-9.02475948528008
-9.016310294417604
-9.081480597275824
-9.020426606420685
-8.972032979968231
-9.024580748443476
-9.060109205995959
-9.173463737073346
-9.1036832167549
-9.016850759505889
-8.99659743289957
-9.021745825441519
-9.017988419855588
-8.977842148456972
-9.096282364440897
-9.151878794673264
-9.001800178231825
-9.069853043175895
-9.150773463102551
-9.024666497382231
-9.029614734199287
-9.054481755546625
-9.006372826221464
-9.009632230957608
-8.965933124637166
-9.009282342655585
-8.995324391179606
-9.078982543201738
-9.028323891492198
-8.995832206505426
-8.991215883619585
-9.020114804133213
-9.051225087691172
-9.071515289619251
-9.083611980647
-9.075683270402216
-9.03199117589372
-8.997870037416083
-9.03429263758826
-9.059101547076235
-9.033156487485385
-9.014688017958067
-9.084420474617065
-9.034436682717242
-9.09922572350978
-8.972148304193349
-9.163625608098787
-9.055856853945649
-8.955245849205175
-9.060683079240036
-9.030304019339935
-9.12788375795464
-9.06719394442059
-9.079128450669433
-9.135765304447801
-9.162686349682634
-9.104493491905613
-9.0317447056249
-9.016299153789259
-9.052112749949687
-9.026364438834948
-9.122960688663154
-9.140344628279317
-9.086041925881263
-8.969856247233524
-9.198224612070105
-9.131308897445425
-9.036519543394864
-9.029013772162804
-8.983721182065818
-9.043867739945123
-9.114852238254384
-9.11323768572224
-9.0701303959311
-9.051614960599151
-9.077622887858565
-9.068309899661804
-9.078654168628535
-8.950486865108351
-9.082172016584735
-9.11407459060875
-9.053490807491452
-9.038935516339091
-9.095621509214693
-9.082093860454199
-9.121169742948354
-9.116450904809767
-9.111780795939598
-9.034596172711435
-9.027816675945438
-9.009849988639994
-9.09173777110851
-9.0531077242518
-8.98334345908055
-9.082677170447292
-9.037260564111444
-9.092783166348392
-9.112213302612101
-9.071521755573984
-9.083748929187946
-9.014620737225986
-9.011766976511868
-9.149342511185706
-9.04733122744014
-9.153842259691311
-9.106327787461067
-9.102067566462244
-9.087057660087202
-8.987272568584292
-9.05584381114177
-9.205339967127093
-9.111531265814895
-9.077641024927983
-9.172012346444628
-9.00567250731284
-9.055213604711618
-9.095431979402909
-9.05705004837682
-9.153188965744322
-9.085728225452673
-9.093939977738817
-9.029755559536364
-9.13696350069842
-9.047349233659308
-9.116901684762977
-9.154119133233387
-9.131329920063932
-9.07132368942119
-9.111489085193858
-9.087709869207888
-9.078434559364634
-9.047413590331232
-9.069421915397134
-9.021284532734269
-9.047024496616544
-9.16522081544318
-9.155965241536789
-9.195631271246041
-9.159872069388333
-9.125802492595922
-9.067890627430122
-9.132323224913327
-9.152150966688128
-9.05000816706776
-9.154175107814094
-9.105927410115711
-9.072608646625001
-9.143621260676326
-9.079280562686941
-9.116854166431821
-9.159732763954523
-9.151211377345858
-9.153038008098681
-9.09578462873425
-9.07795223724287
-9.11443657922195
-9.087380740771257
-9.06616939414872
-9.119749155907437
-9.079875253879147
-9.156780844669932
-9.062671076361175
-9.055770940701105
-9.01151056353918
-9.034209194724712
-9.031962720530732
-8.99699899903959
-9.101786432003703
-9.114257783823975
-9.090635622431684
-9.15363017288387
-8.783178005129447
-9.159308199916934
-9.029482808991457
-9.067543157233215
-9.058907093534453
-9.011696889792209
-9.069893399769077
-9.079271690224603
-9.00701050083896
-9.07981331482672
-9.12591512812251
-9.042645042599673
-9.185001622877527
-9.108144072229218
-9.129330763999997
-9.148558803364441
-8.86123582572687
-9.070473771672352
-9.127972740080612
-9.104987063690746
-9.088637156271846
-9.141360189339201
-9.122813195415715
-8.978645292465336
-9.141200134015177
-9.1904159404536
-8.796792942381169
-9.10271507259876
-9.137645656249598
-9.083993036592924
-9.17300718507441
-9.12320319015601
-8.980419790032316
-9.106576372261445
-9.11931138032291
-9.158545556680272
-9.097262885006815
-8.872171282593117
-9.142380794007444
-9.081013204886453
-8.954820069439613
-9.103186075439046
-8.926392775244247
-9.019444830099754
-9.129765431756145
-9.024879800652553
-9.134985889790837
-9.019257265755149
-9.114796403903384
-9.083920087760388
-8.885748582303934
-9.188046054482324
-9.099263485282357
-9.156530766484682
-9.087317467457074
-9.103518990652248
-9.071522458501788
-9.092248156008063
-8.997027766319112
-9.10968721497204
-9.0058555848754
-9.125324687800243
-9.060519059467714
-9.056003835454524
-9.03726630937651
-9.140652933547697
-9.061020688024177
-9.021409494768692
-9.050781585366773
-8.988669029009719
-9.174649054333399
-9.07906886603999
-9.046413377482692
-9.019033897020519
-9.089203528888806
-9.02607772387228
-9.01605658214778
-9.047186875217989
-9.015147926240754
-9.091705039432751
-9.123950652159618
-9.00302033935745
-9.006949918029596
-9.174898131918011
-9.116982497844846
-9.043397365733076
-9.103722839495594
-9.08637163901166
-9.123914255853299
-9.131198968543913
-9.006274177742881
-9.060178954782916
-9.118835924275855
-9.103938126037205
-9.087507907405096
-9.094923136729099
-9.129821278167586
-9.111471951548586
-9.103177680159424
-9.09564999566121
-9.15221560936533
-9.159405397305731
-9.122227631820754
-9.124040535217311
-9.120088512678487
-9.139541311377045
-9.183595234246434
-9.10363982365881
-9.125467811200819
-9.081127811922803
-9.153227377132003
-9.090986832856728
-9.123750213134427
-9.114302800272228
-9.125081433470234
-9.140647722446253
-9.135502733908925
-9.061833673859088
-9.133535196973712
-8.999893549699598
-9.097759750982924
-9.188708128659492
-9.155517892110405
-8.983172418826271
-9.107246175369768
-9.098876587373821
-9.139015899496298
-9.124043015746564
-9.09548170611657
-9.088129906863179
-9.098172390568307
-9.156736755469264
-9.011405992350033
-9.133981330205975
-9.164246220452922
-8.738320196913255
-9.02801862094093
-9.143211795771547
-9.082907050974583
-9.144086708128
-9.219290691320152
-9.085997211548943
-9.057078216069632
-9.127630602997483
-9.02347566116885
-9.12991410660909
-9.009913154675221
-9.124468805727906
-9.125255101312556
-9.131008452333786
-9.123850482134868
-9.148769087327082
-9.1186351918917
-9.175587499362555
-9.097276587061138
-9.128139224487803
-9.058327282005555
-9.04149312858844
-9.0891396437556
-9.037376652214133
-9.17068548299213
-9.062729011641004
-9.085731496331423
-9.103738345977165
-9.097808904190783
-9.155351260402142
-9.07266820107989
-9.09232070774897
-9.03122021125107
-9.132439624989305
-9.111064892279762
-9.129531870661395
-9.16370188355185
-9.163706184479464
-9.146942355004638
-9.22646907951811
-8.795015700158698
-9.070460311112045
-9.094568103112259
-9.078032200070998
-9.177766798655147
-9.083453808634003
-9.136520938905734
-9.156617290296047
-9.183221334642813
-9.168007522520789
-8.999117475564487
-9.099041012947948
-9.190430053708118
-9.107094097090775
-8.867665792969968
-8.816878844475557
-9.045901913824588
-9.11826840045688
-9.138664903149765
-8.77239321358166
-8.756479860938072
-8.568735815216428
-9.127997727099316
-8.828038890893607
-9.108911763892776
-9.020599080139679
-9.121511218650147
-8.503831369199252
-9.151411743864562
-9.153619702107445
-8.816877094175641
-8.982120661431617
-9.087007774041444
-8.932206582359383
-9.213817206414388
-8.919648053612695
-9.123966880124923
-9.168981382425896
-9.131355436542366
-9.155020119047576
-9.12022624495585
-9.056132845502352
-9.150719299640734
-9.125460024070296
-9.06284413069478
-9.132734222098035
-9.181268769512123
-9.110019285298668
-9.047691164839192
-9.087648198192753
-9.098814948154171
-9.08298471685986
-9.174408545449934
-9.17771757165537
-9.079288294353596
-9.147791892063543
-9.134250756728205
-9.182779243698418
-9.15224121288843
-9.123547185284451
-9.125225698367961
-9.124935694648741
-9.100400458437411
-9.185149851946253
-9.063662171913858
-9.147386843143016
-9.202903673888134
-9.108226097704593
-9.096219178213767
-9.142602039642552
-9.075420908405047
-9.118963069611665
-9.047494917408306
-9.092906846191338
-9.161818843327085
-9.082946630087116
-9.157679082799712
-9.0690814342161
-9.180693026553255
-9.122332406670859
-9.129233270965534
-9.104457415058613
-9.093993728361108
-9.1614388890922
-9.051618376254693
-9.122954533997968
-9.036342714914733
-9.153717200234285
-9.093303531794387
-9.132385895533217
-9.090970366914439
-9.137048922134225
-9.10762968913923
-9.114899527247857
-9.162782265793432
-9.162896384409251
-9.092749413961434
-9.026779905564025
-9.033350444272811
-9.15635201951739
-9.148607748031075
-9.119467013494651
-9.123607873440717
-9.077683514166617
-9.058570727517836
-9.125064962299012
-9.131682173792184
-9.088899139211229
-9.105413193301619
-9.126444737814898
-9.06808680811699
-9.108606768642098
-9.113578791951744
-9.126312222902758
-9.073057902068953
-9.141507838321878
-9.024668514903064
-9.083542296028147
-9.115322230066731
-9.121362949235753
-9.091445644882649
-9.160399239426697
-9.112984912831044
-9.17171178452654
-9.222252574457931
-9.101102715869322
-9.051996723311518
-9.159658473132517
-9.07949813823407
-9.148040574993502
-9.233315624609666
-9.093047137812418
-9.116357236231721
-9.086044223103661
-9.090490605436981
-9.105879754983773
-9.069125171685073
-9.115334790785543
-9.116353445848826
-9.084336411246232
-9.101743203322846
-9.091352613235063
-9.06457028672266
-9.076970715274147
-9.160747531413003
-9.184727688115707
-9.044740795825978
-9.13472417324757
-9.112345492679927
-9.094637160306474
-9.217952485071095
-9.11787655052494
-9.101853310616582
-9.095043428880548
-9.146800609268878
-9.086285018474547
-9.08761428878514
-9.077891621376178
-9.17139232881233
-9.110076655573128
-9.143784942865137
-9.117565481664089
-9.11379808888095
-9.18776002727396
-9.013907209615837
-9.127476451425784
-9.088918150481744
-9.123646717427162
-9.111244616406386
-9.118893756802835
-9.154164144624856
-9.105350858002446
-9.173094610106272
-9.085608536171453
-9.138476275643132
-9.10919511488053
-9.138175855250886
-9.17821559115299
-9.098242147804362
-9.183864086186057
-9.11579478794197
-9.113370738877707
-9.143039635612245
-9.05755345294888
-9.129986610774603
-9.120327756049804
-9.077828303350325
-9.15704768299938
-9.138295545742594
-9.160679984834857
-9.085625210677202
-8.84816788742928
-9.153185188281432
-9.130398707706009
-9.170284920358268
-9.048018052516346
-9.078197313301963
-9.201754400261006
-9.167307052906045
-9.184681236917422
-9.103564327011858
-9.167049618022734
-8.819188063201548
-9.12322962631278
-9.137254062652536
-9.075363527982812
-9.106623389399786
-9.057099366509046
-9.20261271991696
-9.155493379941168
-9.157544322531276
-8.979517575080179
-9.154332057100232
-9.063313304782747
-9.214620247595901
-9.104079416916038
-9.0917633864603
-8.484268442395592
-8.282003714983727
-8.561442906127215
-8.547631350722288
-8.90267417068423
-8.590776643329393
-8.874413458345213
-8.468673466673314
-9.04897636461934
-9.129996189862053
-9.007162510510868
-8.854177764953631
-9.19532649134053
-9.138277535161688
-9.080124979485912
-9.112318315824345
-9.168392340678166
-9.032269074291746
-9.21545968230313
-9.018462366122233
-9.160313916995213
-9.151347042460511
-9.09878556323616
-9.11170952587108
-8.90601760434817
-9.158046086492048
-9.182030644001433
-9.123288783476248
-9.117487282578551
-9.181662223336948
-9.11693638257857
-9.125341270559582
-9.176653315015892
-9.098076825807654
-9.169245850187933
-9.092773445082704
-9.083283534041987
-9.132760421070156
-9.132108593525482
-9.057999726896751
-9.032635213982122
-9.168285538561681
-9.093820269384462
-9.07642411930362
-9.142732665175272
-9.098728128427004
-9.204212138938113
-9.05153087829841
-9.170781114314599
-9.095321543369728
-9.225624020766558
-9.19597342284668
-9.193665475696339
-9.110879407083656
-9.050068056626756
-9.08950484112315
-9.108893539180935
-9.111505589699666
-9.129625910897992
-9.132002348564653
-9.081982273398292
-9.100838324257838
-9.155434177788031
-9.11956940294894
-9.142267670301527
-9.05377210580025
-9.151101797785888
-9.036001542712087
-9.130364384062196
-9.14381421183499
-9.033206594566318
-9.116138663165417
-9.14548220031715
-8.995960985188155
-9.164264087107213
-9.152858874686705
-9.144453851620657
-9.20027890671427
-9.138685428871467
-9.185477550918653
-9.163150020174344
-9.163632884727754
-9.158361380744461
-9.206247908534818
-9.153168135765322
-9.196995543276659
-9.032678667996372
-9.12189454828138
-9.061234452875537
-9.244281903065916
-9.112684761145273
-9.149923568561107
-9.09478225698546
-9.093859857697977
-9.050781850884533
-9.099650728572557
-9.092658126334744
-9.0998048898916
-9.118702554024182
-9.02541390803039
-9.130252653733224
-9.184303684798747
-9.127832414791467
-9.129188807742073
-9.159871841973905
-9.087982559659189
-9.12729699030769
-9.148809623452053
-9.058877774269865
-9.041657967267382
-9.109686202104937
-9.19309129972905
-9.150904018574668
-9.177181088872395
-9.133378560509598
-9.13673423034701
-9.149184706673163
-9.183243821818904
-9.048357401741102
-9.065427837661693
-9.07008067165887
-9.142625483173594
-9.143007748030671
-9.138749408235167
-9.253447068054426
-9.092720560382693
-9.080594587978657
-9.149211552264095
-9.146650393719815
-9.047525780538754
-9.15671820331531
-9.071630895478448
-9.163200587954085
-9.149007803320353
-9.171538148177742
-9.179082979127271
-9.231777547440965
-9.132656324853816
-9.188883457330618
-9.164140027151879
-9.15571844102774
-9.138002888400674
-9.204107170952197
-9.122762704667707
-9.147059625567545
-9.138900293892219
-9.130110108122391
-9.03009387064554
-9.161014709667077
-9.110804749582735
-9.19530171307153
-9.171017803561568
-9.166035440638288
-9.154666889660906
-9.181138227708827
-9.17430485047467
-9.188117572610485
-9.070822728641671
-9.163544417212679
-9.163144362906165
-9.183297845631698
-9.200371025941172
-9.146774623014872
-9.235421180976138
-9.109581015147779
-9.056979594128135
-9.194562266317345
-9.124647993402421
-9.176832343588156
-9.123029918272435
-9.192415015938005
-9.129668498092775
-9.114440675030952
-9.167238547636014
-9.20530593786079
-9.133623430988843
-9.193893910372935
-9.118718011984232
-9.158133363675423
-9.13242284841597
-9.064936000936893
-9.074664378140234
-9.080369715378696
-9.158211166269453
-9.1231956427989
-9.076650812872206
-9.17656545427514
-9.043712885457913
-9.142075445828288
-9.059210606790803
-9.061813366399418
-9.22343184304251
-9.151516519515111
-9.161968013598397
-9.084754940795161
-9.144467275128571
-9.104390471276389
-9.148471445200725
-9.182764965993297
-9.10587157916086
-9.191540970097657
-8.979014378371279
-9.142945930906452
-9.16034153257578
-9.013760043358344
-9.136876331212711
-9.233547094437588
-9.20618941757924
-9.193836017638393
-9.120849289144436
-9.108789931889168
-9.154997395865951
-9.074834741499313
-9.247176180922903
-9.02295366319023
-9.185814655110093
-9.077255314405027
-9.204645409205922
-9.112738428107647
-9.10554632463408
-9.130621537008526
-9.097668318581794
-9.202063858174746
-9.127823795494866
-9.060504498477684
-9.180750033201006
-9.120999860511205
-9.08774124050341
-9.07473070513967
-9.136597114695201
-9.122026633357175
-9.175339119134598
-9.169749951801657
-9.167662096876105
-9.057496643715284
-9.167718798154196
-9.088750780785935
-9.092797899764486
-9.108667801233196
-9.085571796041906
-9.206434119367977
-9.135854447465652
-9.156509268951522
-9.145375590073844
-9.145787074066007
-9.119442749692324
-9.167105725997152
-9.084901494228296
-9.112369352226526
-9.13881705144196
-9.141762860831761
-9.137324959343863
-9.182541617509743
-9.098425717998147
-9.126800935072225
-9.105189043413617
-9.090800855931652
-9.156238610678068
-9.122508551304035
-9.122974077445367
-9.106839457342273
-9.133192068618989
-9.213296544146099
-9.199110096224086
-8.844165530283883
-9.129187697302205
-9.130713839968763
-9.06688124961388
-9.120821610730243
-9.13587732399516
-9.166936324979211
-9.05806914649166
-9.165789700839607
-9.129399617255501
-9.059027915154706
-9.094263672912257
-9.126648629891736
-9.077281983025754
-9.143162089425799
-9.136219775626063
-9.156543910163176
-9.136251952512692
-9.105252661322153
-9.093940471085508
-9.01393573805671
-9.049117647718068
-9.065037862861255
-9.17515969928386
-9.170603201380027
-9.020820146533886
-9.122250022545439
-9.00798756533495
-9.03115605882837
-9.138616937668923
-9.045293627816017
-9.071056020605452
-9.072750884304396
-9.08117248168552
-9.108667201871247
-9.017577457133578
-9.118500709309636
-9.05938901589978
-9.068259437022114
-9.17391354742407
-9.15306988465879
-9.1601656405616
-9.110450699467384
-9.139758059595634
-9.064460719628801
-9.047399442898504
-9.059541811377558
-9.141965031465933
-9.12340148705547
-9.107885117644923
-9.08791725752168
-9.001924383739432
-9.127559002933692
-9.16682906595799
-9.03197706282042
-9.13002688896357
-9.139523202259
-9.02172179425459
-9.058653866222636
-9.103183736112078
-9.039798103685696
-9.08926959906862
-9.150563122076504
-9.135756034823112
-9.007669357516356
-9.089266488767299
-9.129137273502483
-9.073829478561379
-9.084384534920392
-9.106964057853617
-9.065264250804164
-9.12240524525489
-9.150701106423558
-9.142257313410537
-9.185269032042433
-9.18804491886313
-9.149273511916483
-9.083405725905342
-9.125312115066079
-9.16637200590778
-9.112568991161977
-9.030844489379417
-9.115696392197467
-9.203501348208894
-9.13306832158836
-9.165282697401462
-9.14475100291682
-9.107888832822534
-9.16546705915383
-9.189325468419272
-9.188295739703534
-9.184453920402824
-9.170547372025172
-9.067488915101958
-9.205303644038745
-9.110912438821838
-9.08728118486064
-9.050553764050852
-9.133704851962518
-9.248822072070725
-9.128401018563375
-9.131709440119337
-9.163110137118244
-9.153140026409874
-9.153584667111321
-9.083695010588192
-9.266863604112723
-9.23550320376554
-9.1172477958318
-9.156009077210248
-9.141793706938287
-9.127607900789167
-9.188941696107701
-9.065292154642984
-9.159149278631153
-9.117282170276301
-9.206504406216087
-9.055247771641463
-9.10394624481661
-9.103249580400485
-9.165919564051507
-9.175293815829425
-9.096569050564609
-9.044780951445748
-9.095394062058206
-9.194617279720516
-9.197122064648488
-9.169227777486674
-9.19608942449065
-9.166746963489231
-9.297125734010525
-9.154940841891062
-9.116059410346812
-9.085948477684035
-9.186504155510946
-9.140600405936613
-9.174325597553295
-9.156943198476581
-9.073748036321602
-9.24625143259051
-9.151470039314981
-9.174392551588792
-9.178908895442378
-9.149791992322248
-9.239216794829707
-9.153161260191
-9.190557615134788
-9.13509374560634
-9.064706979750342
-9.126475478387352
-9.092977026609049
-9.149382914630381
-9.17813722762224
-9.119070075912424
-9.168702118593007
-9.14633960458603
-9.108435344112566
-9.200561692206893
-9.16555146012369
-9.223876461835742
-9.136857654446628
-9.183731946017895
-9.265722397085415
-9.155409174665804
-9.230607406950979
-9.20972944121831
-9.158455913713874
-9.099983616909364
-9.170772233908451
-9.191256910745501
-9.124432066339319
-9.14453191683904
-9.170538822833292
-9.208731685418952
-9.163002866126993
-9.181447778504525
-9.1793544018653
-9.119167683608863
-9.301898168169748
-9.087075653067918
-9.149064557957116
-9.222163392182438
-9.179394955158559
-9.150791960755237
-9.097283490135514
-9.250687980153181
-9.125834654703798
-9.235645980143293
-9.146449893699417
-9.279391911394347
-9.15524060196927
-9.191563181164886
-9.210672590284497
-9.115558821749461
-9.186502187462198
-9.208571056573362
-9.245942187207858
-9.225495894931283
-9.171516332498772
-9.158910045699779
-9.070016361319011
-9.107982718755524
-9.259113997303283
-9.259403878459029
-9.127954119989715
-9.250262404839276
-9.23810917850548
-9.225390582134885
-9.237875844579346
-9.167526421701934
-9.158911549479374
-9.246500276693558
-9.210587932578147
-9.19368532075252
-9.27011722397732
-9.173042325765296
-9.239102737226302
-9.193641061260804
-9.138281363345802
-9.136787683888661
-9.174010434399014
-9.139168129046132
-9.21555454189945
-9.135814008450438
-9.303125852120365
-9.213437208684274
-9.147787399594248
-9.151319602749519
-9.141614097281083
-9.153769509826951
-8.943995695068784
-9.089267288281485
-9.26952545418815
-9.24027609579123
-9.204295664533195
-9.15132285439817
-9.162857651778873
-9.208886646021856
-9.260395948749347
-9.219414095676694
-9.170557428646958
-9.068588008094085
-9.194539714414635
-9.13850432089932
-9.20084565207174
-9.206032365531783
-9.196370756493044
-9.230659386449007
-9.154047327175387
-9.133785407243685
-9.19126866308428
-9.276170108214487
-9.23283428146638
-9.172635871165339
-9.173171336919205
-9.079365612343526
-9.219472028128868
-9.074277365590282
-9.231822910207331
-9.130523964670754
-9.101390171465155
-9.16351014740477
-9.179677386176031
-9.157578415613456
-9.284034939627322
-9.129538629230415
-9.198276183005653
-9.156437986467976
-9.163147699773925
-9.09959352471697
-9.200347058106885
-9.197523631972393
-9.127096525694217
-9.124712635472715
-9.126372183445552
-9.204649812609729
-9.186685322382562
-9.13659105388246
-9.227054419994596
-9.25072025532045
-9.211946803229745
-9.236453830445951
-9.184406668847709
-9.16999957802428
-9.178807946628893
-9.195214576882876
-9.21719640184857
-9.242972573460229
-9.234913094637088
-9.117368991215914
-9.14895988098176
-9.196446508740618
-9.212679669732346
-9.15471572991441
-9.205538637518794
-9.214898255960625
-9.179541251656792
-9.158705059480965
-9.153949578912167
-9.212627813842909
-9.193233046654985
-9.186866992942416
-9.260190097705047
-9.218780044100921
-9.168252627071096
-9.300707239704046
-9.186198234016825
-9.088862237734896
-9.133226789471776
-9.227556540302624
-9.253633916221842
-9.16554485944137
-9.138872026798841
-9.208163620186047
-9.206679238892745
-9.127400596576901
-9.197292366504824
-9.410368040429931
-9.257152371510406
-9.17202811721932
-9.164163137575548
-9.156272545217933
-9.266918518438004
-9.236107765458064
-9.23944437489077
-9.232469223681369
-9.158862744784214
-9.141540636027456
-9.25324733208888
-9.19775292792059
-9.258477077792383
-9.25278327934851
-9.166434513003592
-9.221969749586748
-9.17582293131497
-9.191255434195762
-9.244584285480832
-9.203423301381626
-9.292192361597698
-9.263779401109108
-9.116394451547102
-9.195462827830767
-9.256337018578277
-9.204133698264735
-9.186500586135443
-9.20591174566872
-9.174721471721098
-9.230811030436898
-9.267328318932185
-9.181001370622997
-9.219130415275405
-9.25280701944678
-8.897452056874114
-9.272685405942044
-9.225072219722588
-9.281828315104304
-8.794985242621602
-9.171450863705898
-8.806889200663676
-8.518691221684804
-8.021235725132694
-8.726888781562376
-6.900453759067684
-6.799093278535988
-7.102770251396546
-6.897057894166908
-6.92664317697481
-7.047275489500418
-7.7514273084602285
-7.582855797857033
-8.253680294678018
-7.637610199021683
-9.1588963132858
-9.180715655566443
-9.194029133385916
-9.219810882055587
-9.164484758369893
-9.198206498278818
-9.137227780476863
-9.122919597626383
-9.008258508355201
-9.016947675979056
-9.061351834421528
-8.95210155219113
-8.985090876008021
-8.870051875000724
-8.907847377433516
-8.899975412940131
-8.864184847049033
-8.79170517902215
-8.744923684687791
-8.886633029436986
-8.870032614888558
-8.823147005311174
-8.858436811052789
-8.877352280416478
-8.744234213444726
-8.76644034239262
-8.706058203655793
-8.773817411072663
-8.772729768395875
-8.767753417459081
-8.778950455883008
-8.759650333015083
-8.637184719793344
-8.83689020959083
-8.750453752676327
-8.790462925364523
-8.776228870749438
-8.695847027050869
-8.795322383604683
-8.719796828496483
-8.788637241757979
-8.790656875557808
-8.711321530572318
-8.761291219477252
-8.822715432204134
-8.725286206994337
-8.826592660599962
-8.841865446584746
-8.750344237826218
-8.765078661778508
-8.680547046150878
-8.719786315828106
-8.761850781987484
-8.816894144628824
-8.760531787517321
-8.803134644866038
-8.83763254774496
-8.83023896060759
-8.794080910186116
-8.837261031311119
-8.847934495642745
-8.864070364955268
-8.804217271512035
-8.857723161190803
-8.871179059306206
-8.790591437580918
-8.834245466303683
-8.8760643229331
-8.782282317335834
-8.714248734763542
-8.84388959999475
-8.73264144178093
-8.748250478826433
-8.874029124956285
-8.763639986723886
-8.804646615689661
-8.843669421149034
-8.830280040833145
-8.779714759006728
-8.780553204691296
-8.798411173364817
-8.960290904753661
-8.857134546210055
-8.789866754506134
-8.8352799485413
-8.890038221191602
-8.897853646371685
-8.877514403640161
-8.922568608258977
-8.819044630219699
-8.84764494577346
-8.864177521230408
-8.825124474494567
-8.88269782973353
-8.896542354368709
-8.816359295966198
-8.854657080025193
-8.864902176004568
-8.897151217522108
-8.868007520094407
-8.776490187579702
-8.94745200464991
-8.883222574840916
-8.843659075823465
-8.926033978370013
-8.945545420685358
-8.920535863098438
-8.855843024025845
-8.919367283721442
-8.811436535156426
-8.878778080588205
-8.888077284884096
-8.862467872050981
-8.838721716275051
-8.902947787096611
-8.858395455089545
-8.927591923601224
-8.889270047707003
-8.84686268396264
-8.93424908865498
-9.007196742803995
-8.953407092834246
-9.050955919439398
-8.847694798955962
-8.942432803122022
-8.930015737855932
-8.956759858158781
-8.900003387471711
-8.86780431729671
-8.944389246797554
-8.976212094074484
-8.89360312235712
-8.89466215450201
-8.950688715219378
-9.105505303825357
-8.874741278839045
-9.004043953526148
-8.959616643392168
-9.008668433313897
-8.947130971799302
-8.92017866637913
-8.954122947898169
-8.942090679719247
-9.034047179578687
-8.862254058112722
-8.978326480957914
-8.884252132572422
-8.92597167911845
-9.005516311850918
-9.004914291202445
-8.900833861133943
-8.920440463013653
-8.984368835230518
-9.041421554001664
-8.9060489056075
-9.113091662819851
-8.995006217551735
-8.805261286199173
-9.052712492784417
-8.92334023048649
-8.954127564071632
-9.0334174123266
-9.04829188127658
-9.007770047375448
-8.939247327850092
-8.923424825272958
-8.932353075687876
-8.958514160157316
-8.976663825990775
-8.963408746041026
-8.861995562487582
-9.011777724958366
-9.036160040596922
-8.978387779692156
-8.99185495577098
-8.911275060606291
-8.914186918222551
-9.094179024396327
-9.035757576940957
-9.038005116155471
-9.068280228761804
-9.055004678478756
-9.07819491853296
-8.971809367398938
-8.976365193053867
-9.029036601223078
-9.053752892182182
-9.004125493951532
-9.090161292897918
-9.03761067993439
-9.057053028876878
-9.056093518754675
-9.017431637507075
-9.044313912735054
-9.033346958146254
-9.00029462855099
-9.079005812617504
-9.066229355012252
-9.074672159135291
-9.007627253607405
-8.947797372328424
-9.012665380475946
-9.051066660278893
-9.09653141686916
-9.052938613268513
-9.010125813123286
-9.057187910130377
-9.019726803083511
-9.047664173668235
-9.0370040949035
-9.043524054193332
-9.165447583766115
-9.113284185940003
-9.009410514069586
-9.180480919603639
-8.997313295736058
-9.008489647649771
-9.136695557662602
-9.145015565938696
-9.041909802227243
-9.056668127706269
-9.010783986239188
-9.045294298905471
-9.00778115632082
-9.062993525133892
-9.086439113463673
-9.134275749828184
-9.167060915739405
-9.136937361394063
-9.093772343444945
-9.045831458417256
-9.076740388818463
-9.04385962981715
-9.025642191830789
-9.084295357255526
-9.11522859659529
